S0,S1,S2,X3,X4,X5,X6,Y,X8,X9,U0,U1,U2,U3,U4,U5,U6,U7,U8,U9,U10,U11,U12,U13,U14,U15,U16,U17,U18,U19
0,0,1.0832203522686004,24.546051762499648,67.50030937664027,3.4117585999400353,0,0,2,0.16347615100406737,0.5517908884820611,0.3349912167805575,1,26.660206110045372,1,1,-4.592343902915694,1.9810010131314328,0,5.841647818012303,2.8499747654164795,0,-1.251162365431059,-1.8906146227227092,1,46.204370148362386,14.070591462672443,-1.0524109740668415,15.161849040317128,28.61030345427138
1,0,-2.8315851725918657,54.02592701713829,18.415163842144626,1.9347098025950131,1,0,0,0.9231714247641511,2.1287798328356504,0.7234291802291285,1,20.900709600210607,3,0,-6.630967359155784,1.7207752595664527,1,35.040453855105575,1.8308258118069733,1,1.4919081049033753,0.20323435964831146,4,79.33880097122888,24.142973165272615,-6.80279727951972,31.636489657246337,62.16181180983702
1,2,-0.7626806542483145,68.54572308410675,6.063317651020545,1.7179434310586061,1,1,0,0.9801672337224976,-1.2327565613118177,0.005686232948606096,0,20.89930180805983,2,0,-2.77760950240064,3.3803569174799817,0,16.42847993803773,1.3174434204780092,2,1.6890364308493897,0.1585611595159495,3,86.99897262852244,12.648842373655578,-3.3319097193589986,15.254648719226632,67.84203889616481
1,0,1.5464803063943493,42.7506585384255,39.18586437545464,2.453964836544845,0,1,0,0.27019660244468,-0.9746642116222759,0.5346492054552461,1,20.648345456910498,1,1,-3.75745892397215,0.957754686907855,0,26.00537132550827,2.231352911039892,2,-1.0615706392931767,0.6305126897701019,1,64.1605052459789,9.242341952036593,-1.798901540118882,20.599196039082045,54.59365179424467
0,0,0.026367256161299885,43.23073731703607,43.76433139139368,2.584340951866187,0,0,0,0.38724706855877267,0.6138694014500616,0.32333183378484665,0,20.877167605434632,2,1,-6.398593371539711,2.960956490896732,1,48.308647755393295,2.0257658942448957,0,-0.38241360741220526,0.6327575619968954,0,67.60598798965253,13.682942996598255,-2.951322718793028,21.036822375977152,43.40934681974282
1,1,-1.4670244129478278,62.31138963750315,22.83032280919994,1.7453938212796969,1,0,0,0.9068204044645483,0.30742149883568515,0.7170719625674482,1,24.948282936510708,3,1,-1.8960484027637747,1.814562904725849,1,58.38711338283632,1.8662257306155838,2,0.3656936064238606,0.22254744776132626,3,68.49587618929692,16.5151298836457,-6.212216544412251,27.999688672741158,53.44712501652613
0,0,-0.5937638632672851,25.124304498140006,89.08958508175854,14.51782805335628,0,1,2,0.18240563777340313,0.03419889572253221,0.7433751759086787,0,78.47328567525518,0,0,0.7721014389601972,1.1283392133136223,1,72.24586570995925,12.471029319099877,1,1.4894089517703373,0.5755420544494483,0,2.4707530039284276,39.84335190692656,9.826475992787106,19.47332805320156,38.624409177454446
1,1,-0.7289551523802765,47.88479498701998,76.63648713009947,1.4749091647492014,1,0,1,0.7076188496856113,-1.008244383059435,0.7227804735572365,1,24.058287290685936,1,0,-9.8653712943519,8.619990802523608,1,71.09979899118171,3.087116102178008,2,0.014450679616994627,0.15402575834383764,2,43.44423541745432,8.240910064466455,-3.5430159539247486,31.44305192433346,51.51691242654959
1,0,0.7693630826836011,36.558142299658215,7.321907104873398,2.1370627461931195,0,0,0,0.16267675699313788,1.2680235047128823,0.668356797824705,1,27.404467988411575,3,1,1.6991058796169831,0.8966597167873641,0,45.519008689240586,1.1198144099239709,1,-0.4108998765760665,1.1504599612135795,3,86.6299843777758,9.760602597687773,-5.913664581341979,1.6919953158465173,32.6424586746307
1,2,1.7796334422508346,48.64116169526866,59.9922331816997,1.8629820523345872,0,0,0,0.38884129043776405,0.7461226550570665,0.37477129264524583,1,20.266688631303445,0,1,-5.007295054898961,3.204149345642669,0,30.157931518346377,2.242689391999355,0,-1.7267873831043659,-0.24205391708326893,1,53.4151220419329,6.0101078309806555,-3.150066137416294,32.904516385461456,22.324252615117864
0,0,0.04732429980436498,58.34810665022629,36.85452832623086,1.8131281236925252,1,0,0,0.7901855145999654,-0.3941890286023429,0.37283403911819274,1,19.733945220010767,1,0,6.263211415007525,2.47942126971228,0,62.300050290461485,1.6674617493157882,1,-0.9470756737356345,0.8813284991118628,1,72.86540332786007,10.966632160717833,-2.6494611676879734,17.734866486078857,42.73637680829345
1,2,-1.0361550848675647,36.41298318932985,63.443857482111,2.1242648839130465,0,0,1,0.27910529292415087,-1.0552645282878002,0.5563953032845799,0,18.453247955609875,1,0,-4.655701043239652,7.354266007259993,1,0.2586035273170273,2.4559743416530893,2,-0.1777312780409704,0.6963168800400763,1,50.542136387598,18.45508196848437,-5.168627378860738,16.06807874296033,58.14838768082663
1,0,-1.3482402009377574,38.06418671173188,5.190714414828107,1.9997548363763362,1,0,0,0.3928185125450057,0.17351378251233107,0.006225158996971292,1,20.098324028930566,0,1,9.993333176084903,1.9135756076479686,1,31.80385077132522,0.8826951465847064,1,0.8253932515474717,1.735038977990118,3,94.00517691574946,9.65679424643378,-6.467348320680713,8.212357454811594,64.05481367805984
1,0,-0.06402663771063033,22.72947757970565,9.212586485613505,2.133825698168533,0,1,0,0.17033923139586338,1.3654280180247842,0.614870507657152,0,21.78468584199521,3,0,-4.047465378353108,0.2958117021619022,1,42.811539758607545,1.5706435812168587,1,-0.29095489895615384,-0.6307351671454209,3,83.23146499334096,18.88795277409995,-3.0155383947912373,0.5088470338703499,22.975104380391695
1,0,-1.0220469342433058,23.280655471851013,50.26685717579083,2.176944371316384,0,0,1,0.17221868653967376,0.9166095267123162,0.6226633622010755,1,26.291500973250585,2,0,9.898495515173323,0.7815919235203316,1,18.018457307963924,1.7045201109664527,0,0.06008893357547159,3.0657407225913342,2,70.68894031403525,18.708653977724797,-5.934880206215933,17.10553166746713,26.368307340531977
0,0,-1.2426494919339364,37.985502979137536,50.134213236699665,1.8586446061943898,0,1,1,0.3572143187964818,-0.8721710343241,0.7125725212328093,0,17.112152391150424,1,0,-7.340414299302445,1.8548903549830935,1,23.919932839728343,2.410971808479423,0,0.524319930474225,-0.04194766777731146,2,54.002203900693935,14.546071545982056,0.19974050049837544,8.679458170872946,66.4854962171626
1,0,1.485899427907515,69.26978189382551,1.2711180010242462,3.7149893867968835,1,1,0,0.9931273570758146,2.5382009045950675,0.7961118047590161,1,21.917854645916552,4,0,-6.92453564819406,3.7125892651288486,0,67.09329246552127,0.7721741204219005,1,-0.7723122906377288,-1.0355255945387671,4,90.67071514006534,16.603980810284387,-7.862011474914463,10.852935853192607,36.234768442905676
1,0,-0.22699155635752208,61.4547001206059,20.979340643940773,2.01207750631097,1,0,0,0.8471437608696559,1.5735428602191783,0.7356925689422231,1,23.505686412867462,4,0,-7.106266595884758,3.412780528143147,1,50.10047443128849,1.664354190842079,2,-0.3695012011197444,-1.6530352804427328,3,80.09941436290362,19.977663274729668,-6.848393621408631,17.93866621586062,59.87633856019928
0,0,-0.42497287315729654,18.710350687446038,83.16583047773715,3.6361912739862046,0,1,2,0.05400832146271728,-1.2405687754216768,0.6109361997015451,0,56.75806919524513,0,0,3.253105375695906,1.1420543209658796,1,0.05472079339559954,4.918842824476881,2,0.20504771022300167,0.8986640109110327,0,18.95350100758291,25.40848287592759,7.2168075270685605,7.623500532827618,38.87700799619085
1,0,0.4592426878302661,31.682046357875272,32.48891497683279,2.9668449871039093,0,0,1,0.21324898809623066,-0.3428063412089254,0.49297219872792764,1,24.977924131085647,2,1,-4.7394418724696,0.8580690876821316,1,79.93563784343117,2.037867097311946,0,0.037296809881717054,0.9849503204518721,1,60.42415535858723,16.346061578183832,-3.0590477602150434,8.176421048864118,21.315152269990204
0,0,0.043856005588339936,20.329881882281306,82.36201862769573,9.123436892689933,0,1,2,0.12103415752336921,-0.12331559467497524,0.7047276407305632,0,75.5664046157853,0,0,-3.1860942759159716,0.797382606560566,0,40.202500423270145,7.900671136204665,0,0.3894486693655078,0.440020524181259,0,7.834600074259362,37.80150329628668,8.994897691345678,10.610166265341148,28.966450042178863
1,2,1.322256174852551,63.76082756675993,22.199161703307542,4.058213604921421,1,1,0,0.7797706119467533,0.4798952231827426,0.10507248058397267,0,20.284969349900067,3,1,-6.265773966731398,2.5666121555057435,0,9.671277478170266,1.5573943087649018,1,-0.48231752186061844,-0.6459055503062114,1,71.67968687508,22.740683013896508,-3.368657533511649,37.544608136418134,51.916433168722804
0,1,1.7909041992392118,54.107644352435,62.56680010804241,1.5898501168570809,0,0,0,0.4659234213216532,-1.147662228293704,0.47831792329486933,1,21.553057620712472,1,1,-3.5456769400809574,2.6343359238817814,0,43.49580943025704,2.271196321751836,2,-1.8219689944182662,-1.2969554281916877,0,51.28374040450676,16.389037120848805,-1.7288490745960576,35.517279236508585,51.33035684696226
0,0,-1.2049445815269382,43.20024172060699,71.10088457423798,2.220111475063523,1,1,1,0.3590518832267862,0.8545409036058194,0.6054327056576551,0,40.54133820391322,0,0,-5.400403148511779,1.5018358830868088,1,11.359552583028055,3.9255129036734564,1,0.3729013956283978,-0.4993424469359262,1,32.14265126470477,28.53421443450388,1.1498204865806798,35.08087022598227,63.01805363226734
0,2,-0.9969845601687508,43.99803443547019,84.13093142446075,6.729489462380853,1,1,1,0.5923948518644337,-1.9819836479824242,0.39980861974668847,0,65.08236260594254,0,0,8.183216504220223,16.348020540906756,1,79.80061616346369,6.265996494376478,2,1.4354708525838777,-0.2549970208405114,1,16.41377345463793,38.04625746771603,4.00349615027525,29.597606056912284,39.495931801193535
0,0,-0.43224945112607044,55.28067633269322,32.191826284302216,1.2628112556646733,1,1,0,0.793764486041717,0.025091549917688413,0.6577584708465798,0,26.49729020323726,0,0,-7.632747698090573,1.4777480751792185,0,75.49977371141526,2.3334932634201593,0,-0.5582721242089135,-0.5110924336734628,0,64.67806656751299,9.933544243908747,1.169411774834506,7.2682570410155956,63.10908843256403
0,0,1.0999232561028147,26.466416287649515,33.91266054024351,2.360209388827125,1,0,1,0.3352754912844885,-0.552265300780277,0.2126982805698281,1,32.004778702131674,2,0,6.2022802381077256,0.40724152008781334,0,0.47384204609511205,1.4525915365444457,1,-1.1246110777978324,1.799562577762112,1,75.74844012244986,8.286477859374884,-2.474118854740871,18.8896485171403,63.4525544860522
0,1,-0.25703615140971287,39.71281166901634,48.07840532294314,1.5473179604798704,0,0,1,0.3003746114901102,-0.8634958527003498,0.3506186820225297,1,33.07716994503523,3,1,3.089511053257713,2.3445080651693564,1,66.31054239421604,2.0268561446090474,0,0.03245961185437386,-0.8883978046596289,0,61.965579678533466,11.38191426124144,-1.412400471101126,14.08485793252491,32.72054670323868
0,0,-0.20770450951660963,23.218633640042448,89.7509681623465,6.538830088312954,0,1,2,0.1361783876073226,-1.2935852386924698,0.35786477881689405,0,78.77493498159454,0,0,-0.12447565760875179,2.101015009911206,1,22.69291652427104,11.880286645408718,0,0.5423196145994817,0.1832996815617987,0,2.831761097183411,33.73278482590524,9.331371322107678,33.48373747920271,36.797827721575686
0,1,-1.2850620455104869,38.674469314920856,77.13518057964615,2.8373849755514455,0,0,1,0.35712652739370915,-0.3682219693306566,0.7181062872298102,1,29.866815234932538,2,0,9.360438436075075,2.5127145103185033,1,12.944374702009158,2.6024181815052185,1,1.6433704800872146,1.717301433640077,1,46.2018569511405,25.362887256846818,-3.172823179745629,33.34679856209287,49.022667858034694
1,1,-0.5936217821978783,62.075910655649025,35.189658394603235,2.079228603395818,1,0,0,0.9135293610591296,-0.27626192254458176,0.47232020201301766,1,24.419905170889614,0,0,-0.7651537555752714,4.789520573165802,1,33.144606097978844,2.105079306774101,1,0.9279727180106668,0.06644724477981465,3,64.0027498117688,16.642134364521617,-4.699699031807598,19.0585851155765,69.34439939092056
0,2,-1.696195744084301,39.99781706078183,80.44259659999034,2.4349271037301414,1,0,1,0.6310578303905021,-2.071590398818439,0.3007565136723702,1,23.641465378660648,0,0,8.264749282092541,6.061872872086336,1,8.712125069598859,2.817363359276953,2,0.6095996293484099,0.05910423270257209,1,22.283249565450202,20.942085716385378,-3.766174208627313,35.07007877936098,56.55483642649021
0,2,-0.8987057628441363,54.61404161858155,97.28910906155852,3.0718189792634845,1,1,2,0.7765541022533724,-2.6214510147660945,0.5811875326771672,0,62.18484840251334,3,0,-2.2952039432307547,14.325837381411366,1,29.621920580975726,5.566234649929732,1,-0.13735361081502054,-0.2733250468437503,1,12.962230488244936,20.177185653272613,-1.4338984785208222,39.98383537804812,40.5452310868861
1,0,0.8920099728715214,59.26132830365195,13.929452707304785,1.7175013811006385,1,0,0,0.7767226964569771,1.7197112907977359,0.867874117605369,1,23.557142932218646,2,1,5.8548803154542295,1.342980584805078,0,28.588577065000116,1.5382120939880586,0,-0.21927506971926977,-0.3376921461194242,2,82.34581388223879,9.097861385916048,-5.117181220099757,3.663119319675441,56.86299510988935
0,0,-0.9625221841581029,25.199574451240686,49.179795243829666,2.288092063117359,0,1,1,0.18120852715098912,-0.11574166932611651,0.4268901893220828,0,35.74155635006126,0,0,4.033044564410076,1.3614920961725014,1,28.22495107945089,3.453232191353326,0,0.2532664561798499,-0.7952269833597604,1,38.288551346323715,13.723378568997228,4.406664853561255,22.14184813315328,55.88377202955489
1,0,-0.5882562782636623,37.48968382373202,35.12882048481729,1.0094573905605666,0,0,1,0.33357471212091794,0.34198875802741585,0.22919578102702992,1,23.927960091985927,4,1,-2.860770777951041,2.321551852486255,1,43.21146423770605,1.8545807346049468,0,-0.3922174749064187,-0.04093116008587773,1,67.11644126588871,9.51379436372612,-3.4637513722398943,25.545234574608287,57.53523425852427
0,1,-0.14010028778999853,25.87247257715193,92.0975609544231,12.770791632664789,0,1,2,0.1803625828048721,-1.643132428613255,0.8893147312797174,0,65.82585855046125,1,0,-1.187231349567119,3.840155694427735,0,31.781688731591334,5.904272104969666,0,1.3167616582212613,-1.1535615787946587,0,12.194547980810277,39.230825523672564,5.34253640564042,30.53623248014639,22.803494662650515
0,1,1.8928337387941896,41.41286084151285,70.16531585542451,2.969770859845989,0,0,1,0.18666931699972228,-0.16909883961484715,0.7762394597256727,1,26.330552871352534,3,1,4.497077232249618,3.993961589185434,0,34.089602301294555,2.8853087362619227,0,-0.9176162080378683,-0.08173710806795233,2,48.54583761660509,9.966545517901054,-3.5813167458821704,19.61961050934863,25.918431594121593
0,2,0.2683385151467963,48.12488887452682,50.39393777105714,2.6638108928820174,1,0,0,0.5148156036019331,-0.9053456181500094,0.1563307177146656,1,29.572073261089077,1,0,6.566881521016388,3.2189568183669226,1,30.97055768440514,2.0416025682955246,1,-0.05904742975380462,0.5207267556998584,1,61.71808803582699,19.296987877514425,-2.8228214915590986,25.414180264847552,53.17449401578949
0,0,0.350225926656238,64.72692047761586,40.60620079237655,1.648990470300495,1,1,0,0.8952669405232185,-0.9208428186993706,0.7345514980819035,0,24.897257266223427,1,1,6.565105486699526,2.312914226631005,0,65.90757627754996,2.4891300143234343,0,-0.5717705284902147,1.9280308087097549,2,58.63232693749514,13.515933858030655,1.362402582505112,24.426432807254734,65.74590713917846
1,1,0.40959460549965626,22.41979733312533,69.94805819120955,2.0048932789032707,0,0,2,0.15537431980617733,1.107788015720881,0.3989589268555819,1,28.607921984791496,1,0,-2.8485722229752906,6.21579054424343,1,6.541322564414855,2.3553292964554067,1,-0.5942440778824909,0.5997780876426443,3,54.26801357734657,11.000859559179528,-3.447675928205771,23.386035217969756,27.44564715080613
1,0,-0.3101311007767424,65.02822530218629,4.966657654107692,1.4566181706545152,1,0,0,0.9153154575933115,0.25649826968158274,0.3000447966053342,1,20.627133868793965,1,1,-9.484664367018102,0.916172875026268,0,38.26690515532513,0.8876822657169589,1,-0.051267917140708635,0.8815534015653065,2,98.00323994604885,12.012182327304423,-5.6010802814465706,12.111783982928504,33.838172769112674
1,2,-0.18668345772863393,63.13446048846453,18.55841262271007,2.112728850755245,1,1,0,0.8940188578666468,0.7448645851464788,0.7930761804487078,0,26.374947717902376,1,1,-7.784749893223037,8.928504545222841,1,16.11377357503423,1.5487836889847888,0,0.4217558423084381,-0.2611188077543318,2,73.05103550451825,13.299089463251885,-3.6465155035982715,19.57205811457655,59.89532412569385
0,2,0.514322220565376,53.957620924928634,65.30845388587383,1.7188865959136241,1,1,1,0.6453889370682484,-1.5378081221913296,0.7937442516009972,0,31.410764459060267,0,1,-8.136975816916207,8.376995004525906,0,15.461056438759133,2.859053805549047,2,-0.6148996519364651,-0.22244544105397143,0,43.4339473695441,8.127545715560299,4.0058799047789595,11.573642541666471,48.34281266272484
0,2,-0.19095332042086965,20.407267363387295,93.49448930504491,33.78957602298037,0,1,2,0.15014387526735923,-0.31541434033435817,0.46707976962003545,0,79.85472448033974,0,0,-5.013047210985481,4.838400712737524,1,72.95794962768963,20.223457215664265,0,1.758968497475228,-0.26538390349885693,0,0.730479428257369,39.990175529159224,9.76247830345519,25.11744042234931,32.88562232523614
1,1,1.4966556851484571,67.04045292938666,11.852971723538047,1.7156521762845005,1,0,0,0.9459493030178824,0.09512494344258893,0.6667222044588346,1,20.50257725457753,1,1,8.381017565373604,2.313173582392474,0,50.03311002292659,1.2896459946248007,1,-1.3159731718829981,-0.48476460933328686,3,85.03990022425437,10.516455106820978,-6.6726576754565485,14.682344181741392,57.42463018429598
0,0,0.3386230758497382,22.781462558369878,78.2682532882228,13.724747958265164,0,1,2,0.11892115754632382,-0.1241556750177935,0.5439199515898414,0,78.36254276435697,0,1,-0.9652244218460577,1.5755463831082266,1,69.74416303073264,11.338327113003341,1,0.9927533396817302,0.4403453876344694,0,0.8788102285050114,39.52999501016536,9.803803379296646,9.255287915593764,24.097266406301447
1,0,-1.3321982889999038,53.86851855801635,43.12338201179974,1.045861643173528,1,1,0,0.7787480060223175,1.1116770093600845,0.8705399335626168,0,23.402046052930423,0,1,6.973181810908493,1.5832213407732367,0,59.966285315207145,2.0888263959254165,1,0.10689646436498838,-0.40510810253835455,2,58.88236764364962,10.982599311325025,-3.051212904992192,24.701609239109537,62.72892342405613
0,0,1.24622697254467,64.95157040939344,70.84337439783559,1.9425928274453268,1,0,0,0.8759197291560226,-1.341101600603874,0.9510664617063473,1,28.36885870860007,2,1,-3.837310814428589,5.627709379903747,0,73.40372030096842,2.6786520504764066,1,-1.1846964953458166,0.5189855146932477,0,44.00097816899793,6.808819440988554,-0.8344657607100778,26.428477410850874,61.25902322474962
0,1,0.3625947888989187,39.012474580914024,54.89273556236217,1.7951460656432738,0,1,1,0.20489297331096634,0.47815658061986055,0.25163290096331237,0,36.58465067204063,0,0,5.591421454923392,2.4020254324749986,1,40.30862300187965,3.651927000998125,0,-0.7642802223333122,-0.603969279383009,0,36.89159001193438,12.89676105749404,6.960219062967411,10.252248081782575,68.51743169725079
1,1,1.9793577179851454,59.12297847284572,38.59444684895045,2.1742938410682973,1,1,0,0.6322993572994409,-0.8262963395113976,0.2842452695697296,0,20.34774398674788,0,1,8.161881654250177,3.9044532210510723,0,38.722612864090216,1.9503938589781913,0,-1.269139336201544,-0.6564881095003979,1,58.31175128702044,11.316910979964991,-2.9910905969467496,18.67780656777058,33.48925564720331
1,2,0.11165083347015099,63.719726024003236,23.43728678137974,1.6859484851086006,1,0,0,0.8714269878896703,0.5244504502819234,0.4720504365620943,1,24.386096077447892,0,1,-7.010104365613467,8.14791743986338,0,50.07020268074329,1.5572973222279465,2,-0.48938777085591456,-0.4842488751669729,4,78.11184077220742,8.527957774007513,-7.758506187508832,25.095869991818915,29.857646047602653
0,0,0.3150581828777521,36.2933077010987,74.4747222454156,1.473233076470061,0,0,1,0.3623798926718339,0.6431340959665423,0.8986083432973353,1,31.36117468884936,1,1,1.783685953948968,2.068113527093204,0,9.227699017558697,2.7251399737913893,0,-1.1010121585548134,-0.45613035885917746,0,43.94518430079766,10.876537681548175,-0.37406522660708497,12.075109537208037,42.22735033793309
0,0,-0.27600424239025523,41.079112053542346,54.27725082874208,1.6168943755594445,1,0,0,0.43537536798500986,-1.4390183558053846,0.6043629064534989,0,20.09127670107525,0,1,9.248815812684626,1.0921709645181759,0,15.859155124643918,2.4237955430313805,0,-0.3904434023378461,-1.0035963055650758,1,53.504637526193875,9.60305865326667,-1.4341442741100856,23.748917351084277,58.88840678463093
0,1,-0.7960359889798845,30.85096142580261,46.977453690162434,3.1560325281741575,0,1,1,0.25710144418713243,-0.23576590980765985,0.1058081103011243,0,29.16709353124661,1,0,3.2947304985914165,2.5780431477902273,1,39.620966207145585,3.57573458406582,2,0.3659821645228748,-0.22458248443487105,0,41.17911826102116,24.487479727667953,3.802791776072832,19.68022831525348,38.870924023633776
1,0,-0.6480555863071875,40.48186738132207,15.706767236710645,3.0752512958768796,1,0,0,0.4366129708705677,-0.36380974707509117,0.4637922265141501,1,26.177435568839297,2,0,-8.348980373186874,2.422007466538582,1,30.755632611884067,1.419834323747013,2,0.4932397359915831,-0.9948682480344708,2,81.21122842543993,29.742844252413786,-5.024404951703119,1.137360305713424,41.84257767450836
1,1,-0.6399344294594386,45.13968698030408,11.176487084104808,2.443308064398563,1,1,0,0.5510391112475695,1.593271671825933,0.24412693479689151,1,27.23474730688517,3,0,-0.4383505512229142,6.554077672318146,1,32.9523583703742,1.291934812299978,2,0.32275572313044393,0.02378416128052627,3,85.80572900445243,19.13332241177117,-6.195973151513165,6.239397430904168,34.84180553214285
1,1,0.09541198641597048,53.362380473276275,21.785443758119293,4.031127275380279,1,0,0,0.5788807639025159,-1.0316939059569001,0.04253691817617383,1,19.675866156653182,2,0,-5.929121592808865,6.348245396784622,0,49.13834461222496,1.2771362769474075,2,-0.3762283057889629,0.8597137091299538,3,83.2060020436907,24.078773057288252,-8.124332675684581,29.915129739844627,22.21363648738606
1,0,0.6738974535495166,58.86330471590425,12.958385841348663,2.285209016770665,1,0,0,0.7116621551090213,0.8563327268273005,0.5021881445099913,1,21.551650863938427,3,1,-7.498841599550586,5.023953535473243,0,69.11429077378983,1.2698208545754122,1,-0.8472045570935047,0.9215719450853347,3,84.67853420305794,8.364714449168618,-7.400100121490745,7.581378667649322,27.416824922376716
0,1,-0.7066195438590986,53.20250595608691,48.04550321523752,1.2240712825392008,1,1,0,0.7436849718208891,-0.9936295614116593,0.5294547683631208,0,20.453341144928892,0,1,1.8660229574375862,2.8575424351807173,0,31.476144740491534,2.404267909323082,0,0.6107109086450035,-0.37274574114607173,0,57.90530413460772,11.61365865021101,-0.12469151059088013,14.44109282777417,49.167518243355
0,1,0.40223301389431476,25.452942654788714,92.68837496144475,6.250872396671896,0,0,2,0.17139079260351303,-0.47396907965656765,0.8847757803361105,1,52.4796938364979,3,0,7.94934070480009,5.458310750191823,1,6.6831780076626135,4.04108381527381,0,-0.14901994890243778,1.0961776499221645,1,24.28718903052087,32.78788965567786,-4.674182445069778,10.136674683270137,29.78874898133244
1,1,-0.5786206578497505,43.59850667439197,32.87255311475379,2.2586869606380384,0,1,0,0.3881365131919579,0.02513510451300827,0.5515125511929025,1,20.2444445698427,2,0,-1.1779662508917017,2.835909841828156,1,35.05829836198891,2.018373327221847,1,0.7591297913812969,0.689204275783592,3,63.65471133373144,17.18634027186772,-4.5489849232452375,23.642351311071906,29.319992423833135
0,2,-0.7015664433789852,23.50432439716714,97.9041638138361,12.032259635870096,0,1,2,0.11170579310995349,0.17432260173063047,0.5481823633084898,0,79.91798010445986,0,0,-7.476559725694999,7.946550388480946,1,24.92799186389071,16.451944830608596,0,1.237625247047676,-0.31620327438935586,0,0.7668672738415983,39.355047044377706,9.603376273688944,32.405991421107956,33.022849951637774
1,0,-0.12146584951593674,63.27755430009026,2.277427705136442,1.781970689133742,1,1,0,0.8758394908351125,0.07776904078618191,0.43642911799428463,1,21.002948179010524,2,1,-7.276755982589927,0.8031691702804699,0,72.88656103885745,1.0704525377685592,2,-1.652566053275555,0.21155979270957095,3,92.4160102556053,15.02589939447195,-5.633474498442494,14.680581346068227,41.39095766049846
0,1,0.1033476837546589,24.82112834104657,75.81812614074224,6.260457673505752,0,0,2,0.135622363583567,-0.7933250466741276,0.742549407610857,1,37.40738756322724,3,1,-8.616779473523223,3.084194365255666,0,18.6278501042951,2.6599497617232553,1,0.769711106732964,-0.17488494999155224,1,42.40210845224088,33.95722519804528,-2.946043552976338,12.263966599543075,22.688272516076655
0,1,1.5696729262855376,40.85955387666948,86.54917648707472,13.33633527420803,0,1,2,0.24999159732047127,0.04687352156835635,0.4701832717340258,0,77.02558405110204,1,1,-4.493721200640371,4.308074713017005,0,26.474150588955165,9.679283366429878,0,-0.2567475325953738,-0.1522183178613395,0,5.059179971283512,37.28020732399329,9.022225576434309,32.26815650739952,22.963707293468588
0,0,1.5268253416629363,33.43703658760112,72.18217535394228,4.187003142808063,0,1,1,0.2422358242142399,0.4824412052596093,0.4534444773477537,0,55.751203988877485,0,1,4.033495319767724,2.5032151054389677,0,18.255006363883698,4.30849239860768,0,-0.6979597937522583,-0.3811293318412313,1,19.599241729022072,17.715865644370442,4.485603120848731,22.380157868056017,26.119186531229833
1,0,0.7857489123719791,61.72093889721628,17.84041418364361,2.070567496411574,1,0,0,0.763684241128052,2.0841373372688055,0.7919119574364151,1,24.902460580826737,2,0,1.241837218837036,2.5967471976036545,0,67.43078697478013,1.3772836581887382,0,-0.6820737014668566,-0.2470916067142514,1,82.63243484055292,10.512736893782098,-5.474368181099671,5.705867012286574,41.78879708297852
0,0,1.5804018659758448,27.454424170770142,48.22440808555326,1.859576344753666,0,1,1,0.2053208641413975,0.33603177266232537,0.15769813787675857,0,50.96104605101467,0,1,0.08955677703569265,0.6498311131281143,0,23.92843998972562,5.522869527037331,0,-1.2885341842730909,-0.26098559020004236,0,24.734799732611616,9.023198074010729,8.539062017645335,12.018041214010477,48.43090319566218
1,0,0.5314500599021528,37.46802225990915,50.002433337628545,3.0155460523333497,0,0,1,0.2592858212833187,0.027777577441973123,0.45583624089127994,0,18.251356464523592,1,0,6.2021433924431655,3.56580521624456,0,49.828810496516674,2.041384222769964,0,-0.25661434375183223,0.231062446209928,1,65.21167568846408,14.169493478487468,-4.007021356653544,11.302014410239472,22.67477799749434
0,1,-0.5929160941910459,33.238109133643036,89.3283383867461,7.313961439557674,0,1,2,0.2659478484022054,0.34936836578583835,0.964370248957709,0,69.26233559720325,0,0,-5.49183163519416,2.000267199619176,1,56.58179442344891,6.821770588490432,0,1.1682688010055537,-1.5992933186199136,0,11.308909603966066,37.12292305373988,5.7092672878785535,25.17129145397177,26.408059284761794
0,0,-0.13259078081139353,39.834625739565006,68.7006980738331,2.0219553829003623,0,0,1,0.30339062387089755,-3.279081578024034,0.266197529690528,1,20.380988895275948,2,0,0.18211067117270652,1.9237898126024087,1,37.356099655606656,2.2913144721562797,1,-1.0370160477442594,0.8452312834111404,0,50.08804319006002,5.959627012246001,-4.1479703379146615,36.203106218881764,58.52058033662329
1,0,-0.332281160701,41.84120617325476,25.331646762180505,1.3738942814361095,1,0,0,0.4262796123713026,-0.22102502572862426,0.4109621898476381,1,23.156507667704822,2,0,-3.0443088302551065,1.4460738697834212,0,41.76981110950335,1.679713968210743,2,-0.1625447002204099,-0.19154925475258466,2,68.82424079855353,12.49415757905802,-3.8392433879069197,16.675061068617755,23.956494633973513
1,0,0.7670392632085788,51.7942074104041,27.346446264895498,1.8956526810896628,0,0,0,0.4359237431411569,-0.641677493522761,0.5350732712956527,1,21.01486938639684,3,1,-9.243896222102983,0.8131845754479687,0,25.411426165956108,1.4599235968780049,0,-0.857230157720708,-0.5566319102763423,2,75.3142361994706,10.993878947198056,-5.276777933998887,29.2300979722189,38.546319620756876
0,1,0.3282676390196398,47.58812817743281,84.11671843220756,2.6954327873338513,0,0,1,0.3799917048659637,-0.44670810489658536,0.21926501496951362,1,32.50287459672489,2,1,-3.0140695953139973,5.870767003499213,0,18.780220603907676,3.387805434114141,0,0.16851606672385527,0.1498865208985293,0,39.59063643307809,13.764896462963364,-3.2694986990519626,24.81729976560353,35.39472648093213
0,1,-0.25210934427669385,46.32627529116377,58.170742528145524,2.098221645151882,1,0,1,0.5619119709465372,0.37699377150187835,0.32331181588703395,1,21.206233819209576,2,0,7.0540943708756245,6.184468585123005,0,14.237769543665785,2.4937588524509926,0,-0.5903333308739185,0.8064459020325112,0,56.13443643742308,14.475184155740823,-4.673201985854557,22.42067730791495,38.52777140124834
1,2,-0.9321376366620086,58.42234115685161,4.275910608274691,2.0166258891171673,1,1,0,0.7867274334652365,-0.32263293372909746,0.00015391733142700037,0,24.25147024725291,2,1,-6.348614509049405,9.781491950333693,1,39.302278803530655,1.146566790938644,0,0.29636540443434045,0.6803563237856397,2,87.7034302205517,17.135970775323464,-3.5649473828862117,13.231125859255915,36.89363500834169
1,1,0.10082397569200612,52.539820971386504,38.837029654675554,2.555235843913067,1,1,0,0.5440263647292777,-0.37219614353869274,0.5789979816973083,0,20.514515605261128,3,0,1.681197125307552,1.9678592443335565,1,45.3580568052689,2.74442872612649,1,0.6236329903677322,0.9846951869352304,3,54.8223233108453,16.292432975212034,-1.1762850922397128,29.961824415873302,35.34848408806622
1,0,0.6244898452720357,63.816176008772395,6.892941569358879,2.1142430991867656,1,0,0,0.8960275791146814,0.6447284784668149,0.6726108923115406,1,17.294888985177074,3,1,-5.99464065436456,3.0198771212537556,0,74.99456812795873,1.1409726161141902,2,-0.7545932754546997,-2.1531610269826333,3,88.11576859634197,9.789651549004466,-8.828056329159192,14.950253326116215,29.607084146198364
1,0,-0.5604983307511155,68.02389085755269,1.541856613524234,2.5608073478812243,1,1,0,0.9835470393603751,1.4790483839521193,0.6775014453024288,0,22.751491636868746,4,0,-8.083109917501869,0.8756920683172936,1,34.240011655497426,0.7805501718039697,2,0.39845619941057714,-0.8499894955631546,4,93.74373918907906,15.692222409264767,-8.162136023067355,27.658972063842224,56.84029767424151
1,0,-0.08133856299686458,51.38059554972457,18.347185535534578,1.9641726565170743,1,0,0,0.6668050331831574,-0.055655545110626495,0.30585020396605656,1,24.303209317242292,0,0,-6.583244291170013,2.5100123418188582,1,4.47476380552053,1.3119567863499877,2,-0.21250192490885436,-0.7021340128998765,3,84.9825720259517,12.374344398200627,-6.319657809891258,13.9119237539259,43.355838717990935
0,1,0.6362609269017242,45.090825636653854,47.518472073263865,1.6557768394988555,0,0,0,0.3335782029862033,-0.6836730364162158,0.45782434886942225,1,17.428193613747748,0,0,9.777764838792187,3.5856031696087176,0,1.6773251906988795,2.2397279150212395,0,-1.1757965843054456,-0.0245055806837402,1,63.05492325338281,5.031141714581054,-2.3174806668784376,7.717945911712219,66.62688640819746
1,0,0.3849873368260144,67.16922983923655,0.0,1.7215628361514976,1,1,0,0.9702036259884835,2.5960041866278787,0.0,1,20.062098269654093,4,1,5.0107968488565025,1.3450393185695224,0,55.784885495903886,0.1353352832366127,1,-0.5533817022852522,-0.6184216994755906,4,99.9999997232343,13.697784391437974,-9.597015058516682,7.765698688988538,21.20229823158928
1,0,0.8019534923849861,41.45173768736566,14.918852715778092,1.3347673780683622,0,0,0,0.23231663666169367,1.324576452877521,0.3455278632748436,1,33.22016667370369,3,1,-0.5851714900576184,2.5920364986098643,1,14.157393316185058,1.3847224197657844,0,-1.14302851562659,1.0546013336798348,0,85.70113010979557,9.868577908322765,-1.7886399733389418,13.617709932546017,53.2332817121094
1,2,-0.23268863509331852,56.21336538617563,59.84582695756807,1.3459644239554165,1,0,0,0.7326158527445152,0.6001973696283591,0.8224533059327275,1,19.279220808252774,4,1,6.0249411374720765,8.098243158286593,1,27.896006680968686,1.8182571279875845,1,-0.358442324240022,1.9829054693031423,3,64.57336600472922,6.594416602975257,-8.03582082138309,34.34120528455464,53.28816685959961
1,1,0.5554225854698327,45.68932508275213,33.366379727355955,1.8510905267877296,0,1,0,0.39319600549806916,0.10777839478670466,0.6979107464847036,1,31.637207365110264,2,0,1.3032266217923372,4.845315377069476,1,40.69303231037261,2.032553885302946,2,-0.270243891400617,-0.5704145760289513,3,68.7097427433369,11.217189758940735,-5.582373202567612,12.688066179966718,28.420082276729126
1,1,-0.08497413279795239,50.743503556910305,57.66049308212343,2.742485198436115,1,1,0,0.6566503956273121,0.39146711015934726,0.5165626240452174,1,20.490523671360855,2,1,-5.048824835503667,4.566330094999346,1,55.609548311346835,2.443064482140732,1,0.05829644403861107,0.36119014474292327,4,50.02723998874706,13.85519837237525,-6.04719993464979,38.50110610026124,51.37192761025421
0,2,-0.4243363367493073,36.82198664221154,55.827774324446835,2.055782172263039,0,1,1,0.3309096623031686,-0.007555896784510746,0.621828747078148,0,37.23714940336574,1,0,3.714840129244209,3.9593820755048754,1,73.03944975269103,3.4524604493375364,1,-0.015470948212804871,-0.059246599245915785,0,49.68795954534675,18.752644245286938,2.293462670074284,31.959613217743197,47.07855429686894
0,0,-0.17986695461518193,55.44553461829583,7.8568494819522545,2.0767788043960316,1,1,0,0.7680342956812818,-1.7604843549966285,0.014758629973901982,0,20.95337955952502,0,1,5.973077353017338,1.3159165539690088,1,41.10904167950805,1.9413323200505732,2,0.09641669752229219,0.43685115249391193,0,65.66691742396567,17.370161327420853,6.002613537447573,11.773412866370187,69.283710097419
0,0,1.5008427240104418,29.16007275765798,23.967640222793378,3.6010905031194858,0,1,1,0.23617423502874207,-2.2436746596479296,0.41855006399168465,0,19.455888969252296,0,0,-8.228094213636654,0.912374996801363,0,33.86867627017711,1.8752301187302365,2,-1.2488298537607179,1.2418020822264244,1,69.43492344527817,13.014795841067393,0.5398649279378898,1.5010518987259003,28.30477287266649
0,1,-1.3334417493047712,25.063594451346926,92.21925090593245,4.296214787818933,0,1,2,0.07541835017201792,-0.2202203661019224,0.7594600393012685,0,78.83881220982023,0,0,-1.5634192747538904,2.5556718388859507,1,42.04196695320161,12.340044961998341,0,1.3626975519598226,0.09412699826079504,0,2.5136510719308394,28.050291638810613,9.888168744218554,7.517008971903567,68.01006903487762
0,1,0.5971629947360109,26.918973808136826,54.9710458793115,1.4091359140598025,0,1,1,0.19958143344880924,0.07540126488473972,0.580439073909321,0,39.19570312042218,0,1,7.543982332375169,1.4451027628066502,1,75.12628584499814,3.809268925905007,0,-0.9913586084463835,-0.2712159098746118,0,32.58279662067909,7.634600203158584,6.792528264860181,18.09786476466836,31.314223705072724
0,0,-0.8972143083104425,50.80798246834649,29.694011220461757,1.5339327265983855,1,0,0,0.6475843191949626,0.702882808328249,0.31099362629319566,1,25.948958368562096,1,0,4.8507446490379085,1.1198548043042094,0,64.8998306873115,1.5965524875083599,0,-0.2196459263379043,-0.25106280406987835,0,72.42185267562411,7.825768079810162,-0.17973133068353242,6.5774010812750205,47.14414371533127
0,0,0.07825867909279159,33.3850920475725,42.45155522563086,2.69364853598449,0,1,1,0.26629148868607033,-1.0567819988990568,0.7454141215691936,0,30.414502514384388,0,1,-0.8484985519923764,1.4005304542797063,0,26.91813703092066,2.0313275403157602,1,0.1321920311807966,0.006078522457254621,1,58.03199871002658,20.372481716010746,-1.7499895809845185,3.5355390112265273,28.193404572718464
1,0,-0.29859049498929646,36.81839329852655,37.7688125004988,1.3096807326470061,0,0,0,0.21635411229141477,0.9983702561751119,0.13340324847761909,1,25.141055857678044,1,1,-2.377992211471083,2.730898357523654,1,15.001398741671643,1.650677074571628,1,-0.33598417914967615,1.073604038603578,3,48.69289647628374,11.788933833618142,-6.421623933194638,27.54550690440695,43.63796098463723
1,0,-1.4468563697298193,43.908681899969764,24.014973364703334,2.460528057096362,1,1,0,0.6129361854799871,-1.2977065934457237,0.5979778477578486,0,19.842728372157016,1,0,1.6665230095751067,1.4874268468488088,0,48.37477104139411,1.7094192306962617,1,0.8677420834819911,-0.9929913578579694,1,70.60451657958313,26.010693046004945,-2.2985307381390543,4.800180265131406,52.129175958166385
1,0,-0.5504776917870011,38.523747637952674,54.35017173270455,2.2498896387402954,0,0,1,0.3543743259181037,0.14512243447507264,0.6002438221356193,1,22.881595248479698,1,0,-4.036385789299026,1.9525919826955842,1,67.60314691917714,2.344487974848708,0,0.33536471554205566,-0.6427635359707322,2,58.16271417471101,17.55879866063593,-3.338225718212371,21.301188332034467,39.46357456779033
1,0,-0.039278651049009974,42.625885710835036,27.163339204451475,2.1060194009625786,0,0,0,0.3967916147539367,0.4976103271638967,0.20353817824899006,1,27.60271702950056,3,0,6.639827182871084,2.102368872969006,1,51.53583680545792,1.6888572996624411,2,0.1758664744045656,0.9405558785329482,3,91.98601693991728,14.510392713796865,-7.466756403530096,34.22345992792808,22.64618957728898
0,1,-0.08936154185453064,43.85633784492695,55.63652742473011,2.255189729191747,0,1,0,0.4107744227680397,2.51595144676401,0.009193513581272739,0,45.14910186960931,1,1,-6.327342851507619,5.274247894524762,1,48.85244230057672,4.336774562716084,0,-0.24790353013911698,-0.20675768383098794,0,30.773132499347245,15.5524112266056,4.4695941857406005,37.97016483142425,38.74375721180603
0,1,0.3470345480140018,37.38006201593247,57.823430154951296,2.3207132155137824,0,1,1,0.2856384107884998,0.34485254410658045,0.6444693755298042,0,23.128410611522252,0,1,1.2871706764395583,2.6013402351194537,0,50.26140496458577,3.297522883070393,0,-0.37527932158249,0.18592290241437934,0,49.16579594450777,14.514044755632325,0.02552500074688524,17.715770803270555,30.582102610852182
0,0,0.3993409090576054,19.00784147520194,66.09459522483678,6.621746117704868,0,1,2,0.1358056494187616,-0.44532064155589657,0.5625035480173965,0,48.62473230260196,1,0,-2.001253568469547,1.0092576344334911,1,27.572184070720603,3.9125704473464573,1,0.7210193980696821,0.09671405149020691,0,31.11641003743666,35.0534619547723,5.372591065024178,4.424802431499422,25.170646308865642
1,0,0.10763289993918619,34.364554076420305,39.41961890688037,2.020036249609822,0,0,0,0.21395121701957504,-0.0919417467682915,0.6554248205555677,1,22.90130163184031,3,0,-0.9347027452762013,0.7737275526061786,0,30.112320596756582,2.087121575574743,1,-0.24937558846229582,-0.23969936555566598,3,78.40134757447763,14.41668625859689,-6.209899894726684,27.070604096952017,33.6283956509621
1,0,-0.553101851157681,27.61230251432799,55.03314225452656,1.2855716171287541,0,0,1,0.23226733062078758,-0.8116427558352411,0.46034130234285503,1,24.440822115397822,1,1,2.5824955868931134,2.145641444464417,0,22.054609362930357,2.1974251921719876,1,-0.21980431060175867,-0.7374491132476657,2,58.387486694691624,6.254804295352137,-4.1715728797373846,20.32516256125213,28.932637847817062
1,0,0.4135571552898998,23.107597164915436,55.7721885650222,3.209202149389662,0,0,1,0.1643924099412677,-0.6118537859600752,0.7005241297020086,1,26.302019677268362,4,0,2.8481758558395427,1.1452247344589015,0,3.1948942070267483,1.9372143915592281,2,-0.2149988365428801,1.2856029337478003,2,63.8195473856285,29.85336042154178,-7.144845968468802,25.763195351295085,31.302743782774584
0,0,0.1916801022597747,30.66715163126959,65.27565505248084,1.8581694326157239,0,0,1,0.17164108426572572,-0.2258646901860945,0.4227094382634849,1,22.1611626403115,0,0,-7.207272765936997,2.609639707252738,0,7.664084269325633,2.266801892050539,0,0.7692184872833463,1.1438455356811512,0,50.072324565581404,14.522878566309743,1.4775782462060825,17.113286236173874,35.66834340970459
0,0,-0.4775657163591426,18.814308166526793,52.52803712719808,17.97588116186662,0,1,2,0.13315504162484676,-0.8177211528964006,0.6059852916934694,0,69.15480941296507,0,0,-8.007465903696428,0.28378372522386763,1,58.98865111777937,6.961610584477398,0,1.7488058126671149,-0.40622503136447335,0,8.559573003193682,39.80192432779208,9.57150091925368,2.9219510752988564,21.657952437288028
1,0,-0.12064470437818774,23.202225417271986,26.156889573382486,1.9289277430298712,0,0,1,0.15763880267973723,-0.8284884297663407,0.30460773682748044,1,27.68362937909143,3,0,-4.91440539922722,1.6708715156861373,0,33.80578648761654,1.5935818371591854,1,-0.4249839883000148,-0.029076936624220655,3,75.65900910680006,11.856659569489755,-5.004224652720243,7.121539331978215,35.86127721668527
1,1,0.07837859991553307,52.18924300002397,20.044726412227632,1.576620933612669,1,0,0,0.66001111755321,-0.006543675203217346,0.3945244396474351,1,38.76561887438365,4,1,7.006328247064246,2.139574290337048,0,77.93598558875063,1.2755006672362819,1,0.265188346320004,-0.4040012036954824,3,69.64754287997792,10.201604895574427,-5.792166592752485,11.074419655281948,25.297107198607556
1,0,-0.33217571560567505,48.49677965180554,7.8465558005659855,1.6363905102853091,1,1,0,0.5681635031124164,0.011143474086448502,0.2678047816301606,0,24.068749311941335,2,1,-3.737919912240595,1.947093017132668,0,0.050108884426305345,1.6471254329929448,2,0.7950546041776015,-0.4136174503468867,2,82.48075693969245,10.314940052086147,-3.429145912731011,9.885226353703933,59.99460816696833
0,1,0.5481419443914795,26.244721164596417,60.90522311076933,2.5562230915112516,0,0,1,0.14763469085873698,-2.394158415444243,0.40375184568884304,1,20.528686702878716,2,0,-7.276396257241152,2.50408031075858,0,0.5814322524205728,2.687775214643966,0,-0.13558987977368822,-0.19732398309749566,2,52.440049460161795,13.761178403015995,-1.9354532979194534,15.151141648334729,32.435949393419314
1,1,0.7782554215346585,62.45638561831494,28.430264784298785,2.763531715060649,1,0,0,0.6759071057020795,-0.3027345974256524,0.45937610453314476,1,23.85691414073369,1,1,6.964049718564574,8.250566898937512,0,62.01164680227191,1.5858796097376524,2,-0.20089599304215705,0.8579608768876242,2,77.89994051605711,19.418630006981218,-6.203973122847154,14.770316006283824,48.34427175685444
1,0,-0.09747676302879402,53.1414503565375,4.468218564869791,1.8485376875146282,1,0,0,0.67452062325574,1.0878084162321622,0.4445483973660579,1,34.154024700496734,3,0,-8.248752195564336,1.1693480744988647,0,73.8369180040573,1.0077728782319026,2,-0.36933323301238186,-0.19517834223314412,4,92.64578317015682,8.297011579932976,-5.710621918731232,3.057232618497754,43.58279690673699
0,1,0.25633311176479306,26.812503038828396,73.90924281503676,4.751100525981355,0,1,2,0.24291785572399444,0.046752766988924874,0.5906815548108056,0,57.79498042215466,1,0,-9.046470116560938,4.628339997850459,1,10.128073683675849,5.434407869959098,1,0.4334423370096499,-0.1685598825156099,0,19.33404844057187,26.31520916288041,5.45713376267976,7.676090619441744,30.907070700605082
1,0,-0.28307176398551415,34.57006813643856,56.24620748500946,1.9307201127648965,0,0,1,0.2704046681982664,0.8983296779791579,0.6773858222371228,1,17.780835196567043,3,0,0.8034820889596173,1.3200980943836322,1,39.61559814092737,2.204914477166003,1,0.21840573639854513,-0.4041440831922935,2,77.96593490907063,11.653115076067504,-1.9060211375380351,20.522186858593976,34.998726902665155
1,2,0.9737534873297287,69.82262907360833,17.69378283866007,2.8791898751384615,1,0,0,0.9990635729791357,0.2310007943453258,0.9057109111513469,1,23.8965542153485,2,0,-7.070862390332156,6.001271863117562,0,36.70223017189593,1.3324397100323093,1,-0.5916483750679845,-0.3811718827302014,3,66.49893138194214,12.714244460880494,-6.542228268079584,20.616410767553987,69.65711614773343
0,0,-1.7031679326810265,30.199677079838594,69.35052736512881,1.1554039116726775,0,0,1,0.282687888950736,-0.8318154495998544,0.8195199604049457,1,25.265406508643366,0,1,2.634910963799154,4.934744770872439,1,21.450514463295978,2.8455427925700763,0,0.7122237628379351,0.08548998308576378,1,21.844345688330886,8.32056381976174,-2.242894893477212,9.122860176574559,42.771053158828344
1,0,0.7803163059189895,62.92916977519265,13.163945281867118,1.5965866413814964,1,1,0,0.8455833817778637,0.9844322312958483,0.5245065335911223,1,24.91897118515379,2,1,-0.6476535439184268,1.3207960809997619,0,22.85944675910941,1.5491675039546562,0,-1.0507627246965379,1.4363204185085372,2,80.33933569237259,9.500146755699095,-1.4547654326751385,7.6511898799503975,66.47375047714726
0,1,-1.0116440950232786,62.8340470430171,75.84054107845655,1.5795115351299547,1,1,0,0.9431940971240929,0.11470301196790511,0.8779710292138363,0,35.72279701418063,2,0,-7.3305883052089325,10.99788344253962,1,60.658293091926595,3.745131742878961,0,-1.1154361462703053,-0.0595868699020836,1,34.81271979833914,12.255519337342795,0.9883909391927617,24.034169701306865,69.63727284042565
1,0,0.0867179246235724,27.358274191451912,61.16629882541144,2.5390188889859893,0,1,1,0.19160486052759113,0.2834352590769329,0.7770887785082781,0,19.624177328347358,1,0,3.490650091993155,1.2405569196666013,0,20.926498713159233,2.971344188554801,0,-0.1719532456171514,-0.27447245562732037,2,50.09894644778742,19.1466252400462,-0.632751089264886,11.062003100487958,28.20208900570678
0,1,1.266208707991429,38.603715286932236,60.15780075995121,3.927551566950305,0,1,1,0.27685506773395785,0.6094289409406315,0.361337685491156,0,41.84493206473111,1,0,-3.123180704742481,1.9327432093290235,0,49.24166579857633,3.807487147535937,0,-0.5005770123040401,0.09327359470827185,1,42.8446035772399,17.261249716586132,5.119874608503313,22.481472104037465,22.97316207330993
1,0,1.630999013115234,68.99011130860721,11.299049146175971,2.1246746723979975,1,0,0,0.9708782000866714,1.5523265628887168,0.4455026230787649,1,27.44402953473999,2,1,6.417606169183713,2.4293542606256104,0,61.76517300175236,1.2216979749500472,0,-1.7126971112040559,-0.02550578103019775,2,85.79679925354742,14.790210371262864,-5.689998650461394,9.530308570996679,59.16057695766132
1,2,0.5472607523567719,65.61977838656998,33.89055021076031,1.85321953438262,1,1,0,0.9317204334607043,1.0751485288775082,0.7674520148831181,0,26.66916380633389,4,1,-7.457044377124323,3.3015454462410383,0,9.688482862957475,1.9240221303036023,1,-1.0219493886394686,-0.9051160183350682,3,63.338682360845766,11.439421747074192,-4.398590619941913,27.17559353904106,54.723661651624155
0,0,0.8729827323591276,21.340989816078775,79.42953024311964,16.85001782697696,0,1,2,0.21539597472577326,-0.47588815007601243,0.36775590971928446,0,69.81878369327171,3,0,-2.754580019497535,2.4935537193804347,1,22.68898086861394,7.292458836032177,2,0.9312155978850687,-1.212265485336329,0,15.180784049775559,39.49867904134208,8.328561863347609,13.203122670611842,23.534195772406456
1,0,0.08443350210742578,58.445236496265856,0.26886084903555707,1.1043043525543843,1,0,0,0.768411402934478,0.07962267062338112,0.010964490088416434,1,21.74603505890763,3,1,-1.7243340632471487,1.7950250473731164,1,69.29510675311569,0.7330867631593807,0,-0.7000133676372777,-0.23252365500301303,4,98.10912573432529,10.373178840602009,-7.901915356502842,3.100490512499552,37.8341675183348
0,0,-0.945135624650958,40.99256100760266,95.32366189559808,6.509211640955635,1,1,2,0.3876128937761737,0.25322827334916537,0.618837376455827,0,62.59329734232053,0,1,3.045238113192781,3.893882367097445,0,48.5793815029221,6.231399583311118,0,1.4746513431305992,-0.31795579195816737,1,17.23443177690805,39.46258978409055,1.0109555120473637,38.857207917279446,34.22030005132483
0,1,0.5331308976999044,44.23645946574955,55.235105676001986,2.602750600684579,1,1,0,0.4796195331500408,0.4754440833213867,0.20970826752523486,0,41.55951417929083,1,1,0.4632856464187878,2.958597592831414,1,37.90573306961691,3.558342373875089,0,-0.8044255847511327,-0.2597567408147452,0,33.463640318682884,11.66655312357915,5.069443339307114,19.521988936074134,48.01727169532099
1,0,0.8619861363138345,56.9271364006099,34.94035721453337,2.159878494952325,1,0,0,0.628320157122676,-1.3485333472022407,0.8173718984724371,1,26.855612339173156,1,0,-2.4467021655508594,1.4402506215869029,0,46.517303215508875,1.391042028824785,1,-0.6009683373846982,0.29426600214063126,2,73.01813486919528,15.779188662452043,-5.718924733930812,20.32207204807646,49.36727027213401
1,1,-0.29357046511394524,61.86747338127443,18.896105157752995,2.161730236044728,1,0,0,0.8118533270811652,-0.168765132930107,0.23012448736070867,1,22.079181671448346,2,0,5.097688618630606,2.1718842843773474,0,52.692684492733136,1.386095998988747,0,0.1740628578344196,0.4210319489424233,2,80.20669923096067,11.862498396207862,-4.676717263951207,21.37195113544069,61.42267880935006
0,0,-0.3357002692953992,19.023574503765133,92.31595393861542,22.369297975175865,0,1,2,0.11281138313886602,0.2468319248086135,0.7854842932438768,0,78.54120818485852,0,1,7.781789590153323,0.9350345557279057,1,54.96178550937242,9.591899110842673,0,1.8327717719008296,0.013705977494975822,0,7.493259583873158,39.93252544770948,7.961251711772395,22.3172711510327,26.323240724527686
0,1,-1.543315316224878,40.88098355500716,62.758432850625866,1.7896587343196217,1,0,1,0.3603137340383463,0.06456277245307859,0.7249393857616259,0,23.730652772106545,1,1,2.9927001188018014,1.7410775858054013,1,34.23438463230398,2.7358871904793727,0,0.8515208701619396,-0.8045797711081994,0,48.139986438076306,19.74623179292112,5.797324776426132,6.783864408760294,65.92754229434783
1,0,0.11073665354081806,53.73535174859949,56.932123678707946,2.0291103422111103,1,1,0,0.6337805410471768,1.18712476341474,0.6115979130762907,1,26.256743160055986,3,0,6.569270318606559,1.7091001234846648,0,74.91980530013069,2.573230443548457,0,-0.5733260554346015,-0.3483305026883584,2,49.302048980662235,9.266370765123405,-0.9085056048193625,38.536691363552634,37.246453435711175
0,0,0.63999401164151,34.367815112721914,65.12182557669878,6.118602106474625,0,1,1,0.2594906407637749,-0.6893622115853072,0.5132799779561892,0,49.963524946297895,1,0,-0.31565134436452347,3.472106731826683,0,45.84687402766255,4.571688209416952,1,0.14863810846264086,-0.45317284034947347,0,27.62696237432297,28.14551326337956,3.2634334142919137,15.090584853385934,22.108602397719345
0,1,-0.317586711255279,34.617003357375566,88.40411072755077,6.727062679803099,0,1,2,0.22885925648130367,0.9090061939463592,0.6544196812022758,0,79.67618215979739,0,0,4.861979418254823,3.01914595254,0,26.601174795520365,16.110208417990503,0,2.527904486231337,1.8340620507385843,0,1.551673051220015,34.85465261393121,9.914840117096418,30.937148766337934,38.012312673387285
0,0,-0.5977680536033755,31.311403197587687,81.02991357372761,8.873173413123727,0,1,1,0.18588229990085614,-0.47204467727278987,0.24114502577101948,0,68.64589008063206,1,1,4.8664744520566945,3.357295801393497,1,77.13580021677896,6.71441733103336,0,0.3435670402732848,0.8698176161590552,0,12.532869184055867,39.70368827319743,7.839418893377527,30.17609546347269,34.00977702522671
1,0,0.7660980783187673,63.842947812497606,0.5286776126522452,1.7153404953064422,1,0,0,0.8429042243856548,3.244448943758843,0.6020494599456273,1,27.137189941295855,4,1,-6.928379366613076,0.9643986489025779,0,65.64543977144012,0.681347663908336,1,-0.7371799423036622,-0.3273369091182282,4,97.13442835225923,4.8134028113050835,-8.513421562596532,10.414391093972387,19.93944384305015
0,0,-0.3076476512494309,34.84278707861543,44.740067733440924,1.0495890153750604,1,0,1,0.33171534830199345,-0.4997239355004812,0.18234670985845736,0,31.96467584706724,1,1,7.115800922657101,1.858333847775516,1,59.3583370408699,2.227666703832109,0,-0.8191619979291752,-0.4014885701734458,0,59.601646472235444,10.146555078093007,-1.7277363361587526,16.665690297713173,51.776901480256754
0,0,-0.760074050567022,24.20224906869852,84.76246383057531,2.2954098559577916,0,0,2,0.2110342410037374,1.4099420012973256,0.682751388256559,0,40.68688276091894,1,1,-5.786466204822867,1.650439121943539,1,43.10198654239868,3.910235376339372,0,0.6193133551649113,1.6727839334560237,0,30.811862337978376,17.581970274442767,1.398296583615915,13.945123136469935,32.44840523655866
0,1,-0.21880616949710427,62.49735518980709,44.44399538757807,1.5332510952001444,1,0,0,0.8979830538687062,-1.5853986222546053,0.4052580450918191,1,30.931228092432228,0,0,8.380970157744091,2.9103199686460997,1,79.99796633407212,1.642272481573378,0,-0.28426003319294413,0.3459294583910474,0,67.72164583659772,13.647701658052224,-3.12571018411605,22.65519321865436,57.841103855329635
0,1,2.18642160827721,38.739411044289476,71.71529611487681,4.0335516854701075,0,1,1,0.2692358032490021,-0.6208543072630601,0.3556346468842121,0,75.7363778425871,0,0,6.431790919146465,4.239998507489177,0,46.84249173271208,9.785089996874383,0,-1.077875468937098,0.0034885157719362816,0,1.6222289413836521,15.271026567100863,9.689267356297101,11.6822648709223,31.48285360646766
1,2,0.2617837919180917,53.1639292608778,74.55558265268931,2.8393931508515524,1,0,1,0.5425467373376094,-0.7635611076608595,0.40239170263841206,1,38.28518475611988,2,0,-9.064899091179766,7.430026043288148,0,68.06891321189873,3.2682594812337964,1,0.12502274143037861,-0.34529675173419394,3,46.51808705899916,20.39667528785429,-3.8792115792811632,39.792912807327916,25.461467217576722
1,0,0.5532491666495372,46.09501867252068,3.1914386877766434,1.9058412019692075,1,1,0,0.40864183484475386,0.4751438794455007,0.0023359063408219805,0,18.664226483930292,0,1,4.994350095790626,2.6220802505379783,1,36.664693544637004,0.9609066104657693,1,-0.7963097325809839,0.37746708147105,2,90.8945349845004,6.160983696226507,-5.442976964455916,8.127505535278434,51.70132505689777
0,0,-0.48182209292113715,29.092148819183038,43.66861814154946,1.6918402523017406,0,1,1,0.1432216032959524,-0.08612877026053403,0.041190235334180314,0,44.0802436960217,0,0,5.145704227064588,1.966859006748444,1,36.07720826081717,4.129799716252728,0,0.06310249764912398,-0.3563198233375248,0,43.40476359549809,11.40235953058487,7.644973524196015,7.1451626367425725,60.04210416555743
1,1,0.7538970021089658,54.98997725269932,39.22448068894528,1.890528859677703,1,0,0,0.6008519067974774,-0.08402591471601817,0.6622287270946646,0,30.2376192235517,2,1,-3.6784425480143916,1.9394291036234295,0,3.26756029584085,1.7358005617874632,2,-0.8345162878273074,-0.11165316534980926,1,68.68432737439956,10.639413348117639,-3.1163139963030613,20.317621377618963,56.344881225512154
0,0,-1.6187882204482085,21.810583261635497,86.06613739818569,4.739315883054144,0,1,2,0.14940276407295017,0.35388780220856464,0.7026015759688732,0,64.91555632563532,2,0,-3.3873905647620797,1.488472318112433,1,22.151136343047526,5.231424331491813,0,1.582217679391271,-1.209025016837183,0,19.133521488245925,32.83003677666188,5.0023936445081585,15.259045543343891,52.119843068115124
1,0,-0.030974089942165956,24.694098927873668,47.74098878107681,2.4938064023613458,0,0,1,0.27346767701287067,-0.2617705925518626,0.5071928790193265,1,20.593915115091292,1,0,7.807437868751553,2.376836281258797,1,14.396280650550008,1.9267437730895325,0,-0.8270921405178471,0.925745576106239,1,65.41728782746947,14.306372549569023,-3.264605029071257,4.124002175452701,22.797915458051293
1,0,-1.335589664500588,26.037362016144122,39.65763612577849,1.9896613668187477,0,0,1,0.24001239394338159,-0.2680740252730087,0.4189404473219609,1,21.12252215523503,4,1,-6.271630398721611,1.0449629163164043,1,33.91729477055652,1.7501810313601605,1,1.0040252177016344,-0.28571440649595614,1,66.72331172318196,20.680966802749868,-3.897916519645581,15.284526269773462,45.04881753158939
0,0,-0.9300159637102107,29.149328975600664,5.204952542439134,2.034393346335795,0,1,0,0.18649263250000858,0.9617508610111999,1.0759809709881551e-10,0,40.47676422207911,0,0,-5.42393523900783,2.574599707701743,1,78.67289517734831,4.273805204998336,0,0.4845492593930955,2.5032256607392,0,39.98744670703414,14.26932586663149,9.707898787245473,15.135386060900512,56.212590114126726
0,0,2.018837226840115,33.31496916627728,59.8868616665619,4.901255627445176,0,1,1,0.18375498672158652,-0.8152370637865534,0.4367415473065359,0,36.30890962978961,1,1,3.5390537020986237,2.339418668989708,0,63.33849170438658,3.9623578350042585,0,-0.6556317769402701,0.1750847946793211,0,33.019159477851154,17.510327197514105,5.016951835889444,7.194174836143863,25.189537744554855
0,0,1.0239371710243628,39.0995737645913,71.71853961038266,2.9979368107417947,0,1,1,0.27582966768821693,0.3646587726457904,0.5606183075119269,0,64.3559514428527,0,1,-9.254256905897808,4.970139786509807,0,20.85072984692389,3.9652045339285906,0,-0.012732550879277904,0.07431042080522059,0,28.063746734615215,12.309669267510337,3.9568622225554417,13.859426856028673,31.777382834174006
0,0,-0.13234486800013245,23.66584759732959,82.16054866356293,11.37971468086947,1,1,2,0.2963584950026956,-1.284512838969328,0.6728017684872701,0,71.7719853680088,0,0,-8.093037418766034,1.2151266856777874,0,15.593873724869528,7.522526055225177,1,1.3089070173505268,0.41772153003117596,0,9.996856512391222,39.33591041829851,8.800942384859194,15.266272982168047,43.139172054989274
0,1,-0.8835544491938081,22.829139166548778,94.87895700941296,11.204876199899166,0,1,2,0.2118893992755227,-0.29375491695982353,0.43265012045210016,0,79.59574435580097,0,0,0.4464910984810526,3.92867716753537,1,28.263235429265805,14.892593480755522,0,1.480735743121893,-0.6998247791654432,0,1.731954090583504,39.65758058650843,9.545152306832392,25.512656675525637,30.732292518600982
1,0,0.5246945760008613,32.499942544524146,17.32016168424812,2.5528620134840385,0,0,0,0.21244380548855168,0.33883500917353976,0.04660470434076469,1,18.88058398988583,1,1,-4.8562203025067205,2.256101949028426,0,50.909380027069034,1.2742349000563244,0,0.6617177179802988,-0.7201509489781645,2,79.99053608020948,10.814740776111012,-4.800443677868612,8.44114916036654,22.090352600356468
0,0,-0.06054657556216826,22.402788758692875,77.24529588103547,7.55924417418794,0,1,2,0.16155711037976472,-0.3067107735311625,0.6127344920839609,0,68.99421048385739,0,1,2.5153396588384975,1.622959184460513,1,31.071252381213267,5.322114879494314,2,0.8767565988671703,-1.258050492620136,1,14.352091476699053,33.74906105908437,5.321961386388638,24.21330560055624,26.29693724973878
0,2,0.13313399342809573,59.70120203393564,90.64414863206702,4.008558936242082,1,0,1,0.8069271627118402,-0.38021781974947216,0.7534345418819881,0,51.884305341496464,2,0,-4.911572954933698,8.74583339279515,0,60.19239876932158,4.0801621688612535,0,0.36591249151120664,-0.677017613866079,1,26.165419286178697,30.14706155092035,-2.433435721226563,39.14475044024624,26.078914071565592
0,1,1.0017960179399044,42.646710996312706,57.95735109574232,0.5992493360616461,0,0,0,0.2427167397242418,-0.2363682491674419,0.38274212805756247,0,22.52862075540697,0,1,2.3415857910844924,2.6356530763015646,1,48.350090893889,2.731304963590467,0,-1.7954153267615218,-0.7773546192543587,0,52.48146471057184,13.080511345789908,2.4183391461850015,16.18945950280133,60.27480085059498
1,1,3.1332476508223897,59.583968487788574,54.460044519249465,4.696551284684831,1,1,0,0.5727669874677574,0.4227510709186122,0.4738843708373533,0,21.774870657351897,2,1,0.16060321756941676,4.588433730238272,0,12.032825605746392,3.1799714631093434,2,-1.4008052851581108,-0.5639086521156728,0,51.28032581387386,10.450772362725523,-1.9783608939068493,33.62982129307171,54.525088963536746
0,0,-0.40013367243559117,39.20480533975212,61.08088029451322,2.132261769910506,0,1,1,0.3782288735739232,-0.09539914684246124,0.3650109740633903,0,35.86272228337165,0,1,-6.3764649232000465,1.9483893407468182,1,70.44594592855914,3.510632916228687,0,0.8120011935293912,-0.12312906259772192,0,35.8851128767859,14.359369305774106,3.452062474411422,29.44972263208853,35.256840842483214
1,2,-0.26467446634075303,51.53517262243762,22.758566286340255,1.6524697245379416,1,1,0,0.5525343991289842,0.18591537965653795,0.329822951972796,1,21.652128655523445,3,0,8.528414889625498,3.2013799964739893,1,19.288190715779272,1.7912610168182792,0,-0.2842983004916375,1.3246691855726294,2,72.43001481184533,10.126155183295403,-5.349064143149256,24.578728976845554,43.20683307890265
0,0,0.28674735074787583,24.92362021182132,81.14734401739416,2.3957784549272745,0,1,2,0.10668980624877833,-0.07205470231205077,0.6323969266289947,0,67.17569370144786,0,1,-8.543817426250616,2.9777842179196625,1,32.65686846595177,6.317803547429867,1,-0.21834189165076187,-0.544499964276217,0,11.702338094234467,18.543942172145446,7.98684860561109,10.866106610263945,55.553469213685446
1,1,0.4433338355879227,57.41113682411723,33.46988935487153,2.1561911376630305,1,0,0,0.6999264239725567,-0.33817385685070533,0.3481578720982528,0,22.30674591355477,3,1,-8.295108944456038,5.5498519263926,0,24.823347218768518,1.7577270737428592,1,0.6095350268229442,0.060632033085771836,3,68.74100151521667,11.643351467834018,-4.2373463874659025,26.829156857331377,29.748227504886028
1,0,0.526213327168747,27.36306394604603,30.508807007288354,0.89262548239633,0,0,1,0.18091424290094793,0.17515391514212492,0.20097467560968446,1,35.992562384130395,0,1,3.624653206748281,1.3931908131846025,1,33.85849615175409,2.002136914693309,2,-0.7942141398484732,0.009807696927981375,2,71.13582224250237,5.37833759030764,-4.7027537010192315,16.71091662658251,22.803125763343665
1,1,-0.1772841541153059,55.02403729966278,26.50458529654588,2.554859146290407,1,1,0,0.634744454221669,0.5712743136281191,0.3026930031372515,1,24.994762554176077,3,0,-9.28409981033129,5.928778022448864,0,12.672334125578008,1.8835699402920354,1,0.2524520450860226,0.10466718964921945,4,69.84459646609008,19.56726825022553,-6.430393727629732,18.9398657025507,46.03863857360503
0,0,0.5347294385143421,31.938905700210608,47.5670303605594,1.7509635966565231,0,1,1,0.21994979082178806,0.7980749514592712,0.4113530655009595,0,20.639741472795162,2,1,-6.799045108892896,0.5885265453703146,1,25.637503673306927,2.3262725119006595,0,-0.7769064821655094,0.7308015169723385,0,57.79162787393073,15.568579805318684,6.7530221819303335,14.627254245015568,60.423544099093974
0,0,0.06515932958561875,22.34377897583235,86.28796956949769,7.122004954394672,0,1,2,0.11474184836673756,-0.5944144081977963,0.8377494036891963,0,73.02085730397903,0,0,-7.881982655907476,1.62112131500448,1,14.456323230691602,7.2004074281487185,1,0.8374902944735961,-0.01537848757531767,0,8.912537001553316,35.53352616579066,7.881634879879385,11.43881530064936,35.972569197470506
1,1,-0.978643732782842,30.751302937414888,49.565691945974436,1.8581235350579863,0,0,1,0.17615991769198208,0.7393753629122112,0.8795586032403009,1,22.741172061541832,2,1,-2.392471205101156,1.8096745264640237,1,4.236812896226643,2.388411737477202,2,0.11200953839239239,-0.3202839035217011,2,58.62626143254251,10.527009830148433,-4.2814061959918615,4.2606760825162855,53.49531227351205
1,0,-1.7692067993660645,53.052006239961145,11.336813405894585,1.7048864601375673,1,0,0,0.7667431612441848,0.5944635254779213,0.523405750580982,1,24.835365385956987,2,1,-4.383462460019643,1.5681166554067372,1,40.887593449214556,1.059276026319564,0,0.7428851872276236,0.2122008399385408,1,94.14288775039192,14.592406954374352,-5.017235027315271,4.44162808896245,69.84689530475384
1,0,1.1006558445152912,59.36212314352687,38.59020432460786,1.8373524559347512,1,1,0,0.7178575727725693,0.4759588171952222,0.3399616112682249,1,17.348004397473325,1,0,5.739264983161263,1.417985949236847,0,47.23971293085569,1.751065764088089,0,-1.0542888384827995,-1.2836406610727036,3,57.33708397956803,9.213053627814059,-4.306698967700968,37.81583126159618,49.086556285289774
0,1,0.3804500245319157,54.2669438357823,73.10511200957573,1.8731239001029492,1,0,1,0.564004948735507,2.0703411518905646,0.9742733168426894,1,41.88020033353389,0,1,1.70408958216672,2.6747659123723917,0,22.165422372529626,3.0833145547307543,0,-0.4603359202249353,-1.3159508842189256,1,42.774545314469215,9.113307728223962,-0.01021067534619391,12.204211257210362,44.30616123699593
0,2,-1.706698645349697,52.19658901608369,88.05486767650902,1.6843093525078605,1,1,1,0.7984655814459402,0.4493713499216736,0.481239818580858,0,64.56139685326447,0,1,-5.005024206342169,6.17699246568136,1,73.1669571824828,5.1233826110427945,1,1.4339037716578786,0.2635249673695364,0,14.570887407921868,20.654497241082343,1.78968253571486,39.56141758485734,42.032388054333666
0,1,0.37743964195346935,30.887759691070784,97.82041949489988,23.106910385445904,0,1,2,0.17436741760203678,0.07822051666419762,0.6964306410829018,0,79.98717688268846,0,0,-8.029354917718814,3.408659827409569,0,48.9576256443629,27.533913531483538,0,1.2883347311542022,-0.8870494725492015,0,0.18342825195412638,39.90195993912948,9.983532629453016,36.54937238245567,32.242905183265165
1,0,-0.33603099741468395,69.10716366765735,25.83397298448172,1.5173491644115937,1,0,0,0.9977756825501941,2.463509994283886,0.9999999952468612,1,20.636280871313147,4,0,-2.5636830596120985,3.242950392558504,1,70.46124278275022,1.6928183682691662,2,-0.5556214164853027,0.38704741148019584,4,66.2434945390736,7.996320518358512,-9.425814006798793,19.02215261898114,34.96630658591923
0,1,0.3902969733321322,25.347440055889685,62.94309781774844,1.7114878438836907,0,1,1,0.1063118555371157,0.3598342279728506,0.6411154565831341,0,31.67280642719767,2,1,5.9360765769951485,1.2266639074955428,1,22.07832350379733,2.4232022379260423,0,-0.4860005503381813,0.2689064518338806,0,47.20279947236582,8.36058386992349,0.3879077714908963,7.273636805714682,39.43652830609129
0,0,1.4993104879501478,21.09860852244871,91.8348795276476,7.719816775739289,0,1,2,0.11932256434048194,-1.0997239513054131,0.5920754783118751,0,77.99243299527843,0,0,-4.593636340658645,1.9041215132393756,1,12.845455081213206,11.610127945949873,2,-1.484493757993648,-0.09555013796150555,0,3.287956598268671,27.029334509898895,9.541462192842477,21.38631769281365,48.380023048634996
0,0,0.2619045166077128,25.093404853099212,68.68966572239184,5.36086934269497,0,1,2,0.19135763246657844,-0.14550300784697795,0.5987398513261537,0,70.94885125292603,0,0,-3.883879050185895,1.5703632755178574,1,53.81648786348788,5.1508893240949885,0,0.354262882246713,1.457704910776705,0,19.581197245301514,31.746743240275194,7.932515029283461,8.726418347016523,34.54980033636583
0,1,-1.1621824562952479,36.58672520154141,67.539480929653,0.8480225091859818,1,1,1,0.4226402895144109,0.9658809993710581,0.48841396305449675,0,30.421292152462655,0,1,-2.1794821013561316,3.853219059840536,1,51.91223864187297,3.3033507172922096,0,-0.1064716592018323,-1.227233824317977,1,39.5234699942212,8.51075286100722,-0.3385472579739073,19.77157479902813,47.19374069132276
0,0,-0.015514011359748786,19.961297823844237,71.82879888926796,14.392598903180797,0,1,2,0.10507849933439067,-1.9880705645276895,0.5417766834076756,0,78.44131610869917,0,0,8.396867670607659,1.6064337099794608,0,38.82988002697955,11.770794473811772,2,1.1962794756869946,-0.17313966099294228,0,4.09941243369828,38.815852154203654,9.909155828635313,3.5211721144288988,21.664326407823193
0,1,0.5290685756357781,39.68373667713898,60.68930561702162,3.310191240473149,0,1,1,0.2510644701262402,0.3582048400575382,0.09908539246510834,0,40.69636121024426,1,0,3.4467463097482955,4.505731311697413,0,61.371652616122944,3.4575390965315043,1,0.4217895919673609,-0.7508083429846863,0,38.8091866118345,19.495643501878217,4.351355577750805,24.809298586820894,26.374324997760734
0,1,-3.339609676490182,48.552633253210495,59.72621587072802,2.0371636774822846,1,0,1,0.7340258265725359,-1.2120316883399271,0.35343826609563034,0,19.740390588541,1,0,-7.129087868815005,6.3784055480990425,1,64.65659009219732,2.5569661164070663,1,0.9477931181584254,0.21988247924068202,0,53.659215720647104,30.42885466725487,-1.5369191943355265,27.58484821900341,69.34800842755207
0,0,-0.4278789086811154,40.95339507276567,3.3879940122015784,1.7502077474359636,1,0,0,0.43324395699528295,-1.8753359261857165,0.0022586740802088556,1,23.115912914103347,2,0,-0.5151833624316247,0.5980194493646281,1,77.48286661394783,1.05993977508517,0,0.1751361393016586,-0.2277565678506348,1,93.46106950179217,8.195016368116033,-1.936568756378728,5.900432617924494,46.98422228987693
1,0,0.16189428948695067,48.22809389543906,66.05217965186131,1.9562723055574216,1,0,1,0.5559208307366225,-0.5910489303310688,0.433603535842922,1,21.368069906915636,2,1,-7.570692853627666,2.795068466401787,0,43.50155942570617,2.5673008772459376,2,-0.6095070503932726,0.41137375778767904,2,47.20506324175401,10.450631577572212,-2.4386473005605778,37.79514257909112,31.692502267129807
0,0,-1.1468392358115254,60.43474370060316,33.10228450364955,2.311482994603556,1,1,0,0.920369865399864,-0.4802185289946361,0.0006838534950361352,0,30.499171760295877,0,1,1.943174508741004,3.611244282736572,1,65.0737667612164,2.5799415177904237,1,0.8779290876464093,-0.17499421032233656,1,48.67233871951918,20.605377913135463,5.925365557162651,37.08908474578649,69.99867760133624
0,2,0.7487831633489156,21.67929704928342,99.10149374192652,47.412582403862125,0,1,2,0.16358183935190207,-0.11973208624923508,0.450258691497349,0,79.99980549949827,0,1,6.066807701212891,7.950195337917941,1,38.4986479836035,42.70679069832205,0,1.9953476669886026,0.3431727825795109,0,0.013831126695756923,39.990737487503125,9.998016975415744,31.536506448788803,24.98525183715535
1,1,0.9893616219580517,53.42876078863354,39.34075412066887,1.6070603074265273,0,0,0,0.47564686838975156,-0.43676767735173944,0.6008676590912321,0,23.5131823278277,1,1,1.7387309370810833,3.712328234332394,0,68.4817613190189,2.0410895404360665,1,-1.429915210072017,-0.5100087153554174,2,64.10540724228082,7.518672232824095,-5.093328129451581,20.713387153066634,24.41353506735114
1,0,0.6720781100232509,27.278948499023183,77.95830667300346,4.460211224196574,1,0,1,0.3020375534953218,0.05606534205440012,0.8595817146161437,1,50.877794426211125,2,1,-9.079906301846185,2.1107533117179584,0,9.511452278407955,2.9842312551321766,1,-0.0516151854385631,-0.09525877563116587,1,40.28522179679384,28.020473068553574,-3.4416694802302032,18.61754297502075,18.445945125632946
1,0,1.5179118012068358,65.60146802001415,11.191889816289807,2.600635477361386,1,1,0,0.8556121021272336,1.1836378413061854,0.5015889003800486,0,34.000001160097106,2,1,-5.891804179483947,2.4366122475383962,0,12.096272012267857,1.3526609664887537,1,-1.2343602661253246,-1.5955497249813266,3,92.50247440365898,10.309185667301769,-5.573816944287029,25.092678574700436,47.44412716621842
0,0,-0.9983714978438629,33.064283880737804,72.26523828963641,3.0764646172038477,0,0,1,0.2494735596829119,0.718455380288659,0.699583568174809,1,28.07517935834536,2,0,6.116398883850309,2.9032815214858476,1,31.997662389525875,2.8478384321023333,0,0.44069115889799376,0.3596483758975185,0,43.489170594384355,22.40099252263971,0.7439923886496018,11.187901810451821,65.6123871601691
0,0,-0.7750622551834281,18.168654271600385,97.47244724321448,54.598150033144236,0,1,2,0.05255454733796566,-0.33544532944214267,0.5026932706382526,0,79.99988189539016,0,1,9.28983091658337,0.9267964485815542,1,7.904630126089747,48.92768168181238,0,3.664528606371402,0.7267242216640337,0,0.010815567169686346,39.99999951194453,9.999924557759986,36.056095578568865,25.49544932815525
0,2,-0.7844156764004218,30.472293330668712,88.99105579634029,6.613016248977396,0,1,2,0.2150234768387358,-0.8109393973849172,0.4369992968965869,0,79.16801867846074,0,1,-0.3421757324566048,5.316974992645088,1,25.37351120565639,9.469950784797883,1,1.3955935590169686,-0.12494121283657783,0,3.9184785579313153,36.776652938238044,9.334393916952529,24.18261033097007,38.54185409743272
1,1,1.820370859460284,48.38797621205407,64.48841527233182,0.6545769940364229,0,0,1,0.30386117976464644,0.43438858178209244,0.7376512113674272,1,17.379607156626502,1,1,-3.803060948985701,3.823828885191919,0,5.918410222582673,2.236960849427798,2,-2.3355404196808007,0.2553354370867405,2,42.74607449709757,13.612283578277076,-6.5742699610295,27.57272992530445,34.318856498161296
1,2,-1.6005145347335894,59.654736383766995,33.9104846690097,2.217968153501603,1,0,0,0.8612891967336777,-0.470327726062993,0.31678141881295574,1,21.693202345512468,1,0,5.545748381157139,20.115383165750387,1,22.49487302875543,1.3553595008184163,0,0.7255386100151892,1.8008560215737472,0,75.49292646943361,17.691690684666234,-5.267704873983106,27.84074989403386,62.11429337119878
0,0,1.2174287643946586,33.33481321882324,85.18570432024568,29.50791171442626,0,1,1,0.19248306978910384,-1.271114809469168,0.78626849112336,0,78.97257853864483,0,0,-0.8857096451743871,2.2241166363003066,0,30.54959921378022,13.303944118026067,0,0.36600959418719275,1.11821577675083,0,2.162116941690506,39.835858850164016,9.831437952419122,13.839022545695713,43.4864174366174
1,0,-0.5448575000665503,22.070805289700825,24.23013748160252,3.2632618025052,0,1,1,0.1626500767422408,-0.2553489029070379,0.3764354240191411,1,17.851035380887556,3,1,-0.46972732481174795,0.55797782813786,1,78.1137927835504,2.151389373884591,2,0.33567477045308397,-0.4630736463291337,2,69.85085566168017,22.288984178271825,-2.2084804211922107,5.550714423555476,20.287930083410046
1,0,-4.3179948332281555,59.438554240351436,5.855665702495427,2.2970036370871876,1,0,0,0.9778314151709637,1.3230502443034449,0.5044335177370931,1,22.584083220010513,3,0,-0.5465496121538322,2.3728322083566975,1,0.0270304047076797,1.1080557206970756,1,2.565626832571668,-0.3313856681205254,3,89.79523161016883,34.39146010332766,-6.4347262419256355,10.902392483249521,69.9416408341384
1,0,-0.32655014161623414,21.991583272515122,27.041293830410435,1.9183482472582645,0,0,1,0.10658338057159361,0.06421680831949875,0.7652907163922866,1,24.601746210015854,1,0,-8.085991955379306,0.7319494698290782,1,40.2134114947991,1.6016563587002175,0,0.7357443401352903,0.6576130834352533,1,73.84430603526519,3.664891884855963,-2.8978528312336005,0.33596460814886653,26.18090216267921
1,0,-0.06280238289400854,34.078416892701114,32.37144998048582,1.2452617155843857,0,1,1,0.2366733811187507,-0.13844126202529045,0.35568532046923784,0,19.53211562181145,0,1,-0.48649551956721204,0.886179731664551,0,32.03720851778377,2.0543429669650193,0,-2.2212344154214065,0.021266865512489245,2,66.20302372287976,11.63125354469204,-3.1918891620544976,16.705770224798115,33.89910584149
1,0,-1.0625214270715155,64.80767285105166,10.307218316349982,1.0250927795629443,1,0,0,0.9662105603496143,0.3778780068955665,0.8494021241392523,1,21.75927764702388,4,1,6.838864619289414,1.483938595835135,1,64.78956576469349,1.2549207452543738,2,-0.6706516863187567,-1.0173481953381687,3,68.0234644203707,19.108081496848715,-7.6045922365274965,14.394988919656488,54.146248687872045
0,2,0.8520717866717183,23.895143709154482,82.03432370942765,7.676768600558414,0,0,2,0.11718918487392527,-1.0252569115729706,0.5219765904531316,0,35.12430237891594,2,0,-2.4630983867236145,8.026825782606746,1,13.90044107398598,3.3458197579556046,0,0.5857205652124227,0.27575954761988103,2,38.568047352955304,34.407465201099896,-3.367474637443266,19.09307225661777,21.744647283145333
0,0,-0.310004290970116,58.95739205071373,17.255458955042872,2.5905976551097134,1,1,0,0.730657375642664,0.1816877587172155,0.4087123765182251,1,18.816831656096934,0,0,-1.4055178015478305,1.7370239228571744,0,54.66195120089667,1.6171012060423886,0,3.960571322224486e-05,-0.5329064957601435,1,77.00096023597361,17.234711889378044,-0.7612272073332562,5.491996213048187,59.84621292378194
1,1,-1.1047859303349472,62.91684147552502,31.169250343124382,1.392111656615257,1,0,0,0.9360954567893218,0.12323088391400502,0.7920392466653547,1,32.093209848113176,3,1,7.78541623058393,2.44888986172736,1,46.62636943975911,1.900250965891679,2,0.09252634197168674,-0.9212503698836436,4,71.24176744337795,11.704788302992387,-5.942534999744865,32.16266941221362,64.38172363921103
0,0,-0.06371818328347505,20.270248107004324,53.739424433081616,1.282925726440739,0,1,1,0.1581234064711749,-0.21166148392160583,0.3460612449578878,0,31.360253290566334,0,1,1.0278126968559658,1.018808229938432,1,25.97203227527169,3.37652322719483,2,-1.0038751335474412,0.26166529001960276,0,37.03257138735114,11.653043948864678,3.9652428550689933,3.3208576922949584,39.627123507386024
0,0,0.2258896857170624,18.18371891271941,90.99433209269475,18.61571749763448,0,1,2,0.022889306255994335,-1.276816130428519,0.23325977869860198,0,79.74383982224752,0,1,-2.3454110759966227,0.710041531329978,1,1.2442833402014664,15.784079669383791,1,1.6136814649460927,0.3578358168625967,0,1.0448066569564707,39.80619535670233,9.841854580631537,31.62304078645363,28.742253428107574
0,1,0.6748143848260637,55.46947433990707,37.047426753360114,1.8515670664047323,1,0,0,0.6649766269092019,-1.6861439924371822,0.6277203905516542,1,24.222955171858462,2,1,-6.019555465043572,1.5863660360457421,1,48.24654264979926,1.8379535828125033,0,-1.039650164787107,0.1172654406940385,2,65.85935207210399,11.278531450859393,-1.2356881592745523,13.79419346356789,62.814814828203225
1,0,0.7255277279972446,19.39464653184839,94.30941089147457,36.67426749090663,0,1,2,0.17461171246613733,0.32055717329362743,0.9708947866627208,0,79.17172665623596,0,0,-4.47194974305627,1.224195470628058,0,73.15018981935559,11.524993203995537,2,1.0778826574527025,-0.5470856665512018,2,2.3489989476880355,39.98933815414478,8.211789932518716,30.09618065627314,30.305160815843045
1,1,1.713110038660876,60.53200660656032,26.05469747471999,2.657077353507398,1,0,0,0.6387551470910202,1.8368095270207756,0.6837331583531281,1,31.01648354227717,3,0,-8.5655334738087,7.068068983210566,0,16.371378662893477,1.3157822066535676,2,-0.4235922547038161,-0.030930375964289773,2,74.90023933698168,8.303331527626302,-6.905055357338259,18.545720022430668,23.492368681479775
0,2,2.287816765076949,39.432400405489545,72.8470489775355,2.278350980687491,0,1,1,0.31699716207404977,0.11587053938573136,0.3466328829148871,0,72.29291283868844,0,1,-5.742695209741279,3.7852924203790645,0,15.71795275965779,6.0285210927825865,0,-1.8555415722353708,-1.0845064086595924,0,15.118765898393354,9.519790477066117,9.45773866222854,11.895596781792193,38.685173482081204
1,2,-0.6987257073797791,69.4302003719196,20.782444901378238,1.630793452768131,1,0,0,0.9936551815646724,2.4607428626349286,0.7522992732848237,1,25.39785610398379,3,1,-9.123100997109148,8.358414830973778,1,8.559373277966156,1.5678529289670284,1,0.21660981783083202,0.4204886771228749,2,79.1831103357813,13.033558749418194,-6.392485446234028,31.921823291416196,55.124605714270174
1,2,-0.6759854377082637,69.85829772476274,16.575148285113283,2.2646399259779018,1,0,0,0.9995178994929181,0.614500468165516,0.9855360989760822,1,26.228165709728227,2,0,0.4648862461937959,3.5091399188874166,1,61.16716857410866,1.3010078671451037,2,0.363464755344275,0.14434999831459203,3,84.49874996966558,17.745613974287046,-6.637268750089017,20.25804830904371,69.96896888074711
1,0,0.9248586757498001,25.135338731421452,45.631477139969185,1.536041029901703,0,0,1,0.17794268662917034,1.1064439938384403,0.6163556919020443,1,22.273723731571184,0,1,6.2249309898268805,1.8624196880516641,1,14.78083386499964,1.829413808744537,0,-0.665348901548203,-0.20047156039018008,2,67.1290924482753,10.96850857404056,-6.317080029238497,6.30780563806689,33.83549204638996
1,0,-3.052636674907397,36.46025659014093,9.912484729113679,1.558990781803201,1,0,0,0.5569408219593858,1.193184547018035,0.41432172728887734,1,24.036564456684072,1,1,-7.431350330673397,0.9140440935253109,1,63.36466042184777,1.228459736738655,1,1.76919908824944,0.012005307023117416,2,84.97404203159881,22.18239629017851,-6.15218758870477,4.090263559777112,63.032974692705864
1,0,-0.032731202327784835,50.870391982766336,15.819620047964284,1.8638242368362605,1,0,0,0.6282819476316253,0.5928974296577962,0.9680322352383572,1,20.70411307944496,3,0,0.3180289935286851,2.4194962758189313,1,46.22815541579965,1.558862493173979,2,-0.3225809019890092,0.0917283297823572,3,81.32655952129019,14.474296570472184,-7.501596994832726,2.6864039419613506,28.739199599814054
1,2,1.060799960780548,63.97525230664377,41.851198540504136,1.5228277554442016,1,1,0,0.8796455420762687,0.270113750196222,0.867178619700596,0,17.24994779408079,3,1,0.8990166317895731,6.407391944644304,0,34.452869501972515,1.9494570917233858,2,-1.0313971458995135,-0.9249820569219473,3,51.015769872702506,7.289594412137703,-3.2409493262892095,16.011513202253266,28.295479386402903
1,2,-0.43672858374042667,35.175425808112855,75.6379699298247,1.7021666008026322,0,0,1,0.23029987345427705,-0.5965502304504452,0.45400137444499783,1,29.90082819403487,2,0,5.562997319121813,7.55503648384893,1,9.80150344644969,2.8910399404312987,0,-0.175390320175165,0.19769605090172016,3,45.3531720237602,9.48033273017493,-3.5827691972765248,27.936908670430107,29.6707915945608
1,2,-0.6086656652594891,43.8638161260407,66.8419016798418,3.1143672736199672,1,0,0,0.544515109659767,-0.5525214849486072,0.8557668874715857,1,20.912406414826982,3,0,-6.862205303808309,5.2558355787664714,1,11.16452656930958,2.711129066450591,0,0.407698889211709,-1.2442951632811,3,51.409168747888835,28.475999697874848,-5.054508367785436,22.462165433755793,30.67878505608045
1,0,0.49631950837556105,34.939057307863585,45.038192943758645,0.9436031372410439,0,0,1,0.21708853019675156,0.1934113827266968,0.6030574782457376,1,19.964426392718142,2,1,0.2862284195473297,1.5265986039847472,0,1.8904359108488356,2.1395945154523655,1,-1.6777963317328242,0.43798039400256183,1,67.04309709785603,11.845203607717945,-3.8875631001126107,15.70619597373935,41.76871456674135
1,0,0.18236975878975278,28.431302949647023,52.125596521830964,2.6829803296624255,0,1,1,0.30590395260021147,-0.5720102838466188,0.1759018904586807,0,19.77910281686803,0,1,-4.62960585016153,1.7763616584879427,1,58.31273244373732,2.4060038064935925,2,-0.4466407703295192,-0.5748001932539193,2,56.27148548839532,14.49413416125319,-2.5159390459400788,24.156178824139015,42.935903742352636
0,2,1.1057566536826322,68.20097238051696,31.676972336963882,1.9416094963411188,1,0,0,0.9553320293529606,-0.7271986196932081,0.1455507701588999,1,20.643517349594642,1,1,-6.9953728618456825,7.718347082558588,0,54.21670057802379,1.7048199608083825,0,-1.4114331858904563,0.2004293037469341,0,77.56259359412532,9.784634955944586,-2.9743387624043223,27.735982868113013,31.332516793014896
0,2,-0.4206595271786108,31.897625792865963,89.0000515251666,6.749984210243166,0,0,2,0.3404779700565562,0.29906460244248906,0.8553796672124776,1,50.46572402850014,2,1,9.367112405219583,4.749097333827828,1,20.215193372369757,4.08971869562108,0,0.10092906173081215,-0.3420947807286006,2,26.841726446553153,36.581302486406095,0.30701897834887504,28.64373980223807,25.569825987131424
0,1,1.5078294735352848,41.2442499760204,66.8794459757821,2.703517351408819,0,0,1,0.26402330870053037,0.6673791437718097,0.947601635105637,0,34.78405386224022,0,1,-4.787880443221035,2.2692225007910163,1,46.873310740477265,3.007850798599629,0,-0.8377312114222981,-0.5534873462980187,2,45.20663198322576,11.29711861443759,1.5220642365665764,7.520096498662497,46.25991413196143
1,0,1.4280265611404759,29.52103874989782,35.739067801781594,2.494168093356344,0,1,1,0.3287304817347465,0.20908675910904598,0.04245214608497433,0,27.071780062097027,2,1,-1.120362815618103,1.63831109063311,0,60.02019439140271,1.8584495525411069,2,-1.0963365263156957,-0.0052296080699837915,2,65.201969366175,7.788471683221177,-2.93464126338397,13.34639562325612,37.876802563418096
0,0,0.5677882758239523,44.358597970213985,78.53258036254825,1.723304257297294,0,1,1,0.39079767626446005,0.24840089418759295,0.914963789163662,0,39.26476644916899,0,1,-0.041782690706334336,4.115211219202103,1,32.227381423578294,3.69396308381348,0,-1.5662018120279915,-0.2780420884771763,0,31.45168901932771,6.706229604251885,1.4671953460323,8.07812438676912,65.56957453342788
1,0,0.5000108533745051,30.19167514110019,57.33436808905413,2.1450141817426123,0,0,1,0.24284465184194204,-0.11440369183895857,0.49888290521035233,1,22.08030322073966,0,0,1.5015254518116095,1.7422588034445994,1,17.945240809991894,2.210782975903896,2,-0.5004437103763485,-0.3448143348209025,2,56.41451400714386,11.380461061859188,-2.685930313373431,12.883206974780613,42.09065579735944
1,1,-0.4519108782487865,37.53713889190088,74.93625054738348,3.5907677040155006,1,0,1,0.4547870936885003,-0.097745688230365,0.9555442627857416,1,29.10641357459709,0,1,-6.3197104713737895,3.8340976887141505,1,0.4003703704899486,3.252860429913676,1,1.596890686462601,-1.1467017117744571,2,43.337592769068515,24.71012630623334,-4.787280894789801,16.905745449543375,56.3380146008994
0,0,-1.7194286850397469,19.8394703043266,81.4772707414795,2.4019421469800837,0,1,2,0.13813049844398823,0.7110821931712202,0.7820753307546752,0,70.27344140799067,0,0,0.6048915847522007,1.560703534751965,1,30.358369046902418,7.100877517630568,0,0.2414015343317923,0.08396517048519234,0,12.53071959757348,23.48682441234147,8.736262682906197,1.6324932906427625,63.98791764270733
1,2,-0.6423701179604501,51.789626899853396,70.81319620242633,2.937712319781734,1,1,0,0.631754408813386,0.6434130587467934,0.5816835793898489,1,24.40496936113925,2,0,-5.347135030069909,25.258500738944182,1,76.04835546929387,3.0338304276807855,0,0.4991240344675406,-0.8937942407657006,3,67.05386158291292,25.641256571500058,-4.982939459948897,29.4231452871467,24.241819153898298
1,2,-1.5290467684916977,66.41014273049504,57.047677223860205,1.8634456817380605,1,0,0,0.9628166672148315,-0.0907414886162508,0.6715273040889203,1,21.90946992931009,3,1,-3.5183296559505024,6.456185277595627,0,37.51373746416779,2.6839735717064377,1,-0.1158129827599055,-0.8930234510352824,2,54.357597519291254,17.277199754382234,-6.67509721687609,39.0668047771812,53.770469701350734
0,0,-0.0882217065150533,48.934386922173914,13.765817144077147,1.960234663036281,1,0,0,0.5675526438056059,-0.34637656244190657,0.4565051080552486,1,22.33983294939599,0,0,9.70537112401528,1.213240213065152,1,50.672510266598145,1.027851135098601,0,-0.5561877747648509,1.5049762819503283,0,95.07421537583252,11.168250295224503,-3.740218436137571,3.538824975200725,65.04029542296331
0,1,0.286062047224071,28.998233412641824,88.38946241481683,9.688969236636751,0,1,1,0.14120493593233985,-0.5395497843428234,0.3882149849067359,0,75.78125427397758,0,0,-3.1453305818174337,7.382388521753473,0,13.521967731194788,7.0888394465429645,1,0.9807481381117082,-0.006416602766160429,1,8.136612113154667,38.8166914349733,8.018018939799866,30.825192948831436,27.324529686191795
1,0,-1.3490070829593104,42.061134641073295,49.36461560433602,2.569668081554875,1,0,0,0.27675920965044243,0.014949900204617053,0.6814552861385358,1,25.214010994927094,1,1,3.4851156333333826,1.8879592258342779,1,55.90184192757288,2.0354891171448397,0,1.1097560571812695,0.894046578547291,3,65.60063756554243,25.183364134236157,-1.3534569969697756,23.843171463024063,63.94984316201478
0,0,0.45588019417429787,28.35349418883168,53.88812946115199,1.8516584994542034,0,0,1,0.15740362467782648,0.7274220982591366,0.30872491405010494,1,24.054970867210397,3,0,-4.004236092202364,1.6272147017674239,0,8.722600450719579,2.4159612984325207,0,-0.9942709578818755,0.46934660001400946,2,66.80385578105684,15.537772830977275,-1.977094565559515,19.74447239147682,38.35807728520586
0,1,2.145683165179795,39.75134955027523,49.014805642544225,1.3344573048432755,0,0,0,0.19006995958925832,-1.4923692301600062,0.21506922832132036,1,19.985146541052302,2,1,-4.023805952231494,2.0826740306539597,0,23.8222429373561,2.0575935630390765,1,-1.414808183166888,-0.5003156744472833,0,58.14605388224581,11.750014417393977,-1.9935907793969818,25.737663597904124,34.14915363809965
0,1,-0.7118868932169504,36.26635736968129,74.17962251235711,2.9411497449502595,0,1,1,0.23458080822997834,0.4421696023397353,0.5693571653269222,0,72.53908804545956,0,0,7.293656429735197,3.9085159652501162,1,1.5941477025013118,7.136404527729853,0,0.3977688269607274,0.7647314111025756,0,8.807060600883753,23.346088149532296,9.123233206493389,13.028950195844944,65.7479883970415
1,2,0.5115124832522233,64.69942000552425,13.652556583252418,1.9185241746437935,1,0,0,0.9195390344743142,1.2469180011898893,0.4598583479182525,1,17.567429615185475,3,0,-7.894499209076775,3.321482100385038,0,46.10364733744669,1.3285921429814729,2,0.0936939226597121,2.287679323334495,3,86.27004567125486,9.804429991729961,-7.680427178625388,21.73916304685782,45.75440628665589
0,0,-0.08529207762307961,32.468587033772636,39.431508310234946,1.9105302535485378,0,0,1,0.21785096131702136,-1.1362857310912948,0.16338519334926122,1,23.558887396584005,1,0,7.646028592101889,2.43539011127902,1,44.85091006344809,2.04993952999019,0,-0.011698063917224555,0.9212630489907426,1,68.94521930452517,11.42761724581848,-2.6054716472004245,5.964838645296884,42.148878003376524
0,2,-0.9246704499258349,55.27346186987785,74.73031503504048,1.7841313173998268,1,1,0,0.695956423324863,0.6483665259489105,0.7852585102367154,1,43.59825930627494,0,0,-0.6830983391752312,8.272361952431215,0,48.848035243732056,3.3748087323987495,1,-0.5813606342009875,0.3246593940784397,0,38.83261902874123,9.765833442263247,1.0815352614804592,14.554106491078535,57.91697033398984
1,0,0.1957888517050033,41.45331289649003,29.266922807949815,1.631633999163629,0,1,0,0.32380622002927395,-0.6802653618511902,0.2193472566314808,0,27.66022612438033,2,1,-9.325930644098166,1.6849681266577987,0,46.63509009531229,1.7559697578896405,1,-0.8811085614715296,-0.9263772661257883,2,66.38947242303168,9.788343589622905,-3.130737688497951,5.1884634607769,36.735925272837704
0,2,0.5170073875968427,56.397628233303074,80.51666022084125,2.355029980531001,1,1,1,0.6744266040883725,0.2335331314116665,0.5628768110940202,0,53.275232200174294,0,0,1.4762005362227058,10.116659918489333,1,48.25019618754907,5.439592722511455,0,-1.885740558749218,0.42747939061094237,0,48.198510488221395,9.817814315257483,5.7773025570562915,18.81764698087098,68.93660593375326
0,2,-1.10931989763804,42.307453999384464,81.45015592979719,2.185399108108689,1,0,1,0.3666147818296245,1.612366237373431,0.6439920796931089,1,33.02141179357753,1,0,8.572391407927672,4.073417590735348,1,55.93259716001663,3.139800401911619,0,0.4691346039178832,2.852049448951985,0,40.70508778065448,18.780199710248155,-1.4072235391757388,29.78528950490764,52.36211545191315
1,2,0.8839983379898101,63.954986678900354,28.160118744239327,2.240720426360412,1,1,0,0.8501672890833192,-1.2550243039334037,0.1031915438985887,0,19.91979137534547,2,1,0.00503342595717271,9.02931027712989,0,56.390314281521235,2.0162584521774227,1,-1.0843926503265249,0.08071487403126536,1,63.379529852885454,15.583671521049583,-0.23197769569110704,29.142293762387244,30.534414531572708
0,0,0.48726346971572526,18.548872023151343,57.27760614244085,3.1439696061489792,1,0,2,0.17410577133292554,-0.27921720240516734,0.2873966425828788,1,21.019046051997726,2,1,8.101864439907619,3.558555409186279,1,1.7728221681847067,1.8779238881766658,0,1.113739940352625,1.1676979346072525,0,58.39391411087106,16.33670889696266,-2.041479853788206,2.7376226605049503,22.629081745815604
1,1,-0.0938828591975133,38.954622804832724,78.81614474115185,2.7712152590966266,0,0,1,0.21327722389757503,0.43418572084723916,0.3316893229005485,1,24.518260562992772,1,1,-8.353846968215443,4.215614150356345,1,35.622687226929195,2.475654124160097,0,0.16664853294648202,-0.30986908961920895,2,43.274240604990254,22.444039552096505,-4.982799597140959,38.702189053635,27.00882535741515
1,2,-0.4518821941297729,69.99766480864434,23.681907252117675,1.8871845411127737,1,0,0,0.9999991223936212,0.7096172694110084,0.9357834076595953,1,18.76865047581717,1,0,9.938460994922899,6.389250778144388,0,77.92406847641637,1.326322338278006,0,0.33515893889481163,2.5403485952569977,1,83.4231177698549,8.854355821586484,-5.9076821705635645,27.237558001709232,69.99804806130453
1,0,0.5591855166560963,42.97874045785784,27.111229801807625,1.7105037040071918,0,1,0,0.3297743767676656,-0.9013503853035735,0.8156262661593383,0,36.4964997046563,1,1,-5.924431553576169,1.5299092750865033,1,65.26578840459266,1.9730159817988386,1,-0.7063225731178076,-0.5506253147584168,2,64.33822418992163,14.902453398400448,-1.1769123281957903,4.434743415976539,44.70235135617998
1,1,-0.6578102687935364,41.272774611432,44.11628364615672,1.9534833337032824,1,0,1,0.4159056797807307,-0.055405309356573444,0.7837838437408307,1,19.481888146932334,0,1,-5.872149737707333,2.6757093183613514,1,40.312925868399354,1.9868715432397555,2,-0.2043329331797822,0.4784247460425291,2,67.28744382337524,12.875056830580418,-5.018204365209997,11.047637420318413,33.152106095642715
0,2,-0.27925878662573644,57.40016860008779,70.90898755399877,1.7558029357824465,1,1,0,0.7808670378628646,-0.20885583960320853,0.4417958154602935,0,36.06943624260353,1,1,-9.551609570643798,10.078862038006715,0,55.73376715982869,3.3019092598325317,0,0.10588242946262125,-0.649649683225914,0,35.489205259979826,10.275024518528255,0.7734120087769689,26.43400461852214,43.663046094032715
1,1,-0.48405067471317037,56.37511173987417,40.4637954079635,2.0269981095513474,1,0,0,0.7762308195923451,-0.3715359879958392,0.7148114699278957,0,19.533184914677854,4,0,-3.1695153798604583,1.7022951481797737,0,19.05262925687957,1.965535918379807,0,0.44531390415152905,2.115497844518585,1,59.874349084058245,14.277486173944993,-3.0305547283608743,18.916688777043372,55.98732213148593
1,2,0.6490430048205763,63.20774050316685,37.71882085970294,1.9924352231081783,1,0,0,0.8745780702046702,0.21311944088551804,0.5335392677241473,1,29.619898185244004,3,0,6.590216581364167,3.7475706080680213,0,74.99036554246871,1.851776171190622,0,-0.886642423707668,-0.21529312446126636,2,70.49326819875593,10.791253962602198,-2.6699184463177783,25.698526480787507,22.8935088139908
0,1,1.4981700498580934,31.48234234057867,67.66841849126828,6.5745060392073755,0,1,1,0.3133010864910004,-0.368724516515652,0.2827723141294842,0,59.58783841948097,1,0,1.2318532736857808,2.741210659211551,0,37.883053239250486,4.7187523862988465,0,-0.6950416361825515,0.4051498110799003,0,17.66169908239424,22.84291467417543,8.28755186538632,15.477056144911813,22.74037763541323
0,0,-1.0171319915600077,20.37550865437551,78.38851840921757,3.293502968466474,0,1,2,0.1084820842582091,0.24421087052147533,0.5070983388404631,0,46.7209187538138,1,1,-2.853265570642405,1.7146319347701093,1,5.456570227285127,3.2567907630826682,0,0.9405547436711361,0.1519096787529666,1,35.03766269696993,26.843254390120485,0.14559062888353225,21.78174035508067,38.62687195989224
0,0,-0.02740074207648268,20.439061896184963,71.59487101238413,11.696813960190834,0,1,2,0.14246440866768983,-0.6755881202028423,0.7301084489875651,0,67.8639811174688,0,0,6.588659146090116,2.0665741567014018,0,35.917483015649545,5.00537348017399,0,0.9715546136152157,-0.45486736726577065,0,22.741327600525572,38.687190454286544,6.913557908947389,24.592665254243308,26.861168004728796
0,2,-0.0648206409028319,27.165933623510995,83.06539602644781,7.907028295995599,0,1,2,0.20507423268070124,0.1558835681084216,0.4758953398075533,0,69.42513471573598,3,0,-1.9632600638538271,2.6240584498753603,1,29.71549804916982,6.051792647740171,0,0.881054089258497,1.8516256493813787,0,14.83261746871115,37.01981854190781,6.896177134353124,27.4161556374359,26.76621355257951
0,0,0.8208051924454484,28.990626519977603,79.76163411377092,6.47190302280409,0,1,2,0.24590538651491878,-0.829709144050101,0.6091198864667274,0,46.293982121935414,0,0,-0.44834849538517396,0.9606369213901066,0,46.016561066428835,4.11936178583996,0,1.1791912228395316,-0.5513271529639243,1,47.22670780368746,32.349371020312255,3.297070065830301,30.15909861832698,29.888152400810817
0,1,-0.49329208909350586,49.33398448296735,68.31528267023225,2.253630404994933,1,1,1,0.6585009742178562,-1.256898297448807,0.44934272148569826,0,45.15341917853995,0,0,-6.229341728224018,5.817666257880657,1,37.29868614171623,3.466755069620935,0,0.026038799257013117,-1.024929756000196,1,40.343975269122026,16.757306818504727,3.0189076952311744,21.617088459092038,69.3607952309087
1,1,0.002460597182166553,43.79207774182895,62.854607221300625,2.169157043978882,1,1,1,0.48962746780691463,0.3690075575059959,0.33978619573800867,0,28.559292984989632,2,0,7.512040670663318,4.656801238980509,0,36.38329179293872,3.1562834143463983,0,-0.11698615406448692,-0.3526371350473726,2,46.50171467536846,11.808140266073899,-2.9687806631968243,32.12205871476067,28.950778875724218
0,0,-0.7591107062041834,21.23242088795994,75.79635483000385,3.30029712446802,0,1,2,0.13285195987709725,0.11608608699148212,0.3217514316046723,1,38.51890866892605,2,0,2.18889793396794,1.559117887552212,1,7.113280134268205,3.4608146320761377,0,0.8854331566025488,0.23977640373973183,0,39.65434546518167,26.511621997392602,0.327087420956655,14.603202748339822,37.1935936024077
1,1,0.8765992540884465,35.3869292627136,92.12796381741092,5.249212801968762,0,0,2,0.23540837693020544,0.7447240039821443,0.722600749131787,1,47.34079851411447,2,0,1.4529884690950148,3.58883673497128,1,17.179877744671444,3.453412261313044,1,0.1311909214138342,0.3323387724379702,2,25.130727973831934,21.975019611158466,-5.553607296788963,39.92317829363252,23.957962646222867
0,0,0.2541740286362152,36.21512309785741,76.69474401955145,8.305247066239678,0,0,1,0.28900624885242143,-2.9096960117958894,0.4912335078864804,1,25.80323048152657,1,0,9.678650430095065,3.741543571044914,1,69.03854161217681,3.0658458526715204,0,0.6225980908007923,1.3755832167976916,1,50.22987250234059,35.56976998017526,-3.1213820844921987,31.687807022865456,30.561921661446814
1,2,1.0944427225891036,66.92502363586985,12.16939136010582,2.0477374854069303,1,0,0,0.9384902454242305,0.539446067090447,0.4831890235981717,0,24.161258740621207,2,1,3.886477792257171,2.8661375532227535,0,65.62578575501566,1.3016413608233712,1,-0.3002801790239701,-2.1013196396762086,2,83.21169290563044,10.734962770162324,-2.3138564429134556,9.43673255109231,54.17641084662321
1,0,0.13761673597468077,62.83063911850731,25.32249590216269,1.4701500048904117,1,1,0,0.778418399226117,-0.34906032196799275,0.9881381938390117,1,29.429200432065443,0,1,-3.7674110917835835,0.8079826985898226,0,45.79275459321188,1.7143168409314586,0,-0.43050061840460385,-0.17138518531122054,2,70.16920237860592,8.033594002348748,-0.6026940840698032,3.723861456512745,69.4605657364101
1,0,0.8944301054170547,52.277438963063545,22.08752471173528,0.9236907892159958,1,0,0,0.5170284813334909,-0.05713955588425709,0.3011845878181313,1,20.785341107275684,4,1,-1.6428771808564324,1.794629665444864,1,3.3047441643393105,1.5838646084517607,2,-1.347995559168083,-1.579860565859068,4,75.16077828225175,15.224568657967437,-7.896528448505307,38.106329910730054,50.074155421816734
0,0,-1.7079548793044819,41.27093794252351,38.55373137910994,1.8831685454241847,1,0,1,0.446133060496732,-0.23068956527048554,0.3370341764762462,1,38.47411676984285,1,0,-7.081112361615842,1.671666310379243,1,50.71214450677547,2.120874124138206,1,1.1328484930843707,0.4605415401155767,2,64.13454456821859,19.63058329215263,-2.8185559562876676,17.188507671561233,58.17652526352404
0,1,-0.7136062617917477,67.22111297416306,18.891512867808814,2.6150508305863838,1,1,0,0.9810433039915408,-1.2202137232309342,0.5273749623709106,0,26.072212287453755,1,0,-2.418138880142524,2.618980584814951,1,79.99955437481819,1.6460219450091615,0,0.6175899532276127,0.30863725636560413,1,72.59265289105781,28.54228563003259,-0.10536922186935627,13.384334920481319,48.59043048064675
0,0,-0.36063091283907706,42.284526942185344,28.633121211520994,1.6620297097132442,1,0,0,0.4086066414142196,0.4185843557987754,0.38336453584043395,1,20.225072097152985,2,1,2.0862021386266765,1.2865792780574168,0,65.73308945500935,1.6842300765028164,0,0.10288877664819591,0.6748988076085801,2,71.57700696806005,11.87272213030953,-2.1047794042744066,8.977902802123516,23.352778028583483
0,1,0.330283358018784,39.48086550911135,66.1123042709616,2.3039069427743986,0,0,1,0.2513205421082487,-0.2488606448343322,0.7643049052649651,1,29.522280213347656,2,0,8.210323938684645,3.0337137430534376,0,27.69706960251261,2.1911945658383476,0,0.2501432633796957,2.672177389175816,1,58.51075315214219,12.011155866602344,-5.1309552424530915,18.46296890180049,25.919255820828354
1,0,-0.41520771072267487,34.55492342022198,15.63134166668399,2.4147062022952612,0,0,0,0.12251674917150462,1.3360634320234221,0.10710351731441753,1,19.176859705295822,2,0,-2.256602133873833,4.6182452408455115,1,8.047425510688747,1.1941380436621403,1,0.4413520562059604,0.4423198577815654,2,84.92126661913832,15.83355310958237,-5.9133426306882795,4.4085264775199295,36.14365694532431
1,2,-1.5262699742818684,60.1584728917914,54.47783478040235,1.6142113392287916,1,0,0,0.9341869935938589,0.8932348426583262,0.8137856824544407,1,19.517784413715113,3,0,-8.077429516620116,9.671794733545674,1,31.466044263645564,2.547046904477489,0,0.31910014252670904,-0.30172252261107146,3,58.618019479851625,13.252631536076201,-5.686731579794085,19.773948890776524,63.991187256936335
0,2,1.444967747014471,61.7438234923533,55.864648727845974,2.278573758441163,1,1,0,0.8034349435500308,0.2319637157704017,0.4092613424544883,0,23.74932191848659,0,1,2.516879816635491,3.2404564716773923,0,44.147583380902624,3.02797018967913,0,-1.3897969906771754,-0.3370910082980374,0,27.649108047486713,11.477417958580297,1.5057081994474881,22.784578492177058,66.95924543862378
0,0,-0.4595980488947551,44.13182281326827,44.42520729898774,1.8284826337974256,1,1,1,0.4690826104125398,-0.3782491555040193,0.661565450686863,0,23.533773033548773,0,0,-6.993537447663182,2.804530804211984,0,77.43505203055135,2.8657345329171813,1,-0.4200150084213414,-0.22379885144871547,0,50.89303608084117,9.52012717066647,0.355697068803007,5.16038129374397,43.92080816579737
1,2,1.460981139438406,24.487930446289045,80.54511786489789,2.241893205380432,0,1,2,0.20951222642927247,-0.36011891677712965,0.716825908703626,0,47.821786772868506,1,1,-8.555291527388617,7.650747661888626,1,0.061473675134111616,4.105872481864472,1,-1.1048573901804914,0.2020206658911373,1,20.26619335839136,10.13405455505927,-1.8106564554800482,12.46124432208366,24.599289990243065
1,0,0.8868938140093077,46.6767195697477,44.324539932338354,2.975674046367385,0,0,0,0.43554724787433885,-0.6751613105845882,0.6631787521620904,1,17.92593099949584,3,0,-2.814532776705736,8.940749613919847,0,54.423198966706856,1.9528001092957428,1,-0.42349889001566043,0.6856739474828334,2,64.1904812768415,21.89044458401773,-5.795665234424955,15.419316129109308,21.81512699231165
0,0,0.05727769192375048,43.92389704274377,70.47812428569655,1.7458762312615532,0,1,1,0.443476500785829,-0.07446319361164838,0.6057178702570875,0,35.67693913240805,0,1,0.4496736223844344,2.132005280998338,1,29.867404888963513,3.1878031347142888,0,-0.5976401712211722,-0.2062951366560481,0,34.595364473047816,9.536045378075947,4.095432966159185,27.439201297760892,69.4659733644388
1,0,-0.03657015654506486,27.107412234533193,29.8852613807828,1.8522211522079381,0,0,1,0.1697495833055555,-1.522192332997163,0.6526838604585041,1,22.389833265106923,4,0,-5.921490631630619,2.425727739652746,1,5.981458094073839,1.9238677930563421,0,-0.16622869632750964,-2.4047071847512997,3,78.7396006222156,8.231883398591016,-6.3654275498692,5.778107705475084,30.875865979100613
1,0,0.02725739712315359,27.007477893491405,35.297558001966735,1.8122182783815382,0,1,1,0.2278830313038155,-0.061220079277407836,0.052343868635998936,0,24.5098948720927,1,1,-5.1805086082389495,1.5442453482782994,0,18.966545551571482,2.192761648097967,1,-0.4154150920588474,-1.0806964286437333,0,65.0218726630345,13.44504645545992,-1.007182753426159,22.34931472978721,22.628929431482938
1,2,-1.0133096293518793,60.73845066826866,71.9368762868804,2.9774625686818315,1,0,0,0.7918725148854476,0.0988745913850311,0.7675380209649041,1,26.1362025089488,3,0,3.5639982678533038,8.223622237713181,1,49.945537017882124,2.3644016843819653,0,1.291138680656874,2.2403943942492783,0,50.753815365583996,25.845495150499666,-5.455389305104728,33.40857624453623,54.677802716834194
1,0,0.13453218858926683,69.34988725722627,7.313307163907878,1.7059940089508199,1,0,0,0.9884420025215381,-0.7470636291948238,0.35557417285443715,1,19.45264496137853,2,1,-6.314264378909053,2.680981296110385,0,38.913524192696165,0.8996675596106306,0,-0.38482279640221273,0.6861524445160023,3,91.1671439260361,12.121660600770836,-7.235869624904615,18.04475321912702,68.47957889676962
0,1,0.5518728134374492,45.699942099886556,56.58241586484625,2.381406543784565,0,1,1,0.394775829800293,0.7321126172838619,0.4020972606260584,0,31.83400419055106,0,0,-9.805952719006413,3.0597295642292925,0,10.937515153188748,2.797945987734309,0,-0.4424830371386293,0.062335367797479266,0,38.60217843579221,9.205145103166812,2.237816702109745,19.73053083681043,46.92478951345424
1,1,-0.6050822053363375,34.74499904849628,55.47282502499876,2.4334891015397,0,0,1,0.33579354851424725,-0.03805145866036987,0.3624514799001298,1,20.243972084839058,1,1,-8.135161957566611,0.7003744674198504,1,58.524466763739284,2.118036241934627,0,0.444166520665133,-1.633849622552186,2,57.313703215044335,23.332033318986444,-4.482402084280648,36.89990388955303,22.31396676059208
1,1,-0.25161019541356194,61.59480091311207,15.060787506083173,2.296497212617237,1,0,0,0.898419953477953,-0.26293742743123855,0.5963530001466248,1,32.767180186447085,1,1,5.380702592400851,1.5877563421246936,1,49.37102448510117,1.635512235759638,0,0.867954551811648,-0.9539378721189249,2,80.2877065320153,16.06329934387505,-3.4352328457432213,7.861538613704761,67.32419480391938
0,0,0.5664865012617448,43.15103938280607,45.51966345001641,2.590978169889849,1,0,1,0.4320589334503875,-0.2928173016981661,0.4628740198930108,0,26.204173960666655,2,0,2.6005291660683145,3.695947237658813,0,53.961511324132715,2.4128466321748525,0,-0.824317557200296,-1.6327533201209528,0,60.3127394113064,17.07059090408035,2.1180505956851565,5.122160789505337,62.02115123538434
1,1,-0.8058202182042403,68.79006926781423,19.427773772185603,2.4326845879196735,1,0,0,0.9960069416958937,-1.3576784958212935,0.7039606320817791,1,20.087390829158206,3,0,9.133665375481705,4.066096617883622,0,79.6680431422505,1.0690009534873148,1,1.1127990295498758,3.2619671516566897,3,87.50444370576166,24.609676624408046,-8.820759386186483,28.584864379819912,37.493236078626325
0,0,-1.0564299821332697,37.1379921834672,75.72055686579702,2.379508835070331,0,1,1,0.24399850472869994,0.13321864918474408,0.2185601765674146,0,63.38977060269271,0,0,5.923690903288637,2.5332563433209807,1,75.38570573865842,4.979613640881992,1,0.629806053889347,1.098337607749739,0,18.99325062854542,19.081477457162524,6.1794892685681155,33.403829606993625,46.274447180875725
1,0,-1.5729854874430114,28.654844331024623,21.195028705298512,0.9689883051531726,0,0,1,0.12453551102335103,-0.9826734221102531,0.7562225385962954,1,25.911113909234118,3,1,3.553190663042985,0.8109355566739753,1,40.888389643362416,1.5131468435666375,0,0.08062149500000629,0.8785732961992404,2,57.91885948142078,9.322085762910262,-4.94038505947116,10.967902624403223,41.43994523110355
0,0,-0.09627333522273504,26.732917333870997,58.978241109024346,2.794810232054002,0,0,1,0.2078462217406083,0.8477283617178923,0.9181200884755842,1,23.974402207000587,1,0,9.635324602418407,0.8413892522360116,0,13.853260781568771,2.1897762779427774,0,0.028138430455300456,0.38734423565761694,2,58.82445106921378,19.767876085473016,-3.864327026412453,5.790032056550487,28.170299136688463
0,1,1.53093175737801,46.37665001615116,72.82019599155048,4.651085019380535,0,1,1,0.31336725637200097,-0.662205477950226,0.33010059387052304,0,68.15290483796097,0,0,-2.7767528253583222,3.0388757371832287,0,43.00269497186652,6.426733601804928,2,0.6012378125226118,-0.37904454220760503,0,14.941747026278101,16.65150282163833,8.642615903731407,31.683782518389094,26.01085331880629
1,0,-0.2303357381805732,34.65388487047718,29.224861929221003,2.639739203439451,0,1,0,0.2485540145930727,-0.07240736034955461,0.318062546514914,0,19.897824818926466,2,0,5.860421414515301,4.133434740485059,0,42.454120597742175,2.224423705023261,0,-0.426511229454278,0.5297456241203435,3,59.5265788736444,23.978782261502992,-1.7011600189965925,8.521350081857745,31.969602039571456
1,0,0.36301310530412156,51.5826498837878,61.431024831096046,2.81217654133414,1,0,1,0.5676860166696602,0.8395366498355458,0.6468960292200825,1,24.535326855303676,4,1,-9.11785090790163,2.726778887756332,0,41.267325378015904,2.433092978814046,1,-0.4066473305451174,-0.8514759207763388,3,49.185586913168244,17.040685877275543,-5.991100249364617,38.13301626084168,32.58094744559672
0,1,0.3416947314088168,25.453712807623923,45.98894286109309,2.789861329698451,0,1,1,0.22074252071041411,-1.0188792185418964,0.10751043576335118,0,26.097267867068545,1,0,4.086939575145843,3.753314381503909,1,15.547773024184156,1.8862510368391046,0,-0.46788178596774577,-0.2521720204326262,0,57.758470532722804,16.823481510816467,0.969238521091615,5.310631142474076,26.079877591758837
1,2,0.7701919264364242,54.88270316482027,46.29282769524979,1.5515450891696552,1,0,0,0.6897947789179069,0.004620271276830698,0.5261615439503344,1,20.601560173615468,3,1,2.87394255568622,4.517527531019822,0,57.92924642018092,1.760792975044302,2,-0.7115042247861963,0.23725328206362145,2,66.54635913327552,10.392843268838012,-6.2751959877543815,30.53775916202454,26.08823812233192
0,1,-1.4691040930639387,41.847075978530675,88.50369411049277,2.6252178820230774,1,1,2,0.6000803871662773,1.7049747338796746,0.6659853586504094,0,69.8584620696563,0,0,-0.16670204770784913,3.056417339468598,1,16.051161361151372,6.814986121122503,0,0.36594806962348336,-0.4458630048028871,0,12.165617801141071,25.64890781565812,5.229630521836299,38.6078840723612,66.7259687564043
1,2,0.908529859748651,69.91662195199561,2.2121932313998838,2.0347741866409477,1,0,0,0.9995971179556365,1.0965478866731753,0.24650199606515177,1,27.244717848369064,3,1,-5.0870665168893545,8.435524767701985,0,22.01183820693522,0.7275700620184615,2,-1.2320319605837915,-0.015778941644580026,4,94.09886129323422,10.879822594380627,-8.89070604194514,16.41925227507727,46.74786497844453
1,1,0.518560871576429,51.095565241063234,56.50958473179908,2.4890298587661706,1,1,0,0.4816644369213094,-0.9210281092640421,0.14357686782248502,1,29.204721468704218,0,0,9.695077884695415,4.728844642776735,0,73.39047707593922,2.543444931350839,2,-0.5239387341924701,-0.48613430005309305,1,38.529008884664144,10.00671635346379,-1.639035703660106,35.12253150147979,32.26560987146156
1,1,-1.4125460036197786,59.98926123513088,9.262973294398268,1.7631791154394685,1,0,0,0.9573779308317353,-0.3053255364756081,0.3033919408817627,1,24.357937074410483,0,0,0.7608262690209049,1.0880820868921113,1,44.04123602767447,1.1472467751484425,0,0.11056378308111124,-0.8205210033506525,2,86.89668538101944,17.893974078726476,-4.822737863344722,14.616220173172035,64.09380387641252
1,0,-1.1091977068297474,44.30990565178123,3.6475032271872876,2.3236861600218495,1,0,0,0.628930529517716,2.6275090591261208,0.5006809069477549,1,20.670142531165286,4,0,-8.121366764557713,1.4123712628726566,1,6.111213416176544,1.0613762454985056,0,-0.20793264761587413,-0.27789337178232243,4,92.58889922060418,18.341341508511768,-8.51534101848108,4.089681424475726,50.3967966638314
1,1,1.331244788818242,46.14622845834941,69.21458852735103,0.9860192803143272,0,0,1,0.41686204249995407,0.536150007693903,0.675015675590827,1,17.903352360500747,1,1,1.3399842117805356,8.599771818733766,0,14.59292928287553,2.3847692051091567,1,-1.4282167765852254,0.9905640625544563,1,51.728404153154386,10.661065955720517,-3.721830909834609,17.341671602251022,29.342511718463648
0,2,0.26306528382461286,29.791220256320912,85.18390124319748,2.73424151962982,0,0,2,0.20194318829427704,0.4271604295754335,0.6080447245441684,0,44.596682979734794,2,0,-2.426474641480551,3.4776459058826767,1,19.417581790269924,3.1971113952158126,1,-0.27971894199854275,-1.4493258341248911,0,30.814213773202454,18.09865755934652,-0.3237816413289032,23.866709749521007,52.22221841892801
1,1,-0.8413931743110437,52.35324122432829,65.45270629615665,1.9238290058725536,1,0,1,0.7491983223119629,1.2145569456896679,0.607658072611819,1,30.271492270674017,2,0,-6.689617146058194,4.111259436801953,1,33.95264485386275,2.525078368778979,2,0.7840121463396071,0.2519996710778351,2,46.37136440986704,13.943941822094605,-6.163572152845597,38.53581002719821,68.8125975767644
1,1,1.722866333202578,39.185264301419366,14.889899219383713,2.5804177596055937,0,0,0,0.21655608535256432,0.017535531545288613,0.02989453526214869,1,20.337101796973656,1,0,7.022870613894284,2.492006640892808,0,72.92641344714112,1.664370863009209,1,-1.3811431756556054,-0.38044418840613276,2,80.6640125914083,14.608592467978344,-5.399594068179264,13.438757271681087,25.535489593383467
1,0,-0.0374322473209,56.246779481332666,11.339908768865998,2.115237851471543,1,1,0,0.8464564206511765,-0.9953672249815562,0.8106908968602882,0,24.995028466670437,1,0,-5.724182780599598,1.687592453662975,0,40.65531952202146,1.58776660230443,2,-0.7233212105985733,1.340047390492116,3,78.07576213955471,11.640528086787318,-4.328376272520086,7.839086488869238,27.578634227753668
1,0,1.2722675746497238,50.54775092337864,0.3468713105643173,2.6119314989618476,1,0,0,0.48983014971678196,-0.223083169772234,0.5509488887276988,1,22.54319298155793,2,0,7.092384278997784,0.2770186867559367,0,40.301479446128276,0.727845213371428,1,0.18112283576141722,0.6479943804512521,2,97.73563563430692,13.331891625139216,-5.3129635111965,1.7243172609041135,55.13884450906773
1,0,-1.3056577701159104,41.29446847505325,6.837765222876624,3.045483938528362,1,0,0,0.4752714478339941,1.396105894035398,0.21961494751981236,1,22.99163625083115,2,0,-3.7744863923784404,1.5587466948888022,1,54.759822468843325,1.2167638457006194,1,0.9800035414351261,-0.2828056182473798,3,89.19099152490728,29.318403566420656,-7.196006060282848,6.446102511875957,54.026573678798805
1,2,1.54380090366509,68.05197965194601,3.150216521269844,1.8014111479909785,1,0,0,0.9423185934550526,0.09273597476458946,0.28803510739004823,1,24.587472973389062,4,1,-4.4441424185907765,4.231193706461143,0,33.95494085998076,0.8689626160704228,1,-1.1592333455647985,-0.3975590374800828,4,92.80423227740341,11.970801074141253,-9.233449070321068,32.55161788668843,30.192346907309656
0,1,-0.5115314696306775,29.38902083007423,81.79107692265974,6.056567967284475,0,1,1,0.2670393811140361,-0.7200681724213127,0.00418523942621668,0,79.95418811985664,0,0,2.0603283075975156,4.364331023896032,0,58.04338188632823,23.879732700702714,1,0.6693327377085272,-0.3044858173130653,0,0.34920525075141096,35.71891030771673,9.99876572463361,25.163111642742493,32.38408890701391
1,0,-0.3115304229201611,59.517275175392605,20.879590518017498,1.3143681626261778,1,0,0,0.9363724076951978,0.3750294370694345,0.3921690034279932,0,23.2324684843258,3,1,-5.218600962034347,2.0146341987559837,0,39.54074821768063,1.6731985190344376,0,-0.3467940730988743,0.5508803373285658,2,76.2046995685113,12.032562076326466,-5.546680303890751,24.026897661833605,40.9172850181575
0,1,0.42992133364267665,37.411642999747386,70.56586716265053,3.4255164413392527,0,1,1,0.4119504425533106,-0.4294863177608182,0.3955538455485147,0,37.92242367075005,1,1,-6.041723894479127,7.392711093924654,0,57.49982291288092,3.698861828405596,0,0.20537128675437924,-0.1117147033623968,1,37.0631888682624,30.070121486589983,1.9083035732090181,22.21738404446028,28.699808010909965
0,2,-1.1418565501026432,31.099291381076902,86.7560267111479,6.085260572457068,1,1,2,0.3478504173073809,-0.6100326903080384,0.5972035398981953,0,61.81587564575027,1,0,-8.926011344676223,11.000233425698658,1,59.84173037850594,5.487388470075716,1,1.4076563390338281,-0.3990859990611998,0,17.676786272989535,37.16136502981413,3.2143304725402277,18.442422965697993,27.89429271298171
1,2,-0.5840636511941266,54.697945128250566,57.52032194878864,1.4332713526924539,1,1,0,0.7281620640174198,1.274918792708266,0.8110593716601855,1,24.183501129635452,2,1,-7.80473910537561,6.512333023966498,1,22.96525032386348,3.0151920650734203,0,-0.38223989656498797,-0.2832585470831157,0,55.056036510219805,13.184234777016076,-3.2680294951074345,19.36324826478061,61.843211164757754
1,1,-0.36900425431618417,69.45313805942806,5.808696082464765,1.248344709155291,1,0,0,0.9950940703854356,0.21003151988635813,0.757367701361793,1,21.547139583015227,3,1,-4.7852967674224445,3.514052269132417,0,76.89267515013418,1.00566822126789,2,-0.22138687732053514,-0.012489478875384524,4,89.72149421875447,8.506723980049856,-8.52851635477758,28.875337236295245,57.17138127411428
1,0,-1.9039070287716866,35.38053341712892,9.690606517709499,3.4240784973951115,1,1,0,0.37221305863867876,-0.08838291596327814,0.6813913446468655,1,21.21926395844956,3,0,-3.9011566186898143,0.5272015649492652,1,7.82956528274334,1.5448730590213076,1,1.421137571259818,-1.2264883593818674,3,83.5785173227172,33.157648830590915,-2.1856866288841568,3.1828667741582595,65.1415246734565
1,2,0.7471430595897857,58.29075705633446,12.92621885462682,1.8803408272608664,1,1,0,0.6703251883071702,0.5136401740018266,0.20905497520063904,0,20.88326865846802,4,1,-5.384127446157679,9.810367137473303,0,23.56935748391093,1.6128143817819482,1,-0.98914169903547,-0.17288232378697319,2,74.40337622830826,11.041434226460414,-2.281048374076021,25.036978918344662,45.893902750140334
1,2,0.8889484194542153,69.9998350049469,0.3306253755880062,1.6730881787888625,1,0,0,0.9999999581356853,-0.16557779150078666,0.2639919450688988,1,19.995747556523394,3,1,5.231016967386797,3.839811047054262,0,61.16697020970362,0.5962074221882506,2,-1.4299931847518381,0.7867177008165501,3,97.39109151472253,9.832879218168202,-6.0168302284522825,23.385529068159983,69.1524463751973
0,0,0.09168463479734532,20.405615990566666,82.27560629012338,21.01046594956955,0,1,2,0.11908874526076979,0.8409109120754807,0.6548501268760032,0,78.2087564042265,0,0,-6.699143266054484,0.9586972173133111,0,32.79354533681793,9.86936245896182,0,2.0263386373150185,-0.43800174587508806,0,4.277074025399563,39.84589064873231,9.490365176863662,12.265566088565127,25.33433727313832
0,0,-0.6598536661526551,35.202957337017445,55.22668591522495,1.9521278404807036,1,1,1,0.3724424095840245,1.283969669891767,0.26227734440919426,0,71.4811671190206,0,0,2.8825293427201544,2.384208001390828,0,63.45282574666836,7.192071857855216,1,0.6065814917937424,0.7219874439020074,0,12.937261859398108,29.901113119511823,9.58745304418396,8.86860877151981,47.84136978214069
1,2,0.3087426359799172,59.98738460566432,31.091959054800313,2.4093121564317213,1,0,0,0.8876018352697976,0.5363571209339757,0.8406839535406656,1,24.62882611317032,3,0,7.741432836376351,3.9900038896679226,1,59.3685492122578,1.7086289335814293,1,-0.4852530583231539,-0.11599857155785376,4,76.19294039246101,14.434629532362923,-8.108786577472303,24.735287753112033,37.97698065988227
1,1,1.3114509260769098,69.44983139981991,0.9845351721402162,2.64726493176158,1,0,0,0.9882878230793675,1.1689642231656883,0.5130692276299089,1,27.01115839424009,4,0,-6.245861397964844,1.8582054317814238,0,57.2968796596784,0.677342560152392,1,-0.22647876090717423,-0.49228997099298144,4,96.24432888887478,7.614354494513218,-8.236247040061194,12.945907805425065,46.91723739156021
0,1,0.1396975887142567,22.598906259379078,27.570124025034726,1.830424514050658,0,1,1,0.15902664596450783,-0.561213094847708,0.042750163371366334,0,28.21497544309502,0,1,-2.2466085713568766,1.4782145915092189,0,1.639635393615917,2.5817445737547686,1,-0.34019746869307366,-0.6937096961443711,1,61.08791515686721,7.169006105470361,3.2478678375250283,11.977850702281124,28.159743554291772
1,2,-0.47121464560602166,65.39232916279708,31.80678917741969,1.3263275576825888,1,0,0,0.9275613392816615,0.3101201424044085,0.8502192198676617,1,25.663259022907674,3,1,-1.5434546696509361,6.35470280672137,1,30.971034140772154,1.7978404253142528,2,-0.07848638948643262,-0.49200893788688815,2,74.91332177940096,9.670928428472191,-6.021558820583578,20.214087461076844,63.21365785671432
1,0,1.2152692445463968,50.010108988623635,25.685653306592748,2.022197680420459,0,0,0,0.48137401443631794,1.6829845025872736,0.7721920881071997,1,18.456527477618458,3,1,-5.403696715332702,3.4483932481007837,0,40.51821841058305,1.5328790512736956,0,-0.7447531036102818,0.7653042249273665,1,77.89724405531193,8.198761343917372,-6.1934357016027395,7.042380213840884,35.83904915798308
1,0,-0.28204558144128555,37.79977004643558,40.993708396168145,2.2312575010876303,0,1,0,0.3063516866381856,-1.0541463553356192,0.33607265572462397,0,27.979404763350466,2,1,-5.463012729790863,1.543082500048949,1,11.99913113573336,1.8958339102932205,0,-0.39650525915799406,-0.032237702952325364,2,65.2799978286476,13.3316498237383,-3.0785684356487364,23.332587702195966,56.46330611804062
0,2,-0.5425759776236686,31.874752204126327,98.1982867772074,20.14204635558181,0,1,2,0.2616307020235603,-0.14956706026950117,0.5410854252933393,0,79.81290274195952,0,0,-1.7751230045048079,4.38522885254642,0,36.6922635568057,19.02380511441555,0,2.6956726591424287,0.5204878509893575,0,0.776785589346668,39.95466786160846,9.683170777055786,38.74311915570336,29.290927729203815
1,0,1.5148844244145845,47.94396881571545,34.87089775296269,1.0902039537358952,0,0,0,0.30235589901661153,-0.21882950323121522,0.32105887569004643,1,20.97861056475617,1,1,-8.91119507116237,2.4284624355771878,0,58.75908973220854,1.960864266847935,1,-1.6496606748134497,-0.2506704049958189,1,65.95088815448011,7.442773759617685,-2.3201264093201104,16.342590759402974,31.0934305747419
1,0,1.611530627989363,69.61301240938008,0.27954946306784634,1.2484874244166195,1,0,0,0.9925316837141904,0.7031896120436123,0.4958758963847851,1,18.494074123742692,4,1,-0.37261516370394077,1.3124320372698208,0,29.820568069308486,0.6261827391549066,2,-2.498391342284466,0.41534240891542795,4,98.78488618991969,7.780864346868215,-9.030673281156425,13.762805147795106,58.454038388703616
1,1,0.33729859735413403,39.57791035287012,33.553952267325904,2.423656235073733,0,1,0,0.31408279166874375,-1.5076332920936735,0.31535712444623054,0,21.92087615447089,1,0,-3.774267867420768,2.636833481380433,1,16.93163704435812,2.3315308703983884,2,-0.042303313261271465,0.41671874665908015,1,40.01459299999311,14.251798079271385,0.18852023318429012,36.956344401917924,37.9732971288687
0,1,0.47747212055594984,36.559873349294335,91.13529564528457,6.138788181692397,0,1,2,0.30046569133853473,-0.4230335481013935,0.3788898339755152,0,76.80190809876025,0,0,3.3552722677394797,9.961570410565749,0,10.596288704950512,10.820493577458954,2,-0.2613318136878869,-0.24820301571332407,0,5.329199268580892,29.46667821244379,8.665398543153252,32.69784140185927,31.006827188687616
1,2,-0.10651616402857134,35.79104466189446,70.02891844517363,4.044043918162597,0,0,1,0.25150563415393945,-0.8386463931837282,0.25822450359244764,1,29.74261116867745,3,0,-7.044344014916847,6.687321394355643,1,59.40661238226162,2.8256419093329694,0,-0.015901171092043035,-0.5038564007503448,2,47.18801712242989,26.33573068275706,-4.24589157424675,11.99670271714034,23.14533809531047
0,2,0.6478178088841238,35.34268822063777,74.88593501737773,1.6040197603044537,0,1,2,0.16935308569030805,-0.05978432132871838,0.7619195086455064,0,52.91125073435383,0,1,2.79362755199514,2.9447417859639575,0,10.050865875137571,4.251424097181856,1,-0.07713420971283075,0.10478493213822003,0,27.85717193214497,10.551807996200502,6.000689708997026,7.48164088443086,36.966889763521095
0,2,-0.6779495391477837,57.95125251793732,67.98678072317101,2.4224353029529633,1,1,0,0.8631941838595882,0.2973066911901275,0.6649108542524136,1,25.56184823489067,1,0,-6.413109417193535,8.13649409750233,1,37.14966185461183,3.002112451769121,1,-0.882925402874572,-0.20854715424804418,2,37.745211067076504,21.855521753514626,-1.3221081394089147,22.173910987825074,66.37357549377717
0,0,0.5931920313811877,42.396946839755394,14.215822700449937,2.2261599742152787,0,0,0,0.35839404076549597,-1.6373018994253785,0.7303384798972917,1,18.889180298912102,1,1,1.3064998198855946,0.5536643287614872,0,72.89920905382631,1.3163811831879617,2,-0.8570293760178902,0.6744633432100008,2,85.49654292897988,12.611476230251778,-3.534556955774243,0.8100057516524606,42.632123545154556
1,0,-0.9649612993460096,32.64005394715444,44.107887990628356,2.0091748916244043,1,0,0,0.3717854149323863,1.2848416198752146,0.9899356868222491,1,25.971559669045643,4,0,8.040039206874464,1.0340460022328586,1,5.492099052093571,2.107198419954839,1,0.5216008354091315,1.910040183333418,3,62.85557225624976,18.36643265010479,-5.596882166351192,7.498906232740012,53.0116290412304
0,0,-1.262328886240379,28.55075326953431,70.69554098576998,3.994998256423573,0,0,1,0.1784577519133979,-1.8980159347044114,0.8257172622904723,1,22.39480099994843,0,0,0.8935777384211914,2.122796242765509,1,78.08209944857366,2.8978798620285304,0,1.1202724273898292,0.35471416239599396,0,51.44425341054962,33.2821283080775,1.6216826971770892,2.5434763328274146,49.65365921905486
0,0,-0.37705113015669167,29.228904970635426,74.28839568684012,6.663992469334241,0,1,2,0.1519865675249626,-2.8253731146713217,0.7583971858338227,0,54.20788183604979,0,1,-8.918075144766766,1.5319234438323774,1,76.90581057631859,5.130987671714769,2,1.2174878841456782,0.5485221731096195,0,26.176785521409542,33.31930110740469,6.941282781537797,12.736386508767774,33.53093244030191
0,0,-1.0556966356846826,32.46278768074018,48.1878254921854,1.9586653489714552,0,0,1,0.23472151617554216,-1.0914202043660346,0.37645648166345513,0,23.966586635266573,1,1,-3.579078499181753,4.200195333569477,1,3.8425520617374076,2.317350379694022,1,0.8626636832043009,0.00490598275768905,1,60.01455049819856,21.765910562494895,-2.6407386730520095,5.445015029490965,59.25103373250467
1,2,-1.8705991077624426,59.53174731245785,74.73059713317818,1.3734691885031103,1,1,1,0.93832624848384,-0.32440711181330156,0.9845519346245961,1,35.9988992255895,0,1,-3.54296281917226,1.9177450073564046,1,28.385308877082707,2.899806064612374,1,0.6878817805692471,0.2256528341129602,0,40.202555261650744,15.196565323733282,-0.5572148685190665,33.70151633463224,69.79766790043965
0,1,0.9452268708101403,29.781658764853802,93.00856427689571,31.672720166714367,0,1,2,0.18870417977362902,-1.4393043143991529,0.8087084691487602,0,79.41063653107233,0,0,6.257486784120218,3.1288621908685723,0,70.57755270509769,10.60213923590477,0,1.3015959655282885,-0.22156086786614335,0,3.233800727938607,39.93592623006905,9.696782873112959,23.87794936239375,26.353403131355257
0,0,0.23558797024005887,31.185793442257875,25.57503561092977,1.8364551930692394,0,0,0,0.23963853600615836,0.07015183004711933,0.5250609449597692,1,26.571719327537025,2,0,7.735821359755427,0.8062631980820225,0,42.43901565059503,2.142639559776259,2,-0.5735340609096798,-0.44650211910464244,0,72.59330992094569,10.5397478309288,0.11485683542329284,1.0420870090676804,43.918797209565426
0,1,0.6009457952264395,35.96030864518292,69.59386306430575,5.488479763658458,0,1,1,0.1662499900279389,-0.030328301552551316,0.5909823464449826,0,66.43905324989268,0,0,-3.6857093226141995,3.914635190691112,0,68.77666427249105,6.186932557318924,0,-0.611158672656532,-0.14043172634936998,0,15.723677566961596,27.375088341128205,8.559768006067042,9.432868187741912,28.901154572144563
1,0,-1.2279458635747842,25.62680792220927,94.632207227809,5.014129649597024,0,1,2,0.14755881573120133,0.2873080201145506,0.3972543708333047,0,62.634288688506956,2,0,-7.3032337639017015,1.5910448708553808,1,29.293147099748367,4.61753305755382,0,1.2777413484386269,0.5454512661536759,1,19.46567021728528,36.38980093068025,-1.0174811316641286,39.76624323295045,40.62226432162001
0,1,1.0433923880803682,41.61363562159001,72.80647416328023,2.150288104227109,1,1,1,0.44401822692522624,-1.5473300356155462,0.403410237752837,0,32.2420666533817,0,0,3.7168411189753403,5.919160562493969,0,25.109192549080642,3.0953746043262793,2,-0.6426691046829756,-0.21717470466813393,0,30.19197438087685,12.531238142400108,1.3706693707904307,32.66122863084429,41.78785442774067
0,2,-0.19455736385901548,31.998347188596057,98.36339961890874,8.522399400148963,0,1,2,0.2487213263127226,0.16940391633818325,0.9459291437766839,0,79.17560172848732,0,0,-6.315688849918134,12.16400529197399,1,12.044486136044338,13.900690118324583,1,0.6420299272559016,0.6879383356053591,0,2.1657955344625557,38.29494098469807,8.822136231256739,32.29554318776983,34.57102257330099
1,1,-0.8004403784095171,68.73990958237519,0.7936816038452865,1.8632011425003996,1,0,0,0.9947933789648935,3.255379054284612,0.8257397766584573,1,22.15501005822084,4,0,-8.330784096943992,2.7479014687498804,1,58.4957913184983,0.6384849194512104,0,-0.0019112656953102942,-0.24288184140710456,4,97.70907737052124,16.63682246319712,-9.411248705736723,5.411808565758172,50.13148405023207
1,2,-1.8193713895936623,66.67794802591212,82.3664847036868,1.9316151493964908,1,0,0,0.9839153188813219,1.103194006420884,0.5476886037790498,1,31.36623539925761,2,1,-6.327000923318211,7.481616803292124,1,64.9367283977734,3.4047945750310435,0,0.641485639886355,-0.16978477205442735,1,60.95295840367356,21.881094177886595,-3.4690480200562224,39.90564388194506,66.7583948961326
1,1,-0.8083305918399931,66.84994438840086,0.2943088348545675,1.8683830817095377,1,1,0,0.9705242590086998,0.0684951084439869,0.050892341956696396,1,23.327218400204934,3,0,2.4887119846836807,4.9283848812309765,0,67.27614497752181,0.6498510944926272,0,-0.36404855557369303,-0.1252019412605541,3,97.20285503569399,17.324508978750032,-4.658107794336277,7.313507137118296,62.79033189511763
1,0,-1.8466666468609805,44.54529230430262,3.3711280344796424,2.0991245435789887,1,1,0,0.5723424934827351,-2.052528719881534,0.46655160785595173,0,22.84837714338597,3,0,-1.6608729678367489,0.6942442463920171,1,30.670377865239548,1.309884461024199,1,0.8850233618944471,-0.3776065924938584,3,89.60500329190866,15.22553347286407,-4.2118753228393295,1.393700322005993,69.84589165112332
1,0,-1.5716319686948332,29.135278995504727,26.649391085147865,1.602445652254248,0,0,1,0.09145819307196701,0.526684282383543,0.17294446799873764,1,21.73779859926748,3,0,-0.766782198340719,0.8919544249448687,1,20.847016969273877,1.6050541918723265,2,0.2906570903701267,-0.37208175786520753,2,76.82474361737587,16.113720479582284,-5.461279819903963,20.215449297933326,54.68626150799014
0,0,-1.286056007790537,22.971462799359372,63.685282429665115,10.746293302265146,0,1,1,0.19742479652827905,0.700368903480241,0.33297112217166835,0,72.2414821952116,0,1,1.4103390323771166,2.3598580534153655,1,29.530847436113085,8.65840442664049,0,1.9689599094861128,-0.7216393989110783,0,13.54806897626933,39.565821308312564,9.275462033630575,11.916687200837561,25.392502593058012
1,2,0.5581066978988011,56.275852952086645,55.894999311643566,1.685278154609961,1,1,1,0.5972256374090369,0.8937356597655539,0.9193891426706781,0,29.3011685995872,3,1,-3.5305492618705685,5.366640631441772,1,54.70217062493414,3.045920307513777,0,-0.6171559420705764,-0.21511149553038947,3,45.612617946519016,9.5816627919424,-5.076351270488967,28.451826096458284,43.14704748969114
1,2,-0.33049648699351686,34.394747823136015,74.6794479536679,1.8303658180088669,0,1,1,0.18954793950435145,-1.1122745851263434,0.6044589366154869,0,34.558451325999,0,0,2.9020694158957347,4.457722712061765,1,17.612090352291702,3.219044889119175,1,-1.336976447572307,1.2468687489914176,1,39.36851863413639,21.71156963889091,-2.900529822009039,25.247339604633012,54.81695133185444
1,1,0.48922933908840804,51.34815055527576,46.9951509079422,1.830539613712625,0,1,0,0.48258654261560746,0.23242429586120586,0.2973356387692699,0,23.284193659039172,1,1,3.718795963635257,5.622058123471381,0,18.541460995797273,2.4601669306354816,0,-0.4590272692295641,-1.5011269989682803,1,51.795949415521804,4.302286371014206,0.4821168855322977,19.267067651881543,57.642202316700946
1,0,0.31245430205559205,59.65134779707652,0.8896378398137561,1.9407085798488475,1,0,0,0.8490504053960151,1.200391051983304,0.15183170956305247,1,25.39799983931106,4,0,-0.7308791019323024,2.260401302916656,0,41.814784412244215,0.848802984504056,2,-0.37955350885808403,-1.3581755064731782,4,96.40039460602918,10.381310912419606,-7.934253563782438,4.76112188974408,28.356753684507467
1,0,-0.917185967614315,62.04279567211957,0.30712025687870126,1.4838773794829208,1,0,0,0.9179412632297665,1.7039603468697204,0.5920857308370521,1,20.94538112158859,3,0,0.22854417437458352,1.5345611098621135,1,74.84524082200032,0.7520291906598077,2,0.16185517788418977,-0.38971909859458403,4,97.87807218430233,9.420436204981224,-8.193262658970257,10.59695221114653,34.255482044532826
1,0,-1.0884867678653136,25.138293988406787,71.16465181398317,2.0782949910818047,0,1,2,0.14825518803300958,-0.6887099911271936,0.6635742667062987,1,32.76329165588412,2,0,7.93767784150965,0.7909549215777703,1,8.833260529007232,3.4608762913352926,0,0.43581397999610355,0.2821547356790236,1,49.0709994923006,18.89330321571628,-1.4831164132520094,30.908785049439782,44.18037067429886
0,0,-1.9156704940794338,20.031223254943,62.80952523204842,1.5637825814451853,0,1,2,0.1437074636891652,0.1382387952889718,0.44436738082882826,0,37.633600207550764,1,0,-4.077236947846217,0.7467744077949651,1,1.6940945879214864,2.9103632851099404,1,1.8699563216163946,-0.825738130018675,0,38.82200511209331,16.840906881386836,5.246260780886157,9.552845734590054,55.44002613952053
0,2,-0.3568966568254116,25.119434653017077,97.6622327343452,11.006165636022809,0,1,2,0.1513435470048376,-0.43791583775575066,0.3830620686820518,0,79.92673410648862,0,1,-3.58750131715429,4.778016496805057,1,27.479689364906854,19.97411234349609,1,1.340835452383251,-1.718455108402046,0,0.5468787616583037,39.59553108167525,9.878964133488445,38.76481598446559,38.67393348485062
1,0,0.8786581872627165,68.19714700337677,3.8903958065299005,1.9207655577981466,1,0,0,0.9772403570475504,0.6174021611532141,0.2373620167758828,1,19.399569250272855,4,1,7.049431289883543,1.3576192425799347,1,65.83162909216728,0.9464452228053176,1,-0.8290944362075601,-0.42159190166635974,4,93.19774570877945,12.553211552524207,-9.014077509281945,35.72130247670159,58.35927265300267
1,2,-0.07650801953652278,64.91758727592327,62.64801398945714,1.8957114390232286,1,0,0,0.9688032703592112,1.7676612812107775,0.999105690999836,1,22.0929652848309,3,0,-4.4116167584559465,5.380121128183228,1,39.77451763024348,1.8659193069860542,2,-1.258860361098357,0.717425876084082,3,57.105136609601956,13.350102069511587,-9.08785229944484,35.37732165913057,38.58236276009337
1,0,-0.47966773741501423,23.63373424895736,82.22940987030638,6.296610760412003,0,1,2,0.15908745156811493,-0.1538899959354179,0.4774013410276822,0,62.01023657875224,0,0,-3.45216461970481,2.983036694678912,1,18.844042521228378,5.037664447320339,1,1.1151817774376298,-0.3038151744264985,1,15.882424802521816,35.97050600119002,2.2087470121303134,36.61641048571479,33.98067208721341
0,0,1.1295727184327191,51.37168700326701,73.28336892345982,1.9981557770360778,1,1,1,0.5373545069223039,-0.928103846563717,0.7967798921593787,0,75.60660808326888,0,1,-6.354118266800919,3.9577353279506897,0,69.57944812329143,8.137683272859025,0,-1.2639743432769492,0.23786353825456072,0,8.27515650693057,9.10385868517763,9.679002541426406,8.882646749532741,64.89460516714516
1,2,0.7726960255742336,47.589616406816546,69.2801086463786,2.492862118153521,0,1,1,0.31576164387391503,0.18588833547960884,0.3781068791032112,0,43.35387913842018,0,0,5.16717010289263,3.717018707304403,0,17.382741311991342,3.620314653531194,1,-0.7539650474241437,0.1195827170919664,2,33.23162346612805,14.135804553957358,0.5215134531931547,34.23998241434229,22.968982095179328
1,0,0.17004812801406405,31.756038216650396,46.55518446444963,2.149873806232679,0,0,1,0.21458824167745982,-0.17819063573660515,0.3313731998450491,1,23.652975013691705,1,0,7.213674834788076,1.9797498239423224,1,7.905137848393369,1.6766929401012838,0,-0.35849037386329163,2.5870859933828627,3,75.84315457774204,21.489069847634475,-8.665511698095013,37.24910707716736,34.2656891869738
1,0,0.35934418756111214,38.94799552990236,57.085274611901625,3.756283019880644,0,0,1,0.358115441447947,0.2611779830596503,0.7873073142337577,1,23.58414553422664,0,0,6.109271182920711,1.9056451541989632,0,16.870418417955563,2.254683261893618,0,-0.04598322407813177,-0.4991557788473458,2,57.269626269935756,26.703146869376575,-4.982248451504015,18.248474276812093,38.339237490770834
0,0,-0.5292953615858284,18.4801686669179,80.50722406695373,4.958232540256725,0,1,2,0.15290450631866104,-0.33647944724154594,0.35467821275836187,0,76.73623726897888,1,0,-5.651900953995886,1.2057372348669908,1,31.27048440545309,7.316610070902724,1,0.9877118209747272,0.023618811826662294,0,12.284057985154446,32.75931540190557,7.972911137817995,20.379245490207346,41.716791890603545
1,1,-0.45191633636989237,50.896979006891904,26.019747368180816,2.2491042453541983,1,0,0,0.5660229222917446,0.6892416597750441,0.5402942382839987,1,26.628271987294486,2,0,-5.461177822133298,2.420903730022053,1,49.23306703439087,1.7277030962780855,2,0.5673189568510973,-0.03809454031775126,2,75.40761012841398,13.287463800335019,-5.226102010085972,24.76874199887474,35.06339014961041
0,0,-0.02101567846856269,21.515021134886545,58.054919423929285,2.9671284470888044,0,1,2,0.1315560090585225,-0.5264717685546924,0.5638865273633904,0,20.28250021524236,2,0,-1.3944819850504881,1.122131242945277,0,14.446873055399863,2.7686817735735483,0,-0.021506691906860175,-1.5375138764190635,0,54.25869864029206,22.405159687754438,-0.07787163401910568,7.788420590971175,26.073304797524393
0,0,-0.6563319069375266,33.671140867720844,79.54072452617275,7.831168743381032,0,1,2,0.27543002141603556,-1.1451642662173587,0.5947721816939053,0,69.29318858709425,0,1,1.8727836103465876,2.8269793924429836,0,75.45409922492836,6.639895753317194,2,0.6980773334575541,-0.3006988014864184,0,13.487461713503922,38.38156846269467,7.677918664233555,25.7560668731865,27.993441503387864
1,0,0.6196359270822726,58.257306259863256,51.190379403783496,1.840361459007171,1,0,0,0.7401100903576036,1.8945529473582912,0.5045151032882905,0,22.843230388812167,3,1,-6.836721075485577,6.174220902515682,0,59.23857484420349,2.424339506469657,0,-0.8688546851382898,0.6894139145364707,2,61.187574013734235,8.221693859764244,-4.222255745056687,31.581641567215392,34.40399787760394
1,0,-2.2077121068112917,67.69933570286776,21.994854106050397,3.034643032040467,1,0,0,0.9944831378844283,1.4352100874570868,0.6521647222548502,1,27.505821357757753,1,1,-3.5560949391782115,1.9440300116944271,1,56.019513807079655,1.4845802412055353,1,1.8736829899609302,-0.5000800627114934,3,78.09866128333398,26.7726658546475,-5.568333495091904,20.249356675362673,69.43723867082278
0,0,1.7959842227545222,30.04657522708058,73.86175561538167,4.49002123663235,0,1,2,0.1952470582000398,-0.8062146210217304,0.28624245797821574,0,67.51950262365739,1,0,-4.074578886049167,1.6885379309867508,0,31.898518816831427,5.728911258710142,0,-0.2694655358724805,-0.05926047765868908,0,20.29496336408191,17.523235423089737,7.110103054291027,24.03430560672883,32.98994895104444
0,0,-0.24935511980767425,47.51380660299061,42.838112355059806,1.5669259523677286,1,0,0,0.46805098276926893,-0.22396385380639483,0.7997740378361904,1,25.042335562473525,1,1,-2.993079289430467,1.7857063071540766,0,0.8216986407006743,1.8490999766987282,1,-0.6948281586627444,-1.2252918698620596,1,68.30475791257875,9.322052556043221,-2.616470765266275,11.053841308867005,69.43654930383342
1,0,-0.8329580311918647,32.944448918564596,43.16135096055345,2.1058703549486646,0,1,0,0.24806005082381216,0.9970216574569611,0.22588224877694785,0,30.326369576327608,0,1,-1.3323317953732374,1.4686053983361136,1,35.58274320264133,2.612464885080952,1,0.5556771117752952,-0.5672758194193497,2,53.00785130822314,12.992693292039657,-2.5004164343006963,28.231276425876306,33.5443671766397
0,0,1.513644314002997,29.639703571066967,76.26175774642958,6.17734222181877,0,1,1,0.2269939705578275,0.0174778370199448,0.8043294142891535,0,73.33016511823097,0,1,-0.8095961882984639,3.9863033364555314,0,54.748000910245516,6.472722877328836,2,-0.9670132188655417,-0.10707755457287596,0,12.149701476109087,30.84604611781638,8.04497192891738,10.579737346983993,27.98410733669376
0,2,0.721232074076766,66.25041157915621,71.66261940424923,2.3513922930797815,1,1,0,0.9384246428616283,-0.40100284238515854,0.2915644891781895,0,44.45203583415732,0,1,5.306014207635656,7.1981994480754485,1,24.665964762190804,3.897379315313218,2,-0.1620910210047124,0.4482769220729888,1,57.24897702685926,12.359170379593873,1.4223848303964015,39.023712380764366,69.69323277639216
0,1,-0.2917124935454078,39.843976203164345,70.19806309826467,1.8183712729425712,1,1,1,0.4502040983877772,0.33435887242302137,0.350184136531149,0,33.90116666324595,0,0,-3.295947607199179,3.0041610558620393,1,66.74112961666435,3.0150184492529846,0,0.05794229476413268,-1.9712177745526265,0,42.92023034104764,9.671565158143125,1.8563033832895073,27.86737856748617,48.124853401766586
1,2,-1.7828213564022743,58.90033259441002,36.66024730133171,2.810786807907848,1,0,0,0.9454947412164454,-0.11538282466821753,0.5377652117698327,1,32.61298794165668,0,0,-2.063493306446258,3.253721757161776,1,10.625698960498816,1.7831152449670558,2,1.6741190637238625,-0.06579819736122879,2,71.46567627441436,24.745858429036318,-5.09005980882816,21.858635111066384,64.13641502347117
1,2,-0.1213708905263695,64.52723781399249,27.28211429591141,2.6405345457599427,1,0,0,0.9233394707925069,-1.2058379208769021,0.19001814694253244,0,25.782554451622552,4,1,-8.98116082346236,5.008136673690962,1,21.398659472266147,1.7334251210703666,0,0.09723285207877756,0.8251433103272846,3,74.1695181434245,17.49616527889185,-4.800129545669981,38.88171417985635,26.503464083052364
1,1,-0.18498125699326967,59.01347282343502,46.1067628477409,1.6768099353898058,1,1,0,0.7457510373832957,1.171257657461735,0.5201458319049322,1,19.020420574900218,2,1,-3.988662046536435,7.300578690547535,1,16.448713191816992,2.6812042523196524,0,-0.2712543440459069,-0.603077999197366,1,29.736931953355793,7.221664031828179,-1.550150926804001,25.208521099912424,68.18839864707701
0,0,-0.25877973177629426,28.75344017299679,77.25505016898647,5.454767414378512,0,1,2,0.20342229811211182,0.8211803178031107,0.27739031959422156,0,79.37649382746316,0,0,6.94489625927978,2.0377652898685548,0,33.014702648637645,9.346536882908874,0,0.5011698828174258,0.1365739065108937,0,5.229063140609835,20.087057129937964,9.709344822698341,20.803941983032065,29.830295102642943
0,1,2.0713778352895678,49.526766347580995,35.72240525205161,1.9064562879528144,0,1,0,0.37151384486185063,-0.3818026820869224,0.516068578446867,0,22.19835614020797,0,1,3.230782186548586,2.5476808347271738,0,29.341469342777494,1.990253129416037,2,-1.8814587210078013,0.9011807008656944,1,65.04205555633129,15.408738817606034,0.2621954536943143,8.67181509161226,49.1843305765707
1,2,1.0894335380598994,44.911883752667705,38.88386999018694,2.088761001945469,0,1,0,0.2796788826771442,-0.3089984139590694,0.27622976784976455,0,20.05811621584158,3,0,8.542639901090947,4.794414388161647,0,41.40582856117953,2.1257102421510297,2,-0.9287109349879018,-1.4116231154413366,2,62.71002320764547,7.284384868879654,-2.4953184166805977,14.113112695522341,20.709704212120695
1,0,0.4113078957245675,40.438109826942366,89.29203250756305,5.54986370750517,0,0,1,0.3109085206479685,-0.5034089892617327,0.6272961787892678,1,45.32852246030728,1,0,-0.4981669689013586,1.2393631046022706,0,30.88168648725056,3.9944471278240115,0,0.20052770963598593,-0.23093588183181718,3,21.352703678454425,30.27656114816919,-4.421503415910717,39.98962466797244,26.04175350807173
0,0,-0.18808442127927358,22.895516134539854,51.14172533522932,3.1138299645073637,0,1,1,0.1241272283149003,-1.1200163620547838,0.5993040485734349,0,25.830066154777086,1,0,7.3715225488148235,0.541084494620238,1,8.222296332530288,2.387647942189769,0,-0.2060018197752057,-0.6382480717119822,0,53.50345466482387,21.812490802861674,-0.47478565170153253,11.117635859131898,33.83387827370665
1,1,1.1581296821859954,66.8745451486133,1.172335283133935,1.5353849322774107,1,0,0,0.8724475601831297,-0.8507722880835572,0.00201681730488662,1,21.309768732814668,2,1,-2.0854905947891336,9.677857927940522,0,78.89009372989354,0.7096980785012947,2,-1.4299847359998228,2.649360490086744,2,97.30477050364159,6.210972926070266,-7.7504969355603945,5.386396728230782,41.92234024521682
1,1,-0.2679596525101407,47.111646031449645,40.45820065058269,2.0611938022058136,1,0,0,0.4332081831862493,0.5425057571502739,0.4047344985513366,1,28.322453201198794,0,1,-9.095454077507739,3.386187596022571,1,56.059742076101706,1.9941158710706104,0,-0.01754568240235368,0.49018214125627996,3,65.57465000889762,9.594322985376998,-6.056164506119482,28.819064318202102,28.619136791725047
0,0,0.6473424997482935,31.757353163053217,31.278427188306758,1.7502169390906455,0,0,0,0.09975655517187498,-0.25352346262324904,0.8656636726488873,1,25.094863214191744,0,1,0.08052760736022435,0.7255195834989288,0,36.11798612611484,1.69237246779003,0,-0.12219831593821412,-0.12433007433435686,1,70.91620858981845,10.195894819280408,-0.8346686660213614,0.622878293369491,28.959393988275256
0,0,0.6233571073365758,63.58864957969903,25.970025092485553,1.785221048255757,1,1,0,0.7702510729774892,0.05789245977612103,0.5125719651363705,0,28.72335319903499,1,1,-7.326186496488245,3.801089914562787,0,61.533503582684936,1.9331893280216057,1,-0.7303047718892679,0.3800650534417141,0,65.11814783038793,6.256105766119882,0.47960325796054804,14.981465608570153,52.799465914571364
1,1,0.14956947891977249,58.29675014259756,11.726149477606096,2.0756415706306477,1,0,0,0.7753556431508162,1.471878584260714,0.598780622366335,1,18.525347802224836,4,0,-8.00114377193202,2.2605135306701336,0,18.46925658491385,0.9834759239621045,2,-0.23280043014941187,0.1364252057134709,4,88.31497843200863,9.49809695804085,-8.748667532105864,27.216810229776215,24.267933142521745
0,0,1.1699714616824883,23.698856944895137,85.47004419187668,6.251699071964598,0,1,2,0.17709078559833397,-0.5258829970164557,0.2769570969333295,0,71.46559380034347,0,0,2.2486098434520088,2.5790428621410397,0,14.374095185838382,6.222479099473306,0,-0.9285643818844113,0.4901447351373534,0,11.172935199163591,18.63260560590628,7.936683478314286,27.724328484663722,38.93697416131495
0,0,0.013074538485865254,18.566176446947804,42.66980786675547,4.441234477682208,0,1,2,0.09107742324687701,-0.42992920327446404,0.15924065059128206,0,48.14457771969407,1,0,-4.213291896847862,0.47321059465061643,1,16.129166308769307,4.380781429794504,2,0.434373064532002,-1.1845792506922055,0,31.26343913856259,24.186958093249743,8.92774285499862,0.8873584076573748,39.20248595627992
1,1,0.7228535547418696,66.25143215327944,50.761554938948805,1.812366730056734,1,0,0,0.9425352493070474,-2.4389355072226815,0.6829114659901875,1,23.163681625021685,1,1,-4.685190051999701,4.625498262946022,0,55.9831455408089,2.1743838540834837,1,-1.3965203219888171,0.320583284278964,2,59.489693287391944,9.512231353269389,-2.615217788877775,33.725527164167474,63.618363869677665
1,2,-0.28359700717030994,68.49771394575961,10.697924374596363,2.599233578634649,1,0,0,0.9847314241297472,0.08980454866632605,0.029807944677975762,1,23.24209316905783,1,1,6.346479141830301,7.533362498366292,0,14.57972496110116,1.3990181096033505,0,0.06308407935751704,0.07752520131589069,3,86.28233259108973,21.64601439052124,-5.736809444823995,34.45537010545165,55.58307599315458
1,1,-0.14393643653534702,44.07777561316688,46.30431186012176,1.3303871578354536,0,1,1,0.36635825755642654,-1.0012917199596614,0.5749582106723377,0,24.620869674280836,2,1,1.0387003296393829,1.8708398682698684,1,56.865254060723245,2.6805866100481794,2,-0.48577844595479364,-0.25155666733363974,1,53.0848208665185,12.50981593977459,-0.38827887883337375,21.241736537126272,35.48883848301649
1,0,-0.5641993457647294,56.011401324163685,5.436728586502304,2.2917285361180397,1,0,0,0.8298076574929582,0.10760515053027535,0.19486517462888547,1,24.466218465121372,1,0,6.616659039150665,1.2301743717005338,0,62.82123533837268,0.9662690056881535,1,0.9686608304556671,0.45953176704839255,2,92.50126454353959,21.17315126465972,-4.541393691612492,4.7635913339421965,43.086808749752905
1,1,-0.9187042941681755,56.54161873985875,45.64484005623817,1.431427740927333,1,0,0,0.829142417332522,0.3893405646803911,0.4363594754274996,1,20.389681818780314,2,1,0.4975209533962328,3.5936443139837633,0,62.74041815189882,1.8556169444825046,1,0.3191786261863561,1.9764125245832365,2,61.94966995888135,11.763962047180971,-4.649848585620075,32.66948125337322,40.85477814633798
1,2,0.2419708522502348,44.36505343723232,78.80790497701659,1.5161068215106668,0,0,1,0.31708370946398806,-0.6159387426873736,0.7001758480795381,1,32.114625170457934,1,1,-3.5053623461033547,5.667512852870122,0,3.6381328422496884,3.199047725329735,2,-0.5984654573598799,-0.5706704416914695,1,43.74471877408324,12.133658121292864,-2.0575830705455562,33.6444483110965,36.56592196077854
0,1,0.42850274370545144,44.96392191923832,68.23263714476036,1.985742073583187,1,1,1,0.3875026153416019,0.23139254248856717,0.48763437943087046,0,31.707336285346504,0,0,5.794980172824843,9.038326668561552,0,14.049501550317324,3.383339433185535,0,-0.568077238949757,-0.010939953612630995,0,38.16592090891629,8.780999213209494,2.1002356757182987,16.49673164574012,55.385891321186335
0,0,0.012636441917293439,53.37078392477541,39.67014731721626,2.550655938113614,1,0,0,0.565260274131917,0.23297205781910382,0.5758034866148906,1,23.124107208048812,0,0,-8.6820639795116,1.0272856962516854,0,49.38039016112537,2.134688311672606,0,-0.045941424587264634,-0.35884206164475646,0,63.74761300705549,12.210570966243996,0.7092971008012299,20.805819792003458,51.70977159964443
0,0,2.0561028754577695,43.53538862573968,51.98108195571659,2.1132738698080686,0,0,1,0.3215668331228029,0.4255495343770643,0.35642149846858584,1,33.17898707595674,1,1,5.996440427446393,4.6394092302848975,1,25.005907366136224,2.184618375718576,0,-1.3782274484532024,0.4643832603014753,0,54.07281283098474,8.019159752577771,-3.4404506958601333,20.769238636081987,67.51374712242973
1,0,0.11820287041342256,56.174672578595064,70.1912366244408,2.1888404969584574,1,0,0,0.6134193591030921,0.3555897165213808,0.6533968205050584,1,26.677718300193618,1,1,2.7581864479659224,3.831093568037038,0,76.98659756515784,2.6007973362809196,1,-0.305811246675354,0.31903809574431397,0,48.521629479879,9.964199081679343,-1.5977472553036076,36.798113878578576,35.894859774838224
0,0,-0.3751610269410032,33.621160530768094,73.65379052055886,2.2568692573543707,1,1,1,0.3392184959001603,0.4855044902566445,0.1718538266575373,0,34.506447153009994,1,0,-0.17168508269309335,2.5292982949299976,0,62.54341512159389,2.9123715914908614,1,-1.2375064746167146,-0.9792382061379261,1,38.16122220735001,18.91229169455916,1.2866510109459064,30.22247338689632,39.07201063570228
1,0,-1.176010617949078,49.62489574836328,30.232876696383116,1.8831027258923767,1,1,0,0.592400493234756,1.7132164305689088,0.9549720682170961,1,22.14778258272423,4,1,-6.919549058226123,2.4879745489865717,1,13.148210183978794,1.8183457439385877,1,1.654392115997641,-0.2867791499517807,4,68.2782502282817,16.46068169579054,-7.360972822265533,24.553880427730952,42.90718765814374
0,1,-1.3906839749949431,18.988624977693554,92.67305825044244,21.79547023399258,0,1,2,0.06876060101330184,0.08659483412767928,0.5276899589086103,0,77.08568015200176,2,1,-2.8699484495239735,3.2606888511635,1,55.47378329947673,8.760051854638716,0,3.2022223637659737,-0.423525964118822,0,5.19936917283278,39.97769930118111,7.854977603094792,33.17632627159707,50.77980705963021
1,2,0.6824063065234153,61.28617505245112,43.37687406585077,1.7506399191026243,1,0,0,0.6933152467163621,-0.22622185743898873,0.6641542036770189,1,18.715530862027027,2,1,1.1197609897653251,7.972250335070384,0,0.18037615460088752,2.2554782026711018,1,-1.175529717191606,-1.005202028485924,3,64.97729987450825,8.447787817113694,-6.242567557193599,30.011025434020073,45.27098380136281
1,2,1.02549767709347,66.8437564382682,54.327874368171834,1.677864771298468,1,0,0,0.9241100460008291,1.8628333524907201,0.7333979598652292,1,31.050155489213793,2,1,0.06795782651542837,2.652286375486848,0,33.336253849304605,2.150144022342106,0,-1.4118553512239704,0.9790973942254647,1,60.02690450095892,11.917930495752953,-4.517932074309333,37.93469219612449,66.35316061332058
0,0,-0.03205854963378447,19.29968124708724,96.89647195744875,39.46204175310877,0,1,2,0.07443136371806136,1.648391772425125,0.39698901314684654,0,79.97123389588249,1,1,2.1364776490914146,3.9100748235158864,1,27.92994650785524,24.92782620220078,0,2.332514081848081,-0.5148060466607439,0,0.11930154322812303,39.99256046060311,9.891262942093622,30.930177110791135,23.882376700488756
0,0,-0.6452542318825597,47.849111519448485,71.42746410754222,2.17785091560645,1,1,1,0.5935504133869548,-0.7718336505065249,0.8712868819666184,0,25.201737708239204,1,1,5.892436444077195,2.028819750394095,0,44.059281877600895,3.379862607624744,0,-0.3111109958206134,-0.3904736602651076,0,40.940681423985424,5.908321994847241,3.2082505666191086,10.094091036199547,68.66017566080247
0,1,1.3149861591126144,26.72626039612821,82.8148177267519,4.746959839565532,0,1,2,0.2370727748228859,1.2822676243523983,0.7431480125755057,0,73.29966850561851,0,0,-5.695771983000761,3.60637092265623,1,49.22290830688731,7.502627647647952,2,-0.07597689363050665,0.7770011976657827,0,8.806160990400757,20.734952675194634,8.526890296104298,15.65492026863215,29.77163407001428
1,1,0.9225660505841466,34.70454399964578,60.25933566247156,2.307757504762426,0,0,1,0.2936234139713889,0.8421560402193689,0.5754960180294153,1,23.4598722839101,2,1,3.0179057593631384,3.8871338303821883,1,72.54632914871357,2.366714163950526,0,-0.7542321795581394,-0.7574172965508792,1,55.8089249869663,10.013838213092775,-5.722042743403018,27.98635372236764,31.26918551127847
1,2,0.2872934280443624,62.59653669402918,18.612405540009203,1.7724014302648883,1,0,0,0.8630801470711646,-1.2380178091428446,0.061373327193865124,1,21.006555872293813,1,1,6.233376795126112,5.656839961801993,0,27.731418211917216,1.4038609170239118,2,-0.4995413303260366,-1.2622341835597146,1,80.22464749607508,10.089753221236755,-5.194756967964867,29.843087764661306,32.3427785142901
0,0,0.023992188206089705,26.442862206452762,91.43286696002481,18.560266777389657,0,1,2,0.26453792010036503,-1.0571778548079112,0.5122936025467189,0,79.96468342780126,0,1,3.594619662746359,1.641824735933125,0,26.178826193985067,22.936739363724612,1,1.8959600826625824,0.1887186659527257,0,0.3265784564247476,39.610772849980755,9.984600144230274,31.51157486300507,26.86745482212867
0,0,-0.04281737359375503,46.80890109858366,48.17529940204575,1.6768341947956475,1,0,1,0.4211958105343596,-1.3527388300976735,0.5965662280568508,0,21.661324192566145,2,0,-3.8890501571510576,1.6284003574753085,0,75.31809935821528,2.4504457635942285,0,-0.38748475416897715,0.47071233863132267,1,59.69169272899288,8.672625363693587,-2.4663745912958372,21.62647434035418,42.449711672249165
0,0,0.6411057908965079,47.54164320584766,62.68218999846069,1.937594953968451,1,0,0,0.3933697437655974,-0.1018240646458516,0.5197095494497864,0,21.363878454172223,2,0,6.9478180728217325,1.50548019494582,0,72.83990190611584,2.41241511444655,0,-0.9510436314842546,-0.08561819467969717,0,46.78861684252594,17.1319242826655,2.3237676798840425,21.232563135910315,50.24161225611631
1,0,0.1568565923965871,64.57339200335358,7.552178972528356,1.8087000053579743,1,1,0,0.8760374620290041,0.9948886471148316,0.08277530328036664,1,24.8324111568515,2,1,4.419971955800502,2.8257725435651224,1,33.76860151396885,1.396918231931242,2,-0.36708302403884163,0.5700909113300482,4,84.96145066949992,12.196074689275274,-7.708026521081207,36.98219280812011,61.83574475173731
0,0,0.5814854601079487,35.331323696595135,59.758517001103584,1.8650193524697678,0,1,1,0.28686186884516784,0.12306228893025384,0.5586088336866726,0,34.581649894076904,0,1,-5.885389575037678,2.130283789441355,0,25.81769667250782,3.072633031598891,0,-0.5099229547222949,0.15678218418336715,0,39.79234709028159,11.391945823104983,3.804894292014133,9.986411428457654,36.02237250871245
0,1,0.6718144889709764,27.24770324331118,95.7651558350701,25.310312739342496,0,1,2,0.23354136542470572,-0.31528677607941846,0.581785106391724,0,79.27610989222019,2,1,1.6390239948725025,11.27770345111881,1,70.43906338364515,13.942209770194403,1,0.3963165306790042,0.1860764547344907,0,1.4566190488288777,39.88542891708062,9.374353166657269,33.24432234846401,22.391324444759253
1,1,0.8367550940976632,38.207471986370635,22.564844828681235,1.5771959771526396,0,0,0,0.347831227481432,0.21317033276228475,0.20348915254066918,1,20.24341277318858,1,1,-1.9937640278388997,3.710077127018147,0,35.29365505586635,1.3837775353380324,2,-1.8352272956047386,0.33794167091181215,2,76.4929189695282,18.79374275664523,-3.0805730809306384,7.779276285915449,28.343559001703962
0,0,0.44008785143203355,18.68070951449554,85.34829342303827,10.396742571115443,0,1,2,0.0523360040995402,-0.03624254883082479,0.6888491094346709,0,77.75961603226446,0,1,-6.688378574034529,1.9065688147233368,1,16.176215638866815,10.086746265164015,2,0.5576576310152098,0.29629962795795545,0,4.09803923922592,38.09662800888832,9.229595866888527,10.672089542162123,52.16298307682024
1,1,-0.7961425339008374,69.46574883886582,11.424092230157235,2.2964060736600467,1,0,0,0.9962080967457434,1.0643114514903087,0.6311593207294515,1,21.944034080931925,4,0,-4.673590052032354,5.077908632599686,0,77.16610732011839,1.2070366686499967,0,-0.022289975574393384,-0.138017952741838,4,87.45567206534794,20.070454635571974,-7.920796041205272,29.519436197832594,62.87053320732851
1,0,0.08181705300734407,59.49550712614646,32.02599910926298,2.1935300772200717,1,0,0,0.7849880938494327,1.1553699236258108,0.8787320208075697,1,16.031393981664365,2,0,-7.350016209302086,2.477704853381073,1,58.233233586201074,1.6787748018305582,1,-0.3266908981223274,-1.2340825776726512,3,72.42555482086891,9.826958781549713,0.8938196354018224,16.6361147538055,54.43918784800831
1,1,1.7879628413126767,67.07507852629546,4.4188550052530475,1.8483549440847566,1,0,0,0.8888461500871543,0.36547172886794826,0.46616651851761326,1,18.771191767361035,4,1,-3.8112728749315528,1.491296275074996,0,63.3126982899508,1.0873362096330128,2,-1.6187696232728188,0.8191890845013536,3,93.75891242719128,10.250714451463532,-8.191776482669148,19.18901975351671,56.87615750466757
0,0,-0.22648977290428246,25.486259283668684,73.48089989311174,2.8370478631054965,0,0,2,0.11647491728493603,-0.5782494961702036,0.3819796704389571,1,26.47363580049258,2,0,9.89757010111591,2.6953601161881657,1,53.297011445302715,2.7661030522564474,0,-0.5438538372591093,1.5878543003226486,0,49.76602413376892,18.445910430877753,-3.978079792146774,20.257073325044132,40.685567256960816
0,2,-1.5372546667418665,42.53485521901324,82.47334333598518,1.9019135854535023,1,1,1,0.6036521434679796,-1.1772495911498302,0.3719708474914162,0,61.27619066437408,0,0,-3.301967283317504,11.160933802712275,1,53.89350435060052,6.04896845477053,0,1.0583085395483136,-0.13147256087456372,0,13.203577150962825,26.93587804105277,8.158614387001663,17.701643094068302,61.218296941548225
0,1,-0.46215111061376046,30.115930842458333,57.45823582550473,3.2424752452280687,0,1,1,0.205966192782775,-0.2585973039866737,0.2549888661252508,0,63.28930476362204,0,1,-8.78823642434617,4.469452063672585,1,63.406591663717776,5.5451720967831095,2,0.7396385959784625,-0.12172574835305097,0,17.666713937793922,24.59407414879572,8.252490591616514,9.501362117516052,34.14417691715049
1,1,1.5061882419848196,59.15269676231131,30.153143301555275,1.5578121186044152,1,0,0,0.7670949692741117,0.035711095229132996,0.6874673400432042,1,21.57250539840978,0,1,-5.344395147335749,2.7888893794865823,0,5.13784285110594,1.5249091955199048,2,-1.1721368601997282,-0.1761837421694183,1,77.32116659400083,10.408589578391986,-3.22038773256903,14.198316317136756,54.69986097081601
0,0,0.4565613323052936,30.043543273630025,30.597967785411956,2.311786956309412,0,1,1,0.1898843358052706,-0.10139366886343495,0.19556063133971702,0,32.87838142251079,0,0,7.783554106465097,0.842737357137946,1,28.39241757987419,3.2518165384700546,2,0.14709464355963456,-0.014255586675713573,0,43.75986427896976,9.390433105897216,6.810433778256986,6.234606739822999,57.67881321095854
1,0,1.0707538967096504,57.97746976404019,14.452253278618798,2.390560317899308,1,0,0,0.683110325097447,-0.2893713077951588,0.5193906472516358,1,22.467058980080754,0,0,-3.1052459100048786,1.5580824280349699,0,39.03997922108095,1.3807371219694198,2,-1.472365581853884,1.0462074244588908,1,79.48412028490822,12.849318801231204,-4.051870360971618,8.24391990800576,60.713631424945945
0,0,-2.0269281471440532,35.08529884783374,34.18680914200733,2.040115698930085,1,1,0,0.4280984570240485,1.2702459086290678,0.05597289910333325,0,27.781957023931522,0,0,6.402109252156897,1.039521548684607,1,29.80847854922743,3.3859542451935445,0,1.0272984524319213,0.03931094420454821,0,46.917370876621014,22.364136427757817,4.227951796311029,13.387082269396855,65.42444259528835
1,0,1.1581260701187563,43.97622606754478,5.764186994110398,2.139042842222673,0,0,0,0.30683434706992957,0.2789480312681791,0.24027578503879382,1,20.071379518792206,2,1,5.984147263484143,1.8745415077640666,1,20.85448042090313,0.9757839242427239,2,-1.237921117207498,-0.5774651333545558,3,91.50688919774167,5.877335886793695,-8.226373700855277,10.35368335693909,34.0333174574355
0,0,-2.027325907031268,18.00396830132167,84.87619271772084,16.808028179860802,0,1,2,0.030386716968422822,0.15150066383403377,0.08971760909016935,0,79.16435156659276,0,0,6.099171434653602,1.196637170633757,1,12.945278500162548,13.421983814191792,1,3.486692739186493,-0.5045028029896054,0,2.305304210799269,39.987134642190014,9.445535360182546,13.214808187468176,53.37141306622573
0,0,0.13096074942005692,36.08110674771692,36.89614036005917,1.8461679595573048,0,1,1,0.2554364624799,0.09951643181072314,0.4412723160773554,0,26.699080498821168,0,0,-8.726361506438518,1.5421861601168936,1,66.37113496375179,2.1741350376939037,0,0.010595695943398993,1.2824170352541275,1,63.39593880216342,8.057746861044635,-1.3146622437059534,9.65046698213081,35.32523100226733
0,0,0.28428914107725917,27.516912702160916,35.48914499534848,2.5737809243422776,0,1,0,0.14183362178230746,0.14326286294997337,0.5098731306787958,0,25.518441423485694,1,0,-2.2870475899051845,0.7802816308537137,1,44.88217109112981,2.092610135604541,0,0.40032944417399774,0.033031494456199975,0,59.13338246192864,22.232669166330297,0.5283098643456761,2.4927858945884007,53.603222675991134
1,1,1.1655111828547837,63.26137361291839,8.668260365263503,2.054544899213724,1,0,0,0.8067052901088854,2.9171211162273605,0.412036277313686,1,22.5111593743379,3,1,3.932838130909575,1.4879218919829464,0,36.26684830464069,1.0752686588987674,0,0.24571369983532207,0.08047180706597389,3,89.88651198706602,9.904465797453003,-7.3189708610015085,25.04561216058553,52.887712130599695
0,0,-0.8794276737949779,24.520300872842313,81.25996672659839,3.25922230775866,0,1,2,0.2754306014975921,0.8048468233825841,0.6467860855326841,0,42.20296315830623,0,0,-5.784379633103187,1.5952542874976594,1,48.27338522309118,3.8671127148743842,0,0.5691107553930681,0.11890419427312839,1,31.46248010426895,30.530597555390887,-1.0586003167262454,20.94744493934316,51.464356637759295
1,2,-0.04761589187539892,27.9797993767868,85.02581785741741,2.885365001054114,0,0,2,0.21736951725844206,0.05158811380471237,0.6202536496945654,1,41.72193456789689,1,0,-3.0287864720299504,3.3728988009418206,1,7.176871573992885,3.356030078397768,1,0.8797467553753916,-1.61511088301264,2,43.36652714363613,23.194446202818195,-4.604925365546187,36.93817457813897,27.621559108557534
0,1,0.6432791442161763,23.49192773778483,85.42826103777905,18.131973582298524,0,1,2,0.10714754399787457,-2.6593981477400037,0.4678447006249381,0,76.7731014912329,1,1,4.220688400079391,2.009829995918202,0,16.853803789804473,10.384847577067248,1,0.6231610182431995,0.7494119384955682,0,6.091161444935617,39.3904480596551,9.23899299777116,19.034489302476793,21.597604431277848
0,1,0.7299499487160537,32.193788925297575,82.67876197508785,7.401721564209682,0,1,2,0.17056389857185483,-0.9736009136624766,0.524417364343788,0,75.34528785494892,0,0,0.7476171986574123,5.72645659333376,1,71.83278803983534,8.157540393046272,2,0.4695413653598173,-0.06935745166634541,0,8.379600603917275,28.747384715096807,9.09338752637052,20.96240534948575,23.899460922093176
1,0,0.07747308084936301,53.158350116440914,13.129087875506729,2.1078525703676227,1,1,0,0.4206177602620888,0.3445733351533723,0.2077599863158321,0,34.603279850676245,1,1,6.595611451811358,1.5619850465245062,0,54.77364830212592,1.7798034704205237,1,-0.41361748410810767,-0.9373885266057873,1,75.63084802838536,5.393965326302624,-0.5580099887008334,9.502403472899132,58.96120037536315
0,2,-0.3562948942403104,29.638334321279345,79.80804463161503,4.306801673372475,0,0,1,0.13492958830498947,-0.3716144294678944,0.5909994636847984,1,32.91458928970702,3,0,6.629722626595353,4.876870480189449,1,43.742156656695855,3.150153598028555,1,1.934494485176274,1.094295189323632,2,43.897542744152844,22.8683948380016,-4.067507176170208,25.683813468152827,30.57938364784113
1,0,-0.5732862716510081,57.12038854211789,1.8920162685268582,0.8219930279111145,1,0,0,0.8183726911346964,1.0419644197657079,0.2806224837116019,1,24.748870459985454,3,1,2.1828271639094297,2.1438556110300744,1,61.02913390142005,0.8856824574992572,1,-0.5808542524182388,1.490954981463594,4,94.94656241276962,10.77591004659158,-7.583106875388114,2.8292725415237197,43.245255409479036
0,0,-0.8841839829064262,26.18107624690835,18.670227945983957,0.80587947552955,0,0,1,0.20427424998234517,0.13633826710095578,0.10852729513422316,0,19.528946516091242,1,1,7.171899422524881,2.0494501697160565,1,37.03629666459645,1.4894241286040817,0,-0.47382784116772125,0.013839149832106474,2,78.18769546103208,18.488865026759534,-2.9871008683936147,2.1181735509133293,33.34336983288517
0,0,-0.5870062942911038,34.10170588992617,28.29859721381195,2.1156179557373007,0,0,0,0.3449797293757217,0.2242512477678534,0.4234498082774266,0,20.413681989919425,0,0,2.019267784106468,1.4750422689090181,0,33.61447082952316,1.4013107073304234,0,0.866115109680888,-0.522601685809115,2,71.35712749896904,13.617409442181954,-0.053778499334471874,3.0942959574398388,43.38510298165515
0,0,0.22683446108667915,20.415620697016468,46.61297315812701,7.387399571789991,0,1,1,0.16459828172288532,-0.45791734301525333,0.0675336727932182,0,71.85148825486249,0,0,-1.1741932156279091,1.3629969228748744,0,45.12174194612071,6.737740102680944,0,-0.8002627054388702,1.091221882202413,0,14.061114514598039,35.46327084867306,9.53749395547948,3.1270264561701366,20.740014123935264
1,1,-2.781290706607306,42.709870968891806,28.161113068465088,1.520296840381651,1,1,0,0.6788422318169549,-0.019093962819781894,0.34231089692144445,0,47.75383665044472,2,1,6.051294320700194,4.66349598202289,1,14.767249555230064,2.133021389692498,0,1.4970661703250068,-0.241066154373785,2,68.9835537790646,15.366141127841344,-2.171073912781062,7.793790240358582,60.708318499138535
1,0,-0.21217837498626238,27.369205215160076,47.33820674410965,2.3201915788185774,0,0,1,0.17479018903097637,-0.22603536421267442,0.6531330867365601,1,23.606200956040375,1,1,-2.60141397251485,1.5141047627946973,0,11.800524315064251,2.220189735869999,0,-0.07574483960831925,0.1892792077353133,2,65.13861282859087,13.098010455614656,-4.166524020833258,8.223089130381396,22.832661708752898
0,1,-0.7292689854331486,44.72780915461587,45.380413581392084,2.0859493722230256,0,1,0,0.38270519007472964,-0.35937208659569153,0.5362780833579186,1,29.575185502279197,0,0,8.123994246765328,1.0325954620195914,0,19.08380442642423,2.3067077700087593,0,0.3266844510487252,-0.35420383311879117,0,59.05591131960619,14.937531114782448,-1.71599888516932,23.24224763614909,44.723792469494285
1,2,1.3586968761818443,69.45892416695196,14.279971729825375,1.1680140991826862,1,0,0,0.9906126503034249,-0.4688465602360084,0.8332858296094201,0,21.515857828476808,0,1,1.6173973807640696,3.4202037627401434,0,79.94364784670543,1.5416303733086762,0,-1.8352885442445803,-0.9309608030359137,1,80.41037977689946,13.094032405271792,-2.437515705982525,10.737036912691078,63.33710006723762
1,2,-0.1316898415473628,55.23665959260205,54.07872571244522,1.8842755416902248,1,0,0,0.7243864714835361,-0.2698372102901428,0.4602631943410807,1,24.646026530211074,1,1,9.710616233043936,9.910247932700443,0,10.94167515154016,2.0886779960560506,1,0.22075721718223196,1.2976097144552174,0,48.494481647192686,10.163580549854196,-4.0604392044551805,19.516689292775972,59.77712016812072
0,0,1.0414561658312886,18.87955059963381,95.77573270544413,15.596399879427253,0,1,2,0.09551283595926485,0.3963992062805428,0.19622396606646358,0,79.95250414106991,0,1,1.6384928145213529,1.1794297447979634,1,57.919261610339525,22.04248076491218,0,0.1956040651753147,-0.06340836886119909,0,0.36487837224669084,38.5643227695358,9.93931358309247,35.144136271865634,30.077082742592758
0,1,-0.4529801782083861,37.74712126593373,83.4625456837585,2.2733704030172577,0,1,1,0.27917356007475314,0.8801827565621763,0.679849590118284,0,55.70691430351802,1,1,8.097909458452122,5.569825103771881,1,4.467817674225407,3.5277715351666483,0,0.6161666629805298,-0.6538416585593931,0,30.213487862780873,17.098053991328193,-1.0435541731883706,32.31713899695842,59.53086271612885
0,0,0.7142314219215159,25.97289694930823,40.44266604571242,1.2029149659068779,0,0,1,0.17682880472355128,0.786950921931796,0.21748988032254996,1,23.503731415838345,2,1,3.0534627440834363,1.7671948158907258,1,47.08043272471148,2.0085417643352557,1,-1.572059095662145,-0.6256339749579068,0,84.11621588220568,10.520683735731069,0.4001430131784307,2.840203351410626,48.27474669336252
0,0,-0.31675075156368543,28.188593130551983,58.02824141799998,3.0235694452173174,0,1,1,0.25952767722545556,-1.1757230394805673,0.10931386950747718,0,39.940316422713224,1,1,4.678326276547523,3.620575192408078,1,31.824640623801614,3.3717916704642583,0,1.0845482485051054,-0.39620036167735395,0,41.78315106959567,7.330901012531157,4.953152700097473,11.50264002976106,63.49512833664279
1,0,2.2320341947875315,53.04424807402766,36.466033552730636,1.6146862270353606,0,1,0,0.3327544416707715,-0.38329727212215137,0.9998156021082296,0,26.499368619902697,2,1,6.424568463605887,1.3171315042139946,0,50.94507790282335,1.9592009457278394,2,-1.9323985441793314,1.1417817983860674,3,64.2311754724935,9.51865095815763,-6.616549149605456,5.722497454610551,39.27372091356992
1,2,-1.4937415240829468,53.171088962682724,54.26271352853663,1.2941496724006947,1,1,0,0.7104487226422155,-0.6876519139483078,0.5731861398551654,0,26.981768635086638,1,1,1.0090054885841084,7.593501453571782,1,50.869808869425306,2.7173578708180677,2,0.677035296920562,0.2184040554773499,2,50.780473606303744,10.627332344111373,-3.6445338420174256,30.07832310491669,51.71761569503553
0,0,-1.97687140802546,50.4381630259918,19.579964956048553,4.752827196902788,1,1,0,0.8116571050754311,-0.5911889258256305,0.8460906421179359,0,46.12752542623817,0,1,0.5712192426699563,1.1569987390802103,1,46.923532928270966,4.606215758081804,2,1.8282320668239116,0.486711014714231,0,32.659715589444374,32.85670271218432,9.010269955037167,6.359789844129395,69.89408934110165
0,0,0.6244655291472335,49.972299177930346,12.659481029040048,1.656122144888384,0,1,0,0.4187625306481775,0.177439812150174,0.30464437798646155,0,29.82949384139844,0,0,-5.4288575973294995,1.3693739458871177,0,69.6595813446485,2.0274039465932834,0,-1.244148129349062,0.9892398472761171,0,78.57424853978378,9.613159870911762,2.4495811849586158,1.8769504857478903,63.96899810051117
0,1,0.9137229517253416,35.213027340465295,75.71538483927743,2.257531190277977,0,1,1,0.2553353591974996,-0.6632096958182906,0.12480056591616612,0,60.90119835773237,0,1,2.372611383559633,4.718487750429611,0,32.785329888444615,5.089977013794426,0,-0.8707686425104653,-0.3380693497970579,0,22.800323535706013,8.262827996265923,7.024757679888502,22.72696835274346,26.100277592381794
1,1,-1.1665881592985616,44.46969147830876,79.42338193516983,2.2338298195341135,1,0,1,0.5435576898227575,-0.9403323441681255,0.9957745986967389,1,25.7464741954092,2,1,0.027015049284527137,2.6455771355413003,1,26.061991622558747,2.897150717975233,0,0.6218776516425666,1.703488768443883,2,34.54701157415852,21.540867007596745,-5.351611524052075,21.537299627196084,52.55100460128785
0,0,-0.5794175174953671,18.01332169527292,97.98830825497696,54.598150033144236,0,1,2,0.03337543323442671,0.15314560691920537,0.5238907200555357,0,79.99985587342424,0,0,-0.5348971281409582,1.7545727438568768,1,3.8087916286964862,53.618780518256976,1,4.775031722961771,-1.4613750709775717,0,0.00941766216498996,39.999987931320724,9.99900613807958,5.143758934535445,20.656857940746214
1,0,0.20097794946598097,47.87033744222021,15.154971306760157,2.345853903488245,1,0,0,0.5209984095194976,0.9286107205644764,0.36203597695436274,1,19.734242483005925,3,0,-9.706965130322386,1.0433522860543074,1,76.61202931342406,1.3464805109367546,2,0.09426632088737547,-0.012720882551719609,3,83.99565889051527,12.045169091885239,-7.063037557508408,20.264755524221584,25.96136362772183
0,0,0.6220466827992913,40.861122462540756,14.28796504670985,2.1316947903183867,0,0,0,0.22143988090212546,0.06443179061593209,0.2336307371831719,0,19.156014136878355,2,0,-3.853639490205416,0.5167501270228687,0,59.7292828406642,1.602319920337481,0,-0.4360267233489795,-0.29893042418597504,0,79.63176681261302,12.36943407584496,0.9924249607674511,2.410348244474041,35.635240188051725
0,0,0.47482019133922954,39.75904758761695,35.11442853282627,2.233776186349611,0,1,0,0.19826622894983065,0.9070820453804093,0.3559970746526359,0,30.82600506462604,0,1,1.518006270120594,1.7290806627176114,0,38.67521280488168,3.1338549236455693,1,-0.07188117494195403,-2.336999368714584,0,41.61056229916347,8.335894266342539,5.305515493437705,8.53188383810799,46.60605702039222
0,2,0.42126803805629615,52.383554993974485,89.18121918847046,5.687054781414483,1,1,1,0.5632917101403188,0.3246605357622714,0.8711700319799421,0,56.56974009321405,1,0,-3.672912177625463,4.498370971789457,0,29.04676400992516,4.2130817009552715,0,0.4517804151617217,-1.1039701840955547,0,15.872890373841924,28.407502479307144,2.145097464526282,34.88093890733921,26.307087064017708
0,0,0.676488977133474,40.71923954235138,66.74991331847619,2.5737097220233363,0,1,1,0.21454805062982213,-0.4606630782822867,0.09822989519150266,0,30.150464365339936,3,0,-2.9361779649343784,1.8285854330312301,0,35.28145390002614,2.8688067402865087,1,-0.8268963682184295,-0.0661553718642397,0,42.87111019177481,16.73851013632431,1.587437573666442,35.06443582835501,31.67885446838578
1,2,-0.527313418681115,64.49400977403465,62.99556255780849,2.438348777845055,1,0,0,0.9408567046535472,-0.6589771202409815,0.9031567283327808,1,19.159418322557663,2,0,-1.888533437467073,3.129136228219993,0,59.10877221146123,2.4001198431505797,0,1.0375282185138965,0.20679383615235275,2,54.191945192627855,17.82422150563354,-4.658969969607898,38.277848211320844,45.2224854566357
0,0,0.07071164889872193,24.188685519254285,66.63449206543939,4.675214593206506,0,1,2,0.14282357264927892,0.8691903716461953,0.32408864525273406,0,37.820266119710425,2,1,-5.151159326039206,1.354614970329105,0,46.92735195395464,3.0938958455435666,0,0.49624877256925126,-0.5004630555005747,0,61.91772189948305,30.306017002870913,2.3186457386642445,16.565405242189037,24.84063909894998
0,1,-0.2729027063655584,31.782449930623052,92.97307829294019,18.94546335083472,0,1,2,0.1953526608276418,-0.43076843434801493,0.154359357831785,0,79.86264768392275,1,0,6.432737587662821,8.588784712640395,0,71.97301562251151,15.770274562853748,1,1.3565034442184551,-0.12868508547329294,0,1.4329449956790807,39.87439374555764,9.840444436472701,33.82413451523287,29.722196037392703
1,1,0.5305509465386508,67.2248517795072,13.962257341922047,1.8460143931840816,1,0,0,0.9690993853032388,1.4933489258040744,0.45735638233942943,1,18.780702448252807,2,0,-3.366280308681815,4.282287146904,0,38.60635517245734,1.1428446670809618,2,-0.45513788568093194,2.4036825784537017,3,83.06644034749186,12.143054813479885,-7.828945846532727,29.666128767335014,45.46822140551116
0,1,1.721286831710388,64.55540444467073,37.60879266384662,1.896991806870506,1,1,0,0.784755029841913,-0.6623640786457292,0.2274970056289376,0,23.058097768719563,1,1,-8.355254608238367,2.0833780736186958,0,51.16477734854483,2.3335134632116143,0,-1.5544325901280742,0.8057278239667622,0,62.90354482823781,10.725095756544798,2.9551765291031487,23.446690830237884,67.28798895718418
1,1,0.1129105685906943,53.61905369872775,68.51596505909062,2.42963529784851,1,0,1,0.7431902907167967,0.17098408486202366,0.698187193369163,1,30.809454709543026,2,0,5.866608811734208,1.541971311975943,0,64.75880173636486,2.5368425047923955,0,-0.5783801648255628,0.6957408291873418,2,51.152695575458566,14.42479710858786,-3.2448885489409367,37.40833286226505,34.402396218856836
0,0,-0.06971221942690714,30.371504665837115,73.01723573586281,4.833692715868845,0,1,1,0.2292998706467726,-1.3881162814044485,0.20133667171005232,0,46.51711411715327,1,1,-8.594544756021827,5.964852312001105,0,45.002463168096966,3.3909706605020737,1,0.5315671879443189,0.1359838019700116,2,40.16899839275423,30.04686250926579,-1.9838296404618507,27.06183973796123,21.729382796870457
0,2,0.25267877105201636,31.799808571704254,70.3422130000271,2.5847108170833906,0,1,1,0.26293715619752034,0.3624063507491837,0.7221479572638145,0,43.65359917660648,1,0,0.8876279948837258,2.2835648662203596,1,38.757296479633666,3.8003829593085903,0,-0.023197023293536893,-0.8593713220079013,0,22.250722168332178,16.15805169665318,2.010547750143278,11.189094650158191,25.653534894132726
0,0,0.4437458339173683,45.032798290236485,88.13853079649053,7.068970022756851,0,1,1,0.3018188471710628,-1.0237166222416252,0.9271078717846832,0,76.11853419002878,0,0,3.9203430977291767,1.755044651593964,0,59.64804662715957,7.267021109635109,1,0.39108366882453144,0.36894749250433645,0,7.1929061920915585,33.48914281067505,9.055036159332282,26.291963339135496,46.15651546588778
1,0,1.181962711720208,55.69700321569811,6.411419080183844,3.334932090428703,1,0,0,0.6070394363930384,-0.6863594997896759,0.1519342101100919,1,25.633820598317712,2,0,6.437939616660081,1.6553664598555602,0,15.718851684927962,1.2392172421178589,0,-0.8440069576893804,-1.753341187684719,2,87.57244684869126,16.978432905186647,-5.183568511061002,10.380508711104932,42.96076938460648
0,0,3.5768307563734933,45.22036149615677,39.971661818500884,1.1381196960427196,0,0,0,0.33973221624939215,-0.8070211779134421,0.33183596380961866,1,23.225771937807984,4,1,7.559022203277841,1.0893806797308783,0,66.88292825817057,1.8352492761094075,2,-2.4629300217133303,1.3388305505111873,0,69.37420215979115,6.763412901277301,-1.5377299459153608,18.436137905371545,39.50158087442489
1,0,0.582146339591846,30.451046068537075,52.67482817250563,2.6750906096594096,0,0,1,0.23117643776932906,-1.3263387868497183,0.24116243024476602,1,22.121237314766038,3,0,9.825043883602852,4.6393298377597505,1,39.47104147760691,1.5100384684318378,0,-1.2864434935384899,5.752945694314374,2,72.46023377893907,13.032469501203906,-7.231940034147401,21.489390938207183,20.596318940503913
1,1,-0.926445184970407,40.60709465604465,41.05770335602339,2.7442678150819235,1,0,0,0.45603486455324327,-0.20820418161746274,0.33384052803763986,1,19.772766404715444,1,0,-3.664781822094999,3.0454187356738585,1,69.4842423716945,1.883952934061201,2,0.901930691920231,-0.05884500804611224,2,69.28122392123653,21.61957833468396,-3.2321428147846953,20.801253648972367,38.166727997441384
0,1,0.14627811776103594,40.28296433952363,91.57777343120681,7.3425110766868285,0,0,2,0.35710710907483245,0.5873666247731218,0.9102536137714656,0,57.79951946231578,2,0,6.496299029433452,4.82058419688479,1,66.5986175924308,4.5789518705471846,0,0.5940809662014176,0.37254456167265865,1,25.112838580864178,33.90468089511093,-2.9514840989505515,35.01211134783327,29.320222470842978
0,0,-0.48621320886718894,38.977661817183446,85.34436808257028,2.5808551247602884,0,1,1,0.3408802837109663,-0.878851336766287,0.835518302104727,0,62.40273942653067,0,1,1.5809061845065777,1.404690986765531,1,58.95115228263496,4.308372681900777,0,0.6090949043809913,-0.21824692356849273,0,24.432134123971405,19.771410802786114,3.7566667840975043,33.721981589546104,59.57072866298352
0,0,0.8907527957655034,38.917969749603955,7.013375665801641,1.6748197618662517,0,1,0,0.21380859247009276,0.34409090439923473,0.07062596770342877,0,19.406772118758578,0,1,-1.7687338398741161,0.7422182312131996,0,66.7250376714112,1.4437744996905162,0,-0.8458938767597534,-0.032358306796351904,1,81.77972002798941,13.455303351196628,2.7571744521993047,3.981991425799505,35.69798034292043
0,2,0.15552348424226156,25.768154074078765,91.58822364785901,5.537616247346016,0,1,2,0.11112987781192651,1.2064628596790108,0.4224229048931574,0,76.40517151750652,0,0,-0.017239767885156354,7.444704270063075,1,8.165696938816183,8.957324874232873,0,0.877345615085056,-1.1899859611618526,0,4.90512717768924,32.57107696048641,9.111709682169195,18.332701924458053,38.579526267136956
1,0,0.2880650354104246,32.74900752831518,27.426697744481544,2.4512779408861913,0,0,0,0.21699947104644174,0.4612236954627861,0.4309083485602859,0,21.44166291815545,3,0,3.5478232232013145,2.8982151876296878,1,76.32524454183073,1.7246942703118646,2,-0.4667723860110165,-0.1686128891044546,3,74.00859086787298,19.70240007950465,-6.549104241926919,16.161231184127796,23.015328735657043
1,0,-0.17136075482480612,31.48583003027902,38.02907891945025,1.6141541036580163,0,0,0,0.2887555395038332,2.125619738597867,0.48470608814792476,0,19.26034218056621,1,1,-4.492348404305037,2.624133143603539,0,33.394500823234694,1.931127298970574,0,0.17817090194939794,-0.7994071078049222,1,66.0148797599474,9.463282307781771,-3.2198805765140603,3.483074941592219,28.30690290410849
1,0,-0.33134821537805026,51.65522135869062,2.3315139435644836,2.2588961442474886,1,0,0,0.7851750506050358,1.070967952654472,0.4283729323172403,1,22.59967331600702,3,1,-5.919178913870516,1.002820650471809,1,60.726973009579766,0.7797350915669639,2,0.3107163366099822,-1.1903159843934261,3,89.86811201370034,17.581816830547538,-7.887406228724472,4.796293054868881,46.59492315027843
0,1,-0.16982930940825788,27.228820871542656,93.0587335642472,17.181207711405296,0,1,2,0.20772622143591418,-0.9242493376758427,0.5879148936809935,0,74.70077020621191,1,0,-3.84027955423033,3.4372166417720784,1,64.92791789484143,8.445540931711347,0,0.9102773743514921,-1.200634787219687,0,6.268856239192017,39.81521538094698,7.997632153513173,37.40512777735604,26.36328955905244
1,1,-0.6002929531602729,63.445302423280474,13.061567232118787,1.685433648819276,1,0,0,0.9342938730571747,-2.683857098948012,0.49509279824127395,1,20.8372337476829,2,0,-3.4823293617837905,1.2605503438805572,0,22.517088582768846,1.4812596435873149,0,-0.10959239986587618,-0.37048975633616904,1,82.65221700757701,10.947394118232992,-4.038449104301199,7.610680527140035,38.986270844360476
1,2,0.5409998061529785,51.37160172226683,42.22813128485291,2.279493699668531,1,1,0,0.5251703379216585,0.7195865320720018,0.421837554440052,0,30.486961357178167,2,1,-4.057996205851868,5.085997538968608,1,3.7281897300958766,2.9423829989667096,1,-0.34301764087149,-0.9121248835990403,2,54.03349374283189,11.446699409445419,-3.418873613688014,27.38887307391934,50.274232724247724
1,2,-1.2041100885937757,59.81125162159115,24.92304842341444,2.743888662763687,1,0,0,0.8980318163716112,-0.4150234624587882,0.14894662332232406,1,22.341530426502622,2,0,2.4834326642026934,2.663282996326875,1,22.71829184439385,1.5608774241695946,0,0.7391555421443603,-0.3661830250248692,2,77.1857068670165,25.028845592912766,-4.312930347129347,33.34197104840615,63.143862357677186
1,2,1.0597717280769428,66.62303013653136,23.29212405816819,3.1812370840876327,1,1,0,0.9026859620960566,0.9938628724975473,0.0017529971486451856,0,23.147600484008628,2,1,6.787002341448925,14.958441184936786,0,57.04152212669975,2.5743435434525366,2,-0.6049788248015704,-0.07328006987349171,2,54.50442408991013,14.558915349712052,-0.08258066141074671,37.40614635255745,28.37120093909627
1,0,0.4919945418971338,28.64988787574313,31.613627006383325,2.221831130910959,0,1,1,0.2255618845540755,-1.0413010918794132,0.1582260726434918,0,16.949267446344418,1,1,3.0933019454076938,1.2306007401653911,0,35.99884471911853,1.903037320341885,0,-1.0858837363319154,-0.1971963968246323,1,66.32516186766995,11.549614177960326,-3.5608059322433387,15.832585575513905,30.784083256278002
1,1,-0.5891352115276438,61.02078102200817,21.345107140855134,2.5261569490089966,1,0,0,0.8686815128110167,0.06914546128423123,0.7416662953358691,1,20.225663289058335,0,1,9.096340533811208,2.271850740623362,1,73.70021953560786,1.3274869591241114,1,0.08492435222690381,1.8374960099231452,1,82.35266330055605,21.306208948409534,-6.3924538475409145,8.605712193477528,49.69234596522068
1,1,-1.0026336775415017,37.680386011023145,75.47957415455544,2.259982455399455,0,0,1,0.31198008677174616,-1.4429285651052268,0.9104186792926088,1,28.899993963046736,3,0,-2.1347862810905287,3.283828178271164,1,67.91994834572355,3.3022226843265217,1,0.60182747941989,-0.7974955077206126,1,40.416935958481034,15.532355217919578,-4.161264864428974,24.00697659797581,32.71723968628862
0,2,-0.05619746906421303,39.996869849866655,78.91757735932087,1.682887462712633,0,1,1,0.27585102533493333,0.48900391598857035,0.9406391991706737,0,42.683673564375304,0,1,-2.7441793923831037,7.664715833807925,1,10.616729603802678,3.997092649142453,0,-0.02539192898250751,0.002843371254079477,0,36.674030140936296,12.24457973685871,-1.0660934348248912,11.186065189351915,41.65288006414192
0,0,-0.09972965949762952,18.921717534926447,62.568202435435374,5.432895372981178,0,1,2,0.08519958716748954,-0.3911893559957783,0.24158185484050876,0,51.89490961756111,1,1,6.463268966171142,1.1527447722528898,1,30.66645617275406,4.3626997345218115,0,0.5516884079749204,-0.8642377077498224,0,26.11986202370279,31.909941607515204,5.084113426312282,11.355064276692168,26.867462874127042
1,2,1.1915517557267934,42.49671793322892,72.53699727018524,1.80165274055666,0,0,1,0.37710607640323335,0.2426012013022604,0.6213570304061005,1,22.216183778491736,1,1,9.239840427180074,4.111564936566478,0,0.6633716401773704,2.3410181076024346,0,-0.8943244848105842,2.091704383261841,3,56.98926958970987,12.023323978836656,-7.343601808490323,34.35819325797102,21.624758480562473
0,0,0.37016573263120556,25.340067147478862,95.00016207028918,20.215209783233064,0,1,2,0.09481069373041401,-1.3026668116286293,0.984078134134563,0,70.42263992093794,0,1,2.7647741708873674,2.648074577862006,0,29.91808854041583,6.134823508887326,0,1.215506513763772,-0.06139995817136992,2,8.619121235914317,39.155063306572856,4.7017969994575655,20.805871466830666,21.295245596061473
1,1,0.5940532303186274,37.13743924850388,50.117902120934446,3.5353473890543663,0,1,1,0.14010992174275988,-0.2718500392657362,0.42133806151748937,0,21.043071288403333,2,0,6.139543299478557,2.0831766632370283,0,55.51099481320841,2.7066980378790286,0,0.34358042334912875,-0.4294209325288049,1,53.212820785177385,18.6466628886729,-0.48983481526593486,20.141484610988705,28.387380687094264
0,2,-0.5963205994570151,51.88624206417467,79.78250226563782,2.2770421000931074,1,1,1,0.7171543242649444,0.44502365943628414,0.5254789296025637,0,66.58187602008563,0,0,-2.3967553125487795,5.664652264328901,1,44.6191126101464,3.846412697446738,0,0.5531826712066561,-1.591998364488341,0,25.336355481627038,16.641564796816436,3.191893975163598,28.066201091560767,65.20917309454194
1,1,-0.12930205557709792,54.88745383849197,43.050017786685856,3.9341234531449083,1,0,0,0.7563747815841797,0.7585169852854854,0.6124065256252795,1,28.405697259329994,1,1,2.424723747632873,2.9851431948696536,0,29.926435446943596,2.185601480384958,1,0.26048278353327015,0.8562949048510897,2,63.666454238127855,27.48845707979525,-2.883252790927717,24.15433580561757,43.696433901924735
0,2,-0.4860523052078144,51.454312057565765,71.28374200026111,2.3968586954684583,1,0,1,0.6015965403556492,-0.7152569575667245,0.861013120283264,1,22.731988142259283,1,0,9.52069945593055,11.851889509499117,0,68.81600236129232,2.410951446623302,1,0.9782216263730608,2.28363647355471,1,55.643173756601186,16.885932122644316,-3.9059352070297315,16.573273055513727,34.53382503323972
1,2,-0.25624508151170156,50.08714981929589,62.127036792435675,2.360753917504473,1,0,1,0.6118408877575084,-0.16623512862324796,0.6048954101869293,1,18.891183593000925,0,1,7.734617176173181,7.735666621519466,0,56.711571445378624,2.351343659849951,1,1.3154224169217699,-1.2231346726674492,2,58.46634910620623,17.8543238497665,-6.001338043002379,30.716183756230578,22.834657081527226
1,0,0.1039969565647377,25.114467064133052,85.8906259734324,3.7317673278673853,0,1,2,0.09363618405432345,0.22583521246143035,0.7965439535878771,0,47.88262963364825,0,0,-0.3734560847028501,3.0796401551542236,1,4.411086330318983,4.050186572304829,0,0.3924814836609147,0.26021750239413666,1,23.60871369890713,23.665531571424296,-1.1073362902957324,23.396333292065215,34.81762469404242
1,0,1.0961530765051744,62.67783394434562,27.033489903354095,2.1754928756040366,1,0,0,0.8029977050851805,1.1367748699585776,0.4585277011031617,1,21.73490823202661,0,0,2.9699909480505795,1.7987426809217915,0,44.2347925263039,1.3869086571851112,0,-1.1058621777866875,1.5715039601913137,3,80.45599990367668,11.011475447285267,-5.512213601196643,28.436106619353527,58.3529882700931
1,0,-0.2394418724589062,45.216983149726985,37.450218059862806,2.0392361364680642,1,0,0,0.43162126234669174,-0.2042071793201128,0.7390482654892641,1,23.08955228510978,3,1,4.386250092500006,2.338516624858592,1,53.61593213780537,2.2017682323077405,2,-0.12385528791720223,3.1524808767019867,3,73.06374298879406,17.711356387041775,-3.7768370903938573,9.989025392074174,56.05261510655556
0,2,0.8708462649372319,33.32873977370383,83.95686987461002,4.441807067140225,0,1,1,0.27766269742005906,-0.12633709824708486,0.4344661764614831,0,71.45987134414872,0,1,-5.028384267527976,9.811276230127651,0,6.6419059092781385,6.6239354817214675,1,-0.3798948677564519,-0.14466368281030487,0,25.3533834923645,24.493983195632527,7.114659479795662,19.058853907291994,29.232853502522598
0,0,0.22400233771307532,26.36027260046709,88.1834119589522,11.44011505540013,0,1,1,0.11791079941853383,0.11814552927078462,0.49824785935529925,0,76.73420115183539,1,0,-9.963188033341662,2.3619955789427443,1,30.61651833697658,7.796657068738979,2,0.7136372592682032,-1.5108750144658127,0,6.479925378268581,38.575177619792676,7.1114055449719125,37.761216318547184,31.109687974390184
0,0,-0.290393080947459,54.19448429650649,44.76499219658796,2.466222240782097,1,1,0,0.7648494977413884,0.2639473242459035,0.25564635527918333,0,39.02546943394284,0,1,-6.444734258995732,1.8577366194955018,1,46.088821274835865,3.7378009720588894,0,0.3181226527526697,-0.48757047536634734,0,46.47587421000144,20.33158037570751,6.944119721784059,14.034490254724862,39.511973015770714
1,2,-0.3494452926429173,38.23162297621378,38.316099627122476,2.109008710469271,1,0,1,0.3531600126342739,0.25977218081623676,0.7343459095770049,1,23.011235556897283,2,1,7.268351370985027,3.534330147341737,1,27.695019246787965,1.2490835711459627,2,-0.034541650698948254,1.3643336333469234,4,52.259705800318144,11.918348993566958,-8.402802228356729,16.634772526596254,28.802249417361992
0,0,0.881394570056031,21.7217723913789,75.98999503256596,2.12501932987221,1,1,2,0.24707865207565244,0.5074105166899283,0.32297631530688675,0,68.26538682457368,0,0,7.515564807097157,2.3419479666791574,1,0.059794683094995804,6.586000922616091,2,-1.1590846333999034,0.6566898954406727,0,14.410506556201824,10.835563141186164,8.325320997703038,17.774642330154574,53.52389423257776
0,0,1.8109595032939827,36.385164288955224,33.23540736328153,2.249899803278824,0,0,0,0.3158188278801285,-1.325258657925908,0.6706131033096112,1,25.30066467314102,2,0,6.972807717687161,0.6363123713222786,0,61.15595116527811,1.7569678671655298,2,-1.8558697696291624,-0.13432925242586644,1,72.22516787839994,10.475315302076979,-2.5664260497337317,4.224057441079035,36.44901513898273
1,1,-0.554615482166114,46.78678876855948,9.77245708273849,1.8397621397158257,1,1,0,0.6121079069611425,0.8968952745841221,0.5985228461648078,1,27.048286156065444,0,0,-1.5945255504692515,2.789990031613483,1,38.50787139338762,1.575222722507882,0,0.22031841046669823,-0.15764615761100095,2,82.21093067853225,13.198041999232563,-1.7719633781206579,7.8485097496469365,56.43498226177069
1,0,0.10636439253979038,32.14271004707775,11.410665181637059,2.20207057880827,0,0,0,0.17954307373583167,0.5808066710673553,0.1943721788088142,1,21.03931867066517,1,0,2.8088897437684075,0.7950181648150891,1,48.89955579540681,1.312455010749297,1,-0.46222498872694834,0.06422525006367054,2,82.93418596989,9.774730354740287,-2.7916816287500996,3.682107247845161,47.6597975849357
1,0,0.44282190315372705,27.35393677448264,24.126695444781898,1.958146068442062,0,0,1,0.19074071014658928,-1.4250468933998783,0.1971042351159396,0,30.779078152150944,3,0,-2.9756310696769592,1.1530810938489726,1,20.480194451060292,1.6453005718815015,2,0.033868533097988235,0.06952072547839103,2,89.80202184752916,7.956839733413239,-4.971427701924864,9.370768213982874,32.27818124118616
0,0,0.6158957952688785,18.299423153133784,60.602350634522736,6.44792635352575,0,1,2,0.056392914014392226,-0.2275980543276476,0.89381512345929,0,32.18882556321488,2,1,9.293076020020717,0.4193420523021242,0,2.7387279926693697,2.7011784266095775,0,0.38081701217435165,-2.7468460126349985,0,43.74185288718361,34.141161501377326,0.8293558240102783,0.5641593436880532,24.986434201910043
1,0,1.1911810277642458,30.971312890393875,27.572385319303685,2.11443308942592,0,0,1,0.2209225101282481,1.3459321814259844,0.6650190692480931,1,24.927954731629413,2,1,-1.920702313592951,2.320297770970008,0,19.201962983796097,1.460362268529334,1,-0.8373958090785184,-0.21841971144652728,2,77.31855663421958,4.818167876503587,-1.2762358432001548,3.1435568949262227,31.817653388616954
0,0,-2.838278914075915,26.97603830504807,49.56546176145061,1.2592902583195755,0,1,1,0.2585145153394611,-0.38566709040193353,0.38883863564365334,0,30.158212419526294,1,1,1.096857219010456,1.8033476777321638,1,46.35888765792516,2.696319290993076,1,1.8821888482200293,0.15919155645903335,1,48.87548236774706,15.769078655871361,0.5983796170131566,3.7951754486001144,63.461368789730656
0,1,0.6734320927917224,42.72251499219338,69.95082109484227,3.883743281434026,0,0,1,0.24022568250532345,-0.4047602488340976,0.5761691491671374,1,21.374345194584755,2,1,4.7524275789211,4.716454603541402,0,20.35431168467757,2.5539926826617005,0,0.13313084045485232,-2.2507885342590774,1,48.67995524914834,20.13494133453438,-2.1075805360551065,21.915653800323355,48.93166056786676
0,0,-0.8653392647646464,60.57188271647149,21.290585851606764,2.3804305157970433,1,1,0,0.8249343784927393,-0.070657751611628,0.3805971368598911,0,30.39273057003094,1,0,1.9423537630496863,2.0504490986285506,1,29.630175590952376,2.0695716072419477,1,1.4935211526161718,-0.10056566704873565,0,71.3384441559905,16.618693420520096,1.0792567680663616,6.066777632574432,68.21981678217043
0,2,2.274582817655807,50.40883410148583,69.40476408082378,4.463220069946661,0,1,0,0.3701281953921839,-0.21557504776853678,0.6280010231136784,0,53.114995749826086,0,0,-1.4154431245829304,4.836484515399631,1,66.9790150117049,4.200979842218185,1,-0.8160242218425582,0.7872764216841214,0,21.86734215669524,15.338584943619287,6.211370871980357,23.89167517274748,47.19707177559074
1,0,0.3383879007402951,39.695062051507534,47.068750605434374,3.386445519275972,0,0,0,0.23922226136303149,-0.7538764508829151,0.7379582673968581,1,20.613447446120325,3,1,-0.08001392893620896,2.4870665533056693,1,31.224360150457326,2.050480343093609,1,-0.478295391914416,-0.5228989514569362,1,64.94612247744953,20.824952903207166,-5.341210474183722,18.744388445209886,48.2233437966984
0,0,-0.07689604947137868,44.09457731423931,39.734244622117906,2.533840150237218,1,0,0,0.5117351967109437,-0.15751114707044633,0.3533694797797365,1,29.545927983874826,1,1,9.709428512215862,1.0887397749799264,1,65.17240076572696,1.698939524834525,0,-0.3332252715876447,1.3688099516135876,1,72.07563026398738,16.52218306449501,-4.420128463490744,22.89971739248138,47.40142777292121
0,1,-0.7350438733744562,27.89363219578123,86.5616999091292,5.830041204680412,0,1,2,0.2089621498585692,-1.3794869068922684,0.6344343698596873,0,68.67066498137619,0,0,1.8344922089538596,7.001879720506829,0,19.744980529861778,8.212883433166802,0,0.8145084800142712,-0.6759389129072064,0,9.18436711082543,35.852086883719224,8.079334993744137,9.696169013961548,25.635659626123424
0,2,-0.6282806916620861,43.07573230825062,93.86618448776038,2.1197081941421048,1,1,2,0.5695235537963479,-1.461677568105935,0.47964892212082794,0,61.974619574708186,1,1,-2.3029107156312225,4.048489007863634,1,16.31382807847498,4.426291852721387,0,0.6643968444685293,0.6306724182585536,0,26.94477051071056,18.563312744548735,-0.9620338179514238,33.15799024103036,58.96670835151292
0,0,-0.48658612874661583,41.95752458374671,91.05055633574332,5.247699198359097,1,1,2,0.4345710903254856,1.6967505282596786,0.5597246164572027,0,77.12976283748574,1,1,-5.015103775141255,3.26914871805112,0,37.604937872119415,8.41684848783087,0,-0.16313248348321277,-0.7480394662823532,0,6.212484232304172,33.127995267006824,9.430874412717646,36.92361798672293,48.22002838662277
0,2,-0.8205718417209992,67.8004525867554,27.860296222902818,1.9912192017355812,1,1,0,0.9866654705737619,0.012064907396078618,0.2278810915920314,0,25.107146118607886,0,1,-1.4533211015094167,3.917308581203133,0,59.1194590258571,2.1362667802820785,0,-0.29762828207233555,-0.17683546944072248,1,61.3991090663289,25.346301880827728,1.3876263460981555,24.783610057535313,69.72291248469355
1,0,-0.39946347714571423,43.23254630668152,13.839006761344391,1.348532711893854,1,0,0,0.5220376150809829,-1.1490234002554172,0.5274634586210336,1,23.725927082977076,2,1,7.08732763665116,0.7321551578135268,1,58.64948697765732,1.2571904900637312,0,0.050061716732846144,0.5241182455370552,1,82.93216776800014,10.885885516482325,-4.232714992077174,3.926703394083233,59.264119041948774
1,2,-0.5509387316804114,44.315629231350044,80.0893609007671,2.292705602116081,1,1,1,0.56065922176104,0.8876917341357153,0.9915036243385928,1,43.54820143869139,1,0,-0.5586809750377189,3.739779462854813,0,7.443117253911091,3.555719296866978,0,0.07452731303140113,0.0816321603820099,2,32.29706284420795,18.232058835586113,-1.234816057095328,17.5977936019949,45.485742727273205
0,0,1.25683503872157,18.849048486795834,64.26441111001989,13.26161816654588,0,1,2,0.09930083166819509,-3.1331159242139552,0.5343421292296281,0,66.2227121326992,0,0,8.174945524284858,0.4470580456677482,0,23.553138698530613,6.572798296056444,0,0.4832817648640894,-0.20970056218310795,0,14.085879555535929,37.39519831851595,8.675823309023837,4.517652020839032,20.677150586909406
0,0,0.7985091402402189,57.156794699823195,43.49768326859643,1.404014597953152,1,1,0,0.5688018602973275,-1.1808011957261098,0.605567904575006,0,21.860320252502483,0,1,5.651245391870031,2.8063147212738353,0,42.17300206330323,2.2686299671652885,0,-1.1203472866528807,-0.3778057159260376,0,59.934608862736816,6.155984423655829,-0.6802220304093218,15.507845973727504,46.16494263186267
1,1,-1.8237625948636451,66.2705823847696,7.745602651666184,1.892063877268433,1,0,0,0.9909541550555268,1.4186993645111323,0.7161493498775042,1,22.288140737474684,1,0,-7.875532504214321,2.728190485552405,1,79.23935886645884,1.2758326555536796,2,1.553433693907734,0.16905772422065538,3,87.29814596774239,16.342366932023534,-5.7728415646386395,9.270260916674943,68.06433121533357
1,2,-0.6463050253820072,62.74649475241824,62.82071679223661,1.9165559664257068,1,0,0,0.9247557776318871,-0.24937325113491512,0.7852658384535101,1,21.476364398522826,2,0,-8.5796714081462,7.566670466563913,1,47.506023208228854,2.284763382757531,0,-1.4130779973959764,-0.035888460569917804,3,50.707355338636404,15.60012912009749,-5.833667420879741,35.70102695281734,55.10855051646839
0,0,-0.2389870758410704,32.40302140933896,91.63129181170855,3.0055119779830184,0,1,2,0.24663593055429678,0.7682940246561359,0.280844716385005,0,78.40592759731115,0,0,1.5691970040685952,0.9170624512551024,0,30.618859124291006,12.003751286330587,0,-0.08461322958070243,-0.487685335026253,0,3.0371155588753806,27.414591578629903,9.616867171257613,23.073707704019707,63.166935254327264
0,0,0.81498953631447,21.89581054488886,60.35531899255959,3.2156042274423378,0,1,2,0.16531161996546934,1.8611610785946577,0.43166784471354613,0,45.84377827092004,0,1,2.012609731297987,2.467282378064248,1,19.520050829192574,4.568648875454313,0,0.08102782272039763,-0.3228039351566127,1,31.458019401265382,18.90518768503958,3.1602502843389058,6.247514629140536,24.84569769434156
1,0,0.2802885440179331,47.9519251612612,30.408176017076606,1.4654684859987555,0,0,0,0.37880553601736133,-0.3728851363674715,0.3257719119491256,0,22.682135063395407,2,1,0.9884661143708442,2.1397456151454084,1,5.9810226492218055,1.6679784819079602,0,-0.7354355084874149,0.03687759241923436,1,71.49592338711255,8.99041922949596,-4.654218059561986,15.432966657644434,67.24182309849652
1,0,-0.06152276340800351,33.96247146859092,43.53731502125361,2.3238947424355607,0,1,0,0.28465307526509614,1.8717112925624217,0.6242183587477521,1,20.449633950597455,2,0,7.023598158767619,2.812276676471995,1,38.684382449888346,2.665710141714418,0,0.9197250965686974,-0.5030430165709674,2,57.34558790829109,11.78862450719856,-0.17712700886954558,14.382440371493615,28.09100712315095
0,0,0.6969733690442187,56.414316547737265,18.271221716825657,2.149507633911395,1,1,0,0.7680262911685714,1.3207262248574656,0.023576931556019642,0,23.893719550575995,1,1,-6.334074429830233,2.119110278955412,0,76.14449240490741,2.1839587757208827,0,-0.39472155416955323,-0.2908001339957552,1,65.83684864455286,13.6839169719963,4.738109736850742,27.215785134123728,60.31563353333094
1,1,0.6463662424134569,69.0335892833672,9.149099039912977,3.441059027842165,1,1,0,0.9866270669374905,-0.17382675127619196,0.41522984016662595,0,29.5743808253724,1,1,-3.291035865833784,4.703053427168363,0,68.03578474389275,1.4368830822103784,2,-0.018835474058759814,-0.6186577504106362,2,87.24616426172398,12.842986347465082,-2.8359666442596705,8.810071944419791,23.682893396722275
1,1,-0.4450669940593467,69.46168414717738,2.3006432838806434,2.811165796855275,1,0,0,0.9984665323006725,0.8315717016790395,0.9204880087820062,1,20.71243953518954,3,1,7.416728280864039,3.3913887892769043,0,62.43446835943644,1.007264302975091,2,0.44131478796189155,0.23742128205404564,4,92.96785860765078,9.185066533709524,-8.88326836598138,10.533778438932782,46.47541831240021
0,2,-0.1353187801747575,42.50455770834725,48.20744846293136,2.0134339609264624,1,0,0,0.406842171425304,-0.3388640699176787,0.09436000748396611,1,21.360084279494664,2,0,9.313014506828239,3.7760367240496873,0,19.84102165207525,1.7800304311485375,1,-0.8861347791054844,1.4383512761948167,2,64.90534378453042,14.11381282157784,-5.122539978073336,19.77554106108016,21.94563839333786
0,2,0.4305303026338195,51.08087124667598,83.30604373494796,1.4375288171895904,1,0,1,0.5599807462306786,-0.4706156759789025,0.7232918451327037,1,32.63974082667679,0,1,9.904207351531817,5.763443695672746,0,40.47559685039385,3.401026980307167,0,-1.216501649922808,0.8310236196612959,0,38.22768444450952,9.618791520819679,0.24327323912019239,24.16797437537005,50.2607121880364
0,0,0.34530574174148243,33.263580638602406,15.737011716088306,1.5845345872615737,0,1,0,0.24234597120424367,1.0345657106759678,0.007194400916840704,0,17.801465096367743,0,1,3.6000908125049413,1.8839059649193934,1,51.540422844492745,1.5953936818231789,0,-1.4424324046165136,0.44009167810256955,0,77.78420100439862,9.951886045919277,2.4936852137654046,4.556066805634165,54.26155842673823
0,1,-2.0043776131747197,42.10774133891012,66.38006385344268,1.6899480449765396,1,0,1,0.6211731846540139,-0.8047186179696382,0.44336245262502033,0,29.384049098956552,0,0,3.451108044586203,3.6479868868677845,1,77.89966259386179,2.654580651895663,2,0.9435042955572873,-0.9636033401427561,0,47.60907640720472,23.81371528581417,-1.141210438906148,16.73247580664861,67.14545032788168
0,2,3.1997558323267166,57.91571593316408,65.39186677813593,2.233285231799729,0,1,0,0.3573257527084733,-0.045330965882870736,0.4505941350001687,0,33.71512479819635,0,1,5.981004180236553,7.846535524002613,0,62.896379376892206,3.083236473217817,0,-1.6990202377200323,-0.7696771401861565,0,41.855001730460856,12.687859103085021,0.3395481407081018,18.0679731166974,37.799330756526146
1,1,-0.23762169132230532,40.7219664815545,48.31253974930069,2.378464242791325,0,0,0,0.371494228995246,0.8830103416949704,0.6120745986977134,0,42.69431223490447,2,1,-0.7080160315093185,7.735161875945141,1,3.104714936261588,2.4043477678932814,0,2.096479010936362,0.09276956330100643,3,57.526701302462655,14.648955118996758,-4.4884193368950935,20.318095496426732,39.040152622831044
0,0,-1.400548496499273,37.791986775594324,39.53365614614164,2.362205302429982,1,1,0,0.5238523423329358,-0.14480743823724057,0.3867957429789942,0,51.87084111954579,0,0,7.191054369077783,3.557596536291868,1,72.90240442296633,4.803488192953358,1,1.5574795143439841,-0.2137094101401485,0,27.942685311983794,18.366252425409343,8.88954782397866,21.817366757848433,59.37006008364932
0,1,0.049214531094163565,38.93248976248677,83.7800342223531,2.6541036038409973,0,1,1,0.32509771016130007,-0.04520091507264313,0.4308398396470837,0,69.1916214759217,0,0,-7.887226476148972,3.7424130469021337,0,14.264113551281202,6.227624354492113,2,0.1355319372840776,-0.01771494789086248,1,15.059094369222837,16.61705582844039,5.918329793195198,37.427937963917934,30.789185560806818
0,0,0.9758230396757767,40.90459715774521,54.084251281378606,1.9453945770107754,0,1,0,0.26595084569356486,-0.27212866659072266,0.6498993568067297,0,38.21782891218621,0,0,-9.330021925108936,1.4258065300703544,0,35.85921896470941,3.5985681023123073,0,-0.9239032350663616,-0.30846237062375786,0,23.08479530168959,9.989040030813083,6.071157986319747,9.324479415187527,58.66153563756282
1,0,0.873781242787686,54.01223757653777,4.373126175333352,1.934214132046382,1,1,0,0.5459075250025222,-0.17928751012537736,0.28558338338511224,0,20.483278781522493,3,0,2.7388266324693546,0.5350223191748488,0,43.495316078653154,1.053652332569761,2,-1.2467483787267895,-0.16039193176111827,3,87.3487509429361,10.285127565534427,-5.474621129219779,12.066255240631008,30.269823320241283
1,1,1.4788926390257988,47.396436567980395,49.47833669588524,2.013382117072941,0,1,1,0.30326568194574244,0.8639113847541902,0.8614087493704047,1,19.813880005968166,2,1,-5.289110307226893,8.327167749842397,0,14.738832532639892,2.068257947258124,2,-1.213670653712068,-0.5924965941871211,3,54.797360107199935,8.997830310045254,-2.6750893229763983,11.50639617221174,32.981325907782875
0,0,0.16650117541668258,29.079325580333997,50.63260518954791,1.8260507247781597,0,1,1,0.2234407797033477,0.3359141575870059,0.33130452879860806,0,26.34315177208314,0,0,3.37163726237028,2.6901007189572574,0,25.037388774929347,3.2604757479537643,0,-0.0943733973350035,0.8725969036385148,1,45.657721952256274,8.716785869587003,2.846343537665872,6.703719092949633,26.135738575655957
0,2,0.05773452264285563,43.01610099729582,74.65076215536423,2.2623316551897883,0,1,1,0.353155480899436,0.9607470646473771,0.13099106608580569,0,66.12533216101953,0,0,-6.495507832744883,4.386523231526992,0,47.40484738687095,5.215000963622165,1,0.8818422428762278,-0.04159361114930918,1,15.382706100491623,12.948257975631744,4.594376222336853,37.610787453961365,52.84254309353195
0,0,1.3469440398689148,41.36325656273488,18.513113332054637,1.985654383182637,0,1,0,0.3377246725597332,0.3773232068593163,0.3479978117234744,0,23.17941241479968,0,0,4.050995011368013,0.6065066532476064,0,34.17093723275425,1.7624180062462929,0,-1.9267053719411946,0.011325442647565354,1,74.68086421286844,20.154057257476797,-1.6415688021872992,7.528417185393829,58.21321865358234
1,2,0.2975419178358377,49.665558439645906,54.80132162125747,2.2218022279025953,1,0,1,0.481226111463162,-0.3407730924812423,0.4719555120070106,1,23.171867508267336,0,0,1.0405817348948467,5.9847907660816455,0,11.705502636719451,2.5368764932056327,1,-0.6629193051411137,0.5891173816229348,2,55.857146952921944,8.239318087663534,-3.4208928182775935,27.779651725738837,39.04885103756556
0,1,-0.27468869872672586,52.45307328732531,57.548802949968945,1.2114281148801014,1,0,0,0.6896439571526589,0.3459412131203128,0.33603862996328043,0,23.146451993760646,1,1,6.410364540937124,15.630315066369048,0,26.171446715754527,2.7747715453340986,1,-0.5811828526253863,-0.16026334887934904,2,58.55323478866757,15.04107990381377,-1.2031234905843462,14.568296629438295,23.67248865313758
1,0,-0.3329732272499113,34.428949636255155,23.018111233261774,1.960155235942058,0,1,0,0.21538020908589178,-0.2988438726928233,0.008030650164896402,0,19.670068421955268,1,0,-3.2597591383544167,2.272895196697484,1,49.46619433262133,1.8883091318318477,2,-0.8352578508693163,-0.836610495736168,1,67.12881985320203,14.033881807616657,1.2232616600043222,20.737566459397954,34.035424360251085
0,2,0.3069991876935281,54.13769607494825,94.43822946394084,4.318278985087092,1,1,1,0.565841463262593,0.4587636844723577,0.5484507758765924,0,75.91452414099608,1,1,-5.4881715687085295,12.053510592411861,0,33.823566204992574,10.095388000276111,1,-0.34289733423631513,-0.329337258580029,0,7.016579668597545,26.446919104697876,8.298667479824925,37.514695820907455,37.547309319867836
0,1,-1.8699595667145232,36.56888560346523,45.951085266753125,1.955686946361936,1,1,0,0.4248881441677675,0.6508473587936465,0.23151102107971822,0,37.64710704067617,0,1,-9.583102977228398,6.946437825138369,1,47.28382267878857,3.9535257237637915,0,1.8002869011810678,0.12325439079696944,1,42.98050610311665,27.590667292621784,3.270243089739777,21.842920571573337,51.101336156878716
0,1,-1.01173066834735,35.5177336191277,70.66626977886484,1.8799263917718476,0,1,1,0.2678739783674493,0.6994040313121317,0.5523602199919415,0,64.93008062816847,0,0,2.1551324044680236,3.2761454755070663,1,3.333742707801046,5.396382685049781,0,0.6781920032346372,-0.9791448393337557,0,19.748833193274557,13.52412525099956,8.296162660107381,12.606029956863235,67.52508664716022
0,1,-1.4853477399884847,28.345945185284798,94.14964281627829,5.506946362557937,0,0,2,0.24075887386862616,-0.3043769075911161,0.4444072561362431,0,55.32302249951452,0,0,-3.5447881842300664,7.213518277081858,1,8.142723616748885,4.811779618408249,0,1.379201241469459,-0.4160389676367415,1,20.70438433111745,35.093601860743576,1.3356264564231708,38.21418971827996,59.6232256637158
0,1,1.0696179776403254,40.52245533140039,49.60477678063008,1.4509212922840247,0,0,1,0.2255132848883658,0.6421248412548533,0.35704864947721465,1,21.47433908397851,2,1,8.271851998118606,5.482504386414673,1,31.5426951183198,1.750187678155692,1,-1.609703347624074,-0.41478905787055936,2,72.49408985217435,12.051792065170295,-1.5862407010645434,12.582502845880166,49.21963788014708
1,0,-1.1033173040925035,63.03819791470156,17.52973051019402,1.8452946706941906,1,0,0,0.9378097236972534,1.5866614959728673,0.6811148243688971,1,26.66244841125109,3,0,0.14649337407563223,4.784820127863892,1,34.21427028828252,1.7349832200063906,2,-0.709010814938416,0.06328777579283855,3,77.98597521932726,16.001492540051853,-7.100983206982257,21.509633104560862,59.49096293791851
1,0,-2.7609309915402314,49.493473342842435,13.553362321317818,2.1897373773884294,1,0,0,0.841881293960417,0.24433510003613015,0.572038633701511,1,18.71895060089419,1,0,-2.9340092331385286,1.8667520492217504,1,36.43016942985596,1.264561994736198,2,1.8367392272125134,1.0130698812115508,2,87.3255174709167,30.58523684322391,-5.725381030287751,2.8226936929119906,69.99782994648837
0,0,-1.3085357087371017,29.19898936675286,58.14030578213058,2.0911583379892416,0,0,1,0.2767841687348739,0.17869484907315342,0.7930877494311164,1,17.327694189116126,2,1,0.833195779392252,1.669638110635186,1,20.889652152964757,2.4857864189477907,0,0.5101809760031841,-0.21561735173044239,1,58.34410687118823,20.642898733668382,-1.6211005619637202,5.168834508839568,58.583064451378476
0,1,-0.8728538267514565,38.153250635893215,71.95201649067981,1.9211770150064498,1,1,1,0.47797541308321134,0.6429002003320939,0.7123089749310644,0,41.5043105426789,0,1,-0.30333238212316793,2.231984423036125,0,14.259693701519854,3.160827481322641,0,0.49319727945668607,-0.7070049254789532,0,37.765194778312306,13.063073396159485,0.3433829318876249,24.110344417045432,35.56733958620399
0,1,0.6707522098436615,19.130941969580835,99.28792601467545,54.598150033144236,0,1,2,0.08013216708528964,-1.4462303918079045,0.8637513228936676,0,79.97103349115052,1,0,8.320630465283166,3.7170567744884018,1,6.039623490013453,21.933894171460427,0,2.301841520637527,-0.20818534261680557,0,0.3963194776943346,39.998948106698094,9.599262423027746,35.87156567164736,20.18670917086698
1,1,0.027607954878884535,68.83028314491649,23.65610759691043,1.8956892829465362,1,0,0,0.9804270642075699,1.0936301753962072,0.8295028051511764,1,25.91877516558936,4,1,4.469192179467411,2.9666770455373213,0,79.8927846035802,1.7978531461460903,1,-0.7313322368988424,-0.7867091527472144,4,80.54578385085587,12.586653818083505,-7.045001893969198,38.468375881068305,30.156785911586418
1,0,0.16520949631038448,18.81946741096489,98.18859201924504,14.719207351650367,0,0,2,0.06840739920362088,-0.4962594247589246,0.997600837527924,1,62.385345803106304,2,0,-4.3292683208602964,0.5863362918286233,1,0.9419837821108512,5.039611862814957,2,0.8603687893001387,-0.16865900323494037,2,13.41224328705588,39.74667025239637,-6.149222792959561,39.09549815908071,25.005354716802408
1,0,1.04945111940912,47.78025256672005,62.34465340296278,3.2153697069469303,1,0,1,0.46536114767037756,-0.4267209871489252,0.9482516231178275,1,16.72797996083393,2,0,9.24721353230759,1.0177907479377808,0,72.95727065325393,2.2452027030920805,0,-0.3457242140045252,0.08035324146556307,0,53.65659148698768,15.7439186843919,-4.359192817366109,24.404755695243693,26.358702278586286
0,2,-0.005889125562770151,41.37700113978839,86.92395424677355,2.6567066193824744,0,1,1,0.42410755304724673,-1.721427351022323,0.5746536957184141,0,66.85947905587399,0,1,2.8066563128231117,10.172984721216332,1,30.352799173713905,5.708809102348638,2,-0.7391864598497072,-0.7974372626066341,0,14.700172322054089,16.313653999009684,5.940264525490683,32.33073832026376,40.77875515214123
1,1,-0.570420305200898,52.94936721660432,53.41181729843382,3.948388652125166,1,0,0,0.6481902751117797,-1.190909428993164,0.5651213237852025,1,32.17139988770284,0,1,5.646405846007202,3.2595885838951957,1,74.40073305866345,1.9354740471594152,1,0.1604168458561827,0.2515831626058736,2,62.78584552216196,28.76509978732279,-6.5928221027491425,31.31469138575596,25.360676609268253
1,0,-0.884905669898021,37.707492094238496,10.932802317223834,1.8439267946015794,1,0,0,0.49857000993394596,0.42031926781001727,0.019776733384176626,1,32.808031174343796,4,0,-4.936193951875566,2.701703001617781,1,16.572275503208118,1.380557179359595,2,-0.6301642549557941,0.4424357842607914,3,83.24316784155405,17.01767711501339,-4.94597960152392,4.046347000775768,40.23912096311463
1,0,-0.05273770112726991,33.859504393379304,14.205788226109577,3.4024462710838312,0,0,0,0.15656255163082067,1.7934887335238585,0.6074827080080296,1,29.87053376816754,1,0,-7.003211957608961,1.1187190853925966,0,8.75273673519478,1.3384935699509564,0,1.1860519380680627,-0.2571461089326599,3,83.89164813721378,27.55229649252687,-5.981515129102105,3.2721513222992726,44.27271080789154
1,0,-0.9350947078379053,29.31476334688257,35.09623716782577,1.866442704105463,0,1,0,0.3972121881566673,-1.8157175561721575,0.5374786812543717,1,31.987242346331826,0,1,2.3326869090019358,2.5028867519385907,1,11.84654838974983,2.280911348877515,2,0.5005918122182049,-0.384273193996791,1,64.3148425170808,12.911158297029605,-3.3374899494735644,5.497067691822184,55.85978216050024
0,0,-0.7239668245372273,29.798168119626943,77.9938553430008,3.6239012775086272,0,1,2,0.18361145727313333,-0.0705536216824202,0.8830837027943119,0,44.402243023958896,0,0,4.019332823880223,2.5216574329490498,1,41.017302988592384,3.765003660806191,1,0.8860847875062785,-1.004906594208259,1,28.532994043768433,30.33876946149939,1.5563645468659502,11.8861361806949,35.65885451810632
1,0,-1.1706544326183115,32.96829650582839,16.101350790268963,1.2123464509027002,0,1,0,0.2910096638716001,-0.45423570522938106,0.4978245763503975,1,30.975478630716637,2,1,-3.259355256539502,1.228776587201557,1,20.340633401425503,1.7868211119503454,1,-0.6119520900069377,-0.07768869819827728,3,78.4105607339235,7.150910817342073,-3.589087889916163,2.0998773422023587,57.67971827076724
1,1,-0.41662143305525723,56.59962181853138,46.74304562139923,1.0324691201837621,1,1,0,0.7347292035830894,1.116027956510303,0.45806070854997033,0,23.29058530999948,2,1,4.017352734423474,5.922630323177788,0,61.94509466381611,2.1198658013660974,0,-0.4226818941317231,-1.8810460542262835,2,52.01916747466117,9.546029711218342,3.660744495076374,15.850621289105307,42.49154368300654
0,0,0.05681089057430532,30.060342677545787,83.5055835895002,3.2162260070227697,0,1,2,0.21061258449375153,-1.7158974347406548,0.385452012380235,0,56.19999627229896,0,1,2.7454703335578756,1.3340109493980377,0,14.117472531270604,4.7432721953849155,0,-0.306540847185929,1.4277723036238705,0,21.244016152858038,21.22973971990873,4.372774776395945,36.31230451845117,57.01373572248044
0,0,2.401832829504656,27.606147337767894,63.00771245585288,4.6709188013926495,0,1,1,0.1631145163511898,0.6327760238042719,0.5047242973287329,0,46.905833661995274,0,0,1.422399871311848,2.671336138259781,0,8.182038798750138,4.0479690087787965,0,-1.804442611148287,-0.015779380825925497,1,29.82495671484085,20.002778099611245,3.5011144416239315,11.199781401844376,24.95273943212324
0,0,0.35041981807877914,29.840310223652384,81.77635729556627,8.154188356130755,0,1,1,0.1857621505368175,-0.2824651907724334,0.6482829153692806,0,61.620665833544464,1,1,-4.485274367099796,3.9112645540566686,0,52.24645921812196,4.896565372924263,0,0.8237227048146197,0.10912565704176086,0,21.545610060285643,36.42010057600844,4.3226103128225635,22.206843063297228,25.70345095252938
0,1,-0.509934574165756,23.905950532369552,98.34195972105697,26.131659776554784,0,1,2,0.16636418841208894,-1.8934917863971374,0.8049988989721768,0,79.90574298951368,0,1,-1.1811099824672553,5.046983183304332,1,55.75832756712507,18.650269852140216,1,2.276574279642697,-0.8105256999114429,0,0.5355916254133286,39.98225394411673,9.698259091710174,36.297606733351664,34.53793393441051
1,2,-0.8829297754167571,43.73270798665435,66.69401739770731,1.8873540517107308,0,1,1,0.400865254581399,0.6708461017999372,0.25801877632054604,1,35.72063930065665,0,0,4.735877214218171,15.399598566896874,1,66.00247766877503,3.4724383698503423,0,0.33440891802547434,-0.22902541846235303,1,42.07508832533488,15.296420111782664,-1.3231465960280353,23.419252805047908,43.325173452558914
0,0,0.1308441766241592,34.87550108075405,38.24375073847486,1.5045925626922723,0,0,0,0.25120120575124383,-1.9571395656525172,0.2059623685218943,1,20.71984760806373,0,1,8.881133913719744,2.2858431559512655,1,48.262013190867386,1.7567713889221435,0,-1.0260510166685495,1.8752245033066037,0,45.63078220570703,16.96206476617548,0.0652074493405781,3.6004437264690226,61.14156400326325
0,0,-0.3200232178888192,19.951154563175376,43.81384108175443,2.29727833758531,0,1,1,0.06917356342350384,-0.3058976397432111,0.43925241782696123,0,61.95059156120418,0,0,-5.189918144956758,0.3654353519053429,1,52.28198363432122,4.41681668335208,2,-0.13261929054358335,0.720873760569257,0,22.553354198350306,17.83066371966391,9.09841887277473,1.7005135237071856,45.36677833666375
0,0,0.644380217743828,39.85082003005166,49.62987339729131,1.539672072976741,0,1,0,0.25851381526585604,-0.012121023484154985,0.4315976980578358,0,31.305279876994074,0,1,6.378577890849904,3.2704361106353903,1,61.42836402676604,2.7178849081256145,2,-1.352652053530936,-0.30424474936560997,1,66.0781696179547,15.374244157687158,-1.3434991018856817,13.036387202915831,43.4990419474872
1,0,-2.525271384250743,57.85626179868164,35.63989723576695,1.2875204846346011,1,0,0,0.9089459153893598,-0.1272589295702263,0.6161317389824348,1,24.682210205845312,3,1,6.786256535199499,3.81749260731885,1,27.52123252458582,2.0003020573628754,2,1.384097718680788,0.24157439987020182,3,66.6408511409085,18.33174101218773,-3.616015283349869,16.106165251804324,69.69224927046825
1,0,0.3451386989833016,52.054039792392814,12.689203022946543,2.1949288938180773,1,0,0,0.6149999289669504,0.5493661027763184,0.8662653514789187,1,25.010481976296546,3,0,-0.6213282309899633,1.6606479776956848,0,23.66769228838365,1.1262490761180604,2,-0.37489360535415456,-0.2402094423235276,3,84.07827125756249,9.787692529349252,-5.6828680435449535,4.463621350854585,41.126943292988685
1,2,0.23486748590444922,61.700744154464296,61.40923580560448,3.958673970863061,1,0,0,0.7543486256323924,-0.07850700631004454,0.526203786655795,1,28.003945469054294,3,0,-4.403192628488075,16.851187289011268,0,9.160221987005244,2.505689636303652,2,0.4887972492056933,-0.1370753212961019,3,52.985645475499254,28.146555175197875,-6.772255397211233,35.43585526426433,38.129808782349315
1,0,0.5229848118947406,23.655821955716583,69.20663010272156,6.702979933733431,0,1,2,0.15088307400234524,0.035203384403046156,0.4038161499410509,0,45.14159872208168,0,0,5.193998903071048,1.8882234987299797,0,46.50124775304599,4.388267783929193,2,0.5231355514531828,-1.13487616481892,2,31.315738891932043,33.021502094323864,2.334761401499872,24.27201715973495,21.02231862548813
0,2,0.19681392773530806,37.3148628405618,98.86854877291398,21.113710758535078,1,1,2,0.2794769809963342,-0.021895597252800037,0.8725863887526455,0,77.70243367733345,1,1,1.9887813203059146,5.356266084188715,0,13.394711300234835,10.585465708269552,0,0.8049189342442827,-0.44504182423520866,0,3.4667993820362506,39.8615024282607,3.4958141434592793,39.94504015601045,26.429697101508165
0,1,0.5666949982154371,55.49811767810415,82.6836198615945,1.3714539965900667,1,0,1,0.614319909500582,-0.5861054501834152,0.5049775080721663,1,33.364813964624595,2,1,7.148779806105292,4.238954463458152,0,68.50095173289725,2.9982389159195137,0,-1.0146598440604526,1.1527349862857004,1,41.17693258723148,11.731515293130435,-5.34838216943408,39.33819098226777,40.25654754070658
1,1,0.037314386281689864,59.300130203840105,23.371792865874152,1.9216747994558634,1,0,0,0.7265358330035557,1.9419719295422326,0.5343465832609202,1,25.688120171025282,2,1,-6.8413724734379855,5.192241441754343,1,3.7461205745745563,1.4288415132927463,1,-0.722844709711396,-0.49864895488181965,3,77.8537294227051,12.770069496502682,-7.21236586313037,24.177945499971397,29.287537565796523
1,1,-0.8140515303089547,59.14932019505021,12.970130919775164,1.76163582122957,1,0,0,0.8923978040846813,-0.26155303648887274,0.022215502948732035,1,24.243509360050837,3,0,5.848127347763658,5.692537449432267,1,57.16729981604749,1.3936662830462192,0,0.09100044142718539,0.6184710721417467,2,82.52420771693652,14.315310536327887,-4.2887161485578895,11.536008863484422,66.78212390305586
1,2,1.060319936695692,60.1028445006275,31.42129752555386,1.731545136165361,1,0,0,0.8146387573048344,2.695952705343986,0.6820261543981819,1,23.758296102901557,2,1,-6.747052283218205,3.9812163984544804,0,51.37903645227638,1.574653773830405,1,-1.2747718897405025,-2.412445116387535,3,70.07345500544056,9.374243147084865,-7.935201283870057,36.477022966685134,21.710904977316364
1,2,0.5324266835256458,58.04041988641764,71.33893920359398,2.072560503713252,1,0,0,0.7309265830384662,0.09774156062781307,0.2090105596424945,1,24.67986505647233,0,0,-1.1624361635946237,4.381260911947464,0,27.998656164676625,2.8450308249456566,0,-0.46027084330441853,0.197640700505586,2,45.756497064591414,11.980727439670835,-3.2983190841770726,39.814714089176995,32.24154259777595
1,2,-0.5591404052393651,51.85994875025808,18.52158477556096,1.8519176564808248,1,1,0,0.7021800396048808,-1.2000578992941051,0.02607456507229744,1,28.641960946129814,0,0,-6.599517527400804,4.465447616170175,0,54.96769355274782,1.597391199829295,1,0.006560541973842899,0.22581190213278052,1,78.56467288656279,14.362810362906837,-3.148133834383909,20.748593056582045,20.861579419856064
1,1,-0.2127290382479896,64.7608215091785,24.594543358351206,2.198378447827078,1,0,0,0.9375022607243731,0.6298071667648034,0.37772983700377527,1,25.532568101966472,4,1,-1.3855644302535222,3.8926729061734178,0,10.365791079075525,1.5972860317888682,2,-0.09713974154560744,0.7666944591762797,4,80.15568803950154,16.490802267839385,-8.185498746011135,39.394950539171404,52.50771765820633
0,1,0.10438423416209511,51.07295966418944,50.327820938930444,2.534714360563468,1,1,0,0.5007050972916232,-1.1643376162839008,0.22062096210882076,0,37.74923894663469,0,1,5.883918034189206,2.972123525944701,0,74.13802657703998,3.039474886145182,0,0.21966288762239855,-0.17034641701692305,0,39.629240105198285,16.021689473675472,5.853504976576488,20.416567666767442,40.212325482287596
1,2,-0.7789041804578577,51.36079345709464,35.33088271263924,1.4198241007955088,1,1,0,0.6868654010583655,0.8370579310563392,0.28031580943368695,1,40.239400663549105,2,0,-7.183124301677772,6.957092654402481,1,18.72144988461026,1.7858556958213168,1,0.19076428367366743,0.6406074919681448,3,61.2550834032586,10.230156160062776,-4.477120848031579,24.651106639309205,49.204613293177744
0,2,-1.2768477111837315,51.604360276720705,95.86781371113418,11.716943027723515,1,1,1,0.7746250485370769,-1.084504741704856,0.8644267148188481,0,79.52212041313203,0,0,-3.7474155360960726,6.319120948623929,1,77.06732890664433,15.731081324800291,1,2.2028932960689787,-0.5464998654497523,0,1.4886139517384545,39.42428327170909,9.609557914730775,38.60722114638948,38.09376835783064
0,0,-0.2074847519275516,35.50096476604835,65.72068159922118,4.044308392516786,0,0,1,0.19630512041706694,0.20683159137277296,0.47933435720064516,1,21.36598627088634,2,1,-2.5168406676833417,3.843981160918385,0,59.69621311271901,2.6788987742766244,0,0.8223728738167415,0.37249218335069534,1,57.86812775001322,25.669665707623743,-3.306233472747115,23.14377464797493,24.671655247595936
0,1,-1.2350819576320287,46.98299044473518,87.01002230933864,1.6294448036143776,1,1,1,0.5860594779359026,-0.739651012197606,0.7788180038571199,0,57.369032053475124,0,1,-4.101236728957963,5.389099543215134,1,56.77531437539959,4.605171187355014,1,0.4196270978700425,-0.7362488973315748,0,26.850658885310434,10.252035233578493,2.1330240366708075,16.42618419754358,62.54392456632834
0,1,-0.10204785643876135,27.591481723307663,85.42829786540594,11.97091832165214,0,1,2,0.17506947205622714,-1.0316992338105277,0.4228877480846616,0,79.11680807227489,0,0,1.0926343322926648,3.8108172389529735,0,31.952353804379054,12.671765815215217,2,0.3558076894246895,-0.8869457309966716,0,3.149666628338638,39.262911953602774,9.681645471492502,30.746690849908628,23.169808183352096
1,0,-0.4940863453819394,33.95601130613081,74.87670885560752,2.2579346439054797,0,0,1,0.18094983924918034,0.3483417715110926,0.873472171209672,1,31.470125815662048,1,0,0.6770994720222419,2.1755383956487013,1,42.88212470380921,2.536556507245546,0,-0.21569488148368016,0.20510949379652554,3,43.13983478655214,16.212753303842668,-3.5863078234387,30.461704957886056,39.15871144907279
1,1,1.0547926239541918,46.130979394201034,28.538947455174224,3.013684174761562,0,0,0,0.41239396498686015,0.33714086844897034,0.1046786494232183,1,20.85012324151061,3,1,-4.565321292866823,2.30178148801292,0,1.560150027561873,1.8724169745856845,0,-1.6621531332486852,-0.10450554731610197,3,68.83483443279422,16.302955669464467,-4.1332827714287195,28.815997136279048,31.969982243398825
0,0,-0.09190984862789872,30.533076579037772,49.176193336863264,0.6638321010183099,0,0,1,0.1831540179875436,1.1363413924044525,0.26721643368854675,1,25.899569525397517,1,1,-2.5324615179058005,1.9696854360347806,1,67.9909714635288,2.103603772648189,1,-1.1608312127069191,-0.2778892615556597,0,60.75700007312658,10.090482105643394,-0.04011957910426567,7.5841878251685895,35.66707936855612
1,0,0.0767895046702756,27.103174973372322,50.507143970137015,1.764920883001212,0,0,1,0.255862747358956,0.8741014946547607,0.7400542728213142,0,18.926785005118045,0,1,-8.705217713902739,2.6098678252528895,1,23.149489819013635,2.0876806224862605,0,0.06884529675593518,-0.30024289375167107,1,58.456484134283016,10.729213992001991,-1.7533705885586333,6.231109649829136,34.442417869039375
0,0,1.542901698399085,50.87749754632443,38.95315026347404,1.7094273215803157,0,0,0,0.4002495497306507,-1.3117840480851846,0.5283893284852316,1,50.055606850605024,1,1,9.958995673688655,0.9740590307042344,0,47.499096877751406,1.9299673289292323,0,-1.6845308914073778,1.6000677888636847,0,46.31582219430096,4.796529239666816,-1.8840281374019767,8.723204067940955,67.76105577711095
0,1,0.7013988388813203,42.63078744762277,61.758622801794104,1.721220864528946,0,1,1,0.20117087387251503,0.5326919955424465,0.35250080721244564,1,29.27935581925506,0,1,-3.731844141805145,2.808460578603623,0,7.579972767215342,3.6535462977369906,1,-0.9891449929337985,0.1825512805084269,0,44.629937930946326,9.022412477385611,1.482269578565969,22.405907032527537,42.4866286240413
0,0,0.9286312467404549,29.10062321200783,60.001915371849144,2.9968283203460757,0,1,1,0.20038356404049634,-0.6222748677939528,0.3107402807942011,0,42.977574638031626,2,1,2.6286387172469343,0.7550681763508883,0,16.052812133098673,4.306018900067971,0,-0.8031710036329507,0.2903617472675958,0,30.562219378089907,15.818301981622188,6.961830232191435,12.80386419266543,39.52828307325461
0,1,0.8017082252111343,43.698397413697094,49.731258049412546,2.9544498332017888,0,1,1,0.2674501173133951,0.31301885194662393,0.4878961358183377,0,33.236786230837446,1,0,1.6997663308868312,2.30594776643136,1,33.47137329111379,2.357843225316653,0,-0.4454789852804536,-0.7453488523000372,0,47.53754503390952,14.193675362448774,1.1602291100354112,19.864736378336563,49.338308044307084
0,2,-0.3810763377116106,49.92086946788092,62.56229959055906,2.691425315772544,1,0,0,0.6885050441492169,-0.20214488362622177,0.6572931455499746,1,23.72955089728469,0,0,9.998875785145302,2.403847586694491,0,50.96413460374883,2.373876940085336,0,0.11361189904387872,1.0411277662367302,0,55.729864238607774,20.976377235494603,-0.8959710422853266,19.503297134789843,33.6365080233702
1,0,-1.098001951860706,22.274010680295024,15.564768477020463,2.0665240718941216,0,0,1,0.09162529224464161,-0.17025348078580363,0.4004757760015628,1,19.9695470203825,2,1,4.80125525701952,0.41955417487108515,1,33.69326719576764,1.2961326922838095,0,0.7201121785121533,0.12824304022262992,1,75.9026476254982,25.532888707188356,-3.0766900486328055,1.6507479643832257,40.16045612229712
1,1,0.7024971407867838,39.61530329042768,87.66870669334112,3.0633754093923424,0,1,1,0.31129072867949825,1.5515261418262072,0.4041964517580491,0,49.98222957664497,2,0,0.4168394984029806,3.564151810660275,0,6.243306679744096,4.578557977394465,0,-0.5949218609500813,-0.800563690581836,1,23.07255341041244,12.880076509341759,-1.090926033109131,39.721458039399465,28.427132167390873
1,2,-0.33903466530260373,66.19534032875801,32.740699464078695,1.794501361440186,1,0,0,0.8881642861178274,2.2421923127892374,0.08295306921063655,1,19.48349618210429,1,1,3.540820863591538,16.952672292821244,0,64.66906573429586,1.6761965232639153,0,-0.7516904355246982,-0.22467052320474604,2,72.8289787168112,12.581580316856869,-5.831922480299022,32.825260698954466,39.29817445354108
1,2,-2.002513488493336,39.9817069359427,39.46392508435841,2.267799150574907,1,0,0,0.6442727672108255,-0.5625733785452725,0.22310013846215676,1,21.679995275632518,1,1,6.957378510195035,9.035192799198265,1,44.9946904184262,2.264184176489067,2,1.7923496106245669,-0.2708404736575798,1,65.81444967305261,22.86546645774767,-4.039709408457837,8.16194528502946,48.935189541938
1,1,-2.218861214175298,28.159781902674474,48.49793182107437,2.4481139366800284,0,1,1,0.19471027991815237,0.45949619212619,0.5472121208969958,0,24.929844032515813,0,0,2.31623762321753,1.8620684610569835,1,42.26650647425831,2.293297024792792,1,0.6705401114908742,1.6294817830201485,1,78.05954842580987,28.45774758284525,-1.351991890280857,10.30982664796376,53.522418713442875
0,2,4.2924871773534194,58.79011306127402,55.07949319321833,1.134696110093519,0,1,0,0.42355463857850023,-0.41050069899519326,0.8409471275931955,0,37.06587338082651,0,1,7.2053130360841,8.976346179199885,0,54.31009637925002,3.6023439673032596,0,-4.471530479698497,-0.6902489186996462,0,41.31751526600227,10.421097064466554,5.634748261607784,20.895863317671136,41.758152412015775
1,1,0.5061492017499984,51.011094520578176,49.68560311684162,1.1718300332612506,1,0,0,0.5853800241427498,0.26074877876716973,0.5762507029609583,1,19.1712705746369,0,1,9.298716734888796,5.621510301196455,0,31.50128326595128,1.7958357558623455,1,-0.2751123599478585,1.5467761814487833,1,68.24908391709054,12.882703978954012,-5.954108576820679,19.675521515179334,39.715951694683
0,0,-0.19185427167629326,19.535995972581784,93.57362718533797,27.039677943446694,0,1,2,0.0608606385712776,-1.502618459937577,0.16513490646980827,0,79.97836205655544,0,0,-0.6090426939032891,2.915419403829562,1,55.99434258604143,23.61620905568493,2,1.6766777280035237,-0.1231167344400192,0,0.42112638473773556,39.97569327885428,9.984727028092465,27.81652260950598,28.94110514103498
1,1,0.31192311542219053,42.72066794975662,17.461813876990874,2.174369423139805,0,1,0,0.3273154203071179,0.6232746584756782,0.3449420125655124,0,30.490444518050694,2,1,-1.6946777200898122,3.0669653119495255,1,7.449783713885396,1.587691706382882,2,0.07226573227870196,-0.6963155921707177,2,76.89037745383744,5.557028643159425,-3.2889205053344455,3.307106634832928,45.58475588776934
0,0,0.6923522176821483,18.337223698133897,96.7147783501284,54.598150033144236,0,1,2,0.06256119345679018,-0.45294164117856567,0.9075286228079356,0,79.99565681957515,0,0,-2.338659182561102,1.2568948032295755,0,24.981285860508365,29.5630329481052,0,2.765746744112305,-0.2946360430136109,0,0.08137066708954754,39.999999989711355,9.984811232202787,20.76849837230774,20.2141568817743
1,1,-0.24278822466896682,66.96266039762756,4.004826397651401,1.8797825828677035,1,0,0,0.9739803870458688,1.4419813690848415,0.6754168393740755,1,22.748135986369164,3,1,-3.5027079665295924,1.7844642640310877,0,56.836764385551405,0.9257434461220337,1,0.11283404595204496,-1.7343073408192502,4,91.66876596160792,12.021511191044452,-7.724525887724155,21.976480811971474,40.271985186635774
0,2,0.7354414892078699,41.481564870077904,98.88884725133283,17.78687737694022,0,1,2,0.34678357912112157,-0.043597685764292106,0.5652335913871087,0,79.9315295657429,0,0,-8.34802444350181,14.190361447167058,0,61.16885920253595,22.24478908119904,0,0.7872309112273486,-0.6186176148004011,0,0.373144432508804,39.209104403697246,9.777173468327703,19.91989103309202,37.15392495447138
1,1,-0.7743414383731193,49.70293575929844,46.34506555372064,1.5519241527726981,1,1,0,0.6248984846984932,0.7706649913417534,0.8367761790842984,1,30.858463283943138,4,0,6.539017829145397,2.4313799301640384,0,31.024344258497223,2.167600097747795,1,0.20979703725647633,-0.0061821695717590225,2,57.073640501452125,6.755787266678375,-2.953671057140353,11.369859696319686,37.319108824832135
0,0,0.2168232458593508,29.76230337777882,50.0185473133775,1.3848406301034466,0,1,1,0.21270747491974468,-1.2235729801138548,0.005214318978924548,0,36.25237801911904,0,1,-9.08716536691032,2.860323245967281,1,8.390048209123243,3.585480186265222,2,-1.391125750064976,1.13018024097737,1,36.22023891711625,9.935208824304153,5.385028975580209,11.894686221976084,64.62696977362069
0,1,0.9245141527963375,44.297451937144615,74.54031777245424,1.9357673175276355,0,1,1,0.2691920765216129,-1.2068714427920448,0.6991758141091882,0,46.23161727496637,0,0,-4.7430616077917005,3.6548161090711413,0,36.16685247179964,4.084539282338913,2,-0.6240900667969367,-0.2607304742730468,0,26.412303749405574,11.358426625677778,6.211977924325698,9.9193496572395,46.96673346819093
0,0,-0.0035259916078592374,24.010324121028834,57.841190234562845,9.434905260359834,0,1,1,0.1628732283904486,-0.8259109461172058,0.4044819142049978,0,73.74289918177159,0,0,-7.15726709127417,0.6295123053347844,0,53.8160633203597,7.148311716244131,2,0.9494544629409971,-0.31817719548914025,0,8.124651545303458,35.79828492151468,9.865508694494046,7.7155816459995386,32.96391517394492
0,2,0.9676628690916838,50.981363835901305,98.82280755467022,17.049829943638667,0,1,2,0.39071656913509345,0.24563414452667437,0.5786409832333562,0,79.92269833833905,1,0,-7.232444418273465,15.093575895730806,1,73.6622876628268,17.24972073047556,0,0.5770608123329075,0.09063630468549358,0,1.9269524409819994,39.2878630014283,9.476232680099312,36.02594936707116,29.590053446728092
1,0,0.13145501390596864,54.88061853358822,21.986694832943744,2.1552513160896845,1,0,0,0.707430298730283,2.461417689587228,0.5383502638303044,1,22.4288492326314,0,0,-4.707768386084849,2.235128539912479,0,75.25016533117432,1.666630920975962,0,0.2658827442212473,-0.41867138214879257,3,77.50787688383092,11.917610496062858,-4.527049826863994,20.103899445547306,23.652679756279653
1,2,0.28851720403340564,25.45547178667696,70.80728338795168,4.187113663487802,0,0,1,0.1964925911451042,0.4268014843463139,0.7292542856575955,1,29.967776336263267,1,0,2.905420563743313,2.5780576311914354,0,2.0824953312013594,2.9662659056798075,0,-0.2283642078092193,-0.16047073815345153,2,43.95935492198521,26.81901329048266,-2.9766597428649835,17.969891940693557,19.674473978721043
1,1,-0.7015369193940577,45.76963278471459,39.867265891228485,1.8770120841124087,1,0,0,0.5344902607794199,-0.6892102330984897,0.3244799230158177,1,21.482427220262966,0,1,-0.7171382571632741,3.0441580111923865,0,34.9724693283959,2.041218937368595,1,0.6337071996297344,0.0427409103439613,3,67.60645639620147,17.848288911099853,-4.482973450744419,22.98938229306575,31.058357835476563
1,0,0.25587077824518767,23.79200763591932,30.44267914136095,2.084802332768573,0,0,1,0.1238422029446754,-0.017300615237573435,0.17123312542138197,1,26.992985407342346,3,0,8.733720524205953,1.3821597861386763,1,24.755106446502346,1.4925892165938832,2,-0.3063261428104849,2.010220207198814,3,79.5183373337056,9.877621090109086,-7.501150501245045,14.049331612031894,20.65129814766254
1,0,-0.054235556551524115,34.54772032844157,5.118793044128051,2.224214971547944,0,1,0,0.31816688763889134,1.7518271282063613,0.0024013394654706643,0,22.263348196790087,1,0,5.379201128470299,1.5169524399996515,1,63.49988706240519,1.3217777656127794,0,-0.1755015996699699,-1.4948643599057843,1,86.87752543248143,8.253202505425534,-1.454721324687263,3.6356555104419175,30.5881397597414
0,0,-1.531966399657931,22.339482007209128,71.98951617670198,3.8499409110732916,0,1,2,0.20795125589608965,-0.16370014766136726,0.38833392457656063,0,52.3202891328123,0,0,4.85384205093805,2.6032514594379204,1,44.979708264823664,4.340224106172299,0,1.499617741046044,-0.4247526911090126,0,16.435844805073675,30.7928398473615,5.428854181075337,9.565297686162257,44.56616247870312
0,0,-0.594955217663152,30.97462287154314,65.41863156256933,1.5762359051277512,0,1,1,0.22136101437301559,-0.07213752563711257,0.8212357223710758,0,25.735537718879304,3,1,-6.697279113273716,0.5527277382624786,1,19.41088618133201,2.601589492592697,0,0.35680557359473153,-0.0681881491579878,0,44.68895434232948,4.407802394713132,1.9003491968408106,9.596527363430932,55.93556289281968
1,0,0.35371383920074984,51.95907678746543,33.822470426874375,2.5199407403018492,1,0,0,0.6385870691259633,-0.14556286385206182,0.8804850415150864,1,25.694736320043468,3,0,-5.946978922119117,2.3263555731218872,0,41.108099780031196,1.8238120427377598,2,-0.33786790129232425,-0.42000587474272005,3,68.1025700399826,12.078664909064498,-4.693587723883005,14.702558339660236,40.75974239373281
1,0,-0.940974799581032,20.062909361354734,44.74376378922261,1.6466062688526042,0,1,2,0.11246826341215488,0.008073588721074136,0.18076402566159983,0,22.290603030072592,0,0,-6.240330059352333,2.050396739067916,1,0.535360174936228,2.9382882796821006,1,-0.06196080488082205,-0.821485869607984,1,62.96666876903867,17.795122915467566,-0.3103276396092376,5.934517619883579,58.4383935673781
0,0,0.5508715521240204,27.498974842608146,93.0748174650154,7.74108941363747,0,1,2,0.21754954132024185,-1.7017325349356516,0.7840400452014249,0,77.3597259060198,0,0,2.5518085875048087,2.392611933782641,0,53.2998172162348,9.455400399373806,1,1.683996514607645,0.7791183330456761,0,5.317438466347907,35.318774337988,8.325565869735208,31.522005694862173,43.41180326184923
0,1,0.5348407455321312,27.323056486506765,93.19977637870868,18.452382042478156,0,1,2,0.1621454223142461,-0.5277579588080926,0.7393523272927378,0,61.77526743625393,3,0,-6.134732971275705,2.315092590673602,1,56.8938438876644,6.089174625214749,0,1.628933819256082,0.10847793145135082,0,14.676639076537517,39.61794977805626,2.5831505038971727,30.335748767276595,24.964698990015243
1,0,1.239862649037132,20.109392403679426,41.6185908235496,4.86223439247626,0,0,2,0.10914752350376244,-0.10248159420916485,0.7413140364192473,1,27.154168187242593,2,1,-6.183947420806447,0.9825003885287058,0,39.52468252262433,2.01160475136073,0,-0.16218368297345775,0.44966930787786313,2,67.06203719512325,23.526643048799706,-5.05698565541969,1.42785710834884,26.028207142880646
0,1,-0.2296187542094179,51.459982672926074,71.82402879532538,2.3518339808894884,1,1,1,0.5315416905604938,1.1965279953534047,0.8742548428312668,0,62.95078236642853,0,1,-8.392560079594979,3.5632794903183855,0,34.03340885117752,5.1702682217074605,1,-0.060701888631116065,-0.08069877818439196,1,21.356632305523636,21.287660304369624,5.785550551314502,13.982352546486794,45.384733029895564
0,2,2.490737913674397,36.39437518379882,64.30626959784398,3.6661745356789,0,0,1,0.1731133443281453,-0.4425228441288442,0.21133639706380464,1,20.602950099776727,2,0,9.975202226141665,13.729204409348824,0,67.3318137837239,2.2610686285172976,0,-1.7376471769437587,2.025424992039779,2,59.31068686690868,9.67081969430194,-2.977400554190652,12.647644094128413,41.925789885146
1,0,-0.9475627892048841,68.56819330073925,0.9540839174452698,2.4169734536313965,1,0,0,0.9767235298028841,-0.2871381525939793,0.33386470453526573,1,22.03921948983892,3,0,-8.359111711063136,0.6817496784675622,1,61.39977919311814,0.7514259363135436,1,0.6654646922603882,1.0128703093577733,2,97.28093514580787,26.451713498934687,-5.273337620469886,3.1387723745173757,69.99063826911089
1,0,-0.7950157169757485,21.47431814008767,57.24240997380473,4.063688987541526,0,1,1,0.1457727548031742,-1.652413791599129,0.4032266287246152,0,26.89397736742591,2,1,0.8808962850602775,1.208307471773193,0,45.375621661440846,2.5340893006462872,0,0.8802091289539544,-0.521095953454463,1,53.58224076468149,18.95872624241226,-3.6962955535360633,9.121770708288203,38.691386493919694
0,1,-0.41144534283270195,27.53739481536381,66.11891729209827,1.56810819635276,0,0,1,0.15988348339729064,-1.6621624004408255,0.5509666413437011,1,21.337611770338718,0,1,9.568701683616599,2.534008266642148,1,39.49183488583627,2.3515720657588663,0,-0.9943109845797748,0.9501312581582668,1,59.27761666986684,11.188119675093603,-3.984632657206081,9.96318873578285,53.71859885250576
0,0,-0.5638483704588955,18.067981106659126,81.6697056656759,30.092761609233246,0,1,2,0.07148709101641604,-0.2545465277147991,0.6018289572280797,0,79.8318876492879,0,0,-7.044516216584832,1.1268735527678606,1,52.434725085122466,17.089206735156793,0,2.537454972318467,-0.6023564731378163,0,0.9076642298328164,39.99407686938735,9.97777851337905,1.6963505648190558,24.863115361066615
1,1,-0.3893795165582606,64.59311850872837,6.2602104714527265,1.628039658855244,1,0,0,0.9190902856832739,-0.637600579558902,0.6505637783499487,1,20.06413760828828,4,1,9.474634257073028,6.023879304962736,1,65.13767967402784,0.6887897894695488,2,-0.19425085457298258,3.0605909915722114,3,95.32200059660244,5.554871394116381,-9.315365616876178,8.45561132865241,34.96697561887376
1,1,0.1542840971585999,57.79900683517633,36.761874437256004,1.6233593816597804,1,0,0,0.6960337477582679,-2.9625167457436374,0.6300566944214666,0,26.457364799589445,1,1,9.636240884215784,5.032768089015595,0,32.925538910143835,2.0258358934453415,2,-0.7205285255454223,-1.5815804270535345,1,67.43536645598982,9.003005539984368,-1.8043375330861036,11.713897367484304,56.9622027832234
1,0,0.12843709704010248,64.62230791828495,15.229436475763508,2.8287445556992483,1,0,0,0.9082715934366656,0.8407918290331066,0.7336872681939868,1,20.698644619761176,4,1,7.174768950943328,3.9987714596635535,1,70.52127127524719,1.227932025140206,1,-0.2425224669573197,0.48707041029981896,4,84.56676991412621,15.508142031016348,-6.914490244299331,18.73771277221793,59.843441195213
1,0,-0.7466210126739687,40.734807246826776,68.57797462426362,2.8704911065915057,1,0,1,0.43605523568998866,1.281065542202516,0.9877335425153897,1,25.599461503734435,2,0,2.5988914993596666,1.7296637421160383,1,34.19917825375165,2.573376020067612,0,0.749689772977839,-0.13205572386411663,3,45.367973970454315,21.977411794340792,-6.0329167371017505,28.235140501652264,42.66128357995418
0,0,0.10154401756714883,52.638363210354186,55.48463222699671,2.240903363880248,1,0,0,0.6482988719120435,1.8617523375519287,0.7068642524041956,1,23.063020426955717,2,0,3.285705643460517,3.7582047472338003,0,65.61264271083263,2.0995884727204523,0,-0.21755797695709483,0.5280695860781572,1,59.85270216365555,12.858411309484993,-2.26568797909599,13.74851809915719,44.00405331699163
0,2,0.22740939510613972,69.78055794240868,78.57747589660352,2.6079486558585643,1,1,0,0.9995126645008636,-0.859615047061221,0.870917828211445,0,67.93779788419167,0,1,-1.918921847347539,7.148419608636823,0,29.929802605176103,5.531153129437987,1,-0.5325673956952925,-0.05972455787558981,0,14.298758482482388,10.0602288314724,8.157974839869485,33.15554046757228,69.99978772475491
0,1,0.06266248197894406,20.137018288201222,90.97660047059111,12.500609869336047,0,1,2,0.177809953388731,-0.4297238778872607,0.5856877831873151,0,73.2655497828857,1,0,-6.646277526431582,3.6529213208541758,1,10.210479389368835,8.289196276266988,2,1.1533936284009585,-0.5751326641943724,1,7.924628291204189,39.53085912257541,6.355168060432927,29.872157294425907,23.47800963967096
0,0,-0.6970732680225278,20.279707450150568,80.94892005389988,2.63514961153791,0,1,2,0.04441613288258789,-0.5345182558924296,0.12120998440589265,0,58.054906984540054,0,0,1.5758126882990897,2.600460955232784,1,6.823315464330344,5.310722560109951,0,0.36678020823172547,-1.7440418181689676,0,19.79463716114455,27.93674466759715,7.64780531441485,19.17452789063127,47.212308607660944
1,0,0.7138558409479265,26.68989674093453,36.07310165601365,2.491693396768863,0,0,1,0.23983487360818667,0.7457952313405312,0.30449951424245403,1,24.00049860773317,2,0,9.375992001711165,1.476803784883844,0,0.23110097870831403,1.303015464965885,1,-2.0949944265248477,2.5946830664337073,3,77.87274723840308,12.01549655848488,-7.6247452093115875,20.612440917414343,24.27642901670746
1,2,0.26033524909770744,69.17765198677007,38.23084831675968,1.9346785552834944,1,0,0,0.993129321482596,1.351577339612214,0.5175194544335957,1,21.414488916082192,1,0,-6.984837739792054,16.381571930204263,0,22.323370643675098,1.9838470102688324,0,-0.6945125910119984,-1.35443285840087,3,68.99491096910525,6.412696581946937,-4.872970934233415,33.88180634382712,66.51998909883949
0,1,1.0926449847563158,18.840901568451397,96.69586352542325,54.598150033144236,0,1,2,0.09035840120456978,1.1731906406382664,0.7183762396973727,0,79.99952969120257,0,0,1.4328788707580777,3.8830091583837882,0,25.642207991762895,35.55313482865138,0,2.125804059735341,0.04951346206371946,0,0.03832363977540054,39.99919344760897,9.996890535185837,15.260083814511214,39.39653022594846
0,1,-0.9778082345732696,43.60849257554909,60.46825254146787,1.5002642642985067,1,1,0,0.5655324061304651,0.12268369947355655,0.4093170112255714,1,30.742345606302443,0,0,6.078957750772812,3.3823825256286324,1,45.275496788214234,2.8382555737231385,0,-0.08608563488758257,-2.4547441467775153,0,48.7438271110115,8.187783693273316,0.088510061871796,32.406147651231024,50.30865392738225
0,0,-0.7424656769908632,19.728807099954082,80.61969517698499,11.638399318473745,0,1,2,0.12209046987322897,-0.11572361913367908,0.29024446957335204,0,79.5573495882651,0,0,-0.002911717513772061,2.5985644643315386,0,25.42235952291952,14.930751464581748,0,1.6697313048003648,-0.30275467967611114,0,1.6326249821073557,39.80302039833343,9.921916478994731,7.14911833661434,36.84852740777273
0,0,0.5550339647747797,20.2882297317767,82.6551644799846,14.763972498205893,0,1,2,0.12128266148623101,-0.3621250700910427,0.8826136121398275,0,75.10736802848466,0,0,0.8393457606272907,1.1523853718248398,0,53.5336600662303,9.08540396922364,0,0.9210412285418,-0.48104905047401686,0,5.8377786480033835,39.025444188255264,9.378792389770041,3.2352608677282757,27.13008610476662
0,2,0.8795983864993746,33.059538548372984,89.50024875217647,5.41797013946107,0,1,1,0.2806440610729515,1.0930591414708837,0.3389326174803577,0,64.31497054847765,0,0,9.093736238377833,6.4910310948211,1,26.228391655732374,5.334660618913711,0,0.002653896588265682,-1.009248462544909,0,16.680720381006658,27.612202671198887,3.391303079313083,37.766828676201435,25.18680109872956
1,2,0.3950363572384239,68.69358878802088,67.99040806934289,2.562482136771681,1,0,0,0.9835936428687972,0.29998507804028607,0.16255387540733224,1,20.66269692499326,1,1,-9.442223223189071,11.486591889743197,0,45.878851416031374,2.922863743990296,1,-0.1529937090513879,1.053538198967781,2,50.179610500820445,14.955680056676158,-2.9266251413883326,39.98098360558188,44.084304634783464
1,2,-0.11722984088952672,39.785986971226905,56.638343005278514,2.1269261841261202,0,0,1,0.3128277919274547,0.5306402241176696,0.25974894656771713,1,20.27291340240657,3,0,-5.859442577806733,10.727826390684552,1,13.033923299000483,2.9158136059898148,1,-0.10256583447540343,-0.3817883830069881,2,52.64538634883515,17.978525926738907,-4.569668366675662,20.53854875372759,32.36799590758711
1,0,0.011008677712587097,30.344045228112662,65.8518919910791,3.0647716565739267,0,0,1,0.1834790505603653,-0.4224356623085964,0.5823965372922805,0,23.88790856342939,2,0,7.82621621579149,1.4928288558870828,1,42.196668705646175,3.0485240714717623,2,0.10912790549909379,-0.34606782658723956,1,57.86333011474202,24.623091979397262,-3.1650812014753633,31.012712321178668,37.858915998981146
0,0,-0.575229539234251,20.088634300157757,76.30367985212456,13.913502004879755,1,1,2,0.199606411845268,-0.22278591097187828,0.033111623460239825,0,79.99318685884396,0,1,1.0218607813157057,2.499309752341469,1,69.91701099910473,27.179026842070638,1,1.6132316806681488,-0.022437065725048704,0,0.18110557314660602,39.763364305724274,9.999939945828512,6.934520664049726,38.04365864643307
1,0,-0.3167432713564673,42.86327627287734,55.80316583547972,3.55588961698906,1,0,1,0.47979871570402827,0.7091630948019302,0.9527223268585188,1,27.41535613926874,2,0,6.104312636648373,1.081318248108078,1,54.422703048541564,2.2802465654512147,1,0.10322822615692852,-0.647419230992316,3,59.416735478436635,29.35268272618245,-7.254174719860094,31.618126693111314,40.888372263320036
0,0,-0.598195604535739,39.25565542724656,96.18923279162632,4.052808303436002,1,1,2,0.446181288958862,-0.18006184747250653,0.9998408419981474,0,74.09788161621123,2,0,-6.099857309500006,3.777002465864742,1,67.41695981638588,5.981466904185894,1,1.187904830041251,0.19835074803455238,0,12.622667866171417,28.409675949483315,1.2239988734818432,22.5319871938066,55.25584185647876
1,0,0.9059728478237624,30.827652784144494,45.39809154017117,1.3205655356529757,0,0,0,0.1458898053794075,-0.42974219548077525,0.3316358971364225,1,22.14516128826157,3,1,-4.971776258284195,2.991313157283471,1,9.35971936844659,2.1525321479849757,0,-1.8473815922772805,-1.0017577946530305,2,65.60881286934362,7.897860482043633,-4.6143317406629265,14.93499975076676,42.76969298116126
0,2,-0.9293109547284496,33.498023239762645,80.09205846538028,2.0399188164991617,1,0,1,0.38983172030789404,-0.5302779162822451,0.43712114488987447,1,37.68535012775849,1,0,-2.849252742929435,4.173288805168769,1,1.598269846796283,2.7349614285751365,0,0.5344512770108361,-0.17695412361051543,1,40.08522801600446,18.607388616338138,-1.7606073101478596,33.303174765422916,47.15704640402023
1,0,-0.09807000265122741,54.21638900132315,9.909968129086705,1.8717538992846245,1,0,0,0.7671633788529795,0.16700274448272176,0.34675814088822526,1,19.69751682380735,1,0,-5.9089255451845215,3.1226808342692816,0,36.03993567874261,1.5560962797967945,1,-0.21498809569562963,-0.003724370511023155,3,85.07689948746719,13.694773218500611,-4.583059668908093,3.844778484683109,42.97249734848187
0,1,-0.822088120824374,49.02201057202244,41.67753144914364,2.122078445392803,1,0,0,0.7746937123832146,0.5434884271923772,0.2882839916962842,0,16.811726607604605,0,1,-4.288350408105649,6.801469376156968,1,76.76302215063629,1.9528287496057632,0,0.1789621826703572,-0.464660554714016,0,74.30703686535172,18.063638571733147,-1.0879936716902918,9.304336358875299,45.4562406665015
0,2,-1.5917769028199595,65.16329408208031,61.143601516355076,2.068981512465915,1,0,0,0.9566838420897923,-1.046951325142581,0.4607144620924848,1,23.8778880694902,0,0,-0.6236976805780206,7.338247828612189,1,40.465342473157165,2.7430645544418972,1,0.8198818340352169,0.07004944040607261,1,52.972740689262935,21.14531980330376,-0.281888335312221,20.802938085394715,69.97188919794169
0,1,-0.9329128713458754,41.38277972593184,72.50935331144474,1.4766796112193885,1,1,1,0.3891734105706854,-0.1612130876545773,0.39624000952030863,0,51.908569477781114,0,1,-0.3666177896973153,2.4783743640508016,1,17.370103619895264,4.047033042279874,1,0.3112195037495952,-0.2710430042012555,0,20.341013585942186,11.731163744368887,6.835623202866511,24.56188106715002,68.0849210061776
0,2,-0.3291721433126341,35.42593215409618,48.054306476675336,1.6256951614372608,0,1,1,0.23297407244488655,-1.2925714456586106,0.5119824152706293,1,23.810996701804665,0,1,-8.91297063527306,3.2842947886799925,1,58.12404836504568,2.45525957645317,0,-0.34415709473950074,1.2613276880240885,1,56.01651641739688,14.508339612869303,-1.889216224285276,8.589999142499071,31.389848860169977
0,1,0.42577444651659574,40.5021257850876,56.6391321618972,1.872388691248146,0,1,1,0.2939297932838114,-0.5458165240245927,0.382628701877952,1,23.800622341929607,0,0,-8.540371737584579,3.0787394973522177,0,47.14945025024577,2.4004172104317285,0,-0.1042063970940898,-0.35002905222827946,1,51.418510766090975,10.281380617961297,-0.5353597208460652,21.985909178269484,24.554729657005957
1,0,-3.9583299125435754,38.83482123764246,75.37098753939881,1.4306128449978126,1,1,1,0.7792615803694487,1.4617547298491294,0.702904976290514,0,33.166842958262556,3,1,7.459497406946422,1.1031001622115812,1,18.41503094884546,2.678606938706856,2,2.8462390378825693,-0.10628979843330841,2,39.52627279444,28.701247877854005,-4.45846705047252,23.805788174623792,69.62994054160143
1,1,0.8861010157921455,53.37635991632198,15.411639653214376,2.3025518628786372,1,0,0,0.5150990249662132,0.8938902389486097,0.3681242888143824,1,25.82279401435622,1,1,-0.8730260932829523,4.134557912645824,0,42.419472050748766,1.5244667923746122,1,-1.7424488746808482,0.0206500780799667,1,74.6292348310913,8.40954749383571,-2.226285866446174,16.191582406914378,29.746270628361756
1,0,0.0729870572215942,26.504843278149885,16.72205059208772,1.730657810878822,0,0,0,0.2693016256726116,1.686197835579641,0.16418250383379707,1,22.573668025304656,1,1,-5.0119715362401775,0.44637427840516813,0,10.436672014018175,1.6679529377191449,0,-0.24192660555751475,0.5889536335280915,1,79.82708945514591,9.68022143145786,-0.14775915570142573,5.101420023593906,41.25700742113369
0,0,-0.6334923673279648,19.40564543934432,50.89967720777323,3.4000516049904714,0,1,2,0.0880047481081892,-0.49535953447105563,0.06264209017387429,0,40.21895041876721,0,0,-8.567489912629357,1.202030918993296,1,8.40032301165528,3.5546754987316684,0,1.3107303200590843,0.48925360756121417,1,33.48612075691232,24.704648887260674,7.023337833077999,8.197734575172394,34.95002011290333
0,0,-1.5595901628312843,25.803746210081385,41.59293434074468,2.135296319041445,0,0,1,0.1163645490455259,-1.2910852509525028,0.2649823914140675,1,23.39012706797724,2,0,9.871785548176668,1.9212218050411443,1,55.12672315589594,1.4318785732517332,1,0.910862855081833,2.1162067338744426,0,73.30957699589412,23.05242283673104,-5.219731471408364,4.3352891074613575,50.33291798627272
0,0,-1.347337962904291,39.55551593146321,96.46164009311387,6.056020576227673,1,1,2,0.4223190406154254,-0.8140835711557964,0.99776624788667,1,61.51744690853357,0,0,-7.1723258933919425,3.109981426776247,1,41.930027863188585,4.963206728239894,0,1.9973230833170357,1.142095353625787,1,14.169512469691037,38.674503712853515,-0.7871338839344517,33.95770472554476,41.53332832808844
0,0,-0.23385144152359083,26.543825414294748,66.37674223323691,5.3820609983899885,0,1,2,0.2620331873325469,0.2083653070998735,0.43429776856205715,0,63.52912483407693,0,1,9.436784830661367,1.043986903123603,1,67.60670448101945,5.259951128236749,1,0.613519029172339,0.2169444524954491,0,17.545054510154586,31.556817876542667,8.512779401100367,15.435261385702184,23.66812218564572
1,1,-1.4837255464867383,61.79060113517101,48.59230095893216,2.259222652580003,1,0,0,0.9128237298954656,1.8497841641133612,0.679983134742111,1,25.431242170771732,2,0,1.0041767990902173,8.566450787125142,0,20.35790801422314,2.0251978459351525,1,0.9717210134805702,-0.38767244725871497,2,59.9274406727432,21.97428257454029,-3.8109699634979144,32.89535015498232,43.421074438647906
0,0,0.13885871531149804,68.79072351519896,9.208548460077287,2.2458205861787044,1,0,0,0.9701134406457561,0.22396405836967456,0.6987043840984909,1,19.36742728077645,1,0,4.872452140457366,1.5234031572869615,1,44.84465603277597,1.1809121207812328,2,0.01346836636019744,0.6880593277016825,2,87.9186766718446,10.9834671704951,-3.928000939648756,5.956244549271219,68.0976344299452
0,1,0.04700045130154968,29.969383616450145,67.51444704085611,3.48455780790361,0,1,1,0.21669595995105362,-0.5471447331958353,0.2552996946933715,0,31.74381676432958,1,0,-1.4538028243627714,2.4912794399955906,1,67.57653578331562,3.8889201586518194,0,-0.18577975189646564,-0.6946745153166743,0,40.00342541967259,18.167074980989717,0.8633578297508784,26.171357044529962,30.231042423061368
0,0,0.2397672381029338,46.947030146402014,41.93246044441011,1.9399406830442574,1,0,0,0.5220202285500456,0.9613810830134496,0.8054191166889046,1,19.295190378997145,0,0,-4.850167566476115,1.2954542061167955,0,64.19166688999839,1.8636640035592065,0,-1.3103442529819689,-0.43188367770437863,2,60.42468764350599,6.539707009025959,-2.3039180555549628,6.59493870526126,32.43427457289556
0,1,-0.24818210678945662,36.73005262459629,97.2002144712707,11.241756874282302,0,1,2,0.2957443740067882,0.414218971524038,0.3832818176856358,0,79.90176293393131,0,1,2.9892455486460694,5.856768544439665,0,42.18156313411639,19.416194543334854,1,0.8769919364756302,0.41242736745629743,0,0.5781013303059301,39.37691179521571,9.833905227122933,38.13828895740622,39.251050625419296
1,0,-0.7897370080598443,58.9956633282233,2.5960913461746338,1.6071062516474304,1,0,0,0.8360224235256428,0.7722099175982896,0.2673791909783639,1,17.885969792752977,4,1,5.896572525313388,0.7756719963067762,1,44.3024486546565,0.8208947018534022,2,0.9513610200507945,-0.02691962248149693,3,96.4717211843853,6.996157700222905,-8.84459768433684,12.5017129294808,58.441471477074195
0,1,0.49922141425625677,50.72421179957826,39.32929691082518,1.7640389332795152,1,0,0,0.568984150148298,-1.2566203716287754,0.30002550271659323,0,25.870352314243593,0,1,0.19345059971877276,2.345776932070716,1,46.051680638857235,2.084032895944478,0,-0.9046777047503689,-0.17138889824951772,0,64.4540821803164,6.561838075229113,-2.1295038979086804,22.7743066621171,64.04889731614116
0,1,2.8858469505241704,53.78042203150547,10.637788191527791,1.766235695350288,0,1,0,0.34184117552788773,-2.393152730323051,0.002065706274559209,1,20.646557005510296,0,1,-5.968908490007364,2.462772736304687,0,25.410152415436784,1.358407418225344,0,-2.404084730413293,0.2936073084677363,1,81.89965070405559,11.358161559661081,1.6066654274063588,17.030643203418855,28.567178286868867
0,2,1.7598893239814188,65.55528769946109,61.28591722442815,1.403181140908666,1,0,0,0.8742857176301086,1.0587419849587911,0.19400881843134893,1,22.893228875734493,1,1,9.512977705256386,6.171762928260503,0,52.62908781719899,2.1020665701240326,0,-0.45341990243904506,1.8830622202788876,1,60.346295507079326,13.375840551232727,-3.458117590663793,39.15224201756717,35.730462325366986
1,0,-1.026619605888977,69.75124999853927,5.042049541948596,2.4797558789022265,1,0,0,0.9995987857225501,1.7876509576710868,0.6096294426028348,1,28.684963735639005,3,0,0.2924260663868612,2.644214686951297,1,51.52296239459233,0.9161538286911632,2,0.9855679170492972,0.277072114822623,3,91.22477492913276,21.905998656064675,-7.677475867357092,27.66836925089498,69.99924032578264
1,2,-1.086976606819891,53.94640019230087,17.143208901459356,1.9010228023315003,1,0,0,0.7500661925026827,-1.171735727938479,0.11726528747737475,1,27.706437323195008,3,1,-4.182540323887269,3.4721380509240882,0,18.62740121881201,1.4403988464863389,2,-0.10297206225455786,-0.24205432513992178,2,79.487465786575,16.97643432941186,-6.116766660811718,18.329189918657807,38.58516350189119
0,0,0.5007554421921356,26.233487897932378,53.010494293750746,1.9413673804899922,0,1,1,0.15393065136156103,0.658960276727878,0.5108322228113034,0,35.27637641285358,0,1,5.757497347889464,1.4960109546004419,1,54.20494157394744,3.356657428278323,0,-0.6673581417873785,-0.23303561228659883,0,40.366559280537906,19.35137519120844,3.5351220218000847,5.9417317233716505,45.287956339764676
1,0,0.5862907329912513,40.424842837012264,46.85860776089189,1.8664217901245148,1,0,0,0.3947978340519125,2.199544008616632,0.4483201113664546,1,18.501871381571963,3,1,-6.024319263185369,1.5183622153877843,1,28.911608454851848,1.74934809607855,1,-0.995659604719199,-0.022964754266471665,3,41.176793797128155,12.811183825517249,-7.743181479539833,18.5235520949023,29.435937388841886
1,1,0.36865770003896225,69.93411369001504,0.17087377639802281,2.5770851892997393,1,0,0,0.9997327966254017,2.156044439954869,0.7025999723761455,1,20.218856743299884,4,0,-3.525962608668623,1.959699975819147,0,32.06751160511969,0.6447309850879076,2,-0.1061206641800906,-0.21794005175565842,4,98.74244687979972,18.780879466315064,-9.5610110415942,29.253318962287153,32.38478454004886
0,0,0.8593916533760867,47.95664340737832,26.330566974010317,1.6724676464797865,0,1,0,0.3595863027947757,1.2700617950362323,0.1896154200637878,0,24.996607763194966,1,1,5.00336995048662,4.441572263896323,0,78.7311849027111,2.5752315287445895,0,-1.092313416343399,-0.9775850900873859,0,68.94171388890167,7.204592451863756,2.8401527726063573,1.8833980387617477,30.449358170701615
0,0,0.023629556354964464,27.52659632664145,68.05881257811515,2.168300190703309,0,0,1,0.21169319469786219,-0.3545113976843967,0.42967433824087026,0,25.31437729549789,0,0,8.72356192418745,4.137887857173605,1,16.134474738335594,2.834674555045474,0,0.21436381764309864,-0.3352828903324172,0,44.24654741607587,12.58092435818794,2.6734902214787617,6.15355280457988,51.963766560783654
0,0,0.7960050898430402,23.08316356914732,63.769108661619576,11.795707296014488,0,1,1,0.18097666838791032,-1.8129293039975942,0.4471680486019857,0,63.17318587218318,1,0,1.0324755889930195,1.5913620061055265,0,73.18014990034855,5.452075114848734,1,0.16021816515376172,0.02106557539458167,0,21.87111197310394,38.317926803290014,8.84514640923075,1.645832256919133,23.9103289169981
0,0,0.7640875942910712,45.12352801825587,62.22118084983666,1.9500681764850274,1,1,1,0.46423297218789195,0.6637158148599239,0.4879677018124688,0,36.98254845168111,0,1,-6.421890621133145,3.4096366813232537,0,9.01531750973061,3.0855690738290864,0,-1.0465950929651495,-0.0050488131498523225,0,40.03567942204348,5.971100515025394,4.136258974482027,20.325939686714065,41.930680467989816
1,1,-1.7733692181669034,69.93781651032855,46.3130816271442,2.23747013372932,1,0,0,0.9999808178767898,-0.27998354499588396,0.4457477355368765,1,25.202276613830747,3,1,8.346226687869308,3.3562756770721256,1,37.58341692605278,2.0022903143101747,2,-1.42340752613019,-0.22904158145591189,2,66.0630138911269,29.894158953498383,-3.7359887055706196,39.99481149134462,69.99999949415022
0,0,0.27022252983978035,41.74905468456034,32.42099377669276,4.039475399472058,1,0,0,0.5578045682160869,-1.9709215468886856,0.1325482207101224,1,22.030191390873384,1,0,9.16502268780279,3.0623848586682785,0,20.35585981222183,1.5710701953423447,1,0.15316394427879093,1.50364509692748,0,75.33185733229277,21.115104992271036,-3.345157354352968,7.814680096727409,45.5844759534346
1,0,0.7944110862628173,34.93784708634364,11.968235816711525,2.1864464345632557,0,0,0,0.37845403160968505,0.28355396728007126,0.9192005982297475,1,20.016692186384518,2,1,4.683746436653596,0.6720982899832039,1,54.33328480397751,1.3171371077123497,2,-0.420307414179823,0.056828815978396174,3,87.75661297291373,9.356731743600657,-8.298908331541035,2.4902536454429147,21.900888248264838
0,0,-0.8655695256829185,30.488494035950605,58.65773433258602,1.8983895740838805,0,1,1,0.23108871759626481,-0.06036284272499017,0.6218856065923646,0,30.83766743618518,1,0,4.718326838077795,1.835246880079531,1,38.020562061670134,2.617123061966768,0,0.005204019572930141,-0.4566388721186344,0,49.71235275331539,15.779538931264824,0.18619617149979284,12.067886631287752,57.6108209133277
1,1,1.0984770597185958,41.48164821269873,53.80046760139925,1.5067702240723428,0,0,1,0.29440651883925684,0.47195045014409454,0.28540969367308455,0,25.474491315464384,2,1,6.109544648590791,2.490791917606956,0,4.064033129762694,2.396649672185891,1,-0.8761535134225285,-0.1659325848478473,2,57.379722681532655,10.645239100011512,-4.029595640845396,35.3387121513626,28.596630324266144
1,1,1.5106142722900489,54.60872171026871,17.913068391585014,1.7332171447654812,0,0,0,0.4533369586654941,-0.4112362017766406,0.20891047680917707,1,27.802521026850044,2,1,7.843123752893643,4.590257396572717,0,20.150250816894708,1.331959069966557,2,-1.4981241285698852,1.5562081956398315,2,84.5594171578291,9.274175393289426,-6.343479367608986,4.545216929687661,48.47976330063007
0,0,0.2671327522276241,47.27071442289836,22.151974757450887,1.764305866391095,1,1,0,0.47481724475603565,-0.873777451611377,0.1441180399487394,0,22.063394896487402,0,0,-5.42776569501329,1.3138909478882117,0,59.546195526083906,2.234383111265489,1,-1.039340779384709,-1.0990508124762237,0,58.22611100136614,11.41366744861531,4.971530239416557,9.059391741626467,37.888597831491666
0,0,-1.2538159580769388,27.38061996879585,65.90561030896184,1.5556804239602553,0,0,1,0.19590377332863046,-1.587886546511454,0.7169309077861477,1,20.76337463646757,0,1,4.7389514212287835,2.5443664658825518,1,16.889942715525027,2.50867774171371,2,0.6701770869050286,-0.3977032239783416,0,52.93443610530411,7.883373273644452,-0.8046636026373548,10.448770380085435,60.38923473206749
1,1,0.7581591298792599,68.14637270100744,2.1619925500807105,1.7946772739446517,1,0,0,0.9720650957308972,2.236757188888607,0.31331338239809947,1,20.729168246009387,3,1,-1.0574802392444447,4.666380284329112,0,52.30021520869415,0.9505271729667301,2,-1.1332649137604112,1.1589154868406784,4,94.76877679541244,16.138934176729506,-9.048684397213389,17.09076867484588,38.8589234516373
0,2,-0.667239273603978,35.616903283913715,84.00318202145118,1.25492572216407,0,1,1,0.2993252534750913,0.9283086250966001,0.5474645872266479,0,60.84955603745641,0,1,-7.577338960860034,4.0917781943095255,1,0.590414653298037,4.117645381068495,1,-0.06220454669282293,0.17101081705801213,1,26.515180725740343,5.752100271903949,-0.5323178143110141,35.38712446332249,52.80890386100175
0,0,0.49839768451562,27.19678224981264,98.2458846574033,16.547842563609045,1,1,2,0.2950929957766725,0.7378818183307637,0.9998794529401265,0,79.0264843363214,0,1,8.017388635869978,3.562894923035414,0,28.864660959714463,11.926914437702218,0,1.2923088036942956,0.2607639298139421,0,2.3629432042861884,39.49476870077558,7.837265171858817,15.707482915804793,27.358248070211495
1,0,1.1663965725680905,42.77112297938522,80.20363515440667,3.139720780110699,0,0,1,0.3126952036950815,0.005039114688915305,0.38401009820180465,1,40.76077615267606,1,0,-5.26464781740855,4.478742203452489,0,21.003556995987758,3.079276790725182,0,-0.5571051429198473,0.2727315240887799,2,38.653841364406276,14.356426888534033,-2.1694277056841136,38.99682179094435,25.157332628968767
0,0,0.2551160765591012,24.45967897195787,53.727702518707986,1.40874359025693,0,0,1,0.138985682488117,-3.978456454651614,0.5279031908948052,0,29.530922968083328,2,0,9.373169165705033,1.077789088497637,1,59.711194366088975,2.3168825583050916,0,-1.184294182065819,0.0804564223242804,0,58.795254917612596,10.76488251249635,-0.5214579792308829,2.94336021042652,55.022079727122794
0,0,-0.9444086615360575,19.724752023329454,92.49591971715319,30.290893536066758,0,1,2,0.10105328269222597,0.5743093169286644,0.8580589002995186,0,78.29812938676801,0,1,-0.9571589148612691,2.749034286824116,1,56.42185878928416,12.669723405145916,0,2.526469060190111,0.2846916021575936,1,3.175642019673597,39.991039608203955,8.98977261362371,13.213435709343631,36.37102794878626
1,1,0.25517067784042863,46.95371523733415,46.4282222513985,2.344876047781819,1,0,0,0.4481271134859886,-0.08817595736885164,0.5630919422700232,1,25.425249046424405,0,1,7.219507293564185,2.291185268362246,1,7.103933514747958,1.9205782865849443,1,-0.3248942825084959,0.7741422786172775,3,66.90460849936179,16.166861582876848,-5.5745673874925785,29.013448743664906,57.30541788252299
1,2,-0.49806482722113526,69.6963485496853,5.764281340809446,2.206339540346293,1,0,0,0.9994858124839658,2.523098472104316,0.5826533570493044,1,25.50203458052216,1,1,4.611761488569607,5.771592802301775,0,73.39441640954009,1.0854086230624889,1,-0.20626832037070683,-0.21638444783398703,4,89.88497084499909,15.085441248923212,-7.630156055395409,23.309214918573453,40.00472142738012
0,0,-0.04109852808756308,24.40739246608745,68.7371378657108,4.049280372374269,0,0,2,0.17834420126637973,0.07328431392646668,0.5999144367005691,0,37.7734066312229,2,0,-6.15078328287665,2.570980177654775,0,35.19696954154823,2.8679590414297884,1,0.13800478474323352,0.28124948091549556,1,47.36238432785263,30.51562810978561,1.8017303989233753,10.421459297084184,31.45236552214945
1,1,0.8413270218999793,55.762226815018956,29.356014384706018,3.002916857178627,1,0,0,0.6310238901062801,-0.04815058973995252,0.41232378795167185,1,19.92193810676968,2,0,8.760430373293524,2.4001438326785154,0,29.182069452460198,1.6079504285502138,0,-0.8951051065323256,-0.45637906765369995,2,68.6613982249165,14.746680611288037,-3.19977104853929,13.58568833103579,64.73917447476751
0,0,0.4222990079315442,19.28383806873718,88.23607222854699,13.636310212357621,0,1,2,0.13948053966497248,-2.2235585756359337,0.999422832937751,0,64.87390601012532,0,0,1.7391619193630738,0.49402029469815645,0,39.68374238279323,5.9204782456750324,0,2.3777425224040623,0.10376468724201685,0,15.045233241081778,39.46073588793348,5.816915718707625,0.23502038833514538,48.40322294432302
0,0,-0.6807788978960391,22.004093196842316,88.73627966499757,6.02665175652083,0,1,2,0.14511993961180691,-1.114545646429537,0.6033433572401443,0,67.3393209668678,1,1,2.2170455316549624,0.9787681870031129,1,15.769458733814172,5.469342152426302,0,1.1983742646840083,0.3662949731144015,0,14.920364375187223,33.17050091189924,5.463443469613134,21.756505296014414,56.657840570617324
1,0,0.47109843169902277,53.859080410829996,35.65598432693895,2.2236420220174624,1,0,0,0.5645409051085083,-0.2589685874197618,0.8094309594582496,1,21.62296333355171,1,0,3.9694782934497894,7.861569024178259,0,20.732491516921392,1.8123948674889805,2,-0.6723371640651463,0.5691806818796441,1,68.74746862819562,8.410471188002319,-3.079322994742072,2.402327565311948,65.93898236638069
0,2,1.4909027672337143,67.79318079222014,49.29036229442401,1.3236479557129266,1,1,0,0.9418788855077262,-0.4900567011504939,0.6234513968937319,0,26.97396354900517,1,1,-8.328261422548985,6.102952670160993,0,79.99821866026109,2.621999819447104,2,-1.7816853226677458,-1.0064655276411285,0,52.572618631614056,8.932641674930526,-0.19077506842419822,35.73601118436267,27.031450446209078
1,2,-0.4719459015888347,53.531893382328555,32.74587962678892,2.6581949710721586,1,0,0,0.7018292014900522,0.09955976171649393,0.5730876202681597,1,20.499459042222572,1,1,-5.061379269620025,2.065644072606985,1,53.836009131633986,1.709833809042913,0,0.5481493323459625,-0.27909010701747633,1,74.32340605676774,19.962363190463837,-4.093133057194125,19.47662080004456,61.00701154996867
1,1,-1.812988212728618,57.0877727422095,64.64296889949725,1.7598473813043547,1,1,0,0.8545197493673529,0.05600701130782125,0.7048363469274802,1,30.019259935983477,3,1,5.893170545835245,2.941930668289113,1,12.511308738554074,2.614733093944656,0,0.9587181902464321,-0.2584944043763446,0,49.504756830870264,18.06804998850882,-1.6411681407811969,34.44519369302902,65.16082922608273
0,1,2.0127096825048603,40.960252689218294,86.09050313311738,2.3667862750436397,0,1,1,0.3085319023301242,1.6451857504738412,0.7477553863225307,0,68.17915962533074,0,0,-8.145793001727528,3.0260829888876946,0,2.1428486824767834,7.514564307993482,0,-0.4725617363137938,-0.33551859834505376,0,14.175500861961298,15.354905387786475,7.209167688678214,29.510031047198893,47.22737764411117
1,0,0.13811416459106127,38.01668452159599,47.22450628058638,1.567033436535535,0,0,1,0.22886586329261233,-1.8876036850467868,0.7250234564694498,1,21.047191108795687,2,0,9.918629220786379,0.749950460716079,1,73.36880322336779,1.5581642004326548,0,-0.49198203720659467,2.1682302295503253,1,67.04450644902538,10.251762918763632,-5.273353671161258,13.598843887477887,33.003836001582506
0,2,-0.08846745183887816,66.97171384274685,66.54417144966862,1.8943211031361191,1,0,0,0.9770716074332165,-1.594972383463092,0.5617066982932083,1,22.764862643682335,1,1,2.077931762558208,8.532060046847391,0,67.78027193136938,2.6488355423672965,1,0.410539330966466,1.3096983622756817,0,73.87646548944853,17.65875121251533,-2.0006845582692883,27.766273483738875,45.35168811846094
1,0,-0.003259120771238425,20.345032969507212,45.33317575248274,3.2815959307776645,0,1,1,0.08810386135321047,-0.6183125991773559,0.5139680797074326,0,23.811917638622113,0,0,3.485641660426797,0.7372521188859423,1,13.314037821975973,2.1782452611874303,0,0.1291862690560466,-0.8439398426947288,1,57.1302508784735,16.545925050249814,-1.7529476920257014,6.422084039814364,22.88391383459119
0,1,1.2400928016764692,42.788584316776294,78.94225600904838,1.2889756159316654,0,0,1,0.2738767747501959,-0.27487172217659916,0.9099644068910608,1,32.94486274673965,1,1,-0.11771392928430835,8.145995535581992,0,38.621802973416465,3.087780184485159,0,-1.2766599202134132,-0.08285582083888429,1,38.238389654753924,16.37085447693834,-2.439579626603815,14.048151315873445,40.57455739683986
1,0,1.2658955678707953,47.902593615113766,34.3286508745063,1.8863621395915016,0,0,0,0.3440061216823115,1.521203063054154,0.9884303626884021,1,29.50734038190811,3,0,1.306671085461664,2.158363652501961,0,10.313198885939645,1.7817475889792398,2,-1.5548840151987902,-0.723714624321601,3,66.75984204092956,15.082153064102936,-6.630309486078939,8.13971079272539,27.45505094185246
1,0,0.9687122863934762,55.6384511243028,7.516192033059232,1.1891833961248248,1,0,0,0.6415093478702962,0.00776270435988648,0.6165795243322955,1,25.780394421070227,3,1,2.313579606007771,1.0169256934142707,0,61.828566227220975,1.1204277155076554,2,-1.366245859931985,0.29092263173168753,2,87.51211174504886,6.62934485916786,-5.712926199210672,8.61205596860341,38.84291924356745
1,2,-0.20828318394832548,55.13948588096055,40.06470922282789,1.7877597897602653,1,0,0,0.7251239545271142,-0.3560518338238717,0.26635059433803965,1,23.480150263571215,1,0,9.112844706870398,5.297032657883361,0,13.32556392463745,2.068154835235384,0,-0.44722318342637124,0.9553737840832661,3,68.85662691333889,11.067345358558978,-3.7312726280455166,27.77490936222182,29.194728016911796
1,0,-0.18803608499296107,45.92601415378141,20.81910279988301,1.838118257924561,1,0,0,0.5107239066280913,0.09911995386329207,0.37270185729438454,1,19.301057242756304,1,1,-1.2731849345038686,1.3207223118387084,0,19.174698581783275,1.7688995514416335,1,-0.12714791225913152,-0.7557361163716381,2,72.5448818140197,14.575049429191566,-4.138283511036002,12.28279311611361,43.980456307991744
0,0,-1.888105317617455,20.209676715518242,91.9662114684953,12.643504105841407,0,1,2,0.1578605349714619,-1.883614345726475,0.18046475890183156,0,79.85125297875784,0,0,-1.9179558969913444,2.4209256054118318,1,47.055624803573494,17.393855157289266,1,2.5858555820247773,-2.1873080604053614,0,0.45446499847344723,39.90594909805697,9.978969075102523,27.934760976583522,41.47142707129403
1,0,-1.273026619184108,27.979882528079997,25.38943775957762,1.2801912042547612,0,0,1,0.1774382305332735,0.20774850887326723,0.4826792330452151,0,27.04065142804029,0,1,-4.956854090981016,2.132248181629124,0,0.43048777292825413,1.7170922886616373,2,0.35139514605028727,-0.36056808674900825,1,75.02893774727494,9.571859105021796,-4.187086966187811,0.9137451573740907,40.58578927119956
1,0,-0.19657346316297608,49.897929071610776,37.21784909765818,2.9900018036970906,1,0,0,0.5082400712225894,-0.24468555503221745,0.4944244296561333,1,29.07696214509775,1,1,-8.96333150213515,1.6315367837691614,0,22.685869434145232,2.308705168391192,1,0.2025080871023674,-0.6287428784411543,1,64.38063865976427,16.179097021785765,-1.4090400851385798,19.260819959317107,61.06126188850161
1,1,-0.6887922741085116,62.30790837837988,12.195281667061659,1.6835943556877095,1,0,0,0.8980591910598057,0.18696320997542532,0.3564453537824271,1,21.284460191313276,1,1,-2.336108778384432,2.1553805060486155,1,56.546896958783755,1.4477065099702342,1,-0.7288824993268416,-0.18299913303030033,2,85.84578333240583,11.27831946596222,-3.905568172343223,15.82923789040864,40.51500848156631
1,2,0.37164741543280017,64.58181021616832,91.67452381525135,1.5811553254156565,1,1,1,0.8643635599467658,0.08091434064720035,0.2092849743206992,0,62.16569408923472,2,1,7.948490400393432,28.924203393483516,0,5.970062820092994,4.2800170123718395,1,-0.795162823839148,-0.6603546563139836,0,22.018688767444406,8.371340008610355,-1.6500795812858122,36.60147944824563,30.672443818517888
0,0,1.865675535882033,34.10823562874503,15.794308521325146,2.28807399273603,0,1,0,0.23050111513933158,-0.7638830142345987,0.5573002390637545,0,19.93143452186687,1,1,0.9003099725116126,1.4844265994852905,0,52.21624907766051,1.9427473965696105,1,-1.0773288949690987,0.8805459301940045,0,74.6527200824319,13.130579989981882,2.9887716612558854,3.2226290557120563,24.432961220776544
0,1,0.23577323943705028,63.61776932241129,54.08240409485627,2.305402164213152,1,1,0,0.9096201726331122,0.46346798271917744,0.6534594722844014,0,43.80691872036853,1,0,4.625482862841594,3.53835558142197,1,79.66354010198941,3.119285666980811,0,-0.25827868983032026,0.9757751551138061,0,47.428570256657686,14.217830127024003,2.6369332019874,21.200629293916453,50.10350433941764
1,0,-1.6649282539922075,32.64012926074803,43.752890731724406,1.8938347452504085,0,0,1,0.18862848290089085,-0.006521249008482188,0.7058035190318108,1,20.606491419373718,1,0,-6.976461677290507,3.1084284767535855,1,50.54329639382775,2.128968310447296,2,0.5109132176944342,0.1328744108371762,3,62.90739225680666,17.536560881670226,-4.976129472370401,8.442106113966814,40.4946531344293
1,0,0.5074573852000938,33.23286335278056,72.95567877922369,6.2016618065078,0,0,1,0.22364958797257578,-0.3859807382313371,0.40478588356275375,1,25.73297573375679,1,0,0.0034155948442577966,4.035979183365544,0,10.734644223020533,2.7550727192363142,1,0.07022122181248186,0.9242194662822841,3,48.838391099635984,28.96655228906971,-5.419895299011203,33.83073480509542,24.68941668882248
0,0,0.3310641454348538,21.392759004742167,87.01802151721336,11.206236740593521,0,0,2,0.1528753051311303,-1.433360825792539,0.919058390865128,1,38.63293272299217,2,0,1.5351121498167597,2.4008805650679577,1,43.67903849850278,3.5733078317688682,0,0.9028074893323765,0.5571486106107518,2,30.56033912133363,37.234932387615736,-2.6620970422766828,11.869182279967047,23.468580068805107
0,1,0.2786391007233443,41.38828858815637,75.6396491097568,2.1542733163150514,0,1,1,0.32036867374924854,-0.09336532435001375,0.35723652274754814,0,59.29422691199618,1,1,-6.498568714819157,2.780827915085446,0,33.1569021953626,4.6684882744400324,1,-0.18826850834698247,-0.14850802772192162,0,23.027216665539818,8.144648389789031,5.679781010005138,21.781687924277975,35.52268175066213
1,0,-0.015200209461091602,50.11927379129523,22.495945626436452,4.362869667214357,1,1,0,0.5768814968083051,0.48929423177967685,0.581838689939685,0,19.484808395758137,1,0,2.750763148753215,0.7257599181370563,0,61.321207904813726,1.9663548857056719,1,0.38021091936470375,-0.30662916290106806,1,72.87014267860118,23.856246788093483,-1.6151806753015272,12.971964875334795,34.08180276308059
1,1,1.542532107233904,62.77659000499213,41.01508821646002,1.8984464765177578,1,0,0,0.6531158754911096,-0.7060987206487729,0.5043130371398493,1,21.736701072487982,2,1,-1.8923476194230222,1.1638000667700519,0,62.26404111303658,1.7981838308951987,2,-1.371118246666619,0.5723337794839032,1,69.67824342926492,8.010100292282738,-5.538136260693884,35.5327783028783,43.37014270202239
0,0,-0.17089733525089212,31.18080265371236,56.79456520933043,1.0356172486921489,0,0,1,0.18255179572361152,-1.6799938531492882,0.4414237093991681,1,18.952981483932692,0,1,6.95219912555125,1.1085788659908886,0,17.89327908854906,2.132543106156104,0,-0.6664858301684446,1.1595825246472955,0,59.75250404357529,13.09330441685485,-3.816807391103816,19.7424814530739,42.0263761383149
1,0,1.4840379429251926,58.26215231204409,36.95033834477511,2.3328280224867357,1,1,0,0.5784442609145183,0.98563568951194,0.7958984017554485,1,26.485019732669173,1,1,0.3546347271074506,5.376392567075693,0,66.82752371704727,2.208679429969736,2,-1.406852617084293,-0.6835688651025145,3,62.9268455297727,7.293035638444301,-6.411594138747073,26.378465856004823,24.368918296717972
1,0,-1.7077657070275436,59.99142865319313,29.157171459559393,1.7296647602875266,1,0,0,0.9030501229464725,0.38625179655642605,0.5740929272762357,1,22.661454493981505,0,0,1.934961307040048,1.710600612748213,1,53.506883605140146,1.6765778961955853,2,1.2354300107719303,0.4420904036965477,3,74.04814967679106,10.95962236330692,-4.323332233928681,20.486566530288265,65.08478141757578
0,0,0.8175395295693366,30.097567991321966,49.77560571518329,3.5684088880498277,0,1,1,0.2142795620299382,-0.9961841285322793,0.2680120764053239,0,22.258311981986783,1,1,-7.045595478997057,1.5349323226113427,0,52.11474208642579,2.8466077015646936,0,-0.3135551221794026,-0.3205238790110329,0,49.87554044613899,21.667578574081084,1.7811192811850205,12.363720703394566,27.40710547353376
1,1,0.7806493101134758,68.95727752687394,0.13764210490575524,2.6216434532713673,1,0,0,0.9836418131707615,1.237274700926698,0.009478668061874085,1,21.319849387854294,1,0,-1.886074200655436,1.7796655944398352,0,78.74194793351732,0.6125762231467644,0,-0.785312852875879,0.29808139813582163,3,97.99173951020902,8.794339376971053,-5.576733486571344,6.7058967587168645,45.65497285788372
0,0,1.2665898489279086,26.462070953183883,95.91838878595217,18.40917091647467,0,1,2,0.23041013907322927,-0.07311839785150738,0.9981202505217748,0,78.81695030589371,1,0,-3.4338448224836693,2.892256965511788,0,30.830903081955675,12.50744997782575,1,0.8453852896413673,-0.8294535135378263,0,2.3188333512433212,39.27966554397564,9.25959654554729,10.538181084318609,29.209018971118628
0,0,-0.43484450761745325,52.46897679057557,39.94247434907425,1.5026541592386942,1,0,0,0.7234367099243019,-0.1380670299086812,0.3261675017138249,1,26.043884700842014,1,0,5.664434186580948,3.4242030941520536,0,79.63032471134406,2.1918786489699476,0,0.21305353678568337,-0.10936484995395811,1,65.86902631144069,9.981627106794074,-1.8868151391265577,15.352340239456552,31.46535442029859
1,0,-0.7038260755441816,55.0674503894733,4.348350291538155,2.631193848405656,1,1,0,0.8345368946447211,0.6463850629575697,0.7425171666344614,1,33.65183115059702,3,1,6.912673110590163,1.1067865965816381,1,75.97471712090663,1.2607314554918314,2,0.40300561549017916,1.191218267098161,3,89.70042347707762,20.38854104662528,-5.267795876191786,1.216409336743891,48.054939950415715
0,0,-0.07740536514026829,57.73960583349085,43.8183104081381,1.427982680901098,1,0,0,0.7975518188103027,0.6899550859212996,0.5107524031880445,1,20.70515997381866,2,1,-5.8163876515771715,4.072500981531603,0,43.53552310763,2.225689469595738,0,-0.7210580723260362,-0.2685298176526594,0,60.81704233865446,8.735391909859487,0.6674076378180658,9.293978099499785,58.4773825636449
0,1,1.3298229148270344,26.113449389806554,90.37329966226547,16.36154743692576,0,1,2,0.21045781213848497,0.005526643414167708,0.6139503625034725,0,77.75525601547743,0,0,1.5345538974355435,2.1682456013077926,1,39.50122279668069,11.920345470561598,0,0.5920746274433167,-0.4056452093872824,0,3.7447366234720447,37.94420695922362,8.771356769018492,34.14526199457076,25.207123415063002
0,0,0.3698636641372056,18.63795242567066,59.29755562912254,2.0764926906842796,0,1,2,0.10367170212617416,0.6897915849293118,0.6437661427389362,0,34.402307184846485,0,0,-3.8369529259412394,0.5091176361642862,1,0.35060183765430075,3.8158673988117484,0,-0.1720157878366683,-0.19936614933989372,0,33.36855270876888,9.463980684723545,4.43883467891747,1.488979692958774,43.57898303574899
0,1,-0.8610601237871577,39.975429813113955,88.84123920417272,1.9208070094252523,1,0,1,0.40515554858694786,-2.332322825866903,0.7073256218529664,0,46.714174086426866,1,1,-6.15506287521267,3.3706747709956626,1,24.009088442790784,3.8995555994871305,0,-0.045225688261812905,0.323932835336937,0,27.883372485783553,14.031789147534212,-0.7815228259672846,37.024878569546814,46.057197523491155
0,1,0.722458748474824,38.963625184824195,25.08377321902604,2.1352975209475002,0,0,0,0.319558491807275,-1.0027967160621314,0.04031457600533783,0,30.409817173984038,0,0,0.6614896149730285,3.035593907636047,0,45.31213352735399,1.6553568014063365,0,-0.9588923726929298,-0.13574440574115842,0,71.62723003168968,12.017791925993206,-0.67691203088485,6.431647876614859,37.0945033836912
0,0,0.787522644849431,43.15337945151044,80.05531580585512,3.1071648409163877,0,1,1,0.3252052820941397,-0.21822543912164566,0.5384315783239615,0,56.93030343867781,0,0,7.376622924772349,4.207000375489886,0,52.30451164648514,5.443744828862866,0,-1.4822578245910991,0.10056142861725104,0,23.116326695368578,14.386661360912779,5.225142354038912,30.395997365803783,52.431850476059736
1,0,-1.5979929883278283,62.285791103558516,15.14511744689478,0.83057070111696,1,1,0,0.9462604760170727,-0.02970424671726397,0.8176883393485604,0,28.902437990715484,0,1,1.6264774033843477,1.6364792564645505,0,72.01218477511824,1.617089306831348,0,0.3045441157980037,-0.15921407332070217,1,81.91689513230087,12.258528685208052,-2.263592384723088,3.614809337646603,60.737487876633146
1,2,-1.9736587479982202,45.0058508837092,51.88949598393335,1.667744139419754,1,0,0,0.6348088617799454,0.8977954136115454,0.6349641124463739,1,19.940056268082543,1,0,5.244778156210085,7.281319698391401,1,42.19357828683971,2.5576238647932543,1,0.6466610054838919,-0.6969813059723752,2,56.8962452516106,20.905094248973654,-4.6452154710099745,15.219161643269787,43.695768634791094
0,0,0.35882527750806853,30.79680540374278,92.05900613109478,17.495937059210963,0,1,2,0.20737890413271987,-0.9416164223000859,0.40775232142764445,0,79.48326402018884,0,1,-2.405432351473749,10.430614183780596,0,74.96136757152615,9.831743289314584,0,1.3541604347520857,0.3826703279218466,0,3.014456979344632,39.660326697398425,9.223672263495853,25.974011602902387,25.4689612510367
1,1,1.3268441173758567,69.600984538289,9.329423213753357,2.059016111343692,1,0,0,0.9947293497647423,0.3023751337001804,0.8991680185253423,1,20.8292786001047,4,1,9.795694588593058,2.9965427892967744,0,79.99995124187441,0.8956892425878704,0,-1.022821127753434,3.2176123008715756,2,92.4603432637522,12.447535777046053,-7.3909622548968255,7.256295201210616,26.291163575706015
1,2,0.5852811654377885,61.690366131434374,20.015044596813357,0.9388567164200754,1,1,0,0.7934038923616926,0.7107770061760306,0.5748515986503425,1,22.121170474572516,1,1,-2.5325942035106053,2.3058736757204663,0,23.225588714864188,1.414241685423372,0,-1.319025938964967,0.7069239192634448,2,79.90675809336285,11.763296220036326,-4.682828805585817,18.021385328915724,54.30625697464499
1,0,1.8932752706802414,57.459172373407625,3.2664953573050273,1.8690715981551664,0,1,0,0.48086422271318763,0.74033585616398,0.3018122814679373,1,21.274711509979817,1,1,-5.527136722509631,2.000311345739652,0,15.745023564890257,0.9839396683644526,1,-2.3300506926914895,-0.3160301885486399,2,91.70661495715265,4.04272031290926,-3.513178197859757,11.473809955355648,19.188860871438205
1,2,0.8551854611860873,59.88793109892978,21.4712254540925,1.8436085048133721,1,0,0,0.7095412378995312,0.536684417911378,0.25641071972754303,1,24.30774326548523,2,0,-2.073385137240397,5.914740413143753,0,49.90436990965678,1.7937407593623047,2,-1.0667399592420406,-3.296900515825173,3,75.15713038773978,9.67602381307072,-6.182791559605336,24.62606902039179,35.790405581681384
1,2,-0.544138611366986,55.39839643756388,64.59469988017071,2.2204056456796213,1,0,0,0.7332260043406467,0.5299811661416797,0.52711136681044,1,25.434111658648888,3,0,3.227579067409728,10.560349672268028,1,34.81960744089729,2.450901601530002,2,0.16602637889524405,0.510095531661797,3,50.481676990646996,23.331005929322146,-5.342586102882446,33.3955344075809,42.44200902528536
0,0,-0.3429436171317228,34.14596690761231,79.11823642661818,6.474798765054886,0,0,1,0.24260121606679053,-0.8510734475733045,0.7463141831397455,1,42.2800171058746,0,0,-8.05235603626134,1.166435465996088,1,74.85874446636271,3.0021703031617495,0,0.3466866458493607,-0.7365683966523381,1,39.286400513633346,36.39772791499598,0.6445463611770403,32.72787468650179,27.168281221920278
0,2,0.39265469162440986,56.796646098107416,69.9364035998761,3.8205225007131736,1,1,0,0.7405374224411547,-0.4300405963775049,0.48852227579268204,0,33.55341113302706,0,0,-7.02785768303152,5.274141167141398,0,50.68045290620013,3.39166738565106,1,-0.0017505250479300512,-0.3683443627754583,1,38.6723766855248,21.97032070984855,0.19294690510490042,32.48225643738281,27.36025598734749
1,1,-0.9155943484832932,29.24162000995343,46.29125445389282,2.0360895857276544,0,0,1,0.17097683394545288,-0.19205526624494898,0.5807331679983329,1,24.29029003110503,0,1,-0.8563444031371041,2.1383589837393657,1,7.558296827675517,2.043932155181685,1,0.7236237340187524,-0.4826366287302754,1,53.78181885219987,15.427242988750404,-4.463230638745439,8.055583965548696,41.014754804232204
1,2,1.0897422652476276,62.149547150009695,22.746463785517335,1.7118103510013205,1,0,0,0.7521490367872178,1.5894889225043318,0.48493310670877326,1,22.889694677677884,4,1,-3.3589509504304775,7.124970108467015,0,8.784147850567203,1.4820688463140097,1,-1.1542719021745143,-0.09480143777356378,3,78.35434130819546,7.581423813328514,-7.864959485702588,29.66247506942889,22.230523967766295
1,2,1.6721143211022984,69.94924742009238,12.47018582688481,3.0822408713652205,1,1,0,0.9994021228133726,1.0023614973316788,0.4020132982297441,0,21.83873769366556,3,0,-4.002045482995897,4.700618404658238,0,73.8366852304671,1.4142921785918623,1,-1.9461934689254046,-1.0214662849851874,3,79.6451321269106,7.100754020302576,-3.550130073926856,36.78431169156538,69.61710613187286
0,0,2.1699544267417314,22.927354802775493,47.67376045152349,2.6595069386849874,0,1,1,0.14553301116298317,0.7493303799635491,0.5014158061094082,0,28.611474085822675,0,0,-8.260297752934996,1.0585632147832544,0,3.795806580920109,2.944249543129729,0,-1.7636888919433353,-0.21980902854886677,1,50.78322652095507,20.16516903359541,2.2491261843697075,4.163032172942276,30.518635478872042
0,1,0.07982323907126221,42.498764493732075,59.15237061199996,1.7428813548812376,1,1,1,0.4028013862726033,0.12896069703588658,0.8004207345276535,0,60.1094054523159,0,1,-6.729637056415315,2.5503770295519006,0,22.25133129759774,5.543697273105144,1,-0.5154265212735472,0.12349961979975366,0,21.377727927494245,6.146560633135955,8.175283226585613,13.651398113105717,44.01519764024145
0,1,1.2611811504085066,34.32233042166892,85.95844517127999,3.2293974195606414,1,1,2,0.3714528010696617,-0.5118890147445722,0.6375556903492956,0,69.3414600683643,1,0,-4.866411856367765,2.342316243664637,0,25.44487202143197,6.054461659040406,1,-0.646030974129465,-0.6669321766721038,0,13.111507037136938,13.208589851152253,6.928255885749852,16.57044066924793,51.00141588141394
0,0,0.1591888582336747,30.695438721693325,95.76002654995385,9.862924689865485,0,1,2,0.14587912654015311,-0.11039386352616243,0.9999538902430205,0,71.91257497680981,0,1,-5.125639845896517,2.909024853995188,0,34.04366373167688,6.570091474181502,0,1.79724044823901,0.23076732658648302,0,10.643943297286551,38.947289631554135,6.331166852857841,5.473756181975322,38.85063174188413
0,0,0.13409577603630957,20.397891130756772,63.270354835064566,4.079341521538531,0,1,2,0.13185269502074548,-0.974811670153409,0.35584084591289644,0,28.166334571037535,1,0,-5.355372036732177,2.2601191250132677,1,29.927381340837414,2.961080434993585,0,0.2269557801145249,-0.29697730551052975,0,47.077895778588214,30.672292814909827,-0.6450927509085975,6.244323140265671,29.940452466400025
0,1,1.8663552280349844,24.07053694679582,83.26640057361556,6.136852133693484,0,1,2,0.17168041470163725,-0.2833937321299239,0.4266368863669031,0,64.42731346129194,0,0,-8.297164203888393,5.47487636315484,1,33.89128608891069,5.950008150720886,2,-0.38301572937305106,-0.3402358673559245,1,15.511629023772949,24.409931465984034,4.306596337927658,22.91920365890078,23.06547415016004
1,1,-0.13930294522506334,54.8575772213267,56.65244205639791,1.8445296945155953,1,0,0,0.6721870780680792,-0.9029641625774971,0.5603576666814052,1,23.546221641773506,2,0,4.302726228438175,4.508192229119575,1,42.68256099260425,2.3158531327216014,2,-0.47072024458242595,-1.2297150263300227,1,57.46483036560477,8.092982235196173,-1.1607507207371413,24.71883390283697,58.937862173329385
1,0,0.8116855976563504,31.11831228572697,78.46616681031506,3.5468369032035354,0,1,1,0.20951880014234275,-1.0569609024646798,0.5808866543249875,0,45.18469949479247,0,0,1.718342762793366,1.3789428546007632,0,0.06042805177510768,4.254921590032333,2,-0.2167720593830198,-3.2095630326001756,1,29.520571969247445,17.10166079361619,0.41185393852945396,37.25471927951661,35.693288177934505
1,0,-0.519974280489653,32.740675570947104,22.90104244595128,1.8120396005028185,0,0,0,0.2510796626583548,-2.82779865016595,0.4697537543594237,1,27.849101513768616,2,0,1.3882484954227259,0.666304546674037,1,70.50613949050492,1.556018736426385,0,-0.4956129456105311,0.3908134614789327,1,80.68650066840239,12.015808289821589,-3.99683859418532,5.9778062523006525,49.478910526569685
0,2,-0.19588483504845275,43.28680320220758,64.90849723504301,1.6876443085991084,0,0,1,0.48323009975290765,0.011934908906368492,0.5595893419059679,1,21.42994604258378,0,1,-2.769733944824692,2.180719297061027,1,22.46397219364063,2.470365773363581,0,-0.15668643001368912,-0.9631147393040042,0,48.620794454185514,4.747709474386486,-0.08288040333469304,18.02927255479287,62.69661259500793
0,1,-1.0672800140124283,68.761291800587,37.929443571001755,1.0550765122200896,1,0,0,0.9941011121032111,-1.016830614677779,0.9581482818022068,1,23.564882365517512,0,1,8.427203336260256,5.702764613080686,0,79.1090585779977,1.683502232267604,2,0.012174264765385464,0.7823569864277901,2,67.7439222709082,9.663379389302037,-3.7814014964207523,8.074543456743106,69.65392485698601
1,1,-0.40463529480247395,48.79256729231149,32.13130131420778,1.5197956446262857,1,0,0,0.6069130173204123,0.4381784871174,0.46198424147965,1,21.06219719414165,4,1,9.9887953456529,3.069811997058863,1,46.662352452081855,1.4028752750997893,0,-0.11831105810508499,2.501326986172862,2,81.5335274898747,16.88148009813402,-7.289735158241389,24.893083545983778,32.97767160729417
0,0,-0.4693433431846151,54.053106993310074,14.665536661900857,1.680994243224203,1,0,0,0.7317936674621202,0.06883793769792433,0.8092677120905887,0,20.118374646562422,0,1,5.365312296218079,1.3531457417899793,1,74.06647797858712,1.1888084127957406,1,-0.02291889442161604,-1.9161611122546538,1,81.19956046121082,9.601972213788844,0.6395492154848359,7.663364772974468,67.66450537879314
0,1,-0.35071568990309504,50.742448349844445,71.6084105485979,2.864298133234042,1,1,1,0.6833913869293641,-0.8764442511774777,0.3113910281421577,0,35.640115677363255,1,0,-2.6043824259841664,3.7346158520589023,0,9.38274408589412,3.851468165937471,2,-0.06882543468622268,-1.6184133201736537,1,34.68537178902133,19.102786827732118,-0.7886910740246318,17.865638699764457,48.0999402647276
1,1,-0.4613568546207339,61.05156911611069,48.43801932579523,2.3393421543620723,1,1,0,0.7513270778630461,-0.6669345728655448,0.9965234328214214,1,28.45518758727782,1,1,0.6767302485176394,6.62786615455592,0,48.626753236883104,2.133410072403652,0,0.18273451936223686,0.4711216800901719,3,56.591771599003,23.850309771653233,-3.708958364015647,16.184377488294082,55.15885594100724
0,0,-0.10900442173589771,21.833863460970846,57.41774175356831,10.251095822346327,0,1,2,0.24102377681539588,0.5962339265597513,0.8456319508302808,0,73.92158212402626,0,0,2.42071172532423,0.6448959968877894,0,66.39989655011436,8.657811188052667,0,1.1623804842019352,0.07950748049541582,0,8.938587026077084,38.302689780749546,9.723648882148083,1.3460278333517373,33.07511388061617
0,2,-0.4258774952464906,55.641373109986,34.28440773428192,2.020276360832748,1,1,0,0.7484658452058548,-0.3161078518121916,0.26880765859998546,0,19.90650902909351,0,1,-4.655417918161193,3.648022031951029,0,10.594254528045642,2.3622037617375087,1,-0.9036587619416424,-0.44671999283895736,1,56.885774311615315,8.820950943232921,2.980487274620149,14.904059406741364,62.99845080411984
1,2,-0.8332130952740575,29.249406791569427,86.02013746531824,4.6306342633333974,0,1,2,0.3115143567153702,0.5551353358757727,0.3377256543385083,1,47.91059581652064,2,0,4.664571580502193,5.302811577559509,1,30.102419972738712,3.8950314654780813,0,0.6299337603964192,1.1207368082899127,2,14.647528472407394,33.66031051142991,-3.1345294035879494,38.618730470563946,24.19773998398368
0,1,-0.263222352302622,22.540483165100785,92.56523151361458,12.995852263560762,0,1,2,0.19963495349007582,-0.2658728330507673,0.3283350925925634,0,72.24190815881879,1,0,-8.014959111978753,7.889570251792866,1,51.516929840621195,6.549772388233858,0,1.664758132368365,-1.3019991502728914,0,8.642727160217511,39.32849050254916,6.149756592239267,25.853442156650686,29.007158739598005
0,0,-0.6785800711718183,45.36285164241218,95.01711821660604,8.854932396360907,0,0,2,0.34604780248659384,-0.8895424449085816,0.9999999084215286,0,60.569694314566576,0,0,4.814531757428565,1.5107311114837776,1,78.90827172954063,4.642282475311745,0,1.2357612271890437,-0.8097181929239374,0,17.826055074919456,39.215746500051544,-1.22700909327917,8.67083998742297,50.510535855275336
0,1,0.681888890035432,54.13572746244935,52.07930249764042,1.6753900940542346,1,1,0,0.6096696297160757,-0.987915626835033,0.2299725604745897,0,35.02753463152966,0,1,-4.308144854580505,4.217967871348912,0,64.32933745380888,3.752043254002756,1,-0.10367449469961702,0.12935289026743166,1,38.235232281377165,8.775948934406658,5.411909140695034,20.74077884044158,50.73636827348744
1,1,0.0901048764958573,66.00976950930203,26.815386348350103,1.8634927855312229,1,0,0,0.9249303073532713,1.1878459281962415,0.5631813677200486,1,24.835665882084577,0,0,-2.241480914475204,3.1705887213729684,0,18.63453974044631,1.616261757420063,0,-0.4840084876681495,0.053917399710475294,1,74.46120597121258,13.716102735746489,-3.779474338723807,15.732199418742528,60.69931814718835
1,1,0.33008081955519336,47.96987915258779,96.15452908645972,6.821119120884172,1,0,2,0.46809334686430554,0.4968772840363476,0.97199374075069,1,56.43396501073133,3,1,-8.615411074104465,3.5934336874747115,1,34.01284151573062,4.774192229632801,2,0.48515164202078603,0.03842417070459241,2,16.28824235095861,37.18431069501429,-5.556401944646558,36.94276631200581,39.253279541574514
0,2,-0.5621492167247856,64.29004821510125,77.30775228956577,1.926444998100801,1,0,0,0.9342728706267517,0.8382179192100788,0.445529903965015,1,24.536320420145405,1,1,9.961125717751283,8.331901628590522,1,33.09198146353758,2.892955651332301,0,-0.9788264187743663,1.15814679252637,0,46.63270671356349,12.904123502422514,-2.866860859355267,38.93507525810791,59.97073945019964
1,1,1.803794218125048,68.10143881024922,14.495352868094091,4.8873639306937156,1,0,0,0.9101579861773995,-1.062340579439497,0.3689575011732372,1,20.16137202982328,2,1,4.549074234160095,1.5436642917789463,0,67.57717183839878,1.1567973817274393,2,-0.715323579230577,0.06316336533091155,3,84.85884134456523,19.888427546736466,-6.532413278671249,35.54916886125027,26.7783549041756
1,2,-1.1231597353831133,69.5613185977864,4.2236650417158295,2.8011266907998356,1,0,0,0.9987569060571413,0.941146710338654,0.5894846740724515,1,27.270407760412347,3,1,4.071909991748214,11.224668872189255,1,40.737728096049125,1.1223621728047204,2,-0.02923087261696011,-0.464396373945652,4,90.34190678173498,23.51898348419242,-8.854933943361436,22.3004792736082,59.82805627960503
0,0,0.22805338633336278,22.373548270513197,87.69503856746799,5.927053418591472,0,1,2,0.09081459840219747,-0.6567861660411588,0.4302127195728924,0,75.55355983717179,0,1,-2.0243564325521106,2.153700457271248,1,7.363244331201835,8.276441120578708,1,0.5300456975132487,-1.403284685986851,0,4.524503476019231,29.066991075352753,7.627107401284768,28.67397755454664,36.87772630652351
0,2,0.04848505057038014,19.468204553658477,99.88957563269368,54.598150033144236,0,1,2,0.11357917521484662,-0.23075939250784885,0.9730809983454235,0,79.99731726865383,1,0,-6.442787683237807,4.68802749798523,1,2.9476269913024167,30.271884769724952,0,2.842365653804867,-0.32495578793771007,0,0.05469725264111713,39.99993829680038,9.694851775085787,30.021123815546726,23.833259810460675
1,0,-1.4030714698676319,41.164674844702574,23.43349829316157,1.5337790992576728,1,0,0,0.507019126294163,-0.03172937706398129,0.14798755555414383,0,29.385576848974857,2,0,-8.144456124049718,3.2635469114827864,1,0.5131411327218194,2.0790932717586097,2,-0.5380370383214955,-0.46055674794631035,2,65.18651946737242,15.169889060592464,-5.440050196411837,19.210847828273916,57.7991608471235
1,0,-0.13351078102839004,48.648603897661175,16.402980633352175,2.8557945286706334,1,0,0,0.5103462682133609,-0.06496487693750001,0.6561461195901257,1,22.479362128972728,2,0,9.599771003839638,1.6302651144879619,0,77.07217529166465,1.2867771061975621,0,-0.0641360572449596,1.244199711770591,1,86.32235981350622,16.913702267701066,-6.073704830665877,4.384333900692143,49.60037956865555
0,0,0.6480293714596389,23.079755875432944,80.91176542307059,9.616878302020252,0,1,2,0.11089401278812955,-2.095406492948389,0.3349563398110663,0,38.44904580589601,0,1,-4.542121232318196,1.1546408913243813,0,16.703188544335603,3.5904702118971112,0,0.39694202580954124,-0.6044990692581476,0,33.595601261406244,37.60099765155744,0.02936220270425771,37.528607998898224,23.893864144629493
0,2,-0.9025910667731241,32.086937484554404,99.68038766201282,32.90983971487863,0,1,2,0.27339327291999704,-0.059886929140243905,0.40969123180268546,0,79.99992696433877,0,1,-7.303013977369562,7.443187547128838,1,45.33030284371194,54.598150033144236,1,3.5302272726316724,0.9276126461111355,0,0.009280855955268175,39.99280944348176,9.997378575035746,37.173064633961346,40.09844123610408
0,0,0.032485855774193086,20.765176962743674,98.622020419631,54.598150033144236,0,1,2,0.1627770495631906,-0.2472019665697822,0.6366287709782354,0,79.9986423247193,1,0,-6.435038631654415,4.078775547207046,1,34.661809640713116,33.84275287513085,0,2.6555281842628613,0.17027056227639556,0,0.05977798417622915,39.99972103430954,9.988550318596275,35.79298367721687,36.212269092175944
0,2,0.7878984631142335,25.726432891622085,96.32183464397032,13.923169450198483,0,1,2,0.1745668530431041,-0.3287647509453018,0.5699089708257222,0,78.10474445334039,0,0,3.5023861741575715,15.53466319301185,1,22.414122833595982,11.836702791787985,0,0.5942135129666997,0.2464135291694416,0,4.434432105131464,38.974020118421805,8.576414489697985,22.00090231771389,24.778326151150562
1,0,1.718417617506218,58.13201167686299,51.34587623849446,2.89169184222804,1,0,0,0.5337473735248833,0.4009925779364152,0.9680654926968502,1,24.869435482427214,0,0,2.7429454839194243,0.6310957820303753,0,79.94471600691335,1.980958314542684,1,-1.023833395454124,0.8267771814482082,1,69.79942045829051,12.243774024835394,-3.6625217621191988,3.9396450227916957,45.217954247891534
0,2,0.9936230352834957,57.18728713074542,85.60845867834594,5.1838174143450715,1,1,1,0.6106030777845116,-0.5208205562379205,0.7684451947722516,0,44.75150128723344,0,0,-5.5490902999619065,9.506696274482067,0,40.9641770326867,3.628065652552049,0,0.560338320641281,-0.27151317565416333,1,24.76403145003509,27.28430458488864,-0.4754818389864681,36.851421648596634,22.178190208122597
1,2,-0.8007886871692658,69.04250032122019,14.720212999373732,1.4757582845681527,1,0,0,0.9956709837466031,1.9262109228421214,0.40871055521296445,1,23.217347186982053,1,0,-1.0343535663773835,8.060860245127238,0,66.72752793603729,1.3003527105264465,0,-0.12451399716871922,-1.4446036749976356,3,82.69470733869836,16.492792618071952,-6.263361653785587,22.050540919304975,58.49671365874211
1,2,-0.06571447553883836,69.65339759214825,31.028065566916997,1.5951505043953,1,0,0,0.9979400036885633,1.4018241528505422,0.4460461186599421,1,22.8379374569338,4,1,8.413186989351665,8.254960332083314,0,53.088937484256896,1.4331553452324512,1,-0.44964003911330863,2.476480089788516,2,81.51598792819577,11.795853566846597,-8.365587934319564,38.74847079511791,63.04452331760705
1,2,-1.5976364571953967,58.495929071798585,66.0251964388834,11.268955332618644,1,1,0,0.8755348829182217,-1.0723568380093071,0.883077576602805,0,26.28921302987001,1,0,3.7935454596710763,12.889520037825955,1,78.55588798431427,2.8375890610084955,0,2.7092694842460534,-1.3306282548262305,2,43.723637778046026,39.689253189416945,-1.9484100971581544,14.604463011974673,65.21969392528658
0,0,-0.8205935790251848,47.979502086862965,40.676238161060915,2.0645257186459536,1,0,0,0.5741995922191698,1.3933053648113851,0.5248525910639272,1,22.97881578784732,2,1,2.273096469323212,1.3675121217337247,0,44.485237749188336,1.799039170755261,0,0.6143718707518214,0.34400160764093324,1,70.0380868333971,14.846153883053347,-0.676510473049758,10.867646004818553,69.79085102886447
1,0,1.2349625724303754,37.28633894432477,32.33905980579203,1.8962292307823265,0,0,0,0.17850312240778482,-0.5063816304823456,0.20304820064226886,1,18.99567753302496,2,1,7.231401074566399,3.1287724020900995,1,78.47744653340158,1.555709024060857,2,-1.4299389787783487,1.1287059666480663,0,73.45025746125951,10.478758213986525,-4.093003428664311,11.85755592131272,23.07882482927916
1,1,-0.8529306230548972,65.41106507911161,22.394552167723585,1.9148385719304957,1,1,0,0.972819845726226,-0.31342471374185843,0.3688329974844274,0,23.283458163982694,3,1,-1.4724668082351648,5.397221099256961,1,24.599658978289604,1.9334299764027925,2,0.47792933717827524,-0.6638517843954217,3,71.91237475905032,16.282231452413516,-2.6276619263666845,10.947664885358169,69.34272116947369
0,0,0.059754988022143345,46.80594169009524,31.11579600777768,3.1858665963933106,1,1,0,0.4618925250847742,-0.03641445945985353,0.3720167307804032,0,36.03367045636037,0,1,-8.917461722650984,0.9785588468820318,0,37.78984782494328,2.1548244949416357,0,0.14150803300160952,-0.25423507840003684,0,63.021533330718135,21.767454398480485,1.0209151893203465,14.411372030890647,57.50885485059335
1,1,0.28226451591306184,35.561956987405864,48.92745427561962,2.2811868054421685,0,1,1,0.28644053387199986,0.20977084911343938,0.6638168950133299,0,24.867658348697006,1,0,4.544035866057161,2.6970661151716855,1,46.117083521810365,2.658442707275711,2,0.22713440809362123,-0.4769671004984907,1,49.0212817867638,10.578646807531648,1.619863771478725,9.195291197963158,24.52983274888228
0,2,-0.38224156421387356,51.48707241975925,88.87057047892067,3.2765809594106963,1,1,1,0.5900960374261105,1.1981655742832433,0.9415805433199437,0,49.78973885135304,1,0,-1.9183270527730087,10.949316030842837,1,50.235873416940436,4.0171263506708375,0,1.4428280865620349,-0.046454384401494145,2,31.56884900062326,29.88888665817976,-1.1035528194548068,29.317072246550108,39.76287691435947
0,1,-0.7260295772863504,38.446217214267634,68.08530574460507,2.502226852026806,1,0,1,0.39035732362045483,-1.2110157749813297,0.492928021461785,1,21.538507657220123,0,0,7.35912467967481,8.604691785291728,1,36.929143899640366,2.4374499849106623,0,0.7428080824443762,-0.14925322356281276,0,51.1458980696399,15.076632682808713,-0.9959892593287858,10.213966433638344,50.07647937669574
1,0,0.2062560506391728,34.827879884826274,15.328973648998884,1.6948286013356662,0,1,0,0.23762760518923698,1.1827818129971124,0.5550141505973331,1,32.968621456624,4,0,2.395531416136375,2.689483850071723,1,42.63167264474681,1.3790544787111159,1,-0.7928983380243921,0.2798964879936759,2,76.55014304839143,10.242050265064574,-4.968843037740252,1.792365865364256,26.554765899393743
1,0,-0.00785437615037827,39.63885685340837,15.88964890195812,2.1733996645808107,1,0,0,0.4443987633543631,-0.11131843595985824,0.5684267813365841,1,24.622157649191642,2,0,9.992733512068028,0.7032206718718514,1,31.72822213541258,1.4635278500856093,2,-0.36518092344663133,-0.18836932089285627,3,80.96621523946138,12.915198770430795,-7.2419341691469095,22.54977834879889,50.30961523396871
1,0,-0.7809135777568577,48.46973691890017,24.42661731939803,2.1806438181601564,1,0,0,0.6246078619308787,0.053822081607113596,0.10145390897457046,1,26.39843115597869,1,0,-0.8079901839259751,2.648166232485962,1,76.44288659807744,1.5100398122654053,1,0.12265990339847609,0.9074958258322947,1,77.61596960064443,17.39604698918037,-1.4280996501239223,12.457610027925625,45.95856311976786
0,0,0.20704264059942853,28.317504963336752,78.83016062561097,1.706586007817321,0,1,2,0.12645980887071817,1.2349669438942892,0.9934244703142131,0,45.67839497931584,0,1,-8.869318383158307,1.531515500372189,0,39.508113728246535,4.0271909066515335,0,-0.12768437205740696,0.5944894263105972,0,33.626147398468724,15.667280694825996,3.475209161376698,1.623978274476947,53.743430625326404
0,1,0.06334739992153832,18.645302634650157,95.1842256320219,22.74535067744661,0,1,2,0.08372207191703068,-0.9712238523384803,0.35353385215151356,0,79.99957182815979,0,0,0.8314312511392501,4.139277897772834,1,3.330592094902256,32.15605799561658,1,2.389616452663332,-0.262665148507834,0,0.04952244598898092,39.904894016116344,9.998519698891151,15.527885737277614,23.208249369369945
1,0,0.09364341152787235,61.592876478498894,40.22924813464849,2.1159978537713724,1,0,0,0.7149006298841742,0.1639864097183282,0.99998893537084,1,19.47502818997341,2,0,-4.178483398789136,1.370430569852936,0,25.386946168179136,2.2330449921145603,2,-0.6550740445198677,0.3431223944392503,4,61.707003103288585,12.649715811776826,-6.299684050998052,9.068093946248826,56.86302371569516
0,2,-1.2904804698233907,65.82947792162463,73.27320441263348,1.824653913292282,1,1,0,0.9802072939378226,-0.30137135528757586,0.599647513952701,0,31.61883192013308,1,0,3.830827267651511,6.484337030853501,1,51.461314377366435,2.774260843771027,2,0.416618075891678,-0.19612968981350717,1,40.26808420167513,16.984343910249248,-1.4215255751688112,37.41292326565369,67.51815054999166
0,0,-1.077162182903932,30.641570169982565,64.50053674378621,1.4401314534083165,0,1,1,0.2622675905799782,-0.7800319624307097,0.3941902516368059,0,31.70568113323768,0,1,-2.4437493896071523,3.185039448414916,1,19.246108039801406,2.5234886671370798,0,0.2588005126732337,-1.5091650549681475,1,45.407093851476695,9.918920818265093,-0.08651987180361687,12.338147113255271,47.39392409909193
1,2,0.5518848495700927,65.07684809974634,68.32618422967087,1.85281991572701,1,1,0,0.9207124719853806,-0.7416597466331839,0.46411440139135807,1,35.43983376908644,2,0,9.031406090250847,29.10517364193733,0,36.317682823021215,3.2015998487583213,2,-1.0876968533345066,0.3360580288234259,3,36.48869603255286,9.12132213892016,-3.771147350900579,37.911939783059616,22.795102572441706
1,0,1.4223330205410107,69.9750233540639,0.06535928678511049,0.9479877771196935,1,0,0,0.9996358717246261,2.5924400634222815,0.6292351039775363,1,24.561224159001625,4,1,-0.7968097365258746,1.2008496931419286,0,32.472468258997424,0.5029005477794087,1,-0.38266702696954985,-0.2938500855048366,4,99.13065948075428,9.06714488497932,-9.2742682378347,21.058005762681226,63.122831918966774
1,1,1.4404972945442787,56.93007931120839,22.72366845646031,2.346411665820132,1,0,0,0.6121641355884605,0.4900741707037161,0.17599724267812134,1,23.060721209464717,1,1,-7.785199273569995,5.467911754462107,0,12.570550022453432,1.3882724288971071,0,-2.9707077529035226,0.38271742005986986,2,79.76376448263179,8.961676999494497,-6.288648502495764,18.96400635840063,43.07219598647287
1,1,0.057237435183668486,69.92674263762231,5.111742086854143,2.7020327787407314,1,1,0,0.9996774481554176,1.1215877697960621,0.5403918244613162,1,23.40598414753547,1,0,3.5510934416488134,3.9807953702526846,0,25.1924603996926,1.1793458639885066,2,-0.24914601899231426,-1.4848237508773532,4,88.29775997575095,16.586523168451276,-6.149058025505356,33.058352281697836,47.22665930061884
0,0,-0.5913810903262957,18.496308805459964,90.24578204205113,32.141241500012406,0,1,2,0.055459742947640056,-1.26902074691904,0.9064127123956349,0,69.73701343406672,1,0,-0.8264944627611506,0.6158773541558898,1,12.518180622886788,7.283163979331097,0,2.473689599659259,-0.06021983059999696,0,10.899151307947164,39.99394922779807,6.7587981222396785,18.135056834571813,31.555087484840776
1,1,-0.6092321215862904,59.41124888653036,48.630260131269154,2.268826908036273,1,0,0,0.7743741635579457,0.24714603209701694,0.825455832942624,1,23.796040026878526,3,1,-6.915041991553961,3.350650293643646,0,28.783854831476596,2.319197309104693,2,0.4439679938641672,-0.2152175747403233,3,62.08315103245424,16.858125108725726,-7.07768049592328,32.53498920665095,55.5453705737157
1,0,0.45398789796698025,40.44260948536439,66.88663500431889,4.418027379488215,0,1,1,0.2573583045690445,-0.04616175288291223,0.6103958424247361,0,39.42901455049805,1,0,-0.8716502140091844,2.3243051364215446,0,70.31512056260132,3.2300864880804703,1,-0.8054635212534993,-0.4582433866242954,2,43.715717010108335,25.235576429984977,-3.8740331226138096,35.34361151435833,20.07969502753623
0,2,0.48153934233170836,55.86923406431612,15.86363779067641,2.1784312496252003,1,0,0,0.7819556654393526,0.3348829379673914,0.24635505764786114,1,21.864703542990412,1,1,-2.8384314805897226,4.4758529678433705,0,76.05230317637353,1.3217977265164438,0,-0.30259757113315594,1.1779682769824706,0,84.41305850759286,3.9475636313919327,-0.773508374158471,14.677081966421621,32.03769082759412
1,2,-1.741259620339123,47.97734174970075,73.12361821301407,1.6173556844033818,1,0,1,0.6483168911924684,1.0199255651030954,0.5428691519507242,1,24.29658516834938,2,0,-7.915239790963053,6.533981520047403,1,22.2933180336101,2.7313490594764844,0,0.7838032063477244,0.18798244174070944,2,48.33670154657306,18.87102317649799,-4.644148061908586,31.446691724178287,55.82524684489688
1,2,-0.47722918989903335,66.14428847315006,35.416098314632684,1.6417447174412183,1,0,0,0.9637711041329662,0.40173395362291553,0.36820248964341873,0,17.030833809517066,2,0,-6.662510273992577,5.54132268172664,0,53.64262376648284,1.7431835599220027,2,0.36776022934495683,-0.0646693002769106,1,65.92011169722419,9.580206630786709,-4.2454927618659335,28.134220796415317,53.747308190753024
1,2,-0.7870532439729224,68.27512646783947,21.604100577269048,1.5323877504105898,1,0,0,0.9985692774518192,0.37569311841962433,0.18956705853524403,1,25.47054129230694,3,1,-9.47212315933658,2.0124346451429367,0,29.03777035915928,1.503607710827539,2,-0.5332552147945159,-0.9561421093115978,3,77.11637120864978,9.461530327341487,-6.240171042506194,39.22802881309845,68.83469504216009
1,0,0.7945268972953189,47.00387715823133,24.9342129433874,1.6200072606712919,0,0,0,0.45899062006754016,-2.181338328710115,0.5263628589960319,1,21.286781938721848,1,1,4.615104899432357,1.8310824474001843,0,7.868836171076863,1.3063473604288964,0,-1.0160470828321928,0.29739495789498815,3,84.49524952240147,14.951883117626723,-7.110864762549552,13.264971377642198,37.39294745290036
1,2,-1.2304410379760178,55.16226776446334,77.08046471127308,2.643704246876232,1,0,1,0.781644402246786,0.06242606571962929,0.9166522473256864,1,45.716392875360796,0,0,-4.418065200713448,5.978324020142821,1,63.79531492682584,3.250476115898854,0,2.016063775887128,-0.4947708098570531,2,46.34210078472062,27.880966026929066,-3.3203098446651964,30.25486773440532,48.81982800882328
0,0,-2.8362924645866667,24.204807399621146,72.08215455414049,2.3911589238473874,0,1,1,0.132429448745976,0.7707247500975926,0.4985510651797509,1,31.588854717529973,2,1,-0.7332741341973001,2.426694311650624,1,24.952903095045357,3.2294450845137166,1,2.118396626019504,0.07873265261886613,0,41.510017213971324,31.054306223964034,-0.3885536321234042,18.442316156810925,55.75779675532481
0,0,-1.309422405902977,22.98094666356542,20.01346050000643,2.220893979048142,0,0,0,0.14674905576676694,0.8200535349854018,0.6378703135619177,1,23.74313812489372,2,0,-6.6229467086995495,0.22287526228339513,1,66.608574579209,1.440429752157702,0,0.7106716767329396,1.1647363465864122,1,85.14752783234097,21.06728090535773,-2.5811263884613993,1.087686412652129,59.860827690956874
1,1,0.04498981129078333,56.11485738071929,75.64132329947175,2.110590063240928,1,1,0,0.6823858580602294,1.207069807991631,0.8612914875573765,0,45.167258048389456,0,1,-2.199786951501233,2.2486810313074628,0,25.84056897250921,3.5829100679368686,1,0.23406975101918215,-0.20178732259603652,1,35.670029945253454,6.523222273990273,-1.5224190573868093,35.769420279343144,47.95707758923338
0,0,-0.6491253726685356,33.01203964615408,32.34706313675314,2.547094520453724,0,1,1,0.20175979925011428,-0.5611795394538052,0.063053511554718,0,19.57669909223915,0,0,-6.742105174731371,0.5719247324315315,0,53.486185048365506,2.481330720570981,0,-0.006341316836139575,0.1757065696536463,0,53.08648068094251,9.383942284309061,3.902357602792982,13.979270247665227,21.614389671220692
1,2,-0.5251067912465507,44.516619118168265,69.86610130595828,1.7598590178143316,1,1,1,0.42375959700812676,0.22137006385893135,0.8130432205339785,1,38.417823204086325,2,0,5.298041085246572,8.030840359236368,1,56.41617212420793,3.100999686449329,2,0.2898269302365984,-0.698315419516965,1,43.65088104237928,12.70664427920973,-5.632316588295685,19.47222629650432,31.116874643724895
1,0,2.114803408112134,62.2969465030873,19.176385273933764,2.4358576759904276,1,0,0,0.5874820907838713,-0.44909179497234125,0.531962031777524,0,25.791677912412652,0,0,2.8093720535294864,2.2159944047169247,0,68.98350217701429,1.6912972845042937,0,-2.022722045189828,-0.29454567558308953,1,80.56004185172715,13.439173882447257,-2.3721776007186035,6.225135927886232,48.90898825874296
1,2,-2.024226831262,60.21095574342484,21.7111401918185,1.7214340620694348,1,0,0,0.8519484829938331,0.6811822174069393,0.7393351654528388,1,24.248101063957588,3,1,0.7078317074103246,5.431241596683863,1,2.4393106820003574,1.4369969203327464,2,-0.3141175287075666,0.030562039935614144,4,82.20714801866032,21.713210002574144,-9.173086305345162,35.094930319597054,60.132512212303816
0,1,0.9251710600279477,35.53029710291615,93.55151240999074,8.773925651793666,0,1,2,0.20273620394892994,-0.6262057879796228,0.8037353120115606,0,69.7649210621245,1,0,1.672602225261766,5.482757677273135,1,61.53125677487287,6.733811204993402,0,0.060172713999042796,-0.8517559588787821,0,11.47593070529202,34.71477052665015,7.3561009888375715,24.838977373648387,41.76618766298046
1,0,-0.4745116957535709,45.53997198642854,32.663163183572976,2.457911869965235,1,0,0,0.5362772946618298,-0.46155557273143577,0.24568729289603014,1,18.04492335847797,2,1,1.7689550146071795,2.840903258332994,0,1.8526616239582827,1.7988645482484888,2,0.2472942797164983,-0.37425132738732947,3,75.83907226993654,18.076065112799878,-7.599066450296212,11.675023971347356,33.57728749498739
0,1,0.44592049735193584,20.079697908086924,94.53694998101194,35.671699337250395,0,1,2,0.13355953743025595,-1.0401314844317917,0.5028192841736215,0,79.7570153243067,0,1,-9.296262456219079,15.555983758094373,0,32.112634321215026,14.041555085835277,0,0.11794759247502326,0.0005820241573955031,1,4.870150014359997,39.99665301682406,9.528307022571312,15.37297901724519,25.24863358578119
1,1,1.9627033200790027,64.2622705400945,34.09831503228295,3.898138274474705,1,1,0,0.784611415587834,0.28202565804019153,0.5289498448633152,0,22.255030241785967,0,0,5.714998405599271,2.465462591956529,0,37.12065105906945,2.8283507380707444,1,-0.4306216254715001,0.7903745459580354,1,43.56013915173877,14.211700761898951,2.313783124125928,24.690245515126456,52.4741763769182
0,1,1.508200385918302,59.64306504691691,58.24242640963694,6.729702376288074,1,1,0,0.5635489981345663,-0.7110997990354831,0.644021432108415,0,66.77613844365193,1,0,-4.752626234996253,1.8944363016891348,0,79.99649298486472,5.0609517396430395,1,-1.6251310429901917,0.3307660320257278,0,19.92325699068412,29.48975078792818,7.758998708773284,22.33509024712328,19.750925030969395
0,0,2.0437067138867584,32.07083390710201,82.79711280001048,5.456347434025172,0,1,2,0.17498608799389065,-0.5724718297504091,0.38782474377497267,0,74.92526866839228,0,0,6.064087392126005,1.6515928171400427,0,27.94706867928266,7.700366973533599,0,-0.9868915388275863,-0.6397530824409063,0,8.650497519214978,19.768406370970954,9.181795678532062,24.384791240657762,31.56728581809887
1,2,-0.27109516844592174,68.09947478966421,23.85197824561966,1.5966304022865416,1,0,0,0.9788882148678341,-1.6426129321288232,0.5406660863885806,1,21.930424394391622,2,1,4.913385823039162,6.061866333890676,1,53.32955585646572,1.7564721102761987,1,0.05875641042203105,0.44305838942362247,1,74.86294640053126,18.41142463469726,-3.8567804047101895,12.539773098147077,37.49216697066766
0,1,-0.13719049790599555,21.016458007514128,92.555724381096,17.841326262679768,0,1,2,0.20734373852798782,-0.0549304406480037,0.6749499194416867,0,79.32256470550904,0,0,-9.792862806378395,2.2593077373789976,1,43.92231768047613,11.977566232351455,0,1.9955626506009705,-0.779670265550213,0,4.043398465478693,39.386149349212886,9.597836872993515,21.89571116976349,28.391348458563783
0,0,0.8643494852564213,22.647808938166364,52.61867741089213,5.617919648902698,0,1,2,0.24269189077792125,-0.7435893376829448,0.34370794109108405,0,36.59711713187836,0,1,3.749240438444925,1.1531384259898882,0,51.801343003497976,3.6795855071110926,0,0.13359306120642053,1.10289409174227,0,43.59570574354778,30.998921274600395,4.294406089099896,5.460753509988933,22.794635957256922
0,1,0.10363948704225145,27.5299447135898,92.85844494524456,18.018122300488265,0,1,2,0.1629918359865833,-2.224489645277659,0.927423423486093,0,73.04337347973677,0,0,5.463628582077845,3.7679319628683476,0,32.54439341724468,7.371849834476499,2,1.4332574794085382,-0.22386267424781156,1,20.364975299317557,39.77197753704875,7.348884025900354,17.851236985497437,20.680891552958588
1,0,-0.7277360609050375,48.52720000786669,22.46151390697632,1.7413127105873651,1,0,0,0.6113982586499485,0.9809458085676886,0.7957643381033094,1,36.65714515321478,3,1,7.05385737618316,2.007985249270133,1,49.848161190645754,1.3330343583346072,0,0.3583702205604402,0.8837556070869391,2,82.20661384038144,6.528786865567493,-6.128182664914665,9.300823483866695,44.75557817550789
1,0,-0.7087434566803049,65.02820480988251,1.8632249728217365,1.8875108304732169,1,1,0,0.9127629056698039,1.0235755810417348,0.16146101094950055,1,19.853981721655778,4,0,-2.734443162006139,2.9272016486850605,1,66.45735624226732,0.9813566953851156,2,0.35577071036680996,-5.020661928308381,4,93.97431234191126,15.831534324919561,-8.29657635841754,15.747971916749059,50.12352511529016
0,0,-0.8598374416698921,24.703160128394455,48.795336669021935,2.389155335669903,0,1,1,0.13265351051237267,-0.37486093377374763,0.01204542889238408,0,60.76499653254933,0,0,-8.636326976756086,0.8961450318619789,1,51.19003369476125,5.225352031953496,1,0.4048742429393002,-0.059427334354952954,0,19.528256342314304,21.899140673400392,9.302446354925085,22.993775551712027,56.68789060070143
0,0,-1.8622293004282293,20.43491800131614,87.2499390284454,7.32836976241719,0,1,2,0.17271439826095297,0.14203081992270603,0.5535198965203761,0,79.29940632128931,0,1,1.9540789430456247,1.2774876551377496,1,52.808595733663104,11.7914880836768,0,2.081662854981603,-0.737816224187292,0,2.58173609908805,39.62333087934222,9.892673146679687,7.1739984646649635,63.247828442220865
0,0,0.6796223406092161,50.582475543335974,53.578973816630956,1.539598707798157,1,1,0,0.5552594528196002,0.33141058092691517,0.5771015410692674,0,19.759649832436015,1,1,0.15252226878036268,1.3438044292484275,0,55.896241079209965,2.526904143050221,1,-0.9268125238933644,-0.2526903073137845,1,54.11057432211791,23.466362387510035,0.11291512053208841,22.815436836651536,49.09993609718512
1,1,0.3400370493826715,49.4775803963308,21.221630937425378,1.708967471255303,1,0,0,0.48578858908227657,-0.8587738337471981,0.27736752902224515,1,25.073707198561095,3,1,8.631090531942306,3.061226214254574,0,47.56741268626463,1.2618926281228897,0,-0.5679401982678839,1.374272171812598,3,80.34588090766366,11.463797689401467,-6.502320818997348,13.35085991756535,31.686122578788556
0,0,-1.2355807182587806,39.92971806596378,88.24189972592733,2.1428911904186725,1,0,1,0.488599200003969,-0.6857290966375544,0.5974814192243599,1,53.25942853596413,0,0,1.8643851347444507,2.0185834125292277,1,18.707043755694322,4.064773095614123,1,0.9162244345662975,-0.38150331097023277,0,28.13011024908565,19.76196508954108,0.8955388049772655,36.10397922462554,65.51615097912625
1,0,-0.19348323904170137,30.791577448234047,44.28321945490139,1.522069094430471,0,1,1,0.253093761418691,0.019388762511420406,0.6811601700389271,1,28.737392338474137,0,0,6.648277918375705,1.3594949782440389,1,48.34010764220821,2.1305847373601825,0,-0.1403675005096107,-0.01321157901081746,3,58.04730495339009,6.379371039080217,-4.613103868265478,19.87730192268578,27.241534899022874
0,1,-0.2509507089468803,22.944801087130838,73.79436104497266,1.9543501539650296,0,1,1,0.17236282050403262,-0.8478291910764941,0.6380550053643887,0,40.96922518808202,2,0,-8.527859149388883,2.7285601986290753,1,4.587364321954843,3.5295926248106224,0,-0.35739510570001953,-0.21624135939834066,1,35.717135409340806,9.647352376935833,-0.27367242275909653,37.33487965947303,32.477197168190756
0,1,0.12301445250583237,46.18491073507656,73.56458427501468,1.2645453615099476,1,0,1,0.4720805644688725,-0.5646552842850299,0.7551784577989158,1,27.980034051176013,0,1,0.36407576589147617,2.436224185219464,1,68.80335903609816,2.3671514031235583,1,-0.6802270027283979,1.1412617557597748,1,49.09630593414466,8.003583967375903,-3.854801973628356,30.204168383169314,32.85940139493265
0,2,-0.32984904970772494,37.847152278536896,96.0191874882138,11.299620025194905,0,1,2,0.32383499413225353,-0.4556781485066134,0.9817588770169168,0,76.57783310043993,0,0,-8.599200054086522,4.638780528624016,0,53.81099479697958,9.392335014796414,0,0.9443335176181032,-0.5662616595159551,0,4.487553314260029,38.96376775263234,9.03352290824034,14.145800241195058,35.97869668890155
0,1,2.4913231558326863,48.86476287627063,70.50101808188634,2.982756025346387,0,1,1,0.2849055997360768,-0.7642156532790519,0.5752205349816781,0,54.2453227612712,0,1,-5.41752843624741,4.017009196400996,0,61.10908701926101,4.0662594509977605,2,-1.7062419696751363,0.41829073140170403,0,28.06719706046847,10.593777062119864,3.831488089633835,27.149258035735446,30.797540311535684
1,0,-1.3593120441461821,65.18693103070952,5.353299848455112,1.6347253850796752,1,1,0,0.9231192146733802,2.772172955509036,0.4466520769442447,1,18.808363070540754,3,1,-4.763200106806177,5.268825257589613,0,45.41814884875368,1.0730400274164418,1,0.6609492403505349,-0.8032213925165304,3,91.25153167675553,15.901624857344297,-6.315587660852363,10.819521504675471,52.362675017603586
1,2,-1.7660150416853362,54.88354363390488,34.00468528702629,2.5280276580400813,1,1,0,0.8334978311905112,-0.25720910485192167,0.3233117963711315,1,25.662683397012202,1,1,-4.109373217677723,6.941796431808232,1,69.00386750503607,1.7804892380883146,1,0.9125029090722483,-0.8679477612561817,3,68.99930883048467,26.818194582530282,-2.944079461103689,19.777537016493064,43.643792880602746
1,2,-0.23151855195351315,69.84795849395601,23.232095444885175,1.6788128335926988,1,1,0,0.9993303141400136,-0.27219702741757695,0.6225794009504844,1,18.135136199961643,3,1,-6.687886703188786,10.658762452300598,0,69.3136027505009,1.6143203438616112,2,-0.193780541767741,-0.9353115031537189,3,74.54967282669304,8.96255851606696,-4.918451246253131,32.10150364085245,68.9520848637742
0,0,-0.22304431959957421,23.783564760719543,4.213007704843968,1.8120524310182031,0,1,0,0.10221467191196354,-1.0196222721941066,0.0030381002970911175,0,18.604921003625535,1,0,-1.0025962322811814,0.4646696757931708,0,63.78427548164494,1.3867348433202173,1,0.0940710895236585,1.0851569538147527,0,84.20800017356417,17.936428850150282,4.193650562262903,1.0834979328018135,27.044010060009576
1,0,0.8485949848094518,52.84010062089392,15.853155422032428,1.9916034050936866,1,0,0,0.5389979574756226,1.0748862261801928,0.7886140399414582,1,28.449262187793778,3,0,-3.563939925315978,3.3086380812557885,1,63.96420248268736,1.1508241771555614,2,-0.8723998200081023,1.1491635527365132,2,83.97436743460429,9.345825709126158,-8.05732144135263,3.9857870104440396,39.96537659699929
1,0,-0.05097237936084507,36.23320295710029,50.95249657161632,2.702652702385415,0,0,1,0.2526144143623714,0.5653570736505786,0.5053272239399792,1,21.136184155718173,3,0,-7.428235353914578,2.097228351706523,1,12.68012498513337,2.1210304780909928,2,-0.5148077862939164,0.6568518769984062,2,61.260532594159244,16.72304373338702,-6.88556134172919,33.82615912928724,39.95322070095518
1,0,0.4980074913534589,41.423056427522226,22.797810172133516,1.0016275534354269,0,1,0,0.24537576383580495,-1.3353245841727939,0.36715942870071244,0,23.034589281214046,1,1,-0.5824158764690406,2.0523672236943122,0,32.93461132126058,1.8350846134409442,1,-1.7634739417637377,-0.24390960475259768,3,74.37200637153137,4.714968890264501,-3.2283132644951706,10.649904865790374,32.46651544652173
0,2,0.2689478106429443,27.40140192886033,74.05635656445753,2.686584859781014,0,1,2,0.13753437567188148,-1.0767230721634156,0.13875887050159041,0,74.28590746954156,0,0,-5.502508905978801,4.375258556942955,1,49.995057125022555,7.317055075492128,1,0.07931758393578961,-0.2675368715193632,0,10.136638012896526,12.862931367663322,9.145019478992978,13.36478269425222,41.906920043835925
0,1,0.06166803069326833,30.6737794789187,34.37797550733238,0.7612436501178323,1,1,0,0.3197654725606456,-1.1332984215471094,0.16784338063829002,0,25.36596148236431,1,1,2.1846499347158357,3.6133428212934486,1,44.71388232361913,2.0768566040925056,0,-0.8076902143048327,0.2680658353685659,1,69.65482802704715,18.60973219652328,0.6199341413139834,9.126858186385952,28.61542589320338
0,0,-0.7509147792039519,26.654744774154608,68.80844998634741,3.3380936839931166,0,1,1,0.25227761339297944,-0.28162912230566073,0.3263187196416391,0,35.167369632049216,1,1,-8.785327029463172,1.6280180146392655,0,36.25046929986843,3.4882315950962024,0,0.06427126123936841,-0.14614213782133412,0,35.59790587061934,25.919170428927014,3.766867968067393,12.106249707166734,49.544461370069556
0,0,1.8654004621839786,28.123035135641995,65.57491844592326,19.42244568470416,0,1,1,0.19313516168648837,-1.0517335961908292,0.8495749125407278,0,37.73562608627112,2,0,-3.4497130335332704,1.6369587293736638,0,77.10435602982162,3.4637165714940843,2,0.31100205885213444,-0.5360508732281526,1,34.45198674652884,34.053210060353685,2.180543967600716,7.552553528538109,25.966909424162544
1,1,0.4162887429239443,52.39464698295215,58.95776830242284,3.0334175216838477,1,0,0,0.6511312615632032,0.1536561872060022,0.6888994504864612,1,19.582492776029518,2,1,5.0293743808655265,5.107532640174666,0,3.4755625025401615,1.801984022554328,2,-0.11346675779928238,2.661389801471206,3,64.8617499387791,18.58348057441688,-5.490658701912334,31.84170124779473,48.087208345144866
1,2,0.20597953004796368,64.86075595410026,19.880098115323143,2.469049871230373,1,1,0,0.9004928593407319,1.092158602859848,0.281108253279241,0,31.05739484364768,0,1,-1.2074657812695193,2.797312618141414,0,75.46887067110168,2.1234706624840025,1,-0.29422174712353655,-0.12162256869662426,2,67.76696576907725,11.96225973100369,1.1536813639195813,23.34034220064941,42.85731646640767
0,1,0.9046409108353585,28.054404600769622,63.742917734419734,3.3570286917789947,0,0,1,0.15892700955414935,-2.3606375006070595,0.4442160285684074,1,22.928861817420874,0,0,-1.9877110567609773,4.384826192903864,0,15.48875694495579,2.55681805137057,0,-0.34893284950317016,-0.3940635846877682,2,64.14536314392618,14.28900737685373,-1.913136477016515,8.854053643126257,22.407954102586064
0,0,0.8423013242207805,19.490538968056406,29.737593978130306,2.592540973594626,0,1,1,0.11137382770851856,-0.30420830443064645,0.004001671904324655,0,57.74404431529823,0,0,-6.373955147813719,1.2693687264649445,0,4.273203109241432,5.7061226387234765,0,-0.7006785813000115,-0.41581607818676886,0,23.839962724169204,12.329769321977455,9.561182582663733,3.3910293385309775,25.83216234064311
0,1,0.2124891632899155,64.19656376523068,42.63402039216408,0.7301100298558209,1,0,0,0.8985412656431673,0.48485554791555097,0.5608451528699875,1,29.745365934436848,2,1,8.826343391331278,5.83742087192159,1,31.196976291822686,1.6602965693614042,1,-0.9443327981928331,0.2676025231313911,2,56.017885626097964,9.18639959690637,-2.256764942061724,20.944669898028447,69.69353981570868
1,0,0.5666089909995837,48.105405891330676,13.52522797067452,2.4052131100870198,1,0,0,0.501586019250131,-0.7261948062994741,0.4797696226904239,1,24.13455111264396,2,0,9.97613524814545,2.406679948461627,0,56.53344008470924,0.9886830157831414,0,0.24958609960726635,4.841584312226464,2,91.2239993928176,6.961724907215261,-8.326926383842956,2.1537252904341098,36.83342923822839
0,0,-1.037953034609453,69.69122026832703,3.1421551673160075,1.173958336454842,1,0,0,0.9987785984963125,-0.4738134181178751,0.4614457773000399,1,26.73667764593853,2,1,9.734810667240964,2.1688992319574574,0,23.660204509425835,0.8866721054796103,1,0.05409232644364812,0.7936211922680353,1,94.06845629537443,8.893044239933687,-3.2037234747191503,3.2082558451839827,69.81385351390894
1,0,-0.24346246575745045,42.64607977403486,15.345719318740208,5.387079263288941,1,0,0,0.5714232677148307,0.32188531261277836,0.14481886411497114,1,21.949166019344002,3,1,0.6125757546369588,1.6444731426583663,1,57.008734903963,1.329864278430264,1,0.12025038254277867,-0.5896353656461557,4,84.5564418922699,30.89915883096806,-7.48849816393623,18.978535032700755,40.96519809529239
1,2,-1.5793107099031998,68.2538220058008,29.595960091279693,2.1802328141522893,1,1,0,0.9935627640884662,0.4259308836224157,0.38165661093096237,1,23.279294853855497,2,0,-5.67508682294548,6.822120376143214,0,0.6870013437473776,1.7438858171733065,1,0.2028884541888099,-0.16837093057461244,2,66.03366154138554,22.874482989750042,-2.225846966007662,28.81166561741376,54.58168758888245
1,0,-1.8449558750937112,31.959490442660893,12.363944855428771,1.430058572457875,1,0,0,0.3758483714919447,-1.94222470314382,0.09707894307517062,1,22.54958494443538,1,0,9.04811964259924,1.6818420675825236,1,26.671191695914356,1.0969881928863097,1,0.7257697025640235,1.1115552764606287,2,88.0549484088466,14.1866972107435,-6.311621196159316,3.885283128590493,59.62625100229811
0,1,0.06809456117724859,36.145641615333176,63.56656253519913,2.3508880799396796,0,1,1,0.22990252824685398,0.32510735832522825,0.4906813054379098,0,33.65514341999897,1,0,0.9723269008526394,3.172405388046671,1,40.73487899366384,3.1180085666212563,0,-0.5526338456665184,-1.3709773595740176,0,43.510349144041285,14.086811679288136,0.8067208149020981,17.645073509053177,44.179732741401715
1,1,-0.36109312104130725,58.875516543318234,8.274474813031146,2.7867867356318916,1,0,0,0.8233352944525013,0.6542465742556857,0.0023836345858102015,1,25.032908928111564,2,0,-0.7568740561930021,6.7270297655435725,1,68.15216270708763,1.1566016256913587,1,0.48326474671828223,0.06597220388598435,3,87.23744396542824,24.030039795865648,-6.0103941883915555,31.62434943742923,36.18754859241865
0,0,0.1567577764307669,53.005223702079114,65.64115245842459,1.5519693644443857,1,1,0,0.6082517288750172,0.5141849008359834,0.779114694440894,0,51.97634291648038,0,1,-2.684873768296181,2.2698533370164826,0,73.84351980938166,4.782445563119467,0,-0.5178463378284546,-0.5002926511460027,0,49.978055848470056,9.68198896515726,7.563328937496902,12.828695353575949,53.5322434928292
0,1,-1.1105367067037517,30.145315073483182,85.12839087731685,3.312199874847065,0,1,2,0.22360815363781855,0.09718705952325644,0.4215928946164962,0,67.61185183024406,0,0,0.20063608314472248,3.7241904282383604,1,26.245232179814828,5.530033749799947,0,1.2226655049904223,-0.3049509928283964,0,14.384935272052674,32.85738310241187,7.85274664904161,22.976318584116733,55.09443515091516
1,1,0.08153944533572414,59.3183654383123,34.4330029746917,2.484746417675513,1,1,0,0.8059547568347407,-0.1196868219461259,0.19296883768378426,1,34.181202665370385,2,0,6.187653099436897,12.331890741319526,0,34.57939849403922,2.0881978796982703,0,0.14129243977379452,0.015909804356364788,3,65.90078757945233,12.517449547735415,-4.384728013958003,26.606991768455288,52.159749464908614
0,0,1.2888973339737095,25.439877638987014,96.78842224533906,54.598150033144236,0,1,2,0.20278241624498577,-0.52509720418957,0.9219671500303523,0,79.99974416613954,0,1,4.090706144629124,5.334487113515622,1,74.41969938787031,38.230759627206616,1,1.5516798489881143,-0.749905234788236,0,0.0801607571353391,39.99130214634999,9.98400637269269,23.72151524356361,24.558194371324575
1,1,1.4859845713783502,67.48950907737894,21.844430872380517,1.8004484660689748,1,0,0,0.9164242263329185,0.7654163663924153,0.9952133275563011,1,34.98374666781047,3,1,3.9050080442515007,3.5712517219579225,0,70.70756376309171,1.6164158646340212,1,-1.2368332734454508,-0.4326014548543457,3,77.37330242069484,11.442482989717695,-6.7238910060942025,9.288841660856775,23.78819674448618
0,2,-0.5211129958813361,45.93175707316462,70.32559815842068,2.8520845030506203,1,1,1,0.5182790327964485,0.21176383530781792,0.18446942450723852,0,76.63067999806258,0,0,-0.5285016602313757,4.43795915073027,0,37.94802681953153,7.860272299647205,0,0.48313955030613503,0.34435849317493517,0,8.602350017213018,23.253574049238562,9.684833403829039,20.9754862765139,66.97944944247976
0,0,0.30031811155824056,23.711202133523216,48.232458654727175,1.9691056228747654,0,0,1,0.1339260956813368,-0.7242610834787626,0.5032165571577829,1,35.14146478231017,1,0,8.56588195746346,0.7838565005761506,0,35.76690875161279,1.8622702230979082,0,-0.573822233486815,0.8998150870774079,0,65.41015944615015,10.66396153736381,-2.5875838297123677,3.1088555972217424,36.666012170685896
1,0,-1.1877089329948243,46.319980031122725,17.29788980681322,0.594544174651291,1,1,0,0.575216317683476,0.634032403387307,0.8365278900546933,1,19.316452636655,3,1,-1.7695361868648103,1.3922343823787793,1,30.15013726210632,1.7986123692683513,1,-0.8327166762617081,-0.519319928842264,4,76.33676573080761,13.506845728800972,-7.434880148639177,15.833916821549856,45.62957432949944
1,0,1.138626350878266,46.355363660842535,18.513732857797766,1.2538858419889172,0,0,0,0.2851477572113901,-1.1261196007194938,0.6490207553737226,1,26.838884467263718,3,1,7.7075658478298905,1.0502456844402142,0,52.40693345515686,1.317128783874736,1,-1.6976284350556832,1.9761185322295436,3,85.55139350220826,8.430342222540666,-6.74260147059646,8.606154237557156,39.275657109866245
1,0,-1.763237896542652,31.335262593333645,43.872932325138706,3.556554891390947,0,0,1,0.33083010488784836,-0.6567566619898558,0.6987908634287852,1,22.564454049069013,0,0,2.147394924278405,2.2894280016568893,1,45.25015627539147,2.1612295825379952,2,2.1186663653185764,-0.5006054771696247,3,63.74543867565847,28.559459730872803,-5.172278979443182,1.9933325396673074,51.801152680224746
0,2,-0.71178479264676,27.593572630001233,99.31282304401286,22.962326507353662,0,1,2,0.19963989177817948,-0.80398815432987,0.6847220332277221,0,79.88135453339248,1,1,3.5125959147436703,10.55045711853667,0,13.386241093861674,15.986772597618282,1,2.831993818266984,0.22470098996020113,0,0.5120930788589995,39.94950269328065,8.082947166828593,39.93331699711859,43.931841352408156
1,0,-0.7004286463433295,68.60041851548351,38.47617773475939,2.738671547083327,1,1,0,0.994230322191494,-2.263854982941319,0.2908546308188171,0,26.95960222430413,1,0,3.8072487175626293,6.388172135030957,1,60.50241443880925,2.3965159621461627,0,0.24426963707556132,0.34200368812487447,2,62.16298047746258,20.177735901219833,0.5359023348877674,32.5268938246729,69.99958279149921
0,1,-0.5070917650644565,28.3573149897433,79.30093092157603,3.416149809682023,1,1,2,0.32837851354227887,0.2818296610089474,0.31705847734714515,0,58.413661213281436,0,0,-9.44534945981861,4.553995391598317,1,41.3372594495696,5.207865694210153,0,0.3987990419742686,0.036632048297846165,0,20.238706531824015,23.26559484802742,4.078110725667683,26.155055618601423,43.10356898766454
0,1,1.1062092541397577,41.808868473681486,66.25432761155963,4.1954728057616455,0,1,1,0.3131148060394581,0.8569686548343926,0.748976662243156,0,63.658653406582275,0,0,-5.68571640923699,1.974508038422182,0,68.70812026706778,6.1692658047062,1,-0.6457585457386337,0.6306697511881305,0,14.05345090210346,20.209578273070527,8.093067920976473,15.740448198405845,27.991294685468382
1,0,-1.1256113218916208,27.175407435407216,26.412964593676485,2.383758168020114,0,0,0,0.18503338337657832,-1.2675400533627055,0.5632761936760292,1,26.358680032063006,2,0,-4.7509925166804745,4.100783614183991,1,21.745298492680092,1.8251916823994436,0,0.4882893899709606,0.11702971119297574,1,74.19022014817448,22.036649764325094,-3.8243029556984194,2.572501734369963,42.87030641520056
1,1,-0.4525098756290342,64.04695870944369,7.315841578104731,1.5080299602425193,1,0,0,0.9255327727566462,2.185923287149913,0.5349460162454385,1,23.086202806430485,3,1,-3.130308884743288,1.760142870079981,1,17.397619715292446,1.1096737682948898,0,-0.32326189172146624,-1.2487566010547322,4,90.9291447445838,8.88974328529336,-8.05266995676388,16.132653736975215,59.69851304951862
0,1,-0.6164033540756304,32.51232730931922,2.465613590425564,2.00748324926391,0,1,0,0.21786942184860386,3.2910380126747265,3.245998164147501e-07,0,22.81350604864305,2,1,-9.25064083437904,3.8432773239221616,1,29.61984302728098,1.494774408234845,0,0.3304863144365587,-0.08027965594772417,2,82.83828850424686,10.635979932213287,5.242207123860343,5.099931269382065,24.60518612704623
0,2,-0.1316488232663914,67.57413866078262,26.516805437140174,1.7782854975891291,1,0,0,0.9627251042415101,-0.8254101467658761,0.4572782181483178,0,24.928631860915385,1,0,6.220182684845867,4.529175055406769,1,59.05704219158942,1.6564957412584198,1,-0.20093542594010577,0.29667898708129764,0,73.4304141613564,12.129150634767676,-2.611884293118462,13.176115848337247,69.52371587921897
0,1,0.5143631093648112,18.883542579019654,99.34529374839293,30.55498166491809,0,1,2,0.14863174922324807,-0.10531188149500793,0.6851320933554015,0,79.99546920959082,0,0,-4.254909633653179,3.5338801913060283,1,4.216676896185252,27.84785904692339,0,2.5120297881992184,1.9882562997989124,0,0.10868350997312315,39.954124456017226,9.918291251318404,37.07099569608503,47.37214063488992
1,1,-0.3753940140216209,52.99387818273048,52.797053862214916,1.750591070734266,1,0,0,0.665265570867843,0.11412691717724782,0.2861122486978004,1,25.54085352369495,2,1,-9.560996894126694,5.9696703671442854,1,41.84121842876016,2.2984948462110517,0,0.6120623097545432,-0.027720995478934134,2,63.69455769535883,8.730466571574585,-5.9377737360928595,34.574076656702765,41.79770980244256
0,0,-0.21612320375217173,22.03128785432135,25.524827586387712,3.0293746583278987,0,1,1,0.11008951278367457,-0.06573850880851921,0.4110149847412946,1,32.931998589518656,0,0,-6.329031707598999,0.39599505403727014,0,78.50974252556631,1.6519183872558818,0,-0.12027949828281646,-0.0387864396208465,1,73.89126152616076,21.216191327100326,-0.9878699642285014,2.473894198797353,19.991412337602185
1,1,-0.45365199798900874,51.53165426206312,50.52816904305099,1.956722911102442,1,0,0,0.6115050204433667,0.04093861043077805,0.46325996257535057,1,25.767296085424825,3,0,-4.113851576823754,3.0913163732734037,1,68.0158571293393,1.9224003285255191,2,0.7803192553101832,1.454564375757254,1,68.16804851022657,16.91981853984349,-5.443474302282557,29.33866941593817,51.4794056149231
1,0,-0.4961744445251768,26.894760007254686,62.35896740011238,1.701571859940258,0,0,2,0.1258948494854537,-1.067259367595664,0.9099462568858248,1,20.444531915733997,1,1,-7.1751046869960335,1.5031020569108364,1,45.63541026614055,2.218793546376595,0,0.25354060268124956,-0.6711451172145362,2,48.16298555756799,13.459550257040767,-3.8392505870881983,9.10429546395047,34.487777890854055
0,1,-0.06334952910953037,41.29246011857332,89.58344381933973,22.889524390417332,0,1,1,0.24952209900801947,0.7051620610138358,0.3353990622415779,0,79.02228750780077,0,1,-9.891347591366326,3.860940359082223,0,77.49837112969684,12.979164267095074,0,1.8495047550768393,-0.0068626357713568766,0,2.5461611638013415,39.96823720189306,8.915996742999454,28.6340083449413,21.152274625540585
1,1,-0.3698154058370154,54.84973619401521,30.11072599513842,1.9241808632634985,1,0,0,0.6225379283260933,-0.2717301781754443,0.2644488307344018,1,19.16862483614817,1,0,-5.0738373431154,5.199131167287181,1,70.61510997531533,1.8848526869382056,0,0.28137687658080607,-0.24232133703856612,2,75.10178385562813,7.623077584544924,-5.666965551915734,30.627556988516595,40.73739639243251
0,0,-0.9730222751548789,39.7888576648282,39.665484656379526,1.9244946369675884,1,0,0,0.4574361184303979,0.06881964618398026,0.5107541857195129,0,34.43758278491287,0,0,8.47192071926916,1.4046659951050209,0,19.23193140781809,1.6483364423562605,0,0.7602127564985309,-1.0666169647901602,1,68.62514423133607,22.431349524844272,-1.9819504370827428,11.96931310337015,47.08647935092155
1,0,-0.38796286926756496,39.48904126168219,14.780889860842588,2.3780740781917475,0,1,0,0.34944026270991374,-0.4033601118285527,0.12439470308780615,0,23.91879357988699,1,0,1.4394673208035496,3.0958969858417547,1,32.34861135191363,1.8175080707749924,2,0.31942757106944747,0.30564961110388755,2,72.54085839162686,17.134470888138992,-1.483917870403035,3.291273776746406,46.26008246495948
1,1,-0.3134435024082034,60.33041127626049,4.921042311631529,1.938608249373281,1,0,0,0.8019940103363092,0.6330472299339532,0.2690170859786073,1,36.057532692339464,2,1,-5.193617866710996,2.4647545581731176,1,36.588222165512406,1.1629876132750971,2,0.11187002010872538,-0.43985801015371806,4,89.72700399428459,8.115698042955273,-8.439413488967425,24.24234602782058,25.97923234599844
1,1,-0.29369025094823603,41.5734120331383,58.248106216657604,2.4571419702354635,1,1,1,0.45405034080208456,0.05544990826170102,0.6578343740353584,1,21.43258967626803,0,0,0.6441692693810772,5.155500041603605,0,49.16575285500946,2.538943967377862,0,0.10848853092830435,0.3680407439898608,1,50.01385848826472,12.7594592516707,-1.35122312907726,13.009860490209944,25.791280520766236
0,0,-0.558855611022452,40.56171677522234,70.85061267058387,2.978035885051409,1,0,1,0.4132303752136348,-1.7482402860234048,0.9066770917262896,1,35.33340904303877,0,0,9.088720587369078,3.2133245536914226,1,76.63778258783607,2.4902401327688977,0,0.6662312512412291,0.7275351365271581,2,49.27900802619051,24.367188301683807,-2.881715251348707,9.906841738007028,35.4689047649489
1,0,0.27977225912063597,32.67421586843561,19.213501947191773,1.8539376599544632,0,0,0,0.2612730426939291,-0.11691557196273268,0.6737893928265628,1,29.946598121795077,1,0,-4.903488320578982,0.604299134569399,0,20.26098892976124,1.202005023672985,0,-0.39715047784558477,0.7451018251215501,2,85.71877420157993,11.257996396591796,-6.6940037555505425,10.443329071404165,24.38270316317532
0,0,-0.4837257165938264,47.39811429385519,43.027355429014904,2.3861953028251057,1,1,0,0.576463878094648,0.4210469312667103,0.5795755534522868,0,26.23861740007536,2,0,-1.767570563335763,3.338004143056682,0,73.1130788742262,2.6303595942316393,0,0.19786491698661512,-3.440581749339858,1,51.06925638141527,18.72046910341283,1.1388389121843385,4.555548094794792,46.3719371330982
0,2,0.7709914111283123,42.190704382934996,58.97599192001252,1.8434570126645704,1,0,1,0.41628245136896475,-0.9291611137173027,0.46706618189163857,0,29.63213474200012,0,0,3.6110410755713076,6.156701507554868,0,22.00994805673919,2.308689454868544,0,-2.061543747083905,0.2844401988062617,1,40.724378611031106,10.424687179941285,-0.8813435298940409,12.787878800246656,32.037255188853834
1,1,0.2239646219170484,68.54859186183654,1.4320576700811716,2.17846098248293,1,1,0,0.9858905551673975,-0.7480894374882613,0.03387907517727873,0,24.23884752613673,3,0,7.423571977112033,1.7741795262726394,0,33.77329076102856,0.9842581471599977,1,-0.4483242709048752,-0.5861082246330593,3,95.02700337000522,11.70800713268465,-3.2929652138398406,12.88442304862314,68.42821971346768
1,1,-0.7287993414472739,47.00899608952483,62.37984177879605,1.787775232602681,1,0,1,0.5184780767972058,0.4518205519583711,0.7133214500145466,1,22.48718117364472,2,0,-0.8519815666394983,5.060919379935448,1,30.418998431629205,2.2361430425637376,1,-0.1052724681677888,0.3694070973803448,1,55.54682973556234,8.079192080860572,-4.957902809143,17.908588112843656,46.6096732795198
1,0,0.8410846137025263,63.600066662541266,22.393166876009317,1.6565808342237889,1,0,0,0.8735878827147026,0.4153845194120712,0.6415246650827262,1,28.93328396900622,0,0,9.750912010430557,2.972139316604443,0,77.98906198118104,1.1317577313263247,1,-1.0829929849600024,3.2908094235142893,2,91.79923053461714,12.30153803975993,-5.7508473218394425,7.840915951164334,64.47250652767758
1,1,-0.8302399637364918,29.657059958642584,45.473152963226546,1.5493206198438063,0,0,1,0.259281508195797,0.5578550718750189,0.45107504052027625,1,20.938817542128323,2,1,0.3408989161773377,3.896144433001256,1,39.66545021614414,1.9931892524738153,1,0.39177836711703745,-0.049867741591656196,2,65.59477117410722,8.398139711429131,-1.9375748508116803,7.480990151895277,35.171333009320456
0,0,0.20608129918805937,49.12973928340355,46.24229739412012,1.5990844064250305,1,1,0,0.48557018998668217,0.09050510058730073,0.6228732424154622,0,32.41226195969069,0,1,9.07624073448109,1.0620220558522027,0,50.57308782147861,3.440758955040812,0,-1.2199974222559875,-0.10820808345905561,0,42.41500910891717,5.162457598896433,6.133232732890971,8.00670012152281,22.31255752118198
1,0,-0.2506915186475875,26.30582090046266,70.90278960712071,1.9401011431377178,0,1,1,0.3338431780872865,-0.16552379962434405,0.4943783473577454,1,31.806823156083844,1,0,-6.156117713661777,1.586855473374959,1,0.678247831252623,3.1325391138240506,1,-0.171725345402364,0.14069655174818974,1,45.579639139191904,12.181621143354766,-2.6627555696529566,32.71256776972399,30.594778833387927
0,0,-0.5984994329231947,30.707726077377046,25.787668272478687,1.4979672854480208,0,0,0,0.15287491435812167,-0.07287135109682533,0.16271384834607183,1,34.16318615328771,2,1,-8.41345270192885,1.8663646984700837,1,54.10373401561933,1.6382810670990566,0,0.16832323773029592,0.7984765791465462,1,76.52862386516807,8.725469760986261,-2.016959928995659,3.3622639802708076,47.03173010333357
1,1,0.8568042933120597,31.92631719419122,66.99433178078588,6.272040378993571,0,0,1,0.2812478225537395,0.04923515031859162,0.42622378482840684,1,24.076912856638288,3,1,8.779647488164859,2.4766630808431827,0,19.575064175874587,2.1247958144953967,0,-0.9672960327597936,0.8883456405921237,2,49.004919222929665,30.19954753186881,-1.551818122447532,30.44501653886272,20.517154874247456
0,2,0.04261897238814281,49.346523155677545,75.2750129920689,2.6061623000317473,1,1,1,0.47650969439924296,1.0124491636185924,0.5031807665055446,0,58.19847518564984,0,0,6.760896806560844,14.02307396778326,0,39.323955592507176,5.881339029608785,1,0.78628825144347,-1.100881708728401,0,18.673840826931432,22.50633616962657,5.348017037554991,17.833916313912958,30.051945106438904
0,2,-2.7176079657609495,30.302369675330638,99.43382869148135,3.063184174992474,1,1,2,0.4226434769408446,-0.001414005188457919,0.490877494339835,0,79.28473193456561,0,0,-8.564123131193837,7.302450057425649,1,13.669124466936871,11.866457961816948,0,2.152820108169747,-0.8346069226702681,0,1.1519995362559599,31.65951017768574,8.2242759111857,33.20380305029885,68.83380502187636
1,0,-0.8617050938232378,42.11059952818992,38.395493816489804,1.4980164103186273,1,0,0,0.5351844893180752,0.5714753614816195,0.32317739355274333,1,24.390328299694133,3,1,-4.196628211115126,1.2004616684251816,1,12.43899868906258,1.8750893917247964,2,0.02585188065416878,-0.24427037918275465,3,67.10439489552003,23.621069424719835,-6.462813213518086,36.12219597961905,46.30545395196268
1,2,-0.895043915590802,52.62793822585923,66.80972269603588,1.356671916651988,1,0,0,0.7914186158816616,0.7492740451481642,0.3874338127889845,1,25.390785661206827,1,1,6.7137789575382385,8.185537934146646,1,76.19055676833503,2.2713020865544866,0,-0.1064924019127294,3.4412191026758765,2,52.29518709377685,13.119933531589187,-5.83251070672588,35.50629137851747,29.060573104817248
0,1,-1.0305728033555104,19.53304378291928,81.72785161889941,19.099954156216885,0,1,2,0.07848824745100436,-0.6633780833078959,0.463569768366205,0,78.29171750676778,1,1,9.153546146703416,3.2705328205302875,1,70.07910918267967,9.281465647251556,1,2.418380292617928,-0.9494752539783868,0,6.541729231226828,39.90513279550746,8.753233389776426,7.37505720906187,23.78489083370862
0,2,0.036009577860897,60.6675640944403,54.824180409607784,2.181379622452664,1,1,0,0.8302396642778975,0.15752629313716693,0.1488822742393231,0,61.90299674435394,0,1,-6.3112173691812785,3.871734094062849,0,54.78092398162687,5.978407596272879,1,-0.541822076239716,-0.0879736496093391,0,21.63823799598831,13.780528292233686,8.698565414961202,31.2550406536334,64.74944408892112
0,1,1.3097283405375029,23.671057720354675,99.09385093136672,54.598150033144236,0,1,2,0.19088841770241988,-1.054677775269373,0.9204442974366236,0,79.99784360065607,1,1,-7.721222325779106,4.02650188861423,0,44.85855420393779,28.808650643162867,2,2.3354741265720094,-0.39498270519614365,0,0.03643239178750535,39.99945328609891,9.959427022712472,36.37182456441491,21.117426931882488
0,0,1.8002837869618824,34.75738398058898,67.10765099341889,1.8914737929976955,0,0,1,0.2051464086185536,-0.9151132964384392,0.6590191455210703,0,33.99228349338811,1,1,5.205270716605453,3.1452001946724857,1,48.47071397013401,2.840333233162879,0,-0.47898908072134855,-0.44929573212311863,0,32.31124482942423,7.854380050849315,-0.2395110658630415,10.261934030884285,44.35440972540779
1,2,-0.3355982619893859,62.91602959705951,6.9500559342739745,2.354702440939522,1,1,0,0.8368889634218414,-0.2691026538592629,0.5250467337778384,0,21.023404819633082,3,0,-7.350992112845887,5.003285595374708,1,60.58471864490724,1.0416104137698705,2,0.08177859247814306,0.264366355802018,4,87.1979000832925,13.85230468819756,-6.532292317839101,13.54648911452079,26.888159605136778
1,2,0.4078272167129928,53.59327479162721,97.3704912910361,17.90242273150579,1,0,2,0.5785566960925417,-0.011278264410331858,0.9662765161141973,1,66.64362278314132,3,1,-8.4875783965309,25.405747689947425,0,51.93905398597042,4.817970608786165,2,1.6783183496816314,0.2414789518665505,3,13.623247491453638,39.869554218779314,-4.8247130167103025,39.94500539382975,19.921598123698203
0,0,1.6306329379920874,44.14571881273335,50.510623313753214,0.4668916921707885,0,0,0,0.25328072779700656,-0.6630174536131772,0.4738671375284571,1,20.27322808285409,1,1,0.7403717869153148,2.131818150381079,0,48.410908823904734,2.1794367472713034,0,-1.8724988485269456,-0.46830726677505663,0,57.3847255551142,11.056825051075554,-0.8728955557679434,17.95184493312348,30.623411318766234
0,2,-1.19119248760554,30.360009817726002,99.85700363196453,22.868549600428285,0,1,2,0.17631768718463564,-1.0059937952793492,0.4909298301339399,0,79.99973114464083,0,0,-5.06425330651587,4.767057597554792,1,4.835810449666891,31.897998948626864,2,2.672502019984092,0.10757685306736348,0,0.06134864070816426,39.9735565488571,9.754564008312158,39.999061703144456,41.64772888918768
0,0,3.586655882765185,30.564610801577288,99.48063894361235,44.063012674263646,0,1,2,0.10696510657739267,0.8835361080291364,0.9980539708103306,0,79.98353345977252,1,1,-7.689541169552859,9.305506649932326,0,14.448065315514768,27.494522331234432,0,-0.48238458098451037,0.14622038595631298,0,0.14897437577232608,39.49625537631719,9.8428648172804,25.354692323970582,23.162217968060602
0,0,-0.20626633217281606,30.033008438851567,14.350210755966952,2.1229990765849798,0,0,0,0.21511820121037378,-1.1739723734155634,0.01749381507498604,0,23.773220878343864,3,1,-4.726757764740128,1.0646876745804816,0,1.99851999469709,1.4947567059918134,1,0.713781059231341,-2.214107199610167,0,80.81304108117435,6.99572682411568,2.884387625862523,6.359343224823357,55.888330824905914
1,0,-0.3530674202032471,27.818936707848685,26.979690613199065,1.047777903287254,0,0,0,0.006504392375114132,0.30018705762095116,0.07077242993788979,1,19.13999220503225,2,1,-3.4110197552696953,0.9587599332131405,1,46.098992729657304,1.6331725794618939,1,0.1947627460175009,-0.16619964983246246,1,52.260153455944156,9.044431279586396,-3.9779254113066926,17.154064850448137,26.92645522593366
0,0,-0.8961841568229559,47.713871551711996,80.1891007038287,2.122886406448795,1,0,1,0.6433141660461786,0.32513443889721383,0.6134565044017891,1,38.93347205827772,1,0,-5.726238925632085,3.1135170367625453,1,53.160676475202365,3.5547919747897674,0,-0.5899307590614415,-0.49929188375162076,1,29.693481735280752,18.00141779379834,-2.1719315689512007,35.77573176373451,62.571455422378996
1,1,0.9782535111455795,64.56674420146075,34.00494623360574,1.6158163212303396,1,0,0,0.8756187976094678,-0.35410688091990833,0.6952368327303826,1,30.408545742115795,1,1,-4.347736469478711,3.721684179987086,0,54.68343144888121,1.9505618476064228,0,-0.6431057539795704,-0.25710025446883794,1,71.55937200424627,9.679410656900556,-4.332102255488158,22.72613864833049,36.03351599991178
1,0,-0.6215256075458264,20.916112330663406,63.02300306744182,2.3682756875376367,0,0,2,0.1288776848129738,-0.28271547890166476,0.7062038116285756,0,23.19774118337915,3,0,-2.854187546021433,0.7663106415224606,1,1.338738434498552,2.6929187947894206,0,0.39127634635256414,-0.7613322442800831,0,42.187901183232206,15.991480192881149,-2.3401446806478807,18.337541250155436,43.25313633936409
0,1,-0.6976205172080725,38.943432304141076,70.93128357063907,1.84567614149285,0,1,1,0.33442030924020016,0.3053173438339923,0.6261985693021551,0,46.752888097738506,0,1,2.2020191657488084,5.188301298502973,1,37.99863262863768,4.853424330478744,1,0.06890175098708072,0.271190321884903,0,25.18132736495285,12.118526429962216,4.166172392099952,14.830960659248603,42.87131762321045
1,2,0.10436325896863505,69.93344012926684,9.732902146721734,2.057035401423098,1,0,0,0.999551476412579,2.7559888118597415,0.19565148847466912,1,22.54162885627074,3,0,-2.0439082380918228,12.291131082249366,0,75.7186559334271,1.3612606084580867,0,-0.06856770255467871,1.2170907605046697,3,86.65142057253215,8.418317003556233,-7.755204504061602,35.68470935227738,30.675239842338833
0,1,-0.3114257521679325,50.515620149310166,60.46868835360167,1.8428634379667828,1,0,1,0.6705938432732597,-1.4117281894243543,0.9749024274505464,1,21.704913368859344,0,0,9.503781702235887,1.405161104755835,0,36.98892298032993,2.2448280401300393,1,0.27136970328705295,-1.252781270902331,1,59.42720426864285,9.819776520062026,-3.2848167230104677,5.8574557801270055,47.19327901789225
1,0,-0.25167055820808937,49.4832245783917,4.613540843114477,1.7794182319605834,1,0,0,0.5996997279318863,0.4231573350146469,0.15599157293527616,0,34.30966752870208,0,0,6.327752772227342,0.6874070954425751,1,53.40717220463855,1.10175940138965,0,0.2744611016802376,-0.15498003828225446,3,89.00619206139562,4.329232493102961,-4.105974381186151,3.279308994308101,33.22494736055812
1,2,0.9596583885026562,60.49438865569932,51.65573635381319,1.678142036449983,1,1,0,0.7128919795293637,0.6510084559418465,0.5231706611862574,1,18.97308455925875,0,1,-7.8268805671963735,5.997960276879816,1,12.210208783677716,2.4636407943518432,1,-1.1664380375762127,-0.2846688358465707,3,51.73973759916864,8.756331432122607,-6.684190804146483,39.05655669671994,46.62821753781496
0,0,-0.5856606528857842,26.23425907227128,49.698090378770814,2.470126987664246,0,0,1,0.11535881469105047,0.5981570432171301,0.18810400063464905,1,31.260559722756717,2,1,9.361806139959278,2.600658829233595,0,28.63056408005967,2.0746673376980818,0,0.2274516021243749,1.069903956823748,0,63.835712993683366,19.9378305248188,-2.142059175499675,6.518599538930996,23.602506165200374
1,0,-2.879222931891979,41.21401283919219,45.49132810422555,2.409843597247165,1,0,0,0.6739227215326679,-0.31598631674095656,0.9291371611180967,1,20.139986113733368,4,0,-1.7608363058814156,2.7044006284291955,1,29.006383369309017,1.8996246825114886,2,1.3048616968068214,-0.764020542252612,2,54.371598816129705,33.51718298451962,-4.45521371647735,6.902492500410975,67.27413238858617
0,1,0.06922579093551957,56.64856357726589,22.64011468882264,1.6202747819780543,1,0,0,0.7054869640550345,-0.5774280848598331,0.36783043617333533,1,20.44312761667033,2,1,9.999998200231829,2.2090904388923036,0,32.38000694997418,0.912501912556303,2,-0.7442680761341522,6.0869627567144855,1,89.312458242993,10.530121706720383,-5.569683852034436,25.767742758564722,59.3201077292317
0,2,-0.5806980232975157,60.293273356103725,51.125316445392244,1.7495473358775582,1,0,0,0.8668584112384389,-0.2053612391149453,0.4101196986286546,1,23.35668938967281,0,1,-3.670561929720497,10.962378853139434,0,70.834515873088,2.276872020040353,0,0.0953507306956806,0.9391008601960082,0,58.32242599183569,11.049779790826054,-0.1601774947797594,8.37559241780584,40.37861701673809
0,2,-0.2718502445949271,48.35089622140927,83.18193997414929,5.527537933868333,1,1,1,0.6201056824255662,1.085962003073548,0.06845073547837638,0,69.85439789959356,0,1,-2.081722648847868,4.2216659847995555,1,70.48142578379866,6.711268562161647,0,0.6893775320119534,-1.290347879836201,1,15.53590616975707,33.56919275883763,4.5922446592369575,34.537718190978794,31.41357792391821
0,0,-0.6838832113276387,19.801688211870236,78.37881687353223,5.723868143577527,0,1,2,0.13875371881208542,-2.669736715108342,0.5598157719413915,0,38.13921597088316,3,1,3.798263056125517,2.7305699126162364,1,19.068384087158424,3.2969989513326845,0,1.0617191316100951,0.1438460579078017,1,30.25911149256666,33.37605393298833,-1.5366093399129195,11.944112518407213,32.55144466087319
0,0,0.4814996470348436,34.948795854438885,87.25544058911812,5.262895128159578,0,1,1,0.27820955682679277,-0.266863391453361,0.4652986852040241,0,70.92144672694937,0,0,-6.340704435808969,3.2360806221355904,0,33.103272019972614,6.375759462743988,0,0.7197523127707337,-0.7538965470953863,0,25.22570970034874,31.6467064198725,7.1932289780074115,35.3630245902807,47.614844087118776
0,0,-1.160221879069156,28.528467022930727,48.85468527752762,1.4086511920140392,0,1,1,0.1391156245589344,0.6420308088292157,0.4544157710306781,0,19.409114460013427,0,1,-3.229977885842259,0.8341931537656843,1,9.136684435145135,2.897246513388652,0,0.08826589189766736,-0.6806576944897204,1,47.493740415238875,16.30345275695312,2.475615095897963,9.98443024265331,63.805154993163356
0,1,0.5610107463879186,27.60325422141775,99.65822821689397,34.62229037646551,0,1,2,0.19281184575386245,-0.7131676601481088,0.38365292949479446,0,79.99879153916095,0,0,2.090034701531607,9.901722642618951,1,48.87406045691276,31.938654914148398,0,1.757481354025246,-0.11545496562069743,0,0.03494439744569644,39.9679447010201,9.941687187425284,39.94847002790781,41.709538670443465
1,0,0.08215748701572195,26.61954962085958,74.86741812922422,2.506627027539701,0,0,2,0.1573201906219136,-0.5160264523002565,0.7425064011872364,1,25.094279714259528,1,1,9.043399796598031,1.0605046543653853,0,10.172330081112392,3.3884202304227395,0,0.08398439798969824,-0.16490769375670453,1,21.99726186747223,4.547692293258829,-2.9636927345640176,18.56250178956338,35.45115712228943
1,1,-0.6251495198456921,52.143763861892246,26.3114744229349,2.587624910802891,1,0,0,0.6752860702794365,0.6696379125250959,0.4116213187770086,0,21.492966946365655,3,1,-9.593375266772181,4.259075103602685,0,41.651365330536336,1.7719364173840848,0,-0.6752672776366432,-0.22136429484127268,1,75.32770940796387,24.993394116666646,-4.247494706946558,6.955692982583499,43.18221181406233
0,1,1.9929460810648518,31.42253212864216,90.7367918438558,1.3757463229651201,0,1,2,0.2571029217098627,-0.2540575681211824,0.9465823597572228,0,60.56651810669754,0,1,-5.129073053444573,3.208920710644937,0,2.693210022514503,4.266512667381892,1,-1.4970244871229812,-0.3646406241827145,0,24.10100298379679,8.901388068385415,1.722552469895259,10.941932686056033,49.80106366681613
1,2,-0.05675143329090825,65.75715422422068,16.34324796901255,2.2824212293678525,1,0,0,0.9241175623383521,0.2505633859030486,0.2688766762190996,1,23.161521744677174,3,1,-7.814064794240322,10.196911919251196,0,30.966716644971708,1.2834762669862272,2,0.09880924676537753,-0.22425250688258483,3,76.52036435945398,13.401058150439514,-5.934272198566103,25.80435268915979,29.51261988313866
0,2,0.17443381650321516,46.37618965395274,51.92655988494149,1.7661163035532288,1,1,0,0.4851386341647703,-0.5990562925425572,0.3823371511639345,0,26.084059882726997,1,1,-3.0615188761337286,2.767197648707944,1,23.67294565223153,2.2778418181419027,2,-0.5579260059432372,1.6630305800374843,1,55.525685509673565,10.8806258515358,0.012154176535585037,19.479795796241586,63.267780346157
1,0,-0.7619755706873588,27.399733336802974,71.43538621250929,3.760111911233491,0,0,2,0.20734155062582188,0.6895303330946644,0.5304973575624783,1,22.37771638649269,3,0,-3.75409342924243,4.840415090206324,1,42.22380666659959,3.128795707940038,0,1.260045328155788,-0.31533505090354635,3,46.28212967167041,29.240918754947963,-3.8087568732562307,21.36649023635631,30.66524934086756
1,0,-0.124877908639382,32.550696075610446,40.40578434579782,1.9531076045424653,0,0,1,0.2161108105675048,-0.5375208213320372,0.6953642922861186,1,24.007981875341642,3,0,6.246472680287326,4.830903322598918,1,30.292164463571236,2.0176472616505783,1,-0.15680240802610665,0.9624653194695616,3,67.59484784845644,13.564336495452745,-4.8374789097638615,3.585256204586371,45.11657422558633
0,1,-0.7518805064749329,31.633129121288327,70.11002170543416,2.4429860172993347,0,0,1,0.2075199915334089,-0.9846076429301994,0.33687830893076076,1,30.755728130116566,1,0,-0.2714596775976297,2.4857650840920424,1,63.13873655221654,2.957717518027805,0,0.16614080362803554,1.4558957278676965,0,21.939121002886086,20.246433019157006,4.236716297323424,17.933017853478294,32.287338761806055
0,0,0.13754544469636087,25.705904925133904,67.92643876870108,5.068386106149139,0,1,2,0.1478425707105973,1.4958490120918047,0.3735758938205233,0,58.34277119806857,1,1,9.36704790519143,5.8102722842545935,0,28.348861765277906,4.86885673056601,1,0.661493389428392,-0.7211068921245802,0,22.815252266921053,29.054902726822473,5.417637613801144,8.887073625266135,49.56409536790531
1,1,4.468814713573534,68.08878491142241,9.521638150831869,1.92933796974428,1,1,0,0.7309794527938351,0.22404933052206566,0.6272101129608,0,22.510961415383484,3,1,2.65340883810892,3.4234019305130694,0,67.05460683558658,1.4735990983356435,1,-2.4929685341664953,-0.9258773085253661,2,82.29075661863486,9.87698462360603,-1.8210567236083968,9.210883269431289,27.033995513267456
1,0,-0.0587842269768097,66.70933756909622,0.6808925781306652,2.6774756923008916,1,0,0,0.9505838131338709,1.7064066118386911,0.6209919886910997,1,23.178378075494148,2,1,2.6488868047700542,0.9141879114268061,0,42.9887021140349,0.6821280692673184,1,0.011218496687285912,0.13917758573660124,4,97.55358989167493,14.07034872006176,-7.515217907537149,6.013148487151061,60.68923355394586
0,1,1.2314366292447243,40.73776832661876,81.44548076997584,5.1027769134442575,0,1,1,0.23500291955452102,0.8649016528851787,0.622141311161276,0,72.50831809700128,0,0,1.6867889540772616,2.8208397945347596,0,55.77324993444974,7.625115445464724,0,0.7433474466939145,-0.5685319631895203,1,9.406450247729936,19.160902257032188,8.18678010912377,29.664827465313106,31.615653181853535
1,0,-1.0712924067126934,21.336349641950616,50.06609632475657,2.2942539120898338,0,0,1,0.17110072928566233,-0.09375693120313378,0.6935444896691629,1,25.06811094422124,0,0,9.855441965320225,0.8137263615756278,1,16.16140307127028,1.6125597694994858,1,1.147652731609365,2.447895792195119,2,68.24272263521264,14.09336050759678,-5.347964646488519,5.458844316046356,39.58569521888171
0,2,0.21691767898418443,39.083255418658155,95.11868795291132,13.946152949262352,0,1,2,0.2715551946073298,-0.4659969207761191,0.46237102787808587,0,78.89894343551516,1,1,-0.6553646150927861,7.287567813015449,0,63.55136504239329,11.192540521829347,0,1.8787287055633375,0.3530451405260266,0,2.8818967462171052,39.271709275698505,9.174205927867057,37.71773697641276,25.264601446079954
1,0,2.703749062906875,63.30804010918925,13.982533142912102,1.2696225019077363,1,1,0,0.6175412043978361,1.3424984686533938,0.435276229337386,0,27.021813761091096,0,1,-3.803984029474501,1.1116888694669185,0,61.77227843266646,1.7718385459213721,0,-1.4925232160746107,0.5888249688699081,1,79.11804482099929,10.08832455425232,-0.7573519703555469,11.673159102954607,58.28177861694911
1,0,-0.22946838637460606,27.45617202902657,72.61152713385839,3.5768469156423994,0,0,1,0.18881414601501006,-1.8915693235461681,0.6206781422226267,1,23.023439161032833,3,0,-8.1785891644908,3.3116192986154602,0,9.308700569818932,2.8304844406637963,0,0.38500505768399196,-1.4501575586660351,0,45.35711526510352,24.95688373423775,-3.806191612091916,21.83739735957308,23.29284599309208
1,0,-1.3548319083728302,42.783186554767326,49.84949433658503,2.0522881439271257,1,1,0,0.6864155662955074,1.3313515902100435,0.532690917190122,0,25.511335448316153,2,1,-5.773308457959109,2.7504437160283195,1,37.81992425391411,2.9321407410206612,1,1.7339636536878889,-0.10146529301389219,2,53.09382262866556,21.53734824794524,-2.6072985044324684,28.827553722187616,56.21981564486442
0,0,0.27722335115054797,20.883058468480563,60.44480724791011,4.24095980329393,0,1,2,0.1461014207566887,-0.7700393068761412,0.5775884294136683,0,58.182724164379486,0,0,-7.782140954097403,0.7447401153692498,1,52.02967639114496,4.464952530414034,1,0.3163876203235102,-1.0379264616456287,0,18.60485373493072,24.03429906941941,8.457638064094933,4.100439894072984,30.645474835892244
1,2,0.783384376294677,69.96861395157063,9.426290646986802,0.6340647988455375,1,0,0,0.9997465875711782,-1.4620105350640764,0.26838334065344394,1,25.87253842519506,2,1,-8.962679261032388,8.228834527504324,0,78.69005710919784,1.1475485291587435,1,-1.9075966387024395,-0.2752224849701302,2,87.80786370844021,12.02095285873159,-5.62464591732705,31.82837298424925,37.98402279182676
1,2,-0.9885625404779406,43.724857278959234,6.725275729670921,1.6635812818780782,1,0,0,0.4780559245669426,1.3589902729815815,0.26386683972743363,1,16.872464213620752,2,0,-5.792301969428902,2.1795970121336237,1,36.950692986069306,1.1679810690687182,1,0.3250247248919374,0.1135036929324782,3,87.40010058144796,15.64003945377577,-6.692766172453214,12.142391114460654,29.80322578449485
1,2,-0.9146483392436844,62.43604456027922,34.93730042818755,2.071299806223287,1,1,0,0.920462373779285,0.3843951710075016,0.8856269953688274,1,29.86010591470511,1,0,0.5311767086895696,4.086629405283912,1,32.72078081391986,1.8110946415110427,1,-0.0059691338468814996,-0.31779634394818007,4,67.34021437497204,21.615775896678308,-6.2776089806807995,27.840123956578687,38.61958354722795
0,2,0.10408862513218971,65.42466124046216,73.68397584013684,2.2997032144904126,1,1,0,0.9229556725281995,-2.868027140127222,0.5159995885666975,0,34.57452656337912,1,0,1.9455608641472644,12.901517483898278,0,52.47204769164266,3.262354100519216,0,-0.19598324129076747,-0.24077467816899498,1,34.369777510036556,20.066377798020465,-0.7511771986966949,36.61450745879998,39.42407558799913
1,0,-0.30445979662685474,37.626340624621236,40.624110823138984,1.6975774059728215,1,0,1,0.3792340160380202,-0.9305940756189208,0.3034965572258771,1,22.447734041642914,2,0,-6.852729597634028,1.7987799610364483,0,12.18412555391421,2.195365512312489,1,0.1000884253507577,-0.08464507358052507,1,64.01338109231436,4.6709725885880164,-0.1228489646543558,24.80062929753874,37.475906496821366
1,1,0.1255908699456582,38.982246834791894,68.85867413743752,3.0557241248064755,0,1,1,0.3303627348076825,-0.7983526723536204,0.9287084131585517,0,37.113777307890075,3,0,-1.7763251910525515,2.3343548158329965,1,70.78673038573106,3.350213347661784,0,-0.07823082545204589,-0.306400368274415,1,37.58161366546492,21.812084529862588,-2.7500630541052073,27.951862949198528,31.297561881222897
0,2,-0.01334155882292619,34.91530835270537,95.64153850280633,17.11297453027206,0,1,2,0.27235918803469195,-1.1290640666664427,0.23412149305270796,0,79.93674897652772,0,0,5.77350899037576,10.07084882797807,1,77.90708107696743,20.11070391397227,2,1.5324736122494795,-0.24941066106123091,0,1.5377611522492507,39.93828424396921,9.886857320804939,39.23448089264917,21.40743764810451
1,1,2.027401111325871,67.63805032897488,15.085777752077668,1.484632161094489,1,0,0,0.8469781587720899,0.47974481230575433,0.34215830045416756,0,20.12485439636191,3,1,-7.865335685362468,3.3695479897155973,0,57.01911848028015,1.288500512426474,0,-1.8742289456674368,-0.8534875003816412,3,83.57016375788128,13.413323457375066,-5.927615699098202,26.257268518920952,63.51347095669339
0,2,-0.8528341932189496,67.53887475834595,60.69910012516455,1.8754155651184474,1,0,0,0.9787432880171237,-0.0777705941623237,0.7269745502457914,1,20.473632209082922,0,0,6.937387696268264,9.119996123524666,0,37.93288634355664,2.367529109079012,1,0.28808462210076946,0.04940135652934429,1,53.1063017878563,13.625043242131458,-1.828123556072276,28.563404818393145,67.49149840449019
1,1,-0.7046306465679884,49.20720404063738,62.188760682968095,2.9280956069636814,1,0,0,0.6857833076615125,-0.13546519915336294,0.6679174490315802,1,24.86417985600032,0,0,-5.2774031072909535,2.708299322509351,0,50.61819685573121,2.300981828952589,1,1.8000870379833718,-1.719784665836872,1,49.49527208330798,22.449173634318335,-2.969449553455677,29.75235024540483,31.94393732802913
0,0,-0.3443021669551859,54.22408723827758,55.146080467259274,3.587848841367386,1,1,0,0.6614363488106876,-0.45720635001844273,0.20051349272986901,0,64.29044816177617,0,1,-7.236038859763169,3.201741631452217,0,79.77758213198643,5.0714447011511625,0,1.23078494413312,-0.6538323792455759,0,21.860352371116647,24.281791500744397,8.942071751994789,28.725795753879208,43.77983638113935
0,0,0.3569824279119933,18.74356855346799,36.408215730741524,6.3096571797513095,0,1,1,0.04288252397354764,-0.10304621650811085,0.12481385803647788,0,35.06093850867507,1,1,-3.148957305276614,1.2218189667332295,0,50.10646102548567,3.301027140195476,0,-0.5524146497053585,0.06822770276700144,0,40.48702766825127,36.02566415946626,8.38633509386965,0.5373560212268136,20.94910589017768
1,0,-2.0228727371344957,37.30524959103316,14.580756990688586,2.6080917668739265,1,1,0,0.5084140887854681,0.007408354464877577,0.5880124642274942,0,21.84856499199386,2,1,2.841473067283184,1.023746458863133,1,58.33683430775247,1.4870206654238742,1,1.716302430443935,-0.1181900876502547,2,78.26160934884803,29.99294753247063,-3.3504450620947797,0.8297272721545856,66.20945139264852
1,1,-0.8752060715646288,69.92902156703734,0.28811000177958457,2.149582505255311,1,0,0,0.9999737008807057,0.0748587754973484,0.01289452887302095,1,19.71122349173975,4,0,6.112563984777161,4.294779197325248,1,67.96900095786856,0.5228182039984356,2,0.682127160499312,4.328845797495449,3,98.99005838229418,19.02594450620053,-7.62766710559159,11.071178358672926,69.96958299826233
0,1,-0.5407212633456209,24.074269353854355,99.6179851697678,8.904129422463967,0,1,2,0.10538339627234189,-0.48796341531809956,0.41515287607003326,0,79.6206928923851,1,0,-1.3308385802194032,4.052262221484891,1,0.0006384057641550811,12.142864203184303,1,0.5280507335397957,-0.14965299967313064,0,1.235307624103421,38.55961439925292,7.389534446673981,39.98992343685463,61.06848341032037
0,0,0.9873904793973541,52.46050932881689,21.269951285282662,1.8907906981176903,1,1,0,0.5367128460223817,-0.7362405152691138,0.43200963871775955,1,46.20327242655455,0,1,6.887767174693984,1.457392146349045,1,54.84563881515349,1.8392907954215973,0,-0.9872977715990268,-1.2723441079942752,1,79.77433069100913,11.159109645471803,-0.436337764695498,4.573839090717424,66.67387283762248
0,1,-0.8746043451066763,48.60939102341887,35.557561673644535,2.228760897863099,1,1,0,0.657116915032199,0.4156419696324235,0.532774965267296,0,32.578574893582065,0,1,-0.953155370949089,2.3921966902256524,0,43.62874421084137,1.9833633660735164,0,0.2370777322730153,-1.5972329688079927,1,65.74056388125629,19.702164208906748,-3.486152853966841,8.493490180553973,46.33846960705564
0,2,-0.6617787136931879,30.717112099544316,71.84704785175819,2.7514807778031036,0,1,1,0.18898268971699023,0.9217435525790635,0.4082660825404741,0,42.20714811987654,0,0,-1.2527354410327103,5.422994766522054,1,64.31256483211297,4.370944370161056,0,0.6415448355641233,-0.062354243345890736,0,28.419979786853467,20.043103056255305,3.900200422260024,11.502668562096975,38.78825507095333
0,0,0.8360271680610157,20.913535741067957,55.22859085216285,11.409315537784314,0,1,2,0.14884097654014333,-0.6988912794313775,0.00013553089875228963,0,70.24562753815616,1,1,-3.35622268452767,1.1689262268312195,0,71.50575033067032,6.374517453373903,0,0.8345176400876222,-0.5788989564010325,0,14.239465051999794,36.39436267626691,9.492168619633443,31.970570768123853,22.231818063075124
1,2,-0.9279693603603171,54.319806815149285,92.11612164681296,2.1322200778126783,1,0,1,0.7645791579780946,-0.02483037291585829,0.9999999806552984,1,48.88944070231361,3,1,-7.257184173916641,7.3989885899540395,1,60.808946871896474,3.8689308593984895,2,0.2982159400177491,-0.4278096505011759,3,27.69212304248288,6.463736713579875,-5.532756897933014,17.091278398611006,62.13649264011605
1,0,0.08231543346769385,38.91362249619024,0.36959095595874847,2.627715498142976,0,0,0,0.19554788194021577,0.14883805785356716,0.1709097044936485,1,26.249350519920974,3,0,5.722730856720883,1.0247885648583064,0,27.050104516784664,0.5750290247404329,2,-0.24304838796845915,2.1590106075054316,3,98.5948740027628,13.030010947873985,-7.449591901914653,1.8673114146022107,25.91896971314934
0,2,-0.07098149403264735,39.824495732414405,99.516571655646,24.648947297465458,0,1,2,0.37464925261284054,-0.14433311493407489,0.5437838439628586,0,79.99878352752718,0,0,-2.9055666200500516,7.122232586688815,1,46.78406633975464,33.36017060904948,0,1.6125920815079913,0.6366867569946781,0,0.11308490254204329,39.94466741923327,9.899708637869256,39.65436647709218,39.780259468708294
1,0,-0.12236191069013763,23.344931488238046,73.62383315333076,8.612524744874065,0,1,1,0.19514043913552642,1.070388014789829,0.7288926352664575,0,55.19231423316199,2,0,-5.918699817700894,1.9872450807969781,0,50.025087330138895,3.8344351841887034,1,1.690600284347803,0.33935759900939777,1,28.196272285482394,35.79958220312858,0.46294179683283865,23.299734749061216,21.613898879561837
1,2,-0.29541388618744663,67.49164247388923,5.905354493248504,2.123775927616411,1,0,0,0.9881471737244223,1.1677144553054668,0.22404580131714436,0,19.867338431971916,2,0,4.279732100820681,4.592930274601477,1,79.85689050189188,1.1013753219962734,2,0.5841785512651725,-0.34954648396929,3,89.48399405576669,11.452249016577412,-6.858752398468356,22.98803815747277,30.595482229811772
0,2,1.9435692622601388,47.711984888668205,72.03051216962612,1.7965234753834496,0,0,1,0.2592001798407201,1.1627214471446536,0.4746912648284717,0,26.025944622667186,2,1,-1.383738909799316,7.863035309043567,0,21.305247174828317,2.3416700738861986,0,-3.018278193326686,-0.9267828294547268,0,44.347474729078996,15.676338010557213,-1.588011913123724,25.6845185003365,25.988682533056984
0,2,0.9978756982416576,54.894507923634784,28.67964855877308,3.5440136563507116,1,1,0,0.5806847422237466,0.9773603538342707,0.11560855326077457,0,22.593043803729003,0,1,-0.92234155128385,2.550774388633316,0,15.027948656941884,2.0909953141660647,0,-1.323152986767719,-0.9213852393376928,1,50.582242197884,13.229582326630505,4.008295003453263,19.90007816529999,60.627168782699655
0,1,0.7935219806403551,43.88303454307743,90.48518484782144,3.93759047145462,0,1,1,0.3552032833406012,0.4605723272649735,0.5104202893465097,0,78.29129100233568,0,1,3.0592132118604614,5.7751337521406185,0,59.149901002072276,12.430199311852473,1,0.7052380806036478,-0.684419325205731,0,3.2454330153967814,20.936474892096907,9.432881061650285,28.829222417727173,58.24963171371751
1,0,-0.12001409895663932,50.68078809548899,27.01554178267138,1.6979989286833133,1,0,0,0.5219821868262976,-0.16645000728843443,0.7155738085327006,1,21.42323375752168,2,1,-2.6637372758897744,1.787269582736478,1,78.16190355958072,1.5337693850868421,0,-0.3676014393820914,-0.1089589516356571,2,76.4068520904017,8.701233858254927,-6.960382808442494,19.741341811047764,23.838945807448155
0,1,0.3861269352768343,58.52030830821704,76.36154894789503,5.997812542826171,1,1,0,0.7737299907149573,0.7000398960839731,0.2961388602015471,0,79.76411806219794,0,0,3.072489874651156,3.4832160563148764,1,18.803192598774153,18.65123513130973,0,-0.3104552808247522,0.10715184953958927,0,1.1473624203974186,27.308603476172483,9.989891624774742,29.043790169761753,69.99849327458828
0,2,1.5608900878309322,34.146806562593966,96.24643392815054,4.692653211887978,0,1,2,0.21890795300415616,-0.4681318101576777,0.7073189005512086,0,77.05934355957139,0,0,-2.598669339700165,6.336697572277416,0,8.400429875838409,9.366994615818673,0,-0.04255882068236966,-0.33249767521185,0,4.36392296052111,11.794199610595024,7.429779008984273,35.03144417111443,51.18125574673064
1,1,-1.9610362180607903,68.35075326807043,22.701265323329533,1.4123580305690024,1,0,0,0.9968046756190705,0.2493543023306204,0.7814961143497589,1,21.80618491464148,1,0,7.471818829124398,1.5075518743809087,1,76.40437415458551,1.419395541928752,0,0.6474433861793397,1.8657700858677702,0,81.07095764235986,14.792987641557396,-4.4302674519664444,20.238394186665904,69.38452707371353
1,0,3.3209772472092123,54.95181136578347,17.565544401159944,1.5101192752320447,0,0,0,0.276561909104005,1.1200662078595576,0.20118577502624924,1,21.52240754533767,4,1,-7.810008669298129,2.3236337610846087,0,32.85146871693151,1.5046264908553206,1,-2.5416359094465366,0.5798313930605676,2,82.50341798214134,9.686504113952266,-5.661308709946757,20.41842934431465,35.49480203307436
1,0,-0.44080760559629284,52.116127821889066,18.32899064057716,1.33488962279465,1,1,0,0.5318784237011299,-0.9011450815113704,0.5952214302022882,1,19.053216095133973,1,1,3.329583780296815,3.045508222990651,1,35.031631958955096,1.5782070869427076,1,-0.7287923848346356,-1.0322024568816979,3,75.87589875676218,8.32130628554154,-5.052722326233168,5.007629725825183,53.744953111206485
1,1,0.014233341479227264,37.17549467009395,79.21620314770621,8.931086160321273,0,1,2,0.3081190775688461,-0.6410419178302107,0.5463689935585321,0,48.78550509096543,1,0,-8.299630521898301,3.7343265440140065,0,57.169190583345966,4.517021050778829,1,0.9477359784772293,1.54826400746784,1,26.415862116663817,38.01419825885119,3.7526938918612007,36.0082586027052,20.196648776520718
0,0,1.4776429470541617,19.38635452409682,52.83828673218218,7.494866712231467,0,1,2,0.05952039627190481,-0.5748143889525593,0.1954898767133691,0,51.57538609239253,2,0,1.6289840618038038,1.7537410626116157,1,33.760239264555366,4.046893504362244,0,-0.210760858837272,-0.5582579631435393,0,29.160581054420753,28.707387979113427,8.611040534258038,1.1648751132590984,20.31632224639784
1,0,0.01991613840031786,55.532182887961774,59.36864045812352,2.213124113077591,1,0,0,0.6996746089529029,0.2384840240660226,0.9438643728133744,0,21.407529091257253,1,0,-8.906582363834266,4.414774940928737,0,63.31314675945283,2.3793538810578174,1,-0.12332494306087177,-0.9259316412494841,1,52.58903009680864,13.621218427763557,-4.179892408728372,18.352159326886916,51.70904596297311
1,0,-0.1678342548440417,52.39501972578468,17.786643497197502,1.8115707202132192,1,0,0,0.7775644839335059,0.018858990978484917,0.5436738413356702,1,24.42354152461676,0,0,9.988928635017142,1.6620942968691965,0,43.2864735371298,1.0456625430691455,0,-0.5010635327080244,3.526773732033005,1,87.82316896220178,11.894213823955688,-7.633902485217991,5.638311168904043,37.695191710837655
0,0,0.30468095990925953,41.44056188933685,22.33393788672467,2.613431603285912,0,0,0,0.2781440829238525,-1.0916408478810493,0.5493233429883155,0,23.07189178859798,2,1,2.956087896949267,1.504680117233877,0,59.78517076290192,1.8370151845344298,0,0.07890681910511255,0.2078373842835973,0,76.0389202321537,11.443759969497481,2.412339875678331,2.078441555732906,35.566235955949594
0,0,-2.0446986085901115,18.37376247595284,90.38488661079492,5.393330207550017,0,1,2,0.09119035149836147,-0.13378405418541672,0.528258446702808,0,54.69266752741013,0,1,2.324348036387807,1.0124810442431982,1,13.011659065227196,4.3886465009324285,0,1.5984190075887716,1.1156526697251752,1,21.400441961964233,37.62365787502588,1.011817484436662,29.087401071881473,58.47819096995159
1,2,1.205549293828071,44.64853224118188,96.87775688398735,13.634938761822028,0,1,2,0.3490275398885184,-0.2953380782023538,0.23934219801307255,0,75.8977363616295,0,0,-0.5758035878564733,7.537198485972465,1,56.5278589609857,6.566870396190054,0,0.20505066910228875,-0.8571098456416134,3,6.631376985870963,37.2294632592381,2.2759851781528777,39.52457845565863,21.581954823867818
0,1,0.12172680374327137,36.303919798928774,97.47867757065454,6.303023519408069,0,1,2,0.2979659062276103,0.42508937580729717,0.5327992678025016,0,70.88450387951394,1,1,2.9366002902031383,9.888465620257884,1,58.4440982715161,7.176170180576637,0,0.6140523140862436,-1.0032107123407117,1,8.138928771802451,25.133556560396567,1.1210354770108886,39.85391443749566,56.40710956044251
1,1,0.648223148753961,27.408300364915043,78.36642319691191,8.811111124619774,0,0,2,0.27592347230867126,0.16366689337235113,0.7986206504148937,1,34.847137331549305,3,0,4.694926811829262,4.619665623757432,0,57.547719465439016,2.9874159158232816,2,-0.03802546148374636,-0.28081547429321424,2,39.40762195314357,36.51192073335433,-3.938501117456406,31.00072115836936,27.659540779285607
0,0,-0.837176497419939,21.57225491437913,70.4473096373095,7.302081890213949,0,1,2,0.2005303286403502,-0.31416913628325843,0.45962660963740487,0,46.14317360531635,0,0,-0.010381138836546455,0.7272267624601637,1,28.285898027840002,3.701199740208065,0,1.7132748384207104,-0.10964090659283732,0,28.519736468867723,38.76652452636158,4.416453588458868,20.677523579503237,47.359628308400325
1,2,0.13569236287696873,65.62454786118823,69.13457468966946,3.0985372635289585,1,0,0,0.951361991190558,-1.692450904212473,0.7444805774307466,1,29.29595836218124,2,0,-4.071213869910082,9.870054400416846,0,52.42136349081659,2.7626376261749677,0,-0.16588045953461822,-1.8936819225783712,2,47.294164184874255,17.709968077578296,-5.069008074780161,38.04306667601505,23.07807873363838
0,0,0.6250867126943128,31.172953209642138,52.46668124462515,2.7086756315808276,0,1,1,0.16291109509063595,-1.0013779066792206,0.46201392697975624,0,23.42172266204786,2,0,-4.8793079805810695,0.6176451538017066,0,63.01794524593073,2.9951760162079437,1,-0.6424313435039425,-0.15887305291532836,2,27.204615763795214,11.430572427677923,2.403482712996558,26.427350214061857,22.65280324238549
1,2,0.7770287930635179,59.41753092429922,24.99697787168199,1.6839375133703518,1,0,0,0.7517354916208476,1.987277732778585,0.5128352491238148,1,23.588723314646227,1,0,1.3088817656387093,5.489132893721353,0,61.759292762351095,1.5595072907693692,0,-0.6718696089979953,-1.3810168402562584,2,88.38118583094486,10.982758552206482,-6.268346518692601,13.285716048779037,34.221083220125784
0,1,-0.14138574003368776,25.292511974951665,97.75357862539319,32.82440888421764,0,1,2,0.16894506434223666,-0.24720990258006711,0.6969282419501299,0,79.99699651542909,0,0,2.1831875515356725,3.0048845994479603,0,44.704010985939746,34.8948049921196,0,1.607196016551246,1.0190985867275373,0,0.052085279176283805,39.987441692759894,9.998448946667548,28.045058275602734,29.17752092113436
0,1,1.3727588296462545,44.24166279043928,94.50990167902623,6.8381139383008716,0,1,2,0.2552161604993214,-0.2820903552939053,0.5089887980940668,0,79.05290593125302,0,1,1.5253503825110943,4.171784776556418,0,37.27068026668023,12.173228009915253,0,-0.14938016005752544,1.7700563972310515,0,3.9234027937320004,28.55220370589786,8.364805745666104,39.75962590292772,27.446420730607617
1,2,1.2680311628375274,69.21326303375692,33.14099299096343,2.317339695045283,1,1,0,0.9888447454589694,1.0545629988364993,0.2886195681357307,0,24.66372503256973,1,1,-2.8988373423312117,4.141204475160836,0,15.709408057696361,2.605385537533613,0,-1.922244128834823,-0.3663314996495521,2,60.63847769689568,8.953149783115219,-0.4829687142762129,37.113663628333114,69.40988005867302
1,0,1.7653953155151856,67.88883327696212,16.250286055740027,1.783781031250366,1,0,0,0.9052273765418446,-0.1857392246309282,0.6984072086358099,0,24.214765404000403,0,1,-1.201560812039407,1.9414786617296773,0,55.17221424406341,1.477016975913916,0,-1.306214714722322,-1.680065344159932,0,80.92193909489949,10.911165237795624,1.5969805097326457,10.811694241414108,69.46298921064076
1,1,0.5546117456451537,52.82799654172875,24.184279211668503,1.1753209861330303,1,0,0,0.6389653951418974,-0.5495151331095317,0.7317742117821789,1,23.703800484162343,2,1,3.382870899861693,1.9085746368539762,1,13.720811810113759,1.5050915237180993,2,-1.0713810147543572,0.7421800909149997,2,76.50151087103919,14.965682911870601,-6.146634724683949,19.20850702072747,29.69893899521827
0,2,-0.6458020022533094,54.38587126150967,43.140208382480125,1.895225574904316,1,0,0,0.7396244875225377,-1.1197641404237264,0.32736987278972546,0,27.233967133973238,1,0,-4.204117771372273,8.864042991674205,1,25.399349778211594,2.0071329755103853,0,0.10490552479272246,0.5017094470388173,0,72.61270460160804,13.788370047371252,-2.4607493837270136,11.285158088617418,62.26783458174111
1,1,1.9727120986488405,64.37660112639364,13.270102422761038,2.2358068877050186,1,0,0,0.787335133786842,-0.4281508812176439,0.34885231943197365,1,17.27662817767634,3,0,3.2577901249231207,2.649084007073661,0,36.06950248956993,1.3308013406373183,0,-0.6534568019724991,-0.39564070791066075,2,84.35268718520578,6.52066297173058,-7.092801732809175,24.328466066513975,33.97697326734095
1,0,0.3883486139594597,30.401380183472316,27.28478480972668,2.0274759136206435,0,0,0,0.15741896055651622,1.6238707655267124,0.6244115759034997,1,20.58632775118392,1,1,8.14893391653598,1.1748651621590172,0,6.540184194996339,1.7936104356262281,0,-0.7140513134166638,0.5075625458325451,2,75.23526494197299,11.139910444731946,-4.788739019875603,6.9344156609510605,26.469059600025215
0,2,-0.7114692482133471,67.44686399600343,70.6753017442228,2.0135865380917637,1,1,0,0.9839359664826117,0.49550114643673576,0.8908465087839716,0,32.65588980118008,3,0,-5.497055841675187,4.918385593010311,0,44.37095150158781,3.297345487157125,0,0.7334456569708614,0.10713546042694938,1,31.88152405535841,14.333757554078614,-0.4943044625568369,36.019290949908445,64.85408698944575
1,0,0.4460976356776332,42.505148582775675,13.809024001924254,2.713675379148324,0,0,0,0.20909436598672682,0.9625013830317294,0.43327359421323264,1,24.365549606705528,3,0,-7.955672035043511,0.6810923550676679,0,53.24596880374361,1.4025562656747106,1,0.10363162335395608,-0.13977902569296957,1,83.9131671608456,15.873614982140989,-3.685269814634708,7.140685383584273,47.51989584333675
0,0,-0.3825964560264837,20.922938893041838,97.85159289710575,8.762561112738776,0,1,2,0.0942867989049177,0.26852538875226933,0.34377967334583104,0,79.90500629292777,0,0,-0.07881230614126977,1.9407859307905049,1,13.154394394513695,18.081657560596234,0,2.323342339756869,-0.8193884603568875,0,0.6791296835141236,38.57920176590419,9.79158243073234,39.731146597383294,33.493504799771124
0,0,1.509887567869111,65.60461252824068,62.18518878221319,3.0460835051379656,1,1,0,0.8823108153051489,0.4870849716897725,0.5100770439874304,0,66.88839958328744,0,1,-9.128804203557902,2.5472716558484456,0,79.85843512718078,6.923966322122803,0,-1.8197383450572218,-1.652460384448175,0,17.7757284242286,13.413051744859281,8.692551778093133,29.273510274910027,41.801698335994544
1,2,-0.5709778551918495,62.365120655327004,85.16994379879172,1.46761928043358,1,0,1,0.8905607380878267,0.9378461056548616,0.9896221400178482,1,28.89213160787122,2,0,3.7232488419749803,5.755613753318618,0,62.48497087515023,2.807243825586588,1,-0.0800270017035045,1.1873116970776478,0,33.08232994060198,12.547194384123612,-6.73813329875353,35.47096403340078,38.46397111428783
1,1,-1.2178587306899074,57.50785549641161,9.969340083768884,2.4973906614432835,1,0,0,0.8852567659238701,1.057202176511494,0.5487277595358954,1,21.018403019766172,4,0,3.7029663996023956,3.1994567042731585,1,3.01212792284808,1.3071587127227438,1,-0.00020780392880295903,-0.25072939405802513,4,73.67332132785424,30.97161654913071,-6.811375612311663,20.540743665461967,63.74989869395641
1,1,-0.14758300079912254,57.69225421769595,28.624406553917563,1.8622000929464093,1,1,0,0.6877891739077129,-0.685782513082747,0.35951211787594217,0,22.802836064625414,3,0,5.478359491388218,4.671257736462304,1,8.543381216169506,1.6338244003306874,0,-0.5779081394247454,-1.0293557041505312,3,71.20312841876174,7.861024708088689,-5.769915313086329,28.232018813749463,64.99738591613374
0,1,0.13826479610947878,47.12385724751635,68.55237955727237,1.8920581432654398,1,0,1,0.46822325274432947,-0.17259934656532433,0.4082542646510128,1,20.27462092224055,1,1,9.793854766573755,2.326016060192203,0,7.046073148546244,2.144300892418526,0,0.09995609561039348,2.4866910606172032,3,60.19651189564951,6.7501357535339395,-3.1475640457007783,37.033475950296165,46.66111092932067
0,0,-0.4685482448517675,47.27549045434187,51.53297703673781,2.3242525523025943,1,1,0,0.5524935260062075,0.09642193283765384,0.6661095690182268,0,31.443279255203286,0,0,-3.4918418326585616,2.6654820973748636,0,68.01449359854692,3.763471695868683,1,0.2711313641103159,-0.5250517618883179,0,42.897525984970876,13.822279302006173,3.5952531564238868,7.382703172373823,29.127649125904316
0,0,0.16328192412321915,32.92475558246957,88.46944270975825,9.089149442550964,0,1,1,0.30481946593494624,0.011302031929210657,0.9975380497462045,0,55.86389429686845,1,0,7.492638131358117,1.9487360055073286,0,51.3707607229661,4.263911621697158,1,0.8192301921398464,-1.5900955974748623,1,25.56296377391355,36.67219480640573,0.3434715337465537,18.517276642914304,32.00622456446373
0,0,0.46487731253081616,29.754319353816744,94.16535234249174,9.08354758962915,0,1,2,0.27512637156555186,-0.3033171381060014,0.39097424240534034,0,72.55359218685854,2,1,-0.06325259310042064,2.5108688710477622,1,48.40485637070699,7.031834234030865,0,0.052275065830479514,1.7798058394124885,0,5.591727816277853,33.4685129986891,5.079913072030841,39.57333629086389,40.8753547537097
0,0,0.08852301599626412,24.56564921529864,53.090199741765765,5.753817667938562,0,1,1,0.1979446414296867,-0.6401834800279963,0.10374897084837204,0,31.929109920640446,1,0,-2.6835973834582934,1.493911847396317,1,63.01970055354236,4.283056605578101,1,0.4533815857874964,-0.24190492449692821,1,45.72227084759933,35.4998145601165,3.8370491159992888,26.284408050244874,21.93392110144712
1,0,-0.10412916309340843,29.468645929390405,18.10301655530485,1.8113898264735253,0,1,0,0.22581184697603102,-0.477080652345115,0.19414370381891266,0,20.93918234272789,2,1,-8.08323811938951,0.7000851029949551,0,70.2944289247859,1.670350056005452,0,1.0892513030309094,-0.4947795578194363,1,74.97963236563734,10.136308240813259,-1.0444819771991032,6.249511176972358,29.693638244690767
0,0,0.3129023465132754,18.13277278352428,96.34477007382478,45.409613496476965,0,1,2,0.08453035469989395,-0.501537361797595,0.5915193331605937,0,79.37447896351256,0,1,-1.3640653935404963,2.9542392659633783,1,5.264334352908198,14.974183515290681,0,1.769875163557747,-0.6086288808793209,0,1.0923105028590785,39.98607417270848,9.175854056291065,25.260701008782295,24.65133044382209
1,2,1.3214909284028822,69.70962377483634,1.509656792811409,1.7757892253773377,1,0,0,0.9937861431152719,1.3441124727074998,0.5663388503196272,1,17.99501719365635,3,1,-2.6004474955998713,5.231104594614837,0,29.841550198698286,0.9535804851373878,2,-1.4280541714757986,-0.8110916448426951,4,95.39170720110481,12.574777019953702,-8.929461049333081,22.365737102664337,43.22768639436028
1,0,0.528008230433721,30.801179993506853,79.55350963737699,3.2701727196146892,0,1,2,0.1610789735034538,-1.6707691731450627,0.9934527456098179,0,46.247752606584044,1,0,0.14705038478067323,1.85773137170897,0,17.450560420485488,3.679547957534282,1,-1.7074003127952357,0.25530417165178054,1,33.7374394251437,18.774970508579894,-2.6846224118902136,11.182708061172736,30.4557004501725
1,1,-1.740728325404816,44.30936071373027,37.777516235996565,2.63678374541044,1,1,0,0.5964963164958639,0.27800325308927376,0.24100439622080622,0,24.13374406604536,0,0,8.009987124052056,6.061236389482006,1,46.38277026219518,2.744855117587995,0,1.1098001512444036,-0.9300433947928204,1,58.61306844274537,26.954631142784415,-0.3515529554558814,11.060158005453573,34.64335064091368
0,2,1.355519089550423,48.0647385445646,93.25603553016748,3.382846366713828,0,0,1,0.25070955981282467,-0.04109291689445187,0.6896567106381748,0,57.4582408174922,2,0,-5.750944058390547,4.630113647786265,0,14.51585206244272,5.370481438210984,0,-1.6720028793582362,-0.23731875025062077,0,20.785709766633914,14.403562245061767,1.3568518778185545,37.1848182822884,53.399567621443715
0,2,0.10238010324847767,42.4286248884157,96.52338486014604,7.23050429797917,0,1,2,0.3547384003009436,-1.877265166572868,0.4755373774030636,0,74.37746767077232,1,1,-0.8667106601383487,8.14110014756829,1,24.24853283218546,7.949257431037524,0,-0.15627836242883805,0.22904433017720846,0,7.373996564425123,33.04345996791603,6.275425511950893,38.66794690694152,56.15475604288497
1,2,0.4550811534576715,41.65885081885705,54.014538353681395,2.603123591697605,0,0,0,0.24659104477717558,-1.5051564986251869,0.38880092333491933,1,24.228047360660344,3,0,-3.7450427036925653,12.012278471764619,1,8.893029564179308,1.9203048054117433,1,-0.13248311680153774,0.788011567669552,3,62.327100674597865,8.792859226687531,-7.056082440061599,22.52334010733118,30.49512087761674
1,1,0.6604608764359026,61.848285404423805,26.3440048531726,2.0328625504706994,1,0,0,0.7696157674735133,-0.012652878600493777,0.7311209214102186,1,21.54297178316589,1,0,-5.778600138286491,2.855183617224121,0,54.448160910133616,1.6295640164514886,0,-0.4961265925964652,-0.7119734605839502,2,75.1273830660494,8.313524785793533,-3.859576274065346,20.70006369355282,33.95846662774792
0,0,0.5022806210173659,39.53591366258553,88.62391727834782,1.7958019477495721,0,1,1,0.2784075685634808,0.17204239112679307,0.530351829583878,0,48.023413462703445,0,1,-7.035948947790923,5.972986088258034,1,40.48430618257421,4.062846553438414,1,-1.4290598462354516,-1.207506410442208,0,28.946626292744277,7.876598754344293,0.31954623466743826,33.997593528907224,57.60128778535674
0,0,1.0761115043286078,35.96091797564347,21.975323266411856,1.2524101568228951,0,0,0,0.26965232540114653,-0.5985834047758807,0.14353360304191304,1,28.227152875069716,0,1,-3.5526690890730794,0.6800434410702239,0,37.71341723066317,1.4383748242216137,0,-1.5614315687080966,0.21213465752657856,1,76.84246432044723,13.805288575102397,-2.154419523790474,8.406674316293156,19.60992683042182
0,1,-0.31014751338466084,44.080024473925185,80.46696902656736,2.0283350210098936,1,0,1,0.4504012830823485,-0.7400140223177263,0.9554328216260128,0,30.312094141477477,1,1,8.021138404270616,6.703235246572261,1,36.57318298324719,3.011416701987424,1,0.5261144379726386,0.21122316709869265,0,57.17350031402494,13.701041359295164,-4.070736208859235,12.447594841068364,62.28212236173185
1,2,-2.163594299397779,60.66953064408983,69.96966415830302,1.6709075925210553,1,0,0,0.9592487912455705,-0.6473262222488508,0.64309083767957,1,38.68124905043527,3,0,8.233488750879165,6.930453192839037,0,40.03049517430104,2.36233500157369,0,1.0634887272679598,0.718772534569744,2,44.4205041792912,22.924956943190615,-1.5187335719534225,35.168899850444134,49.6107264410964
0,0,0.41498435944275025,26.69831328362406,73.03340926684889,6.964819463727962,0,1,2,0.15107870213571817,-0.6844535237285313,0.2844953257116524,0,71.18281649489442,0,0,5.355712029155125,2.4840198854349995,0,66.44965951385738,7.885685532304795,0,0.4900807624443002,0.6013418549535212,0,11.672640079962736,30.758414200735594,8.981241293012292,15.449160568007809,22.6541787625508
1,2,-1.3318931576636766,60.347476801129574,65.65270019702461,2.1617616808884645,1,0,1,0.873536575690432,0.48147415913905167,0.9144091084839114,1,26.48920913358864,2,0,3.072594185619268,8.66823258416441,0,46.55409591578778,2.159168851346999,0,-0.22530513163189966,2.2487921764326937,1,57.58162821671977,21.22859720341247,-4.663656115321128,19.636151563500015,58.997615588863
0,0,-2.1426033339417114,46.41293157377041,78.40148688329403,2.347294033537001,1,1,1,0.6967329488194414,-0.8255316173583438,0.27213405428469245,0,69.44528596030933,0,0,6.261272792289905,2.1758346394127797,0,50.372705759938235,6.714251770943037,1,0.6756290110609349,-0.8242623898637964,0,11.410951624831828,29.27333502681126,9.01968133556504,34.250631043731474,68.0382980731614
0,1,-1.3339211993788962,45.000775098763114,55.98946528519833,1.7716184238003707,1,0,1,0.5365906665651394,-0.4121126201745585,0.34508907679791073,1,30.49796112773567,0,1,9.86320067644321,4.074374293203561,1,7.023952703231924,2.494036760488205,0,0.21737654400379341,0.998175062188913,0,58.608850804149526,17.256032955637043,-2.627852533760688,12.795630138266167,66.71877912780336
0,0,-0.38457655112530376,35.83259002223376,84.96677147184253,1.81169520115975,0,1,2,0.3521645787517274,-0.23383200526043157,0.2804534113107185,0,57.569589972420715,0,0,-4.486524557237694,1.7544040351384311,1,64.06436128600582,4.8456905506895245,1,0.4948030847681033,0.21962040184123433,1,22.83715679897674,23.226339631807246,0.737441478722971,38.52912611545315,63.651703404775475
0,1,-0.3360344921098488,38.34374014027645,55.80554136534661,1.1176857122156478,1,1,1,0.37246686543451396,0.6941807524887259,0.23077349892705384,0,19.714213333172875,2,1,4.348663184909711,3.863850693534007,1,33.9497778334861,2.290573415508765,0,-0.034562830999136804,-0.0335381194759296,0,55.007512606900235,10.308890986835744,-0.527835085298813,17.161394124761674,41.436276988308336
1,2,-1.8463332458255866,54.0762900098019,71.34261577337116,2.08348103392098,1,0,1,0.8541354824533195,1.332773700646181,0.6764480955060802,1,23.46591598407261,0,1,6.892200198398108,18.18478918427337,1,20.187139448699583,2.4785118942621076,0,1.230914569601546,-0.16988929596677882,2,47.193469609987375,25.806455866397457,-3.714431274075965,18.65000427904905,65.28275210016102
1,0,-0.45206610041243206,69.2406809471687,0.3153288289198197,1.7891275960227297,1,1,0,0.9804308900620589,1.2291331613471994,0.5043315369479808,1,23.280084666456933,3,0,0.364232970202929,0.7112418082633462,0,73.31828777962616,0.7168402178925716,2,0.04666447626568493,0.25661926397523876,4,97.07102284158327,11.06331767570255,-4.6494569246647846,4.170453300031449,25.83676759138015
0,0,-1.5728689824412474,43.717464072182835,34.11542119260053,2.4065288737044574,1,1,0,0.5985227202724792,0.06176386295411141,0.3297837980327828,0,21.912042599707586,2,0,-9.797430053572029,1.5885096947714354,1,65.08185266242845,2.116259017838758,0,1.408346214978957,0.1259946949124977,1,66.71004636960897,30.062646505717233,-0.7223145553521775,9.490763270504294,61.88342164728179
0,2,-1.6020804679104703,57.9288481347174,61.42764010866725,1.82097899453169,1,0,0,0.8074148811965068,0.6844111093016654,0.6750609481802881,1,21.16101598157605,0,0,3.8160432206332047,4.23243734230109,1,39.54503740228581,2.3306269545632716,0,1.080867008348494,-0.0696509548348522,1,62.34298612314082,18.423239193827275,-3.8246371264649444,28.879031259717216,66.29410741438812
1,0,-0.4466110345115651,36.49951355041731,49.99480381358717,2.895752702852763,0,1,0,0.26974469018488934,-2.267397611755461,0.8840869800066316,1,27.92922101293692,1,0,-7.919473780466516,1.7972869061782257,0,63.11713202379729,2.9462143874688858,1,0.39847795233570293,-1.3568595116421582,2,56.43330291717103,19.865133326002265,-2.2144575619570688,11.05735354373917,22.939740398535022
0,1,-0.5956024908120673,21.091716492910372,91.64073695192876,16.1431848718415,0,1,2,0.15244817179324754,-0.3480306213409322,0.3961624707395063,0,73.40472933091928,0,0,-4.68957635017661,4.848614902045992,1,34.22696452388042,9.506257940430126,0,1.9147933204416148,-0.5644428821769041,0,7.620740182264369,39.77837605759785,8.009321606135572,22.865402999394387,28.652679532073968
1,1,2.0820590019000136,60.9848739636462,20.825845171117614,2.0997574459271027,1,0,0,0.6779306177437407,1.1131984785566984,0.7512986174072092,1,19.53042340888664,4,1,-6.2238631289602,3.1086982407127075,0,18.98020416498874,1.6998249791386904,1,-1.1311700740501776,-3.2839486013788726,4,76.93991044112711,8.773870341901093,-6.393103158505584,16.228112709967327,47.34403146288341
0,1,-0.7820491320281315,25.800886069567152,81.69295124622835,1.7807067430163432,0,1,2,0.1365830917864106,-0.1732890733426397,0.3667825230837741,0,37.15758073324655,0,0,2.3429806160508715,2.877743333838421,1,2.9220078564812324,4.117258273732246,0,0.5530558628297277,-0.9966926326140318,1,30.84652728843548,15.793531054640047,-0.69233645810327,28.190293838017865,45.96950914969779
1,0,-1.1621752078867775,36.6629695993488,46.010613054628216,2.540256047239723,1,0,0,0.35200080568095893,-0.5629617794044878,0.7657935676770478,1,22.112132175994685,1,1,2.163242132539782,3.1966260899577112,1,13.88207622676845,2.2131932619999533,1,0.18544697375400562,0.34479210473104,2,65.06914704191064,21.486628514757307,-5.307210048577611,8.345758550564248,54.794897076760876
1,1,-1.4542929904024784,64.98434766695254,53.01635763595905,1.8221259172553619,1,0,0,0.9822563452961981,2.046938973850269,0.9997180545036541,1,34.747155196475276,3,0,-2.2403879863375256,1.7578411549042858,1,70.60854659868853,2.178019696091995,0,0.8216625715596263,-0.8080826628121436,1,59.24457487097218,16.903342428641338,-4.903125580131159,9.81867448079499,65.81624572254509
0,1,-3.1291298271287293,43.221542496620856,79.85643211372214,1.9530587348292687,1,1,1,0.7287872619723568,-0.558569801599452,0.9687578348489938,0,63.49684048677689,0,0,6.858249835140899,1.9872005841641114,1,15.983152724305407,5.226254086978897,2,1.8838323085518243,-0.2947842968709904,0,22.077791578603843,32.43896439830078,5.551985124579248,15.28240713651355,69.88779395134308
0,1,1.1323516545611627,49.113311639317246,62.388854370772165,1.9386898592366786,0,1,1,0.4078118763895088,0.5362584213513891,0.3517903747099705,0,65.90751935423555,0,1,4.373309285958058,3.8234376250221307,0,11.874787959408856,5.842225444799269,0,-0.621684906549759,-1.2605446628755903,0,20.675219496023654,14.765554553232176,9.472974788971957,12.278615124006752,65.17192217329327
0,2,-0.48135693838405463,43.87207074118284,82.27729451986352,1.7937954723572769,1,1,1,0.4591052183680298,0.5910785413970888,0.32264040006340755,0,62.70431698748478,1,1,9.543335811464843,4.456568664029303,1,33.24607792367624,5.195797086542591,1,-0.19947208331635413,0.26663686216473115,0,17.575737033479733,10.544793360827489,6.600489032787539,29.259423896622295,51.9058436105579
0,0,0.929948631091582,41.98067958753839,57.47854201139172,1.8949404600404247,0,0,1,0.37569679875373263,0.6417116153295145,0.5282415942766183,0,21.439148391760234,2,1,1.2444288112264008,1.867563007500488,0,59.967758477517194,2.1750461793518796,0,-0.8063082794285253,0.10520309244510845,1,31.409312210133024,14.513613770169883,-1.2351176911823742,25.895477716246038,49.079846709743634
0,2,1.0684817751060345,52.65553925433082,88.10753609030677,6.5823287946053535,1,1,1,0.48339561440591317,0.42692161295871006,0.5867841968864965,0,76.31226293927435,0,1,-8.596993084092675,9.488655227368511,0,65.5640293137208,7.904458473718958,1,-0.5207052631772046,-0.3927513859919284,0,8.405148055961797,30.169609390614802,7.547617826870322,36.74621454158196,23.062951528757125
1,0,0.2555089226908011,44.949344555131404,16.981069820262917,1.5465696424693778,0,0,0,0.4127962342256501,0.017007584744994947,0.7723139051628765,1,24.221496099265227,2,0,-9.20941214016482,1.6414379347755743,0,48.331112647658244,1.6027884192576751,1,-0.7227027332246421,-0.195903518315786,2,78.79023511855492,10.21820781032503,-5.624200833678682,2.963602505587446,29.475149621532978
0,0,0.3169385913265866,18.29546614795013,98.17621641107195,37.49191558129213,0,1,2,0.09444636831508485,-0.2309273154998721,0.850183827228767,0,79.99314312172368,0,1,8.13600756436577,1.1743807966301885,0,1.445316954388569,27.369711915969063,1,1.9097790402911665,-0.7573624470932314,0,0.11625764104665204,39.9896867955446,9.990711197251354,18.74367118672908,21.420328616075647
0,1,-0.6238562949327084,18.89746756935037,96.35719924914238,36.845986978375706,0,1,2,0.09973710714839723,-0.13855450102391578,0.5091543440880941,0,79.75301185458099,0,0,0.45573979130303144,1.552490799168305,0,7.965472892197645,16.016610502266875,1,2.4418357603778995,-0.5442515696732458,0,0.9412953955277081,39.96646519646646,9.152888929532896,38.99833405077012,26.767155948950407
1,1,0.7799686469079755,27.83196940718068,35.774376521304035,2.6244404598906557,0,0,1,0.20357253595426583,-0.3211853732441081,0.2068826976490678,1,22.91082714850484,1,0,8.383004489042033,2.0859475084775947,0,1.1722676469868132,1.6445606945440794,0,-0.48296582961820306,1.2910788689283932,1,73.36968232388006,12.812977553102552,-6.381391616041842,13.65670016984199,20.172445095775608
0,2,0.7322355449277687,41.83046166562568,90.36911118263322,1.7001973927990441,0,1,2,0.2316316671288965,0.7232028672195966,0.861061547491877,0,62.101775682407634,0,1,2.8628995408264846,4.670235144649613,0,0.795666328084117,5.5205411250435725,0,-0.6819318936811254,0.10663550330721616,0,15.476239640390554,11.893464226251709,4.787826505158158,26.104688592620413,46.81407539809903
0,0,0.7842273253133656,58.08392631903939,59.3909784572865,1.0588497324353057,1,0,0,0.6393530151962776,-0.22681267660593477,0.7431138805467119,1,18.179856152677583,0,1,9.505946138862406,3.7198499541156798,0,64.54808528362334,2.6675874364357726,0,-1.4930531020457125,-0.36232557655628805,0,52.824007976978415,6.387978246679326,-0.3686449122812814,14.197852782995795,68.70030817973847
0,1,0.7489830637498579,45.85071056701044,53.57086314107589,1.9392785851027792,0,0,1,0.38110847429909056,-0.09585627634539809,0.3746345875856876,1,17.97384000799523,2,1,5.586232568765654,3.7497814743471345,0,39.49101369360599,2.451998047099242,0,-1.7676135397476138,-0.11249248128985705,1,61.25442599051435,13.376356503514613,-2.2228251582676677,24.226556123831557,34.24595350833895
0,0,2.7544357058461335,45.08322993520689,25.136898601139222,1.8550673622384024,0,1,0,0.18897402322034945,0.11827889621054416,0.26636252864809457,0,29.578167364579926,0,1,-8.038401936614237,0.7616325067798934,0,55.913906884713214,2.0575237317567043,0,-2.405751937181352,-0.22989887943674453,0,61.95359812430389,10.643222921275335,2.5975348735998978,11.38233808845068,24.261025652904852
0,0,0.6701109828416736,57.764965743077084,23.261353616887924,1.4397754494030939,1,0,0,0.7080379724731685,0.4013293896863083,0.4003758627348282,1,24.79360404259981,0,1,3.8472020495788115,2.531650164004527,0,21.856214498867033,1.6771445012842108,0,-1.0009839124337039,-0.2590252629278901,2,74.22325750062653,7.605745861551847,-0.9689787866080017,4.805556509330511,69.43186097450581
0,1,1.7654080262512055,22.70224889282492,88.38889722560238,26.97912593048674,0,1,2,0.11420597638913949,-1.2096271430716379,0.08341477193963859,0,78.4703033466605,0,0,-3.1809901669241336,2.3182435076505197,1,65.27045468201958,13.660331965792345,1,0.4983335504158919,-0.22125283155442368,1,3.262835582420193,39.858291002624966,9.07758877549415,22.353127727999645,18.61225749582886
0,2,0.057376561585075515,61.51397257017141,74.94082097611624,1.9035244214430558,1,0,0,0.844541214894927,-0.10950442920041653,0.6033340056149925,0,30.04004494954913,1,1,-1.3364721739705132,16.95008506790439,0,22.428893746107235,3.381117106369955,1,-0.3943631494780772,-0.1765237772353419,0,40.190181710333114,11.142903978633809,0.393612648149988,22.169971667178086,52.802657616635976
0,0,-0.0622844074091471,26.355229748256953,50.59463280265355,4.02119812354157,0,1,1,0.16990938156376084,0.17689300063204194,0.10613284238043952,0,64.31943910853354,1,0,0.9005921684390863,1.5098728669471269,1,77.30046951412359,4.108606922221215,1,0.3839714071441364,-0.6526302401601851,0,31.22859926619289,29.056555438445475,6.427889135156185,16.156600990065037,23.18452007262125
0,0,3.264094930226748,28.870696323718096,67.24108683451686,13.594985284359733,0,1,1,0.2192451734703949,0.525365557659576,0.31525351411039415,0,76.5826579530748,0,0,5.1594869007807596,3.0181823708575344,0,44.0786417207427,10.447737586865186,0,-0.1174327338026336,-0.782679410663589,0,7.016512534434027,32.010988380971455,9.803540667858577,6.873095070102133,27.00749177057726
1,2,-0.2513097200594637,69.96189942546184,7.912015384260385,2.119707917661378,1,0,0,0.9999209897229561,0.7384378649892271,0.958025427825693,1,29.145522854506574,3,0,-9.381831648004242,10.340834789975222,0,30.61939888877969,1.1484913245817987,1,-0.10563428919665883,-0.28277050650322727,3,87.88841293668867,18.600299621290112,-6.9434839963544785,34.57779354677069,69.72364624302394
0,1,0.1793545466770766,36.71806176080378,74.99644654861477,2.1190345003959625,0,1,1,0.22105803973556626,-1.2330519115237977,0.22777020809040377,0,50.402018125577186,0,1,-2.2738435975543725,3.6203251523011963,0,27.47724997696764,4.1960902382327125,2,-0.4422796893979274,-0.9734116409010568,0,28.0742977048197,10.76269227981511,6.10915146044001,10.449854816833245,47.000267272503876
0,0,-1.278345920207255,51.638467370310565,62.3163161225504,1.475301665634847,1,1,0,0.717487665193887,0.506918669985297,0.7106059151057228,0,49.86481612955238,0,0,8.69633313101118,1.375422762104897,1,59.4119647810944,4.384759570249243,0,-1.4826018680578155,-0.2862458662333532,0,30.85704561968694,10.612976976025053,6.013949021697638,14.580013447668513,64.12192070621552
1,0,0.15222175530268175,69.43412006362833,1.6543447136439404,2.706086049251118,1,1,0,0.9980903083910846,2.656273538762176,0.6551090625438538,1,24.43427672289853,3,1,-2.410257084586793,3.3273670173609373,0,78.61146881992777,0.8578123166665584,2,-0.31963735242531705,0.6750196941603036,4,93.0672147993501,12.942733086438913,-6.796871672630726,5.980182937045009,39.358133371678754
0,2,-0.7802667830028448,29.63994554255216,77.97155069624517,4.82505370712773,0,1,1,0.24587468478997743,-0.7306260612297081,0.142529528747932,0,71.73297910572698,1,0,-5.361357700222269,3.792873898701712,0,22.4591661976556,5.377001968663216,0,0.28776562748586,-1.1917962465535246,0,17.656736455208232,26.576942447533973,6.249325398836202,31.028364534656923,23.13675627972361
1,0,1.316754341497148,59.02749707603746,18.537997566445917,1.7944446926809468,1,1,0,0.7008669895294587,-0.5766256657143395,0.5848038927232094,0,17.82063520604575,3,1,-8.492396559015427,2.0155351688553598,0,79.5022522825401,1.7398833547397705,2,-0.5583979546949587,-0.4536053943945055,1,76.47427013150046,12.722277077822246,-0.6489796391040397,8.980540987562778,43.11760620904195
0,2,1.0132121377449153,29.047934839586347,66.6555124644152,0.7108755322414343,0,0,1,0.18699385999518747,-1.3227943550145438,0.21663574412713416,0,20.187582264713534,0,1,4.961649719093682,10.324958094651818,0,31.41040207849954,2.971211832438981,1,-1.5833039057354439,1.0851717985953406,0,45.25705688783954,15.272351264537562,-0.7532798761732913,10.683887783636287,33.14341648272655
1,1,0.7465807767614062,53.49667774357032,25.992496591625848,1.775370228920615,0,0,0,0.46829461094488045,-0.010231930270487759,0.5481488868773625,1,25.337564136017605,1,0,-9.176738207784478,1.81043941744171,1,52.07404797184152,1.5953332478840005,0,-1.524396405385163,-0.4780887402101207,2,75.74978608025596,6.584973499953026,-5.325282464392683,17.4742084016793,61.1068155732074
1,1,0.5365391071268097,61.863251264764536,66.51371011412542,1.2998178207730358,1,0,1,0.8250194157722246,-0.07228386517665919,0.4726389181510782,1,21.34419285691399,3,1,8.405100919267685,3.2446018463209847,0,61.61115208280172,2.608811959334897,1,-0.595838062812146,-1.3112481497673971,2,45.28554627846435,10.822707683508995,-4.247405928197049,30.673838728644256,24.546426872878882
0,0,-0.26979033979274697,29.575038874677162,57.30560147377872,2.466053810963592,0,1,1,0.11763136066727531,-1.4867405689717517,0.5618888190264372,0,22.037091516713918,1,1,2.3560524067210054,1.3403328995965993,1,21.595385429975575,2.4728967194597806,1,0.2827001551160214,0.6069022009908669,0,50.81121860009309,15.061122730584646,2.7740337767761964,13.257270315984897,45.691020825381955
1,2,0.8830612708724724,67.54949913440154,31.44166404640334,2.0194761773159473,1,0,0,0.9726592632357557,0.433951360382417,0.6520852755758313,1,28.991117066699452,2,1,-3.8134160327855726,7.450524120807084,0,66.46615206727512,2.034752575161263,0,-0.8021100625037666,-0.5010738887862524,0,68.72946062144811,8.768426504806328,-2.810994486436602,20.221585508899814,61.01410099392675
1,0,0.5021506444416065,53.22986859532596,20.42713796306324,1.6774179924596784,1,0,0,0.3987392337343918,1.0141550992519908,0.46227127676873736,1,25.24907196512105,2,1,9.617933955906636,1.6837656862214188,0,40.40394829455734,1.4558939517175846,2,-1.2705394136837518,2.015643256702832,3,83.02228732096104,12.060702349053694,-5.029024951235666,16.49276716273499,35.707373058000954
0,2,1.1504737675698409,52.0894922876474,63.89722693616746,2.048320647196251,0,0,0,0.3476166208963454,-3.019798866717862,0.7981120046769343,1,23.917239474255823,1,0,0.17771574990038452,8.091787086487162,0,57.630103626970794,2.7273422484132186,0,-1.366798504247919,-0.14967026740947145,1,55.48833868634529,13.068819354039265,-3.1772299940997604,27.350272307532677,38.950682459628524
1,2,-0.5697748403005307,43.92961705306685,88.80965766155194,3.1993823317431147,1,0,1,0.5194533573913837,-0.41218226683695086,0.5790275644802559,1,36.782957698376066,1,0,7.37697868926136,4.518579395036014,0,19.681278359752824,3.6677890227253185,2,1.7773423295600506,1.6776950943542157,3,34.07629138951294,25.016301352023874,-5.8638977412864595,39.84625513727747,23.881666683581457
0,2,-0.17057084104225995,40.86323558897989,59.018181157336016,1.7226335347199706,0,0,1,0.4266906750460262,0.6954650838089284,0.15642181639399955,1,25.275227185457958,1,1,9.877842899750256,5.62262915337113,1,72.50143825015165,1.9124793224279444,0,-0.2123249542086031,0.9184073294809727,2,62.08596375960593,12.633252352958433,-5.253947156167832,28.60817965511249,43.09987445300513
1,1,-0.21709198456118456,67.08949302511112,29.658151170173614,1.651823044329531,1,0,0,0.9465428811514417,2.3211430969465647,0.7264144789346775,1,23.44382496677076,1,1,0.5798330888550485,2.250886300905461,0,50.23689493930029,1.6500716697626687,0,-0.4815300631089834,-0.21189965012490394,3,72.85900965004997,7.208757330508362,-5.056127705417845,27.102929915477773,51.04259615327288
1,0,0.7054971784303862,51.965310415486584,45.11107155031364,2.265643229183419,1,1,0,0.5981162566007653,2.53346994975579,0.676239722977067,1,23.763376885227252,4,1,-1.006288142222333,1.1050783586806325,0,47.05365761737724,2.2050469537202995,0,-0.9194825663910662,2.10377023434678,3,52.081073571074796,10.282786938594409,-5.587475926619042,38.94693703848262,36.230915036547515
0,1,1.1091552516640708,23.925110777473254,88.22198480298631,8.623762962759479,0,1,2,0.1783124201831519,-0.7793046052727114,0.38574809911272423,0,78.04793106789982,0,0,7.148322390219477,4.838655952206082,0,18.503603094383084,9.691583973957655,1,0.07629215969146444,-1.164474297785626,0,2.3212136335556632,38.56688878074225,9.775363607433786,12.582054797623634,29.197353949450328
1,1,0.44488181137868776,50.75136573115465,16.28142382978457,1.6519593236706853,1,0,0,0.5498337571340791,-0.7969229044085592,0.4475583501661028,1,26.768366824765923,2,1,4.189828229529056,5.026329616903926,1,14.702517800070929,1.6428624792147535,1,-0.9024912082850642,-0.4124081031061211,3,79.07088000680771,9.572066308199092,-5.998690515206816,6.77616710390867,30.065149665710116
0,1,-0.2320620118490397,22.783946357197685,78.4798938022962,3.998961881221012,0,1,2,0.13475159655205554,0.30733145351584473,0.40518358965087564,0,71.39446351233379,0,0,-5.685400248663265,4.540118129088857,1,46.966059341289174,6.354677474942469,0,0.22874619634126192,-1.5798500861170897,0,13.327990888467733,28.563609365846165,7.282424565080806,6.3015396384506435,27.16267390037394
1,2,-0.008796120317717666,64.03971815086294,31.214382102313714,2.341374563322957,1,0,0,0.8925515527454055,1.7444779323141926,0.5059013946369566,1,19.002507392182032,3,0,-4.298294545466423,12.027338515950426,1,65.409995585443,1.8763006385305736,2,-0.07327492930200859,0.3282375599985256,4,70.7647741104795,13.906121797011936,-6.221821835966455,37.024815221388494,43.233139081081866
0,0,0.0009131797805271272,37.31596107225538,57.723661238381816,1.5503985796495867,0,0,1,0.20830963608317327,-2.840386997666942,0.6006636618647829,1,24.797641981646215,0,1,9.988537014217012,2.413498315081884,1,50.43736550937357,2.290777953004011,1,0.03564054918462045,1.3274789550763533,0,60.561902947601354,11.837230461569623,-4.014096134861898,12.678428326671602,47.20776133122223
1,1,-0.8217278375829086,53.196935410440695,49.24889123504112,1.6705409690524953,1,1,1,0.7824376014596388,1.5899003721727212,0.8350502370118658,1,31.609715737703006,1,1,-9.69648733556763,4.7181483797983805,0,25.60912229334742,2.331612901365399,0,0.10499308533608769,-0.7416508998221129,2,52.59288635513484,10.595701985583656,-4.445546383979759,8.85030467772454,43.2924753589305
1,0,-0.15439576414560255,42.458925346543595,35.387315055580686,1.7253713103359247,0,1,0,0.3626227165164264,-0.13502007960171175,0.5082266776964938,1,17.61382395703949,2,1,-7.10512495219004,1.7337645340311902,0,47.885770147494554,2.0049760602764684,0,-0.28090962450950546,0.06530523106550593,2,64.44934837282521,12.40431030067687,-0.956120123685718,13.861742861561332,37.58819070270309
1,0,-0.8861990024151141,43.89302055383258,18.181642348907225,2.2391212217213177,1,0,0,0.6854774133165367,0.9514752311434636,0.761100404141158,1,32.363612975970454,3,0,-8.358151270317064,1.2165492385172,1,37.911151206115036,1.4315053745661046,1,0.35473725167536097,-0.2462714321643645,4,79.53570128263601,12.06281426130461,-7.647050694994869,23.21202027826732,43.804789957998025
1,0,1.451512200907439,43.84969527392194,20.853262138979762,2.8655117409608475,0,1,0,0.29031719987571447,-1.1143266501888731,0.6701340677007994,0,23.828494807952655,1,0,-7.332819529318501,1.360892142471123,0,2.049066708776315,1.9912552667550307,1,-0.8846110151295852,-0.11829372815484696,1,69.72235338993902,8.287775043083911,-0.8966219584690531,24.763984411968273,34.92050475917047
0,2,0.6351139099640605,27.451380953054542,78.8201212128771,7.261280139021992,0,1,2,0.17706061124121159,0.8225834659790472,0.47575202677124706,0,75.46213085828539,0,1,-8.577045870424712,3.484029329918548,1,16.877024352867224,8.182986341929755,1,0.8616580402237366,0.23671567348569117,2,7.463390505975847,32.71765836932563,7.271813015111597,28.975215517627888,25.069462512921806
1,1,0.35051718916136154,65.8114640776801,23.692838885942496,1.7340014763175198,1,0,0,0.9240155340541427,0.048657267308618614,0.8722503750904655,1,19.4542332672318,2,1,-3.448193434438142,1.927812415832885,1,57.420744476141515,1.5217733677621108,1,0.18571963752450518,-0.6327567690538639,2,72.50691933030865,9.193449283246757,-5.0373934219299485,16.613164308510466,67.39900529442198
1,1,0.06165338507486598,62.56935056275336,17.03084456892728,2.2320777248734758,1,1,0,0.8982174164579793,0.796966956841167,0.4730283072787124,0,21.301818097539904,2,0,6.9762692655679714,3.860701643126284,1,38.1861436101402,1.7346528105936188,2,0.09132963373834226,0.7189312639322799,2,73.31387074869427,12.98047339362872,-4.253047558644462,19.035490670628935,60.13403846761873
1,2,0.16137862467278738,69.46553539010716,13.871531367234407,4.099832583057884,1,0,0,0.9951003441222522,-0.9444181708462781,0.5076016381045662,1,34.92530675261828,4,0,-4.659467033383079,15.476859310632307,1,46.187686296437846,1.1934840578649835,2,0.9706038015153126,-0.41571193589045147,4,83.49701781466815,29.17453939384329,-7.471099019852944,24.615348804247063,69.47268167291693
1,0,1.0854814064821838,57.33428257905493,22.276989295818044,2.6206205521810206,1,0,0,0.5899027064010193,0.8110494915898868,0.6236937387260986,0,26.176117343108587,3,0,-6.6992054766251705,1.6179234927134183,0,63.26178697892164,1.5403171400371045,0,-0.782361504556293,-0.9416647843360566,2,74.24333777561588,10.881051227017407,-1.4712154301600258,12.795460796842036,33.3322499770145
1,1,-0.6556550861227003,43.72529122711078,74.61968327756829,1.7374210075150889,1,1,1,0.5146658299755469,0.8093487038789152,0.622310194735517,0,32.14709852998331,0,0,-4.372534299549228,5.286994624686751,1,54.269991342053665,2.9228656801297643,0,-0.17540344553082463,-1.430361742764864,1,43.16833970246037,17.215033121683824,-3.6468592252446674,28.215677910758604,40.058829221873594
1,2,-0.43747523660315474,56.511786391330396,63.97879813478682,3.012298339051303,1,0,0,0.8253913990246127,-0.2367888311167851,0.7217594433797024,1,20.760768599802315,2,0,9.605825088906752,6.649293888802126,0,74.11645548043771,2.5364831557664687,1,0.2997835104220563,1.5356032193966138,3,56.741092186253226,17.497313632331352,-5.338355622610143,29.539165426052367,28.19268269841033
0,2,1.3501709097513166,34.219903892120925,83.97459186622461,4.174773707071717,0,1,2,0.23806416280577702,-1.479505815453262,0.5504665906145596,0,54.30553688109215,1,1,4.33820095630233,3.3829874588971176,0,27.53469114113365,4.241649813892265,2,-0.5730115052127072,-0.14780289919895898,1,22.583607050469944,20.18521688739739,1.9236767114051965,34.97694703421147,28.598115436423665
0,1,-0.666827847371231,21.42537720104171,83.87568619107937,11.03580254326161,0,1,2,0.18553225674111107,-0.019866733092820138,0.4773026334527473,0,79.10348416003922,0,0,6.227238306396231,2.490716514900505,1,29.44362047846646,11.651896284449524,1,2.0061200777680166,-0.6423277090029796,0,2.8701332840078306,39.16051896364782,9.73740796079754,7.836506555331075,47.008944369048365
1,2,-1.091793461611155,46.07091146547306,75.77858639271089,3.4830111049691137,1,0,2,0.6470051118820641,0.19843693947035776,0.8335246408845924,1,23.752543145691035,3,0,-3.730354525120857,4.637714711169568,1,31.741567017578348,2.6847746727790653,1,0.9932490010554486,0.8862267630840582,1,46.310081408540675,29.30638951553145,-5.0555333205501505,23.28185732702481,64.05991669594516
1,0,0.22712715315583865,54.16247957488341,19.144654548802524,1.80519681053965,1,1,0,0.5929183122682217,1.4268192614034403,0.6822370503642614,1,23.243748581313742,3,1,-0.1976080855076532,1.6555750054501022,0,25.182446583686247,1.7005723550258736,0,-0.10121717541465278,-0.8112031308753603,3,76.0323933037003,16.042862105108888,-3.3739330533118235,12.556394665075048,46.518060826690856
1,0,2.0124467041914986,48.54439117011483,29.497084280312414,1.8252191897325827,0,0,0,0.26307722910782777,-1.2387989938221091,0.631670230399185,1,24.804451586191128,1,1,-8.220064118740483,2.4576046985452322,0,40.66408007449218,1.6515966027533426,0,-1.617973473883765,-0.40583718585496326,2,73.3621846764645,13.810238217605558,-3.2237541793026114,5.1764179818321265,50.2041071198131
1,1,1.1306374202923068,52.23531175143885,46.067338958351414,2.3703371152170303,1,0,0,0.6070695828753975,-0.4325765875413989,0.5304940847303075,1,18.88301024206517,2,0,-7.957766548024381,5.296722895754147,0,62.828914751039406,1.6951321106393957,0,-1.2751334228070679,1.9212878149894623,1,67.7149571730749,7.866098225737057,-2.9602582604014103,11.310286313443923,33.75713699410532
0,0,-0.3938911716541575,22.31967199485254,73.85363246896874,3.009813564721899,0,1,2,0.17340413254774578,0.38877573344153565,0.5849694838856867,0,72.24126394041333,0,1,3.8549126442504384,0.8837098776434806,1,26.99897125237792,6.871044338970072,0,0.2695581115453072,-1.9951934345754059,0,10.964079025738982,22.699219023056386,9.23849819525962,7.318316710319907,33.359654348687364
0,0,-0.5955037293530211,36.83414640758866,60.60135320406701,3.158827193982739,1,1,1,0.4307427951241966,-0.5674997932404147,0.5675328961180858,0,28.926268311411143,1,0,-6.1275662346656645,1.2399861217881853,0,64.02992274226665,2.6972257252255747,0,-0.060302723222793474,1.5359621423705583,1,60.263279250865324,25.438028091978016,2.3520822153538194,11.558705275955043,39.892141480516884
0,0,1.2055142814554123,22.504895158300084,75.7624459463742,5.77714993143549,0,0,2,0.19783149456711868,-1.0545353572872675,0.9315787248961075,1,31.996206586849453,2,1,-2.932557472049222,0.6338925177131544,1,22.932494274327738,3.7070114474739606,2,-1.1891887571094466,-0.22964438251989222,2,41.86924353113242,24.892600806659093,-1.8260191807934607,18.04067619438854,34.0698409632863
1,0,-0.44977253448654936,18.075880904395092,60.42267513107158,5.887817565047455,0,1,2,0.04759044202271856,0.9374202788582611,0.3017859354910546,0,34.205724836816685,1,1,-9.721472856064159,1.3990797501023156,1,3.634629949656092,3.5772648879017317,0,0.9013805513847106,0.11168300030404778,2,36.24833151012527,33.43416442721663,-0.5349170257246385,8.568120935729063,43.24442468477488
1,0,1.0038942469173615,46.822319043278746,25.238437983588362,2.114559358344808,0,0,0,0.385607866187084,0.9207836197189277,0.38003807344825635,1,20.664166113537313,2,1,-1.984335354416956,2.3527979179232528,0,31.51746865226444,1.4997945303712679,2,-1.4275067181949053,0.8507874796124871,4,81.41524873626771,9.006923270617218,-8.049493430826862,27.289675484912635,23.799705950100623
1,2,-0.3408946717799058,63.91389305860389,4.779198472794988,2.2204175682880365,1,0,0,0.9236879765666242,0.44668482366877976,0.4631797481143872,1,23.734772313665047,3,1,2.4665263830095707,3.9768272684546644,1,13.012776216756649,0.9468832428179684,2,0.1504847612091291,-0.4218634617138909,4,90.74724413724132,18.665952587383067,-8.885140218114254,21.492456803873008,47.04051273086909
0,0,-0.7652234017722351,22.282747822777374,97.41072907703064,42.721373341552464,0,1,2,0.19776262696140673,-1.0380535740478731,0.4701675263133098,0,78.60849854465076,2,0,-9.247210694107077,0.6475463478270829,1,76.33013434304706,10.54922812807739,1,2.7477623393524118,1.339968290095651,1,2.8607560909973238,39.99999525707367,8.042110544267686,39.98719865716145,31.740579128067157
0,2,0.8550222935115074,37.64712403842104,95.70651909960671,13.697926074700561,0,1,2,0.3014038984907808,0.40146723876378854,0.3612858689673165,0,79.65448425506592,2,0,-0.06531556711938968,14.827561197331612,1,71.37195673370553,13.623307712210107,2,0.718003679925385,-0.3379435782748911,0,1.725893748996843,38.0241899070726,9.296400891822142,38.97075074166169,22.543902175028027
0,1,0.1398787770384135,29.30257658665889,91.58133393622072,5.927510523282868,0,1,2,0.2349489477380834,-0.8303181328879631,0.37108257914656295,0,59.52487689966874,2,1,5.543903702267352,3.3183979677270448,0,27.328379972706102,4.496376492123982,1,0.29401751779770857,-0.7013882407634273,0,16.816074217687067,24.474038860608918,3.1705861259241566,37.223302792662324,53.349297794909454
0,0,-1.4461984656485625,23.29638724450929,92.18752395341735,5.989462844380176,0,1,2,0.1624504718942249,-0.2625253819254014,0.27444146540045933,0,79.91537735865728,0,0,-8.374520679603494,2.593651723856247,1,35.844255528302455,22.239704877770944,1,1.5713399814469693,-1.1481052581293711,0,0.5686757634145834,37.962388829127605,9.971236958628467,33.16273452827557,45.48944599026285
1,1,0.25061239628758336,41.33314838138478,66.88041615429366,1.9368271182852255,0,1,1,0.2865261710182177,0.48843795507836035,0.8609200663773224,0,29.151304256592596,2,1,-5.844289207954752,3.1631371125191614,1,44.16599637713595,2.8007920839975182,2,-0.2671701740247871,0.2747540713300575,2,44.60177208198344,13.893753688852238,-0.6422756722330281,17.692247302903205,34.51387189412655
1,0,-0.2571044492735991,49.499197626544074,51.35297106553731,2.8563067693066895,1,0,0,0.5827553641132261,-0.8709639064464814,0.7645291296052277,1,22.58834710591681,1,0,9.118836521957533,2.4154720831542535,0,75.25304947329339,1.882983094454317,0,-0.4764379036532726,3.4810253650383625,1,66.71461380201525,22.302095409936527,-3.171325074462242,18.629019204015783,23.374169232329855
0,1,1.1349123297901986,59.373078226669875,90.7794040243868,5.779239377211052,1,1,1,0.7060693428627727,-0.8244417551422867,0.7121629069027882,0,65.83478462646187,0,1,7.307624282530284,7.528465355144468,0,68.2463164288381,5.1970862433926035,1,-1.0926367420520582,-0.09401179032994644,0,12.927499395900854,28.45151790061454,3.7260632845229615,38.815509044585426,48.03522463191763
0,1,0.43535584875354993,24.759717755446204,84.31986041561365,26.623756711588427,0,1,2,0.1896456775807972,0.7916136593078505,0.3741880188571901,0,79.3386248122128,1,1,-7.414033434227094,6.410352321929425,0,50.07036104109136,15.591765882970282,0,1.427594067677524,-0.545876379206126,0,1.5906532759225045,39.9904547626285,9.948839390538456,9.483823122461848,21.318685186341888
0,2,0.32184425044918546,50.95839496178228,78.33638253827206,4.313916439311914,1,1,1,0.5634443935184693,0.4043599084271798,0.5110424138651503,0,42.90083010220723,1,0,-3.589829805619277,12.224000707202173,0,42.677282206072356,3.502729422289988,0,0.18680058886915676,-2.50776594351012,1,33.34072208188098,26.458463514467482,-0.07247888869901509,31.463898593182485,23.852503995846835
0,0,1.359250357831524,33.8515839798885,44.522203692050425,2.1912439662699392,0,0,0,0.27354171361837243,-0.5581397881162472,0.5037314793048748,1,25.918024259846213,0,0,7.633330174754029,2.8134667641285978,0,35.36361630916169,2.126452593574738,0,-1.1945253044232351,-0.19087367608338116,1,80.34930043539279,12.190338340608577,-2.7025427151980193,5.050313252410836,27.511868713999213
1,1,0.025134626194292287,66.12034095534503,8.644277972255482,1.7831316556419055,1,0,0,0.9454994145547186,0.7192340516358373,0.23770657348089108,1,22.7895123637885,3,0,-2.9910315337434934,3.2151755230380528,0,33.608923717412765,1.0258266451527027,0,-0.6978106590014149,1.767484945427386,2,90.21748100241385,7.951805603834554,-7.0000689756370695,16.290249502028107,47.37455500197834
0,1,0.2197689294193034,60.75181350113969,45.84355614700894,0.9643507002079476,1,0,0,0.8117647140251332,-0.7170961658817643,0.009139432800731373,1,22.482113807305932,2,1,4.71697749943635,8.468390853647616,1,68.78885636847711,1.820535845397088,0,-0.8540526125551691,1.2701218676857227,0,64.60229706695019,11.120296645996772,-1.3491204792285743,31.161824263529997,68.87137783363926
0,0,0.5189906844747867,20.344458528208428,62.66970024476469,2.9744625536209885,0,1,2,0.1577862432150534,-1.0570770035547619,0.29056938100415103,0,48.90839497163236,0,0,0.44459172108929756,1.2083163487231714,0,18.167259505496972,4.114187855073238,1,-0.4551681476069166,-0.25917592287610075,0,28.493169668100915,15.355374986677273,6.349080327694317,3.4409721173811514,31.963795850279155
1,1,-0.06210461986215742,67.42543452507178,15.74128487289933,1.6962479193284963,1,0,0,0.963704609157124,-0.6582996892275272,0.4872328285649954,1,25.977365528523002,1,1,3.059920117494828,4.182800376872726,1,45.08993059767461,1.2955740074890163,2,-0.7217743297321974,1.838395215226154,1,86.90550773360887,13.324416180896428,-6.023963152645166,11.438094203645083,69.91694127892069
0,1,-2.775433294787706,63.64392096555529,12.074798439591861,1.6269894906026574,1,0,0,0.9797276591516634,-0.9421761351851008,0.13373484034864874,0,21.380146998012293,0,0,8.334423889243674,3.985231394698673,1,73.58497266553533,1.2773143768501032,0,1.358679461453914,-0.029863878671059035,2,82.4852873342328,30.369234345044198,-2.1785398023269975,4.7481276142058215,69.72440520459807
1,1,-1.005857815386316,47.89458480878091,70.73449198213947,2.8664273693242,1,1,1,0.6914450365689606,-0.47203506358955366,0.6820624499005004,1,30.217738027845904,0,0,1.8556001437567975,2.5172819433073865,1,73.37203765149268,2.99425100836106,2,0.7076609237050633,-0.6757675611543159,2,44.466986732756006,25.443713091433644,-1.833493240875434,33.71217000922399,38.07284108032681
1,0,0.502938486881588,29.1994506906324,8.71285361432957,2.8555568960670494,0,0,0,0.32174446723782457,1.7624027089014913,0.7256231604636715,1,17.997401078365055,3,0,6.372887914260989,0.681985472267896,1,1.1392869716604714,0.9080457393164354,2,0.5758732668980108,2.2209658047715686,4,92.23602481304366,18.636070479958025,-8.997396216475485,4.863115989338129,36.607571574680364
0,1,-0.7145383549535398,55.582158240440315,34.67838159506478,3.022502327224296,1,0,0,0.7665250464562489,-0.5249724322282509,0.7230799944955598,1,18.71797850686411,0,1,-8.265532260500235,1.2751992114145674,1,66.04384650084964,1.798638462238464,1,0.45802216332457196,0.36741314633652533,1,69.02090551322443,24.698365670532315,-1.0679946911872449,9.343185698078093,66.68292175190012
0,1,0.8586813492408434,40.69066327460662,81.06344757104351,1.540895982904672,0,0,1,0.4053889637206047,-0.957409401614585,0.7321774705958144,1,20.363053572478496,1,1,9.5562375948425,2.867199928519291,0,22.35061223352881,2.751506041965004,1,-0.8926538874203495,3.5735202684339615,0,52.62787841597266,16.66616924742311,-0.8232070809873555,19.83049429361489,52.85369854126546
0,1,-0.33164805997696534,53.2018380159677,50.41035477528539,2.521583730910391,1,1,0,0.6247858469890885,0.18399030632226496,0.3436987432268789,0,30.730681278424775,0,0,5.072754816839122,4.012249196901303,0,61.763604489765825,2.8804240437251765,0,0.18055913423425152,-0.07903843453214415,0,45.40575609412426,18.47808061882763,1.9584642571259714,19.643375740277992,28.98214020186645
1,1,-0.0736685919129877,37.79921779661319,54.86180735966779,2.463456405249324,0,0,0,0.4519858237026414,-0.854591119890766,0.47959679702503605,1,20.783917877034767,2,0,-2.215575620825202,4.338754783078467,1,15.593120642576359,1.996596423571039,0,-1.8986492769362322,-0.14842882866166404,2,55.78921938876705,14.530807599832372,-3.2989150384736208,16.761712364720395,56.102618817049894
0,0,1.2390356666020963,32.72004221426795,39.946559639005606,1.7204397889957312,0,1,1,0.15799960816677355,-0.07480828562924634,0.24207297281290507,0,18.624470327241344,0,1,-2.8177135989693536,1.9677379967272481,0,48.58409529569925,2.2013446691630163,1,-0.766778996576326,-0.13345337305037736,1,61.43118105794675,13.033962115620227,-1.3608073258863804,9.870613980768027,40.36931963790158
1,2,-0.08746808863257204,59.59967852361406,8.429698236933858,2.0232730971202884,1,1,0,0.8516182507070109,1.4169893595985912,0.3124212784954512,0,21.764961432799144,3,0,0.8082311172214229,6.601366028438068,1,60.79949583029772,1.9787907911359162,1,0.24929362610493558,-2.8134561363654917,3,76.26512806211332,12.015717878337618,-0.23512729505149466,10.338974957603986,55.83096838987826
1,1,0.05428828373632915,40.8304933280195,8.995182040595518,1.3037009127312238,1,1,0,0.3950841984112609,0.5848971171279099,0.26946921556779135,0,22.228945751915845,1,1,-5.9938357922275065,0.6550006999431229,0,44.308082983514694,1.354786614341002,2,-0.38983176970819206,0.328370505230721,2,82.88597752792049,11.65419441650295,-2.334609935671674,37.93741896186644,30.467942615437984
0,0,0.3272299642140974,32.689070379823455,54.14424481696201,4.52950182920917,0,1,1,0.20582401328697741,0.017871965260640135,0.41682003838566156,0,24.546717185284173,1,0,-4.148576272501037,0.8941552591115313,0,50.66776776674922,2.688937185068343,0,-0.3365931403099697,-0.3133067475333446,0,47.82228058885196,20.672620250447764,4.15047237263936,14.50104682389255,27.07238448427655
1,0,-0.35906404144973353,46.28025187746053,10.824412337196504,1.8521208022463396,0,0,0,0.4465225748895728,0.42650276046733576,0.4415745023225969,1,29.854579057978803,2,1,-0.10260021172164002,1.5313985393356109,0,26.236359211211347,1.4999811414313506,1,-0.013868727444627107,-0.31832562403077475,2,83.74458466517025,7.991822214310618,-3.794312807361586,1.2894592126218574,56.582574502967574
1,1,-1.1365364581796942,58.460622987213014,51.93101536864522,3.0041765595765897,1,0,0,0.8206482221818323,-1.1774834339731597,0.8864559255249074,1,24.452490577564525,4,1,2.478935003793252,1.3090222140403356,1,62.63801526002393,1.9937750398783192,0,0.5609590606568611,-1.4406098877964106,1,58.23190690823105,27.735898803299015,-2.0603571751493375,15.893385254202261,56.15757453075814
0,0,-1.3212854127778464,19.662976346768062,74.2179162561549,2.7750242275348684,0,1,2,0.16243456999300782,0.6966545971209279,0.1787050448254015,0,72.07829846948536,1,0,2.2703655484797736,1.6425713193715537,1,20.49553347125326,6.406769032210982,0,-0.09953209889839194,-0.767592827834228,0,12.855457495921952,24.865779630222463,8.948599088740309,7.1772126392662905,61.78204603870874
1,2,-0.5672622384879921,59.67891516772567,44.618732081711855,1.514006376600153,1,0,0,0.8005722733998393,-0.39682023176879827,0.771568835693879,0,34.775359096245644,1,0,6.800681503872905,6.6577661896364315,1,75.19182882684328,1.8828627716986743,0,-0.20585089450431115,0.6446316438770059,1,61.105235973141724,17.943274524394376,-4.4621580367261675,15.797704035297413,45.01113702511545
0,1,0.2269357704941212,34.1319922059635,59.324289062366354,1.778931343742568,0,0,1,0.1745132348440782,-0.5491536469157845,0.345429234318107,0,20.355145947998246,1,1,-6.441578309523107,8.296096349507295,0,14.685086967443098,2.6561997366369243,0,-1.294965949356372,-0.5600366660291693,0,52.36683207360519,9.293130418311344,-0.883032471307768,6.2864897266991715,39.00001923809281
1,1,0.4652792819404249,36.5070282988652,48.13983529823125,1.4266236249507527,0,0,1,0.30945127770162717,-0.05531553306018538,0.2254067075868742,1,19.873664861307496,0,1,-9.539704590393145,5.250945262328832,1,14.26079428942527,1.8983458377431985,0,-0.6757983170565917,-0.03045976616731455,2,63.23948437279419,10.943987367578663,-4.405144365995302,23.363298989456098,47.845574376458075
0,1,-0.1839097861814744,38.713036117595166,81.68376918075798,1.7157123457518941,0,0,1,0.24373152054665853,-0.016934964772739015,0.5675273337585167,1,36.19996375371689,2,1,8.853329512300512,7.593437007956642,1,21.92753546995263,3.960088210079804,1,-0.46083823085182046,0.13887366597036505,0,37.599689493805045,7.148575853220858,-1.7052886358757124,24.128262977431962,41.861055286874915
0,1,-0.44505727855283395,24.705972157823098,76.03847689354004,5.749980138568198,0,1,2,0.15901560213071037,-0.9964857068920316,0.3116546109142492,0,67.31216396493275,0,0,9.92828818273535,2.0648644128117293,0,25.59393054591034,6.227060331036972,0,0.9033689618693236,0.3490903577793617,0,14.265460321664447,35.969465333937876,8.380768798134962,13.414512135659677,29.86519635598676
1,1,-2.9498998962352303,68.65336076778044,4.751837194281605,2.6368524255130112,1,0,0,0.999188192014076,0.2929969364031376,0.7123768716944182,1,21.911292588150317,3,1,5.499075814187513,2.0741011607692466,1,49.86506822206665,1.1327044792339136,2,2.59843889010908,-1.01745202116926,4,90.09222274108201,33.85594605838019,-8.631388184849762,24.922588578520546,67.87669358742465
0,1,1.1404414612186333,24.05776282463964,80.75336507289335,5.625766195059951,0,1,2,0.13468703129746262,-0.13636364789428138,0.7328478734234769,0,56.299390102838416,1,0,-5.089138582928215,1.824645604655857,1,22.98047791997082,4.119511204909174,1,-0.44118048457934506,0.631029239558762,1,26.00017039808761,27.809591808319496,2.591431359016825,13.485256946249883,22.871694542929678
0,0,-1.276112445929568,27.454103690583217,67.66539684777852,2.1778028779916205,0,1,2,0.24479376139447118,0.016154925020752768,0.8273106615802183,0,67.3042014197517,0,0,8.946113521534432,1.4111270094705985,1,66.10488185384567,7.125687958880658,1,1.0525151449791137,0.6929903621171999,0,13.130644767624899,19.118317380299498,8.927264253058663,3.1305545272303537,56.696815345918175
0,1,-0.4522698527139168,37.205973145383595,89.20994628123357,5.678278302874345,0,1,1,0.33047151047103235,-1.1619127140496064,0.6582206002547376,0,74.03417805797963,0,0,-5.591032891283434,6.051150975712828,1,69.16549084040598,8.153876135014004,0,1.032251273494276,-0.4498669883058869,0,1.8663057596247867,33.27164248350856,8.715533028629793,24.78906518315123,42.49924409533517
1,2,0.21993003751839202,23.08852764166782,87.85528921966541,5.2234464589705185,0,0,2,0.19248758452108894,0.2208956644739588,0.83438455460456,1,44.76548313492125,0,0,9.519035053136601,5.869880707700289,1,1.1972957591062405,3.105304800112336,0,0.6283057636559957,1.7096446296041623,2,35.96757003622329,30.894475258455174,-5.128099938565778,6.555235825281212,26.757907631185695
1,0,-0.7722907622866664,59.56895459874147,20.290591112001486,1.632515458538614,1,1,0,0.8635026399381702,0.820757675348869,0.1456039111151134,1,26.14335847573452,3,0,-1.9490997770706286,1.3804417033725505,1,68.69433197087997,1.7638229810700958,0,-0.383774932875464,-0.6909482904046607,3,82.81891935637967,23.079571797072695,-4.394635902149675,36.040907685215544,52.18583233931374
0,2,-1.1539750667825774,53.74635901165114,84.42876711717915,2.893970685115172,1,0,1,0.7072809555310106,-0.6627305153947571,0.789306756204389,1,35.45040586596273,0,1,8.057616268446903,6.207660432795763,1,78.39826807684858,3.3592587479569214,0,1.041865914603361,0.5528931398342983,0,36.10069580374328,24.229780137553934,-1.4181783666027066,30.000424271161272,45.35784352516947
0,0,-1.2671214425740012,24.966940912765704,79.65207332635924,8.399890590844882,0,1,2,0.18631651512437597,-1.0654263756380382,0.4392805896791247,0,64.30786166002436,0,0,-7.906354068769334,1.965157689316549,1,62.08328744319617,5.789680589281103,0,1.3069822632202523,0.13943704236197849,1,16.150915328514394,39.58397569102416,5.848379994067852,26.487377201952746,39.235409255686335
0,0,0.38861655540129375,21.191922629859704,46.42051391476787,3.8390426001853086,0,1,2,0.13670475643393998,-0.7566840479290987,0.23849329996707358,0,29.141622594998687,0,0,-1.0197151828052355,0.7833826001308882,1,44.770002210271436,3.0857422401620256,0,0.21847378481823343,0.29416732394838224,1,51.342810947011706,21.366209705542047,3.1176919717938567,6.698570506697248,23.950796189209974
0,0,0.26618750949384107,38.23795139563093,64.76839232411639,9.292115897185814,1,1,1,0.39972457660676264,0.050812013966971006,0.5385226242106235,0,70.5882236024118,0,1,-4.112357089639424,1.7812025621565057,0,76.64812116739813,7.332105130495072,0,0.8232685892469268,-0.30779722523018826,0,11.22252719393701,36.6863832338091,9.152243560809545,19.182848994066088,19.89412568954419
1,1,1.163764180535136,45.325005146714254,55.275058813299395,0.8611734702059801,0,0,0,0.297300863611793,0.1913653865555591,0.24292302634515883,1,21.585056844932772,4,1,3.2831909764654945,4.534278856077633,1,57.61914723310505,1.8162884848391685,2,-1.4757036804352686,1.1938890465037186,3,61.311816747460554,10.53464776224223,-6.960101221857315,37.98940344227006,33.06864758364481
1,2,-0.6733531677845419,54.34157755214702,60.81588056344857,2.761819319287154,1,0,0,0.7927794885083888,-0.9420539052265205,0.3754786110834402,1,34.303215274787895,2,1,4.959775162016324,6.720381615125251,0,9.611359678465012,2.0867898900495194,1,0.49265841787026005,1.273786313050529,2,58.437461357283524,16.95370526956858,-5.572064736605947,36.12822879949089,31.717931184949542
0,1,-0.942599173875731,42.48988308883296,87.10919229689587,6.684179522979036,1,1,2,0.5175205416058567,-0.8422396526256419,0.7291820618346081,0,77.80138183784854,0,0,-0.5950630601365194,2.954246962556818,0,31.90499653392195,11.432723421505703,1,1.375954251059344,0.027355416960081428,0,3.6098696881014467,33.450271080427655,9.553074440661735,23.82605271902416,39.24675293364017
1,1,-0.9974025312379693,43.593650168780215,43.88131145019554,1.9053806173510868,1,0,0,0.49458925317873237,0.0901521740439937,0.5217248910000208,0,21.613400015962757,2,0,6.155367965828628,3.129159839355981,1,47.343397876018294,1.8458194953489566,2,0.07625652720486026,-0.287211485035251,1,61.56429266523953,15.36078951100609,-5.085132086178195,18.655009667493275,58.19629820443365
0,1,-1.797852009475436,58.42546923008993,56.17789197212727,2.3155364304154475,1,0,0,0.9062742514940272,0.41001308208342024,0.8247553375590249,0,27.687351416117917,2,1,6.24438289266034,3.664621922850359,1,2.947250288204426,2.3717338667711476,0,1.29234444330417,-0.14533094176067107,0,49.94328559962145,24.886412952474185,-0.3626409407513336,13.098951776695653,69.95106267378131
0,0,0.11720165833177097,18.98101411972827,84.92742816585888,38.34785324050018,0,1,2,0.14123101447122055,-1.466557347322698,0.7132483626789223,0,79.99174608413007,0,1,-1.2949174588488468,0.6072849964937391,1,64.57318887905834,29.044411614730368,1,1.4589165779391768,-0.6888429801169452,0,0.13702481250726928,39.991181669083595,9.999541824997888,7.042792588528924,20.0055041216757
0,1,-0.13857691510276507,62.59232242544409,15.432819151043958,2.7260516161624615,1,1,0,0.9536517691435511,1.1798383802161503,0.1973618991732548,0,31.05738106807391,1,1,3.982403625181856,3.5370110560891077,0,63.67174904661827,2.197554746003193,2,-0.14998924918306913,0.8331941862147987,1,60.93813258255457,19.718452587465162,4.775292845642568,9.864740100510023,63.76560669221814
1,0,1.4322127041084385,40.027541826077076,11.051055421856477,1.736540333915624,0,0,0,0.19160833931317134,-0.3635917815689171,0.5181145570899413,1,37.978938474386,0,1,-1.4377692648030198,0.6221114771287174,0,19.443538706690898,1.4866575013522065,2,-0.9992425338985097,0.19466525165161636,3,81.86873969476383,1.8458790176311979,-3.7762797475924037,3.8920503169336307,32.89658458325995
1,0,0.2769175072091401,35.36854453265159,31.119725533015725,2.3199825963039173,0,1,0,0.20986050682292728,1.47020207068198,0.5410984760386008,1,22.281609142377008,1,0,-8.89916454396059,3.7483168243446676,0,12.664772801740973,2.0976341495708217,2,-0.4885711513493946,-0.3276483331094913,3,76.13015677499476,11.229395510589924,-1.9854136171602388,2.5060293420353497,46.84157829784559
0,0,-0.20275666075780355,37.52406302142708,81.84930151466968,2.5994749661782346,0,1,1,0.32660706473301726,0.3562335095860279,0.6643460150200226,0,57.33391512815207,0,1,8.146087669999368,2.3255963519069676,1,45.24320726573613,4.402528009457457,0,0.49350342659245666,-0.5087931309602242,0,20.190623476505582,17.824120896523986,4.28498326544517,31.617195433780676,50.5488898733377
0,0,-1.5542298765625973,24.242119751277055,90.3311435850306,5.130211516267342,0,1,2,0.16266310881376378,-0.5367809306429766,0.68586696304894,0,73.10427224744085,0,0,7.113155698135628,4.082649811222613,1,14.05411178127251,8.008038070151724,1,1.6405074970051465,-0.29440423274881494,0,9.247564199166746,36.00461602452072,7.345351893979519,23.424767827026486,47.92611764235555
1,1,1.4292932653860118,60.0009503033498,10.858847888852214,2.462454996494685,1,0,0,0.6549334424491613,-0.6152611870750176,0.037353122423870955,1,24.468986240714614,0,0,-3.878871072671207,4.13791857533898,0,57.78619190152512,1.368066156213617,0,-0.3796413042793695,0.027795177061644152,1,83.20963390971781,11.716179401184927,-3.9356230898582893,20.20540094085492,26.068396672087356
1,1,-0.2514153135873228,63.809514820657405,40.12582463017409,1.7371287653517937,1,0,0,0.9501245174078664,-1.2214030394453883,0.7189122029607207,1,23.4377664183977,0,1,5.243967587131326,3.543205946473278,1,45.07017993785982,2.26668033456146,0,-0.3477106577019435,-0.7622729618376863,2,63.54246866895645,10.680945081367073,-3.2692753587491366,23.495614409443867,66.36367748731311
1,1,-1.0598105193561214,29.18151893292947,34.072152708449565,1.8547102153660666,0,1,0,0.21389596711664233,-0.008465610533488582,0.0825868573050822,0,20.882617568447195,2,1,-5.119550091193337,5.507389503253968,1,39.67793278406036,2.0537103282026106,2,0.10924602748448929,-0.34375302083348847,1,65.86874551710254,14.428603525198616,-1.4671044779017528,6.4651583654900975,46.504546523182576
0,0,-0.03094238898867253,59.59786312056393,35.30848038530608,1.6705176088981157,1,0,0,0.8072668413238014,-0.16105506280530243,0.7756220586580043,0,23.633182477115113,3,1,-3.5142234185184984,1.6325085058398303,0,79.7686342180752,1.6373578798266675,0,-0.3535551090972093,0.4492384992580013,1,70.44842109122898,6.703048171297592,-1.466080810283632,20.198121211634565,58.585758969014634
1,0,1.1709629309466008,43.173498471002404,32.56504450750154,1.7522648305047044,0,0,0,0.3049649759265276,-0.04441980085206993,0.8858216062717472,1,24.67011151249491,3,1,-3.6302479287585925,2.1814014187737087,0,5.6188070084150965,1.6591370406606794,1,-1.4787218183369468,2.075448081870227,2,74.76852873483035,9.60661802994576,-6.677434458423642,4.053507722279011,47.751928207354496
0,1,-1.4871620714883216,49.48563237153479,8.473536456700431,1.2706505876378291,1,1,0,0.728514373285211,1.017450323038697,0.23586952512987402,0,25.41316078808468,1,1,-9.278758152558957,2.045049936600358,1,47.388617198167054,1.744118405886987,1,0.26613239304795105,-0.8484047403379945,0,76.73937800993211,8.037882699879395,2.456592951723133,8.976745437872582,60.24348202648874
0,0,0.42161603130805786,32.625567383216094,72.60171713122362,1.8881561493366144,0,1,1,0.2601286055274845,-1.261154395408172,0.5303071709021194,0,56.35473116646398,0,1,-3.589913823230944,3.4780786620554673,0,7.866624384058056,5.272331320753024,0,-0.481542697288581,-0.8583561338367016,0,20.38426753807114,9.017834795327513,8.312850239665238,9.227518496992355,63.76676314800203
0,0,-0.1539105521321476,61.078604466766414,26.69214426609589,2.039631233616346,1,0,0,0.8219306043383576,0.007688274677657128,0.6216088086911447,1,21.34957828543022,1,1,7.278343835470132,2.5780415593853796,0,77.18467562414446,1.6840261400778804,0,0.27488092092766564,-0.4214349449907613,1,56.73880051937539,10.970089803622782,-1.76184964649714,8.40892342702901,40.44786244060927
1,1,-0.7942904357979954,34.49738871125939,3.113258907720251,1.5089732449270545,0,1,0,0.35083236257636125,-0.2569797878185609,1.2482071326536115e-07,0,26.384296571692243,2,1,-4.2635023984303,3.6051574009364296,1,30.88260970815871,1.2377444424465116,2,0.26225868911100303,-0.20426456197315868,2,90.64209397553988,10.558822534653958,-1.0617239040671755,19.32228756942838,34.01725714514362
0,1,1.8082094513773341,51.71575412019751,52.74475094255315,2.1142257226862835,0,0,0,0.4621543643012657,-2.2102982548081553,0.2208762252839192,0,28.58081483085175,0,1,-5.911214986708108,4.735744463642714,0,61.5990738728067,2.2468846973885217,0,-2.3836173001772245,-0.07110367713170596,0,55.2542836449853,11.577026415484521,-1.8463777944411106,20.569130611859862,37.9873052937282
1,2,0.10743023813761202,62.853917480656094,64.51571278632089,2.61648137557502,1,0,0,0.8643847882302962,-0.12278016418551177,0.9418394195613788,1,32.77402862701213,3,0,3.291663230630606,6.71955642558972,0,49.32047761209532,2.342538458058959,1,-0.10558162672758298,1.1345342505493095,1,44.60645741581485,17.852957532245057,-2.375515717577982,21.616992754607324,53.12858397299843
1,0,-2.016456458110143,65.06418239703922,2.277358755710046,1.9032664385468656,1,1,0,0.9865229154147628,0.8715032597581663,0.25214349793734103,0,22.81942622472257,3,0,-2.1586024772556067,1.4076953379788613,1,58.72092943366521,1.0805066527497529,1,0.926017382960008,-0.030357925542881508,3,90.50781844436602,20.67286652812048,-5.599566789336827,9.661006446308502,69.93751244492914
0,2,0.6909512604448184,52.38311711348162,70.21723932458055,3.900258036197131,0,1,0,0.4150953189789934,-0.11782567944803471,0.7620385665402585,1,30.35117641667746,1,1,-1.5121518943643775,8.74772474257217,0,76.91802707883112,2.810832241749188,0,-0.007097093255129295,-0.0784595473473786,1,44.37105112105992,20.35965730902376,0.7537185240756834,10.738281757164984,31.823477167555833
1,0,1.2351400637183596,60.61102572639493,24.20509489524282,2.0166692217998112,1,0,0,0.6964233276733278,1.1904214474332553,0.35044411943455944,1,20.014522986919715,1,1,0.16080918218752238,4.704066057324945,0,37.22191359417861,1.6884552846768566,1,-0.7110393347530426,-1.0602579944723356,3,74.01812021751515,12.235386871970636,-7.588112017341272,34.37446648520676,29.82839047516457
0,0,1.184635984231042,61.04297243939807,13.840570648921148,2.2764612277701644,1,0,0,0.6807448073780893,-1.8820527406857241,0.25474407893492984,1,27.513016278789692,2,0,9.27147970354051,1.389977008688085,1,79.99963887055047,1.3194204469194304,1,-1.2554169356967024,1.358298260500091,0,85.13748110321295,10.090494194997099,-1.986095140240506,4.182232709395679,59.53870646264029
1,0,-0.8078920481077639,52.52164395573224,1.226736621659319,1.9222926615034004,1,1,0,0.7344763182706195,1.0178720141051631,0.6162084141216461,1,26.71604538069961,4,0,-4.064960563158393,0.5815018966965408,0,19.904550749953355,0.8605727166685895,2,-0.8431900175033354,-0.3425269111216673,4,93.58721712433184,4.321100445310511,-6.8931721633734755,5.750616932050718,27.300309295887978
1,0,-0.09614392652428187,25.300215024597396,49.65047492669277,3.0549920227854432,0,0,1,0.15446895489594847,-0.2821628432763255,0.41747623557341285,1,23.112476379432767,1,0,9.999651729512074,2.7890441859858948,0,4.578191288164932,1.6267576226377451,1,0.12716085295290389,1.6013917322914373,2,71.61501740062009,22.677300832606512,-6.0378919371117625,6.893874260084529,28.729766627604693
0,0,-0.44884318353085634,20.328976165800768,90.8273701433202,11.942224295951887,0,1,2,0.12760302436476406,-0.2345513266017463,0.799727327828092,0,78.29427006030004,0,0,-8.454855446315895,2.3763795524963167,0,12.664455834924087,13.251313036371632,0,1.7554295191446632,1.0122935531860962,0,2.819290037050531,39.30569654409774,9.462625826755911,13.570528890404303,33.46197789770459
1,0,0.10315785280086798,34.57110404352261,43.794913902613054,1.5406719530357602,0,1,1,0.2803248726118447,0.7886549640782258,0.6382914641629567,0,21.040508344749842,2,1,-9.799929869041033,2.8282079922250443,1,24.36521333536538,2.1750857568676345,0,-0.3228056729161742,-0.22886226394825082,3,67.65054393729709,6.019888085922815,-4.602229448273848,18.06796777603164,29.806876223491045
1,1,0.43428442718401294,43.84081723379319,31.403368381994923,1.4340421732313535,0,1,0,0.3405847579439626,-0.3535707949418202,0.5447262199122496,0,28.255167706137104,3,1,-7.155295223416999,3.7282581439207103,0,33.04584485996658,2.007903545352995,0,-1.1479586048756667,-0.6310994386266755,3,73.89007469782197,7.965290110159511,-3.812134568224147,7.158416210965031,25.093821970603713
0,0,-0.34338534910319524,21.626276418696733,92.02796338892398,15.004482445317912,0,1,2,0.2160760259175904,-3.239291699679202,0.41665622771877575,0,76.63070435405963,0,0,-5.5785156734485275,2.9495879753439267,1,62.67071958381884,9.186015237935905,0,1.6957231839130482,0.4191325320294381,0,5.389692832962467,39.303743828463865,8.977752643409463,15.467734785609007,35.50815404864885
1,0,1.229951059853408,54.93315036584708,67.55188501169705,1.8566145967200356,0,0,0,0.4662556449314716,0.5213830714257284,0.8466153710682032,1,21.21337600442625,3,1,-2.93931935012238,1.778890125846814,0,42.337832354293724,2.610029976935622,0,-1.1850561547497402,-0.074565124537551,2,46.44842345204872,14.538281371736474,-1.367947671653413,35.41203848091755,45.39614992851171
0,0,-0.6637127850080798,27.637359294531812,59.485757268395375,1.501026380627103,0,0,1,0.18179491970125222,-0.9114757460256365,0.2921027281655088,1,26.917797616546927,0,1,9.465303707137625,3.5909059565061567,1,54.16607277491154,2.239378001619,0,-0.06352986054840246,1.7765303807644282,0,61.893318424528445,8.550929495437952,-3.1261202851416527,9.664286818649671,49.8621878804945
0,0,0.6399008817012366,26.17324162855408,83.24427496492402,7.608615948304724,0,1,2,0.17085238365049554,-0.4050821842053753,0.7182614936089579,0,75.27754861052125,0,0,-7.430326450889135,1.8888619338742674,0,47.56135534767417,9.572243778174451,0,0.25952455732782537,0.1011490818486428,0,5.896133101134449,34.40580675399991,9.884509636357823,5.049089236275732,41.85347436325307
0,2,-0.9431974859118749,48.754608897875656,81.47131266177168,1.2255965865832437,1,1,1,0.6054999875038504,0.3631996594368094,0.4672424540298841,0,63.250509210909414,0,1,7.427942897636985,7.404812344074886,0,59.67830948637722,5.404970238625703,0,-0.009697513605321707,0.4086231734483859,0,18.12710257837259,6.025432621502316,6.400729283937984,20.118547309053803,49.48384379122029
1,0,-0.0037824068536796433,45.07147196243706,60.578253804558656,3.6086197661580703,1,1,0,0.4936856694231475,-0.42671667404482677,0.5349608823699477,0,32.831213243771614,0,1,-8.69310355729518,1.5053817290644533,1,78.32545997489757,2.7865682748735594,1,0.8319559694749987,0.46201386910488884,1,30.46718907516167,27.472118724273685,-1.138103576344113,36.57817778622152,32.42090241292236
1,1,-0.38151938823121584,38.718133250295296,48.430882877306345,1.755387654091171,0,0,0,0.32170421860421244,-2.045824427371369,0.4488776880859664,1,23.216169962535535,2,1,2.5755291818777586,6.602444698314066,1,61.01034935455529,1.8652704928567923,2,-0.13855648820835664,2.112492672646586,3,68.8782684697001,8.659214237368083,-3.63490006221014,33.37619819363324,40.25031914363064
1,2,-1.1677581233293002,51.252683229218036,73.46392884026702,1.4995716347602273,1,0,1,0.7509605850528323,-0.534987828529065,0.6003732043816279,1,31.625593554994328,2,0,-3.9711790150774124,11.378500609685425,1,52.45154845818207,2.8678909237508865,0,0.26993537418567837,1.7340448170874205,1,45.30202771813327,10.61159079107576,-3.6846828327827037,28.702294741669885,41.3221036982213
0,2,0.1419522496989675,56.66373353012074,30.508365726799596,1.7465737120839249,1,0,0,0.7286874376166858,0.6439503263734189,0.41199729552068765,1,17.69544236146221,3,1,0.2674991995316205,3.3508818215202907,0,65.00368197087656,1.8728944826097085,0,-0.494983751861688,1.1133063325508876,1,72.75013207649481,8.857779617443601,-2.7196125241349485,8.794183028088035,26.60827093904075
0,1,-1.7661182788727672,54.60820118728256,23.437036023960378,2.7593540517537267,1,1,0,0.8048680679884785,0.12564227702135192,0.5299812870030712,0,23.66467980123649,1,0,-0.8071094784876074,2.215431204906488,1,59.14481754956572,1.8400544124071836,0,0.7836836119056605,-0.43028915904357423,0,75.24450825317506,26.598147965689858,-0.1467664210525914,23.64360629392027,64.42436220893532
0,0,0.014988844454074942,21.958113826647548,57.985414733196336,4.013512622357418,0,1,2,0.1225248503193514,-0.397743987570349,0.41176110847697367,0,43.32661847103289,0,0,-8.571400415600465,2.751176898474225,1,24.33306472159449,3.9786695483881434,0,0.3271145068715918,0.4636195454132439,0,31.60292187607425,27.599732176963286,2.521263501495831,5.796878271014043,30.42097183665147
1,2,-0.24812124072868752,66.6836849951746,41.372113826221884,1.7982192133785477,1,0,0,0.9689752378717531,0.5045800186199001,0.85726623772595,1,19.552636867678434,2,0,-1.5527030793647114,8.505641324444118,1,29.157289188662368,2.401839678557115,0,-0.26289044906969705,-0.5695281815749436,3,62.606223235175854,10.449414453039099,-5.759023338776653,31.87548287695913,58.65851139511039
0,0,0.7534514024414386,34.98300294002574,3.9016282281236325,2.0745526741609592,1,1,0,0.3614267094731596,-0.6633690245307792,8.836459290950671e-07,0,20.280038972461398,0,1,8.37104289121411,3.080369996601218,0,7.51544314944629,2.151635285425371,2,-0.7329236804278373,-0.110591521964903,1,67.58920920881023,15.029578031698742,7.861860254846324,4.633398339313852,46.352519562388686
1,2,-0.3520640743210312,59.627039158850124,59.30310280055243,2.033077526162367,1,0,0,0.8364341180435122,1.745911191781792,0.52488461906541,1,32.397949841012085,3,0,6.865263133989508,9.207091502006591,0,46.03168692006679,2.560497475099756,1,-0.16516024336032117,-0.2092377616352968,3,53.52153338543826,12.775010209300229,-5.419744245919722,37.947910397237585,25.797854575946978
1,1,1.675634773924392,28.26658446180131,67.72477278440438,2.312886270096526,0,0,2,0.21610696865645873,0.6106275719331149,0.9118729682431624,1,24.179846648999973,0,0,8.029950901717278,2.018688928429077,1,9.709968958917802,2.0060329306527387,0,-0.33762237891939695,2.6635677524357706,2,59.41545499311467,5.956561260440236,-7.186117872693006,17.287476166091096,30.491236574066786
0,0,4.448414247858167,59.283897402013835,32.570594745330354,2.0067516418412294,0,0,0,0.37019743100385283,-0.4026028643415168,0.7335114075319796,0,22.53081977101866,1,1,3.381967008775968,2.9729807578826306,0,49.210338115181656,1.8680173108453766,1,-3.546745666082494,-0.26545502200182786,2,69.90554930282488,14.80811362825602,0.18307890846262787,6.984224426637587,25.775755736463562
1,2,-0.054441272986536546,25.636774245639835,61.895119111049254,2.043350019091731,0,1,2,0.10180060364072385,-0.8377167438056498,0.356528824380494,0,27.94313529188358,0,0,-7.86797784525543,3.926055956347419,1,8.366973913471426,2.9189761685304347,0,0.3664642208486136,-1.2390749695039789,2,49.27735773076953,11.167660470003284,-1.3655988455070833,16.905635145885217,33.33583340076183
0,1,-0.13554864344511702,33.127887807034746,61.92788483774703,2.6537659371592293,0,1,1,0.2059863583182721,-0.7125705434283804,0.23395034061483455,0,27.269244644599286,0,1,-0.0020524101169883124,2.177023110992487,1,53.36707765775401,2.9763428192543273,0,1.2042184675847938,-0.6222829452739369,1,47.54680034948455,12.198366830021861,-1.9027175308531028,28.127910941556223,29.695101028968743
0,0,-0.48624200233857984,32.399050968190124,65.14477499551992,1.5325046667992086,0,1,1,0.17730958608898234,0.1040570536972128,0.09610934119807174,0,35.91876114540429,1,1,6.5156676042536965,2.755785482005503,1,8.081916752866189,3.6460748329659474,0,-0.0607689250222075,0.4469887839152283,0,33.81172294544824,11.949911907767007,6.906813839025435,17.743303374491365,69.59365142444368
0,0,1.483122114179827,37.30456983112042,56.94801157253578,1.7402134367632525,0,1,1,0.2619550578120654,-1.169030102288107,0.4967306084721301,0,39.74885416281615,0,1,-6.274352661613468,2.7429843593689625,0,30.61410420161208,2.9820456196463674,0,-1.4595192335951155,-0.31060669116280715,0,41.8095346040877,12.993659534629847,5.304556127774083,2.7733663464789426,49.022912547005696
0,1,-0.5818495965618775,24.917724019966315,85.14629607939229,3.742013621584606,0,1,2,0.15620480137487275,0.13308007337875724,0.3019799709533554,0,57.60211147340751,0,0,2.373745592268106,3.0913355589477423,1,43.82091070266695,4.898999665310413,0,0.9401944299157803,1.1274356089210886,0,19.159083908249663,26.886440461714606,6.222873969500817,27.61014869111698,62.33750181321075
0,2,0.11363704184378491,25.872588655955866,84.39302851137545,8.365848627674328,0,1,2,0.2115578697693375,-0.3856750321826199,0.5786250830644691,0,74.9959420922923,0,1,3.905615881550215,2.4830447202013604,0,16.019334616229663,8.865786628126422,0,0.8970979794509466,-0.08847732253280909,0,7.275264833573591,37.68568892199148,8.410707206030857,28.520840287990087,20.478312777346325
1,2,-0.4363890752528469,53.94363704514537,16.195845346581784,1.9047552409863797,1,1,0,0.6773236677906826,1.401062239213345,0.3973626117117791,1,20.71539808101098,3,0,-5.086510054485437,5.107680090919657,1,20.20880002126368,1.5511539614448686,2,0.03999146008510173,1.199423621196664,4,80.46945856364748,14.506915675296028,-8.270032317653985,29.9077371167689,37.678019569093124
0,0,0.46615285305118087,50.492125950388704,42.96741545687467,1.640518216205466,1,0,1,0.47006556346901096,-0.05343448004767283,0.7013871259918335,1,19.70175861561686,0,1,2.873598286193806,3.254530509374172,0,38.66896081796983,1.8717617260287096,0,-0.49736122211782285,-0.3594857951266349,0,63.183347491296345,9.699762492543213,-0.9466609517956321,7.758695716413547,44.68767634210138
1,0,1.4158332640503584,39.3041084032955,15.63273287269512,2.128634309507885,0,1,0,0.28000539084426923,0.013995073226986662,0.17228621385939885,0,21.97788216393015,2,1,-6.699998093111761,1.2839304109156684,0,14.012636952394502,1.818269079654381,1,-1.1346146870360208,-0.6243006842037258,2,77.02609370870805,16.77009851725171,-1.6838470857737615,5.214141176334608,27.312493029076762
0,2,-1.681455603611678,54.77477168625459,74.92452372021826,2.3292665771144025,1,1,1,0.8878738239508042,0.5919533742671916,0.937466046830638,0,30.530178321010844,1,0,-4.561680855638814,4.700497767347954,1,68.98527626398307,3.5824124232784986,1,1.0819948877691044,1.0723633902378493,0,44.190564972387634,23.026137570490715,-0.32211145716246037,19.065321575311458,60.28385730120968
1,0,-0.3221803926837786,53.96873340869859,38.88431783892384,1.5015840446415962,1,0,0,0.7636595086763219,0.7566053470235369,0.4544103940132823,1,32.08308350238462,2,1,-6.770936507150816,2.598202314609563,0,34.983455333728145,2.1774616875001236,1,-0.04605712083198379,0.07200919322705777,2,63.89522211558037,8.68967752894001,-3.3064689514139944,25.232621774705436,38.444490239814606
1,0,-0.18367440907442023,20.397647374994712,69.49379537043372,5.3463467491711585,0,1,2,0.05834063076710094,0.3046468306740651,0.41792350475262485,0,46.151984323106284,1,0,-1.4023405272272136,0.892415035933192,1,52.6232382655524,4.100120456159662,2,0.4470816564999828,-0.05963887575671088,1,32.57243459620071,33.688822384541325,1.1409118333084916,3.652894048674886,26.559862271825658
1,0,-0.7366058723812424,27.82179348909007,1.055575547634685,2.0930255138885894,0,1,0,0.19746136580017515,1.269583116063301,0.6879948324690532,1,22.26049777688401,4,0,1.628654677739803,0.23740427881941087,1,44.28403403861144,0.9057630882519537,1,0.9216032583354306,0.4115072522899031,4,94.83977111426059,15.132173643566421,-8.046695347887514,0.7301265854220995,29.137783251852547
1,1,0.056435516503492766,55.421391802254604,45.03692159162909,2.0182430675116003,1,0,0,0.6912618837251832,-1.0075691697713463,0.4575211265384189,1,31.103626399495546,3,1,6.9389386205693775,2.914383870728731,0,60.40479431814994,1.8600413419416622,0,-0.887517605397984,4.055418000626787,2,69.72273669575407,13.03906957770609,-6.4102921566829165,29.89248799163965,34.5640948463912
1,0,0.3959557946208384,39.19338196393597,37.53371608230632,1.4693208219841911,0,0,1,0.1680862772427728,-0.13561344192417532,0.1350337011630776,1,26.26186873424573,2,1,-2.6044712202269604,1.0568759249282162,0,4.286909102776328,1.8131938663808347,2,-1.4702722802653936,-1.6010487198426264,1,71.11529309908653,14.499648728434572,-3.6230917727516543,30.578716051303164,45.82143794926141
1,0,-0.6130676660724069,23.955252160735263,29.874451820424497,1.3812902102969862,0,0,1,0.22709478994022975,-1.2131662669693923,0.4875444569679946,1,25.44099946713642,2,1,-5.839890120893392,1.2287579857333644,1,29.937739602335974,1.6942567912015294,0,-0.11589452824858662,1.3900900284591808,2,77.1571610793359,11.24413494226959,-5.483395928325212,3.810738215228313,40.36946553203538
1,2,-1.2425819184487867,69.88193692006178,6.911066114240666,2.0924404664850016,1,1,0,0.9998132946962583,0.6684596386935323,0.5022406153228329,0,29.389872690248325,3,0,-4.454674174269241,5.003694748251364,0,66.74111033049223,1.5522793602706455,0,0.9220020403725139,-0.9638760872476445,2,85.20245707343862,19.292940715630223,-2.4838134430173318,26.448985378820808,69.9062645181058
0,0,1.0281903358241615,36.579436185979134,32.23567436589118,1.3600901262627332,0,0,0,0.3346451489837817,0.6858728933149688,0.7180813857979877,1,20.105859043461102,2,1,8.349599312221056,2.148176433576845,0,68.04133353855198,1.9161972379289496,1,-1.560026360455549,0.3529094225901902,1,68.17254151715069,9.333196278916429,-1.843209494123517,3.0801804626544627,23.82237085128297
0,0,-0.7970925237488065,18.41839882285765,82.74675335745746,9.140749690423515,0,1,2,0.05564142047087495,-0.6753404277971217,0.4855783361917968,0,79.57387212646825,0,0,-6.636348718159335,1.0568495691974682,1,45.24699868421111,16.25206142472134,1,1.5246217229347159,0.22347795673265097,0,1.8466179980294317,36.261470488365816,9.962735762149542,0.7741671096795333,52.766512929423044
0,0,-1.0984978335900317,64.69864029614449,6.9244876879432375,1.858508794153243,1,0,0,0.9459736259867038,-0.3051156890936351,0.11424476847549364,0,25.561992636527314,2,1,0.7631468261006198,3.81985811790676,1,35.620391175699304,1.2768461449673905,0,-0.024780553688468886,0.08496071192638852,0,71.13510371422451,15.697613477474949,-1.0769804086006154,2.4757623510796423,69.9898961531594
1,1,0.1245971299091083,56.97483233543506,28.925216300754474,1.5079729515803755,1,0,0,0.701797062906063,0.8033031918607043,0.6791426773312084,1,20.44009721725552,3,0,-1.7365546217917505,3.4104981868742157,0,62.56692226069036,1.8591582962870006,2,-0.9747652880501289,-0.9028639189331314,2,71.50133723888065,3.454005131184521,-2.9686511221872944,20.717618384066686,23.220860701103774
0,0,0.2482449466194916,19.58715616021043,79.85388343392133,10.790605157740272,0,1,2,0.07393239409655344,-0.96376522068404,0.49047549155540937,0,57.80578549531478,2,0,-4.800820061280195,1.7678443070115577,1,13.032913474316508,4.268506766717186,0,1.0773812528715792,-0.23265911172790713,0,26.559008125846262,38.07672946628394,3.04596190507619,13.930459365667083,26.247601766417695
0,1,-1.9360851000224828,29.113549692914106,86.5636703038416,4.775396006970832,0,1,2,0.26831308812375976,0.9694733512818245,0.7130002134627434,0,65.18163715131985,0,0,5.214211959174829,8.226281049832489,1,23.14935990597978,5.938034844852099,0,1.7665533408814489,-0.3419106593649413,0,7.454760380008207,36.85360352446912,3.935013066854154,21.505646185949363,36.91054929062821
1,0,0.0770059125994429,53.366084066897564,42.57974187536334,2.0875476892840927,1,0,0,0.5579360262917963,0.31592208456902676,0.903045466462662,1,19.81720610584685,2,0,7.416331905797637,0.7913188259272577,0,51.806697682788936,1.6669181529220276,1,-0.9908358146911397,1.229288786786296,3,67.62046288397659,11.784421400459424,-4.750487660716026,20.911774960384978,57.4228455686188
0,1,0.30136634659453115,44.30884274014977,74.37731144986456,2.729359972428732,1,1,1,0.5554586727466583,0.6927359398806912,0.6836594445552026,0,57.60624657399576,0,0,0.34538979750839793,4.461176483090642,0,59.4739342357274,4.7467005597979455,0,-0.21359012833884336,0.22229406098139734,0,23.039214574419532,19.470089859772152,5.621516366990562,21.099282667406925,38.89312499857098
1,0,0.8278878971376731,50.84113136802165,24.04832793600499,2.3883003145420907,1,1,0,0.46192150018640865,0.643242702887838,0.5017220719698638,1,27.771531375900214,1,0,-0.3004125965309967,1.7096612357711356,0,39.77422627541796,1.7466782324037702,1,-1.678942500868525,-0.07523168304873856,3,71.93125208791524,8.294768656695679,-4.244398735989023,15.455694695755406,29.627007256913988
0,0,0.7864590997246358,20.586336479695316,51.57795665209986,3.2503116568994077,0,0,2,0.11451124546873043,-0.7411453830874852,0.7854777836190026,1,25.74756430143665,0,0,7.5661787161694924,0.7879362937968297,1,20.78926684764277,2.059275173038364,0,0.28580834605954347,-0.1826487642776695,2,57.76572460511743,13.336678727720184,-2.503433520442309,2.5771014466829234,26.615971458859143
0,1,0.3414798016329515,23.740123404526145,98.97974680755048,40.49760706696379,0,1,2,0.1334814306802895,-0.32772690942915045,0.8558140554702998,0,79.9795774397402,0,0,-9.240072131628207,5.173607706558767,0,2.7706303195019633,25.265482301684692,0,2.109898365711697,-0.6386751815002479,0,0.1912379608470849,39.98516498350577,9.891615012830059,35.4231706048857,25.15306135182798
1,0,-0.4313209732587561,43.65789434849401,17.109241912071628,7.044052596295869,0,0,0,0.41023421596341236,-0.08195834677010808,0.3874406207452254,1,17.687557852847707,1,0,-2.5861848442589537,0.9708878324473194,0,24.2459082070142,1.4465946868779032,1,0.991176519377222,-0.11831513370103428,2,76.19709729390178,37.27414177267928,-6.83767714586383,22.98105135742338,31.580863311881764
1,1,1.5457917716255163,28.698915380232172,49.28203432553531,1.851058250605284,0,1,1,0.1456984839123563,0.31502117185002565,0.18524957101459272,0,38.42922317801252,0,1,2.771855394690766,7.704288256106059,0,26.392344252277702,3.3674300873459373,2,-2.2540086578451177,-0.3164727389641214,1,36.470232700278395,8.400084559796017,3.18754323121588,9.131503480866526,30.22383368930652
1,1,-0.44133047755184157,55.616955333514724,36.865597232308936,1.5915199636543642,1,1,0,0.6831075119430857,0.23515024102195545,0.6072939889971056,1,19.395048620005785,2,1,9.46482913673519,3.2242382673052394,0,79.69373899163142,2.1485090363588975,1,0.45493239513101486,1.151564671977128,2,63.83443115455364,11.760973710151635,-2.8399647222224678,13.581095812283866,22.653992770720393
0,1,-0.7924778182720322,40.5737812550484,82.14251225298514,2.484925637787882,0,0,1,0.34489594766276355,1.106773323182714,0.2585037089464757,1,45.57660486078887,3,1,5.4210881203184424,5.438796039495075,1,53.411047728176584,3.9864676612091103,0,0.1413446037248407,-0.19822306776021206,0,33.54126694005277,12.910359489567584,0.8112937076397042,35.885965952013365,58.912843161628615
1,2,0.5584710134402235,53.974352734584805,15.712985845720151,1.1670323516792585,1,0,0,0.5895868334074689,0.6841529797367488,0.1972513765532395,1,26.44436946343528,3,1,2.4941930005930075,5.273439812175782,1,14.277154320640339,1.3207195037606132,2,-1.3793966893471277,0.43454225300681654,3,84.4630833945948,13.747457769924353,-7.221273783580688,19.94877270044625,30.070368315655895
0,1,0.3106218328989923,42.874031573009624,72.75124191702807,2.0396633870365566,1,0,1,0.3748407441046774,-0.11322798430245908,0.5809716780679313,0,31.28023601940399,0,0,-4.574765719456993,3.691094145189775,0,44.89752220088476,3.3738028955274415,1,0.4848491983345285,-0.37698884993542536,1,42.986209067149154,10.683611042971357,1.263902354075892,22.71168978004692,48.22716114520105
0,1,0.764738130907625,38.91400788034309,74.29191570689882,1.905262226804265,0,1,1,0.21500877101799432,-0.22721591009583575,0.625487549385014,0,46.38163883539774,0,1,0.13445782897854386,1.3216725457257665,0,9.174317694026627,4.239933464464939,2,-1.3569609556038065,0.8169626992583373,0,30.81017181036905,10.220303413443204,3.059743549953513,23.79555608914324,43.70150346950281
1,0,0.31374762972815884,55.779648921447695,21.864220031042937,1.865514526337665,1,0,0,0.7128142599372582,0.8880916739211823,0.29894670406874285,1,21.95398974639464,1,1,-7.697200149700687,2.939588217257567,0,27.809780824278008,1.8667395441168897,0,-0.9017268672790768,0.24917536180740216,3,75.18413027252515,14.265260077078201,-4.379452532216783,14.470752455491777,59.06713423825598
1,0,1.4574281419120314,50.656151065484245,20.03851978796413,1.5177227545821668,0,0,0,0.3792224220690723,-1.6810325722844692,0.6055679928778124,1,22.059775053716436,0,1,0.32132970337432454,1.5832320544982672,0,55.68049229428592,1.4181987874927107,0,-0.9889326946668405,0.07054408312177496,2,79.23836536232236,12.368431970429699,-5.473452517857789,5.7350194899298135,21.75820465895798
0,2,0.7092110105944355,46.330397690775946,81.52665365444048,1.2148323830104533,0,1,1,0.35209442058982604,-0.9321496134402014,0.10430625719879566,0,53.11212367457601,0,1,8.238572587349378,5.81272829708862,0,37.668906516218264,4.9197886086708085,0,-0.42698079464935196,-0.04881164800740157,0,26.136175480416274,10.755201284908864,4.441036993258589,36.8163648008876,34.31815617878641
0,0,-0.8793576146081095,23.395478970222207,26.8389385134983,1.7311236759578303,0,0,1,0.16463824703798025,-0.9534341750293192,0.5855348732842082,1,21.728569472284875,0,0,7.543050493179049,0.7529690065308828,1,29.46463167258831,1.8783937494196161,2,-0.04442157165605144,1.4492329051303616,0,72.98637584036477,12.717037252242939,-1.8808439339902705,0.6939109903235874,49.104486735540334
0,0,-1.1123136767153885,32.64044139769364,52.02650817630589,1.871920885379906,0,1,1,0.28858246693889233,-0.2659725289755832,0.08392372625372424,0,24.5115712308127,2,0,-2.7019140146529548,3.4743850004147383,1,26.749685846601274,2.682862362524691,1,0.5004409366298667,-0.21373077830681414,1,48.27049714596766,15.950605582725586,-0.9600891503013944,20.57494923508315,63.22851896092103
0,1,-1.8809842300193773,29.79483586122354,78.88946618114575,2.4222424769162405,1,1,2,0.39245499609578743,-1.2430472867792353,0.350176759208341,0,67.41764353248028,0,0,-3.0413926020611095,4.298311798742078,1,48.88037860189144,6.826127659630948,0,0.948049729675408,-0.19597230729910875,0,13.708710891999287,25.931972912249783,9.400537743253011,10.491050721832842,58.259193595762596
0,2,1.5035683978171106,62.198019991302,74.42915642228076,2.5039375028926334,1,0,0,0.6959384039696308,0.45597563516932577,0.5684184485499674,1,23.734416693241425,2,0,8.156654202886248,11.557525236415662,0,30.344172920301816,2.802097263361723,0,-1.2566548774889166,1.2398553519067004,0,52.16766228450893,9.361199137459078,-3.260358025266859,33.27260316712996,43.100236658175916
1,0,-0.9949218977299432,43.958856425047195,9.445045457636475,1.9769353450191516,1,0,0,0.5607331991344804,0.28251439120051863,0.3642201462465339,1,20.22993780818275,2,0,-7.443496922539819,0.6770161352565238,1,64.49525953849793,1.1314906233538873,1,0.3924132665382595,-0.2201599918181103,3,86.57897474483782,17.541135057941485,-7.149327865004022,11.671106985288226,49.85876703057293
1,0,1.1222081090470435,33.618178910030174,6.5252464383044,2.0406881580270535,0,1,0,0.289267020915516,0.5037730126307358,0.3265759770055199,1,18.222119226725045,3,1,3.0513766878626374,1.5448095377003561,1,20.45432147232397,1.176314601868957,2,-0.6434800326413048,-0.16359045177829765,2,85.41628417002103,13.39524027811088,-3.3861683532363207,2.2631292890788735,37.51192272423094
0,1,0.25180557865360265,36.82419770272466,82.1359874892153,6.273982815469586,0,1,1,0.15638303597495257,-0.05029449849816822,0.4953408346887326,0,69.53051985445992,2,1,-2.277139170806299,1.6165271092256237,0,50.192875703334,6.245562800254141,1,0.7901373789539982,0.7736859202734453,0,13.376872542311691,34.57930611457798,6.582091635884705,37.85932153373237,41.01420555553081
1,2,-0.11918141658039388,63.35772497023729,30.66818937923117,1.5829691803432044,1,1,0,0.9413479690233328,0.2283497919119464,0.3076960190564445,0,23.71568403648422,1,1,5.4710249787810366,3.2356305517416635,0,72.1778073847305,1.9260078571201455,0,-0.3909164643373112,0.3239721466239214,2,69.3135381512662,11.371949467222283,-3.179243317149308,34.789173889372876,37.320988323487015
1,2,0.35517709690744426,51.907141393281385,41.3743401098172,1.4325149456765458,0,1,1,0.47393072939620057,0.15375547655640606,0.5734110206527614,0,29.310095741880254,3,1,-0.8801023263737182,3.9005134446288974,1,13.051424127787786,2.3351602712432133,1,-1.420656553689894,-0.2037809070197972,2,59.59040301234548,10.513234059671085,-1.9049728717813927,27.48456451904286,38.23608938316022
0,0,0.8705290834959475,20.48588027016386,54.42661162681074,3.43264704606421,0,1,1,0.14224689559449588,-0.753877085683561,0.2235482089214863,0,57.195219341667666,0,0,-8.699986343160841,1.497267574666351,1,37.80721603592495,5.701918820569016,2,-0.324777581509886,-0.43226972943195885,0,18.95982208398765,15.8432875484794,8.619122737044748,21.425250541899725,35.37964139178973
1,1,0.47410127799204693,43.58900483746344,55.44128454700501,2.2725451783773045,0,0,1,0.40110360444783094,0.4641399144762521,0.4986730588231123,1,27.546779919070467,1,1,-4.682172690020394,5.529357465698148,0,38.01225599586409,2.0064386411739132,0,-0.510592468036303,1.379625865509506,1,58.39914592264779,8.85182787476616,-5.0236833828225445,16.769741339160497,37.5087944750432
1,1,2.6859286120561596,61.172373793676535,38.31705789158653,1.6105627913969949,1,0,0,0.6813845454090921,-0.11965361535588458,0.5894786893684798,1,27.352325697585012,2,1,-0.31099486220320394,3.431754259866863,0,36.46514644732969,2.1132854410156585,2,-2.2071603249952636,1.0640022146129733,2,66.68786313319185,7.505910465262964,-5.702406412047666,29.05950254962258,24.575098405150744
0,2,-1.8840927548052817,58.787697866919,48.131973748487276,1.9307031156515566,1,0,0,0.9137199015050417,-0.65219314932544,0.4101928954165353,1,31.433558041761756,2,1,1.4190499660390579,7.633988829309372,1,54.9078483807834,1.8476994620195897,0,0.9203344609970388,0.14526009465812345,1,64.52993578365779,18.223266731979166,-3.066734979353207,19.96441290943345,68.3984457808423
1,1,-0.5291454763538189,43.6469101506212,43.14899952526462,2.149235887878766,1,0,0,0.49239457374144924,0.344175732904878,0.9053676598037594,1,22.57366138623484,3,0,-6.845016710314682,3.061657304531071,1,5.812436752137975,2.0482853523819884,1,0.047112695114832175,0.5342660553845183,3,62.20819765088671,14.311804021947195,-5.943660768727057,19.075203284490666,59.049670644094206
1,0,0.24541858646538525,69.99832660940555,0.038641678308476424,5.09303336899007,1,0,0,0.9999984942927242,2.0264319054293987,0.7284943244562464,1,22.054575331694153,4,0,-1.6610231775028694,1.3485908733087981,0,59.4206710825765,0.46367935566049256,2,0.5140472021033075,-0.3859899722659901,4,99.38947399251332,29.190474935088208,-9.69974488313814,28.505980964696317,69.99475473469198
1,1,0.23773837102646372,64.59678913894254,52.957444064310266,1.7289144224912492,1,1,0,0.8924787198334115,-0.38080699110709654,0.687408683114436,1,22.142484493396147,1,1,6.784243081797989,9.11774999138791,1,47.7932019096619,2.422088452102296,2,-0.3765808961895999,-0.5987109367432498,2,54.04699814698852,8.541631687639127,-1.1104646209085587,22.605081373441745,68.15247902705636
1,0,-0.1329924552106871,64.66768100057331,18.94201895531349,1.776864747304089,1,1,0,0.946156496970284,0.5709717220457075,0.6233784055361217,1,26.671516231269116,2,0,3.2257884863905772,0.8852712912435933,0,64.46411385402467,1.8565340109469932,2,0.3995091958838905,0.6466539124715589,2,74.59115586352686,11.571986955443059,-3.4169973819524335,33.21424282296607,57.902070297330965
1,0,0.29760293684069267,42.6312670568157,31.822572008448947,2.2770330426057974,0,0,0,0.32948166299692083,-0.13173150891977686,0.6784055527466535,1,19.098853337732123,2,0,6.986510899879541,1.6528724742542482,0,41.01579572158449,1.554696177245516,2,-0.5897543584750798,-0.8958116077963955,2,72.84748025689098,12.169042779215772,-4.647902757165793,16.520387804079274,26.348852188458906
1,0,-0.7698285833165007,25.117398464200924,68.74697577454624,5.200707698745173,0,0,2,0.2063014523163748,1.3374803990998902,0.7031149448232754,1,29.549438878573806,2,0,0.2505315678444635,1.0912557506927754,0,62.43748887621763,2.901226403772182,0,0.636054068797259,-0.026414608735274854,2,70.37644741946656,34.42470566714486,-2.282817365661229,22.206428115758335,39.77972515848941
1,0,-0.41043980649089756,56.58442052621268,2.551005414539093,1.5391623515324735,1,1,0,0.7439285320227697,0.08609876645184697,0.3939141535063327,0,19.42949025843806,1,1,8.098335233684338,0.7158101054394183,0,69.90493972126575,1.091710064529385,1,-0.42305656548697074,-1.4797852578688402,2,91.04378456692163,8.5014748620428,-5.101785938863992,3.422254707747656,38.82052326226608
1,2,-2.0409882202752456,56.44704337046807,34.08738289719258,1.698453972074309,1,0,0,0.9137925185885162,0.7355119438029714,0.7314275598101707,1,25.031293224830968,3,1,0.32223956754171823,5.85758287885415,1,48.55156444189261,1.9284801529666245,2,1.2177492794896099,1.5458208408477487,3,68.90009310159488,22.36342512264067,-5.559299140230454,21.50971597909634,54.73349449300979
0,1,0.1434095810092786,52.271032812118094,91.52200612045498,4.224548754215415,1,1,1,0.6729526390105478,0.475062095166721,0.979676674121801,0,62.16363362516118,0,0,-5.398163977353979,5.19082912936486,0,56.49706369542819,4.230617664212327,0,0.2876270178491564,-0.17571872299906846,1,23.677614545868803,26.918599020286397,-1.755874722817273,34.293551885371734,28.761542897541467
1,1,0.4127554296050357,64.85668941915354,40.656697336547325,1.6859471248172404,1,0,0,0.9171199191483892,-0.025286095806302315,0.7346537843682917,1,23.49847731709517,3,1,-4.471535086442696,2.453904609529661,0,63.18018829249458,2.0550897919433955,1,-0.9752027275800009,0.8489056705137855,2,64.9469522184139,14.413291910716195,-3.927902042576945,33.97749026572707,54.23597769944567
0,1,-0.5557844043042584,50.631874245267454,72.99663458963757,4.41945666739993,1,0,1,0.6692144457387319,-0.340661872394894,0.7176207772348729,1,20.88128398980245,2,1,6.629760441443636,1.8071086375790488,0,76.88511781026733,2.491408027807434,0,1.1114021037464334,1.5612790371556526,1,57.70200325031145,32.74990101585672,-3.588014836519534,29.01124232820255,38.9743875365181
1,0,2.4868318710567094,34.044896772621215,51.3811680980926,1.867258825975582,0,0,1,0.18993902838813498,-0.4178836903655894,0.3871971941423147,0,25.038909673736285,0,1,-0.5686314402648307,2.7996491262812215,0,14.743258685691597,2.3053896485494385,0,0.8961619791837078,-0.40735936362003705,1,58.12742288829923,13.836745226084503,-2.0072432316884843,13.976475478148657,19.616505605196497
1,0,-2.032338103553874,29.781113579626066,63.043988086081,4.229497093055777,0,1,1,0.2092787052235321,-0.46876177381669215,0.48509005899095947,0,35.00598344867817,0,0,7.544085664980983,1.6713980208072907,1,58.988536618680584,2.967844853117241,2,1.3098601300089936,-0.1703008693723401,2,38.917617146074925,34.030568927743886,-2.176662056784301,31.403661674493208,47.45929031355644
1,0,0.4900425665494608,53.98452195184271,40.63771649986395,2.169065055911175,1,0,0,0.637953012895755,-0.8574437736910351,0.5427752128776472,1,20.764296473443338,0,0,3.0969730614538644,1.9496257004515936,1,29.28530189960519,2.0123394146410876,1,-0.2442445059431941,1.0718606464400833,2,69.75263488747295,16.29754321255834,-5.473395691307643,19.764961660388114,67.39146454430467
0,0,0.4998153765100776,23.538821341904303,97.026927694324,9.097606400000416,0,1,2,0.19099747075925327,-0.2684349434390571,0.7658440344854698,0,71.1282572746868,2,1,-9.471772864623244,8.768716642608192,1,42.11008458022749,7.163699153122961,1,1.0001318438947122,0.8647932761490688,0,10.548261372681,36.19193184333703,0.5444690786119661,32.893359784247295,49.18499780318605
0,2,1.1038509614553058,33.864418779697615,96.68439837560292,22.64016304028854,0,1,2,0.14260371550660372,-1.8334104543415328,0.7910738097903094,0,78.96692963586744,0,1,-9.485372073140445,10.186048143247222,0,59.735577922657214,14.128816099637772,0,1.033134598472869,-0.659364141956786,0,2.468321437489024,39.54737432486824,8.639469261360752,35.70494469964768,31.722680411229003
0,2,0.006121443093311683,27.32639544408486,98.08977713304019,22.38738445942004,0,1,2,0.1493080469092647,-1.1325204291379773,0.8805193685386292,0,79.82254627650214,1,0,-6.688281578815332,2.656482573138458,1,72.16514863899997,14.057875996109217,0,0.8500443743086855,-2.01974178601477,0,0.932225283072885,39.97334950929843,9.62405977380006,34.423562399532514,43.51304401020946
1,1,-0.278243906629087,26.006447545616314,53.47753283427081,2.822367005524178,0,0,1,0.2150396731340165,-0.9222064940291882,0.1029915441015734,1,25.48518404363307,0,1,2.621610981324075,2.130518896972963,1,57.730378332499114,1.7873913050910197,0,1.3832868768270725,2.87555040113383,2,64.12711743940848,18.89188586919385,-5.1792016400030665,30.574948985482013,22.06402566411662
1,0,-0.17369139668771974,41.02276409551986,5.127525275980993,1.4249119195486335,0,1,0,0.3765775487337502,2.030758043489685,0.38118501953965056,1,22.098654097167724,4,1,-1.2662433572243934,0.9299532662363051,0,45.43682573761592,1.244738151644167,1,-0.3299938051563754,-2.3125282874220128,4,88.1282719092862,9.749239403795828,-5.686331138751758,3.2515141303865525,23.688892653770473
1,0,-0.17573243382790485,30.18157400471421,30.519059133937866,1.6717637673502028,0,1,0,0.20388501355961136,0.495359018377874,0.39741862231952774,1,26.543123439884724,3,1,-2.3400975666261337,1.123338702068541,1,17.86484788731898,1.9230155273629377,1,-0.2637210125342771,-0.041191336657491695,1,66.34418381476256,12.036039972907504,-3.787061026826928,12.372366889282503,31.089317783410465
0,2,-0.1419183794087376,27.8226867887267,84.00386914856436,12.978947927640137,0,1,2,0.23807718971133784,-0.5609923773016527,0.041520581279240465,0,79.87488744447333,0,0,-9.802533950285934,8.332101616513041,0,48.15281430032775,21.6328390197262,0,1.4942746859818845,-0.33401740004439834,0,0.8382530942430189,38.64012572463519,9.982468394143243,20.135325341032985,23.903350822311864
1,1,0.29721744793775173,66.23706611733476,40.783552054606965,1.3364975641487273,1,1,0,0.923751290309844,0.7070418366683026,0.9614515925385918,0,23.577333195308018,1,1,4.725576773621738,4.723420150595771,0,66.64848971761197,2.2923344409949125,0,-0.1585233449071704,0.16670112509704477,2,58.41266493160961,10.238692059222254,-2.52184981657596,23.68052534853948,42.483205342031546
0,1,0.14269514045701898,27.523537870345706,75.12537088410893,3.39649138132878,0,0,2,0.24261305600867267,-1.5789648300815038,0.739890097394697,0,30.38384743030146,2,0,-2.1074138568452705,2.682972877975872,1,39.32407610269448,3.0644913795766193,0,-0.340668778606453,-0.45977895112645156,0,33.00063295600942,19.59298442358432,-1.351176574465061,14.040223072180606,42.089351138678474
1,0,0.5990842661842519,23.931145906487533,41.655495967178915,3.5654464183196333,0,0,1,0.1433330707535974,0.39516252125401874,0.39296064165015,1,21.33889620722296,1,0,-9.102863857156462,1.2790254103842291,0,11.287017924963063,2.0251968722113127,1,-0.02665718138093939,0.3659353543434882,2,67.95775378656258,24.030066675393623,-5.053259935056909,9.30288967119421,33.64434711259831
0,1,0.29395035950358245,68.01556915652009,55.789377908357075,2.289003454132172,1,0,0,0.9708267732407226,-2.196138980429433,0.6893023489464198,1,18.167189892764384,2,1,9.941757097323183,3.386135734944337,0,58.2488092494342,2.079827894855996,0,-0.2261588316951284,1.0766864915413654,0,59.89342074852091,11.41479415604103,-1.6520357954185911,28.346821818866907,69.9574148171362
1,0,-0.17460790476611024,56.39028868736377,31.94736073783363,1.3508454266807048,1,0,0,0.6703085219811241,1.0085952658690769,0.5045153627738378,1,22.325920059501257,2,1,9.912413999407079,2.8077831595191247,1,78.83184880074538,1.5206054437505023,0,0.33348103070720153,3.7206213185126065,2,85.25605596225391,6.682963142188623,-4.281410539673845,13.068157524044564,49.02122749324064
1,0,1.036621402054937,46.55540441401533,17.472520459177197,1.621830687832382,0,0,0,0.3996773160214413,0.9835599134521565,0.2808658010282895,1,26.03560058032447,4,1,1.6335197819198228,2.2113202154710483,1,14.994033178751089,1.592759801427252,2,-0.9457858487122215,-0.7487799142339261,4,81.25847104026612,8.733241977681502,-6.733633919878697,33.756014537898565,27.386471904252367
1,1,-1.1559168732065328,52.85931779568462,53.718485012063056,1.727315001911135,1,0,1,0.7015154751733479,-0.5312752593661607,0.5577180444615886,1,22.077710281262092,3,1,-8.683764297322774,2.1836629168069415,1,9.22538576127263,2.352257984567722,1,0.8077632043424284,1.2289068149899476,2,53.73191524499319,17.429455297585438,-3.27058994513195,36.521507869361585,68.66905395999842
1,1,1.008712434790357,41.83433259528391,81.00420298080849,2.7188588185102507,0,1,1,0.22616138615960257,1.5129493863731764,0.7975592258451292,0,44.846770086698044,2,1,2.5422765932329145,6.57708355061996,1,35.92386853565693,3.30513526949102,0,-0.3326290215932158,-0.47410352534411854,3,32.806508614542516,15.818838812675066,-4.253647773731886,34.53069800109279,35.85827620532533
1,0,-0.1501680182642673,41.82857860180802,22.791673784053984,1.875413646511471,0,0,0,0.40396297468211206,0.6212856168980604,0.7760245623883095,1,20.536552842073696,4,0,-9.48049080318386,1.851124505197552,1,31.70335064033266,1.751319381189513,1,-0.04432622395501702,-0.1587471263920969,2,76.02427139034037,11.460661292942433,-4.422906839773586,5.508940884172326,46.95104254212992
0,1,-0.04722840748620237,48.408096313632875,81.73113963839272,1.578924906508682,1,0,1,0.5613571971210114,1.7636388936681147,0.9913931061223789,1,27.22102778610047,0,1,8.95346859369705,1.8768895098914697,0,25.300832349473488,3.120222296506198,0,-0.49640984132854876,1.7184718892130941,0,42.948639599375745,10.256133332995027,-3.4051732000278756,22.346311098162836,39.630249066713716
0,0,0.6553668500178802,36.32692843778187,48.46219228688164,1.8300855853903695,0,0,1,0.31459028431147035,-2.1338681105890065,0.26545603236994036,0,26.589949175448066,2,0,0.7293480023463808,3.2233788426173127,0,38.867361113679834,1.8755818496633425,0,-0.6934026880033619,0.030122360810795196,0,61.88589359996104,8.82697917272995,-0.36705811451687254,11.721842039912156,37.188436633701656
1,2,-1.3501436929518669,61.29235378830363,57.17668189057945,2.328841394818989,1,0,0,0.9381580481441112,-1.3759802926379863,0.5329774972877648,1,21.01696607437742,1,1,-5.237045579715266,11.740106307175102,0,42.26890569794353,2.2272159763732016,1,0.5155127597134997,-0.1754176356993984,3,56.87178338447361,21.718933167611763,-3.890284098809998,21.61418428889278,41.74466679886173
0,2,-1.2667404946215464,39.13924395752986,88.26904739753422,1.832412790609213,0,1,2,0.25842212707160744,-0.6004264807961623,0.8862394404171635,0,67.07814486629812,0,0,-4.291913103302585,2.507394635322641,1,65.33197747150403,5.687945620950907,1,0.7616578146344065,-0.07576261712454767,0,13.11116761457432,11.898206212255818,8.367045974171084,18.60169811564657,44.91284824081911
1,0,-1.7927471323964033,35.42746641911542,25.476227666902552,2.870521310619448,1,0,1,0.5299301779192387,-1.0355356509867653,0.2929268328447488,1,34.92705648099937,3,0,-4.401466584179992,1.898471467441505,1,32.172146642894276,1.5146180809300045,0,1.2611261690494426,1.2788100916513003,3,77.32265517882185,29.036234398048993,-6.1735624891999565,17.388547232852382,43.811876345950914
0,2,-0.3180531334695911,21.57841582305388,92.38291305988875,6.7137632312415745,0,1,2,0.17978243651516723,0.12346277038336484,0.6269227154005999,0,59.57702056749121,2,0,3.3875347594946703,9.900455420914492,1,1.367548000615968,4.742714994397983,0,0.6324394762299682,-0.12140854181381133,1,15.025313400130146,35.43345991969257,1.1401569249216692,21.833695094129546,24.14758028043434
1,0,0.20302756595237448,25.539521540078468,50.57439512087384,1.9389947316505378,0,0,1,0.15840368334025307,-0.22317012469138867,0.11087723797779186,1,17.133054114559595,3,0,9.331464197376139,4.418387894001036,1,24.77400354815599,1.8907690993052606,1,0.2325461556277195,1.3324880157813574,2,66.33456979177275,10.451945699875536,-5.14917639153582,16.13346096509626,46.49339139055688
0,1,0.43847617096679264,35.075237541361844,94.32465395517683,6.259807777262836,0,1,2,0.23459968571620632,-0.5219174240310427,0.9610083989137536,0,76.66657945916018,0,0,8.378240245547765,3.6181984779409273,0,31.663233115162374,7.819258889348973,0,0.4140553399787959,-0.8872270356389874,0,7.353602052351871,33.01014185043003,7.587086701308365,12.422872511423378,46.81590542478884
1,2,0.10722161404955796,68.16159626644122,22.994285487106374,1.453067087875824,1,0,0,0.9633025116726022,1.2984699971833227,0.5217115396853301,1,22.23185064823308,4,1,-0.3156357537933481,6.806371932954583,1,62.40047869059914,1.2519558495087482,2,-0.06050708642866358,0.2721614941262832,4,80.81120108393868,8.516164782876963,-8.932023067593626,39.68202731672932,38.863086763373346
1,0,0.5283388811618934,43.70527874311942,28.17543364769249,2.588652074941576,0,0,0,0.27680155536238393,-0.03332149342472174,0.6705980426779512,0,26.585947180935264,1,0,-6.814656065161298,2.5323483609110466,0,6.925286129634918,1.752498315696246,1,-0.4552865631959053,-1.4554332946229664,1,73.13441815598372,16.2793116433095,-0.06384865245550309,3.322750460826358,44.721009608157146
0,2,1.5252252321244901,40.70287786586552,76.82863359537563,8.169722438963232,0,1,1,0.20326490816822124,0.02791519799230515,0.3164881210339632,0,79.41148879856127,0,1,2.0421519045886694,7.5893584511187555,0,62.16049541913147,16.317047030804527,0,-0.46425072083644986,-0.7747114100470376,0,2.2220129348088036,32.76086943959482,9.966887414860402,14.642194938256827,20.508484541959007
0,0,0.46397191803039456,38.846358446865594,23.05669885748441,2.460196735534043,0,1,0,0.19837782115154523,-0.9039754508512142,0.04290204084062166,0,18.234724890961566,1,1,1.1034476419987094,1.0953961791079114,1,39.57898016745971,2.5639991177104156,1,-0.3941583654969271,1.7232148691171958,0,59.74456916113172,15.100367220952789,5.3674223188292824,2.8094253353822807,68.36796390679645
0,2,0.23740954430547967,62.16687122639172,60.34325503521305,2.528562163663395,1,0,0,0.811357638677298,0.10785132521546874,0.5809236827997717,0,25.418410199316472,0,0,5.474313126629822,8.908330270679963,1,76.5711178837144,2.586229644854989,0,-0.47255647983973026,-0.1910597723566688,1,51.578096388334785,14.757385735907793,-1.7538451080803394,22.222380015983635,67.77808845317688
1,1,-0.45992545721579564,60.84729612577846,41.57247127806682,1.7368938325413041,1,0,0,0.8635693566371361,0.8148783470023127,0.7677035946487649,1,33.91757065859907,1,1,-7.659937760753386,2.636995243484036,0,79.99035960784515,1.8833893763234275,2,-0.005983251929868787,-1.078762319410256,1,65.95637063881736,10.023132882699315,-3.6556586339318597,18.89697639184093,27.44827635841279
0,1,-1.2083459884484216,45.96914937060744,39.597291671993005,2.8039114195977133,1,0,0,0.6495455337476517,-0.4156986416556155,0.2122058839880308,1,27.14589312977843,1,0,9.995911529718011,2.5017078681548317,1,63.91605906539495,1.7876848500707558,0,1.5852956400811065,0.6656963414818883,2,72.27751682652963,25.366433176072917,-4.469953374247372,18.30464217200775,41.4517385028633
0,0,-0.6678122424768123,20.04753357277319,76.34868644539867,1.4105321101873163,0,0,2,0.14460147430642534,-1.5035201524902335,0.6116960720806937,1,30.368605406468955,0,1,6.162885342687822,4.970059486111922,1,1.1917476446884523,2.584164036773552,1,-0.3259101360413419,1.2576192878143457,1,44.06773809133752,10.039775529475968,-4.156544096884922,3.4459481106573153,68.5950139790983
1,0,0.7633625547030793,51.50009770827873,33.4868484119395,2.4748497100836326,1,1,0,0.5752776583179675,1.320449684779316,0.6110150650085846,0,22.04763398923646,0,0,0.8936441574219636,2.6799656536667715,0,37.63375751337105,2.7537514379529093,0,-0.6019516676154962,-0.8804027748950815,2,60.801490163680306,7.314768123377389,-0.3670736582300389,8.73324508352859,38.46291119593
0,1,-0.20090030578853654,49.696290035663004,64.38577918258865,2.314003364658285,1,0,1,0.5911365833408377,-1.1066719795829563,0.7481238632478935,1,20.724002201480474,1,1,6.487148073944191,3.459076360044274,1,8.653577266968323,2.4585448259301486,1,-0.027083977181862368,-0.5879432296783532,0,49.7363142318369,13.215445067397456,-0.6913394019055872,16.387966801315482,66.93922290688039
0,2,0.7494637582389438,61.93368348271765,74.36191073874552,2.7025494310923306,1,1,0,0.8971686263367489,1.2577297317983553,0.7377611365623141,0,51.28288016802965,0,1,-4.50157633591072,4.37157197128639,0,61.171475592837616,4.036170690015916,0,-0.5318982961760187,0.4761105452513147,0,23.064718457504235,12.576192126291357,5.3748572908109615,28.55865289971259,55.73460650505948
0,0,0.5682031405195934,18.56634226793252,91.17832607168185,35.832929296879534,0,1,2,0.052273703660745185,-0.3175066327706501,0.276043928482411,0,79.96990008948751,0,0,0.8034332076578128,4.105096420131973,1,42.62054086924729,21.20744205628914,0,1.4739755726072628,-0.08582709231437897,0,0.15690877431749906,39.99202152787892,9.991379769262714,12.371269754510873,23.282830879532067
1,1,-0.7559035514636855,55.22964265569751,14.965530638672957,3.932565693208332,1,0,0,0.6771860518631365,1.2563437180966999,0.5368936045669156,1,20.79342110070727,3,0,8.108404618285018,3.597485550339545,1,11.41560021972123,1.4741507595395342,0,0.6642329069724638,-3.676993999143266e-05,3,80.30873768090557,27.816290849840097,-7.758193845614354,20.05586225688372,37.772674336240044
0,1,1.2276236836009593,41.06013538220913,53.42724749192277,2.348200526781644,0,1,1,0.2985585740174887,-0.12172034861964834,0.4512522492237231,0,39.32940740391534,1,1,-0.30322550282113525,3.6699778043078637,0,64.69722640887346,2.710561826325015,1,-0.8822277359973011,0.7555011947765816,0,45.59558402224237,10.475127497923356,1.91826928837488,9.708690651311176,38.753376131356944
0,0,-0.8714545054070836,57.006230692935034,19.15748365008698,2.045379426215217,1,0,0,0.80858346918978,-1.7419784158900933,0.09964071831499083,1,18.021229654376985,1,0,-8.483575933958333,2.100521599115866,0,16.715632680367754,1.4884184302325978,2,0.45906717169414385,0.41113083144559515,1,80.50970928377224,16.342533676474254,-2.060421337929734,13.803451365201461,64.31327812637775
0,0,-1.8233116341283404,25.9553370006894,80.34848651470423,2.1052603602021494,0,0,2,0.207764173091868,-1.0381929202646951,0.305153388428119,0,34.507047216616364,0,0,7.103240738350113,2.099856195936689,1,18.924336467785515,3.3012249862501974,0,1.0429164209751995,-0.34044779451274115,0,37.31474165400187,22.127632713335295,3.106843656332039,23.12906214446801,67.9959200805439
1,0,-0.5564223628624794,45.29303792936484,67.12798617304279,3.8035464959866907,0,0,0,0.4029908498836624,-0.19269914890129747,0.37821225014419046,1,18.671618298952318,2,1,4.942558735976828,1.2344668017459486,0,67.08849238916137,2.2033707494790065,1,1.2788041898617124,0.023308099887942933,2,50.17067348584813,29.68415972049968,-5.979547389250875,39.880281354091196,22.519775634777297
1,0,-1.368888840822824,62.66571026527205,6.888711954637921,3.119335593730049,1,0,0,0.8369473566889533,1.5026710826372311,0.9473961820082684,1,19.32247969055731,3,0,1.4666982840851972,2.1800905584160897,1,36.54570111564055,1.136601768173474,1,1.5411740288405391,-0.32440466629453285,3,91.05985964172359,25.837952578753832,-7.204352565423062,0.7159505286814016,69.60921785397053
1,0,0.1470197771544482,63.323530585469626,2.4020466692534215,1.6541795719738044,1,1,0,0.8786391123329664,0.8428467586381274,0.5926713850931142,0,29.076687638220136,1,0,-7.074501102119941,0.951508927330221,0,48.20317088003337,1.1456445086310145,2,-0.6831875630396408,-0.26192555010339313,2,90.92822490836167,13.403900060834566,-3.8006574867729324,3.1620765922726157,65.9996555660087
0,0,0.4809746938805977,18.845116531465038,83.89831515412969,28.671620888307984,0,1,2,0.07476623594036486,0.03717282667178593,0.5538387106817466,0,73.91581476814471,1,0,-1.4905369262429868,2.170086224805243,1,72.39126188103998,7.714584907550149,0,2.4069646148309873,-0.1891339280159898,2,9.502840810310648,39.95073184173179,6.614427853050056,18.164157811856292,22.980561198683112
0,0,-0.06992628543667541,19.378535999842985,90.35703295059888,3.2514483333207203,0,1,2,0.054471926534991,0.26121339216868567,0.9886653616248502,0,50.18503711039089,2,1,-6.797926914084922,0.9532728206444321,1,5.548638493611082,5.0557429692800016,0,0.8060435725114743,-0.7628662735672621,0,22.636193265081484,20.19090793042693,0.5557969390184212,8.083302672007724,65.04282071128998
1,1,-0.8649631392411913,36.28241243593804,49.01272332444845,1.6496319067440968,1,1,1,0.42094706391113157,-1.692700179868205,0.33674322534611767,0,18.19921267445986,2,1,9.132138551844406,6.210986080890602,1,28.75756568822335,2.6779656179778217,1,0.14827536051469734,-0.3797262569912984,2,58.148797713383104,11.087696726221727,-0.7791074212087352,11.1744604932554,43.49124951940704
1,2,0.44935286386389767,46.84421808999876,9.277844578841139,1.794310067196527,0,0,0,0.3829880906274342,1.242181036986166,0.3295876771754165,1,25.78634441613545,3,1,5.8344990860203545,7.135930510514293,1,13.211097472317753,1.5027769360489454,2,-0.31360663143046036,0.8657704092643814,3,84.85529996017299,10.513747249389048,-6.26025110772791,23.190412216627475,29.173039612842512
1,2,0.854154920018864,53.26353417562505,46.07819222614575,1.7479630627644718,1,0,0,0.4657503952475117,1.0024279636069422,0.3714675424803662,1,18.74421755484652,2,1,-4.764096011650105,5.761179252650159,1,26.1974986342298,2.046716164991351,0,-1.0589888676536585,0.1739465661192365,0,64.49202898361649,7.261839451744008,-2.0693319899609817,19.991132548255546,60.48748262918001
1,0,-0.5199678357534421,40.06780485911037,24.079359189143133,1.916198004841082,0,0,0,0.3182011156479715,0.026589215340357304,0.24327216008396774,1,17.746905383496895,3,0,-3.627162849962369,2.1869265122339305,1,41.305956770436865,1.422715634448343,2,0.3784524019440907,-0.889739040152025,3,76.92201441256555,13.04361091488252,-5.966893499036012,28.227212879121062,23.43017317692345
1,2,-1.3973026739448149,65.27056544672209,17.53828796603305,1.6141923084383953,1,0,0,0.9499274550033127,0.9259492561044617,0.32206743766430024,1,25.638813766011076,1,1,-4.366904951554099,10.412103982568876,1,52.225171865643404,1.6299623303612174,0,0.887559873839036,-0.5070686264100089,3,79.66202905855212,16.64986426618434,-5.629052856784078,30.87609148648245,65.37154439350658
1,0,0.6609993996306581,47.90603483046259,22.761396566061276,2.414615000161579,0,0,0,0.36344830212231466,-1.4172534353127677,0.768978851376717,1,23.01679044650923,1,0,-8.999010586188344,0.8711391647858069,0,31.167142768447818,1.5672154841055514,2,-0.17620920357360126,-0.5085857598824581,2,72.26118428926557,10.613906926891909,-3.343387938004792,5.634999669219232,64.06560450306152
0,0,0.9354260166860856,22.000795252898687,24.86510835809223,1.6270840283206762,0,0,1,0.1744803506524456,0.12739091536244404,0.11453837817364848,1,22.696375679967822,0,1,9.984460371161639,0.4923464546087712,1,56.3301993051016,1.2288635692945826,0,-2.5226889171165094,0.7926615601375574,0,88.22460370359435,2.3475568962496274,-2.802928355656695,1.9107373115090076,46.69986367788027
0,0,-1.3791434345312956,19.14153106329327,47.709250521769015,1.9992742245648343,0,0,2,0.06911083364557735,-1.3665197425853532,0.26226426038903444,1,21.152658226799232,1,0,8.442576494705058,0.570477273763721,1,8.363447629806213,1.766933481206266,0,-0.32244030297151216,-0.8576996041295877,1,57.44163408939914,20.531246276671204,-2.877222692453909,16.389428742622535,47.08901783965106
0,0,0.22949444320054255,20.592077121170345,58.68066615045897,7.857367297732596,0,1,1,0.16475181836905523,0.17779411651208502,0.44693812551888595,0,47.050993084101044,1,0,-5.022172265133569,1.146134251301312,1,54.98152436532499,3.388355260354599,0,0.6094809667753391,2.0978181008443637,1,42.25909268037863,35.794659180080245,-0.5629564167644983,11.101706404411269,22.631292432161896
0,2,0.4622519889223413,52.88513399663931,80.2676369219732,2.788268077859642,1,1,1,0.5178385600521359,-0.8024252608439904,0.5221152142929144,0,47.584964967371846,0,1,7.130967281494115,8.403623731402773,1,26.563306306304597,3.551102805588629,0,-0.27403980964459806,0.12631604496943405,2,34.06502415372008,13.246901265800982,-0.11807998209292947,27.62511855143927,56.17147924171248
1,2,0.295805937220889,66.92971295083643,6.905545472273783,1.6468976296638247,1,0,0,0.9411940673904584,0.172415124623534,0.00950671103877665,1,25.73871645112204,3,1,1.2654528255485964,3.480742019121898,0,55.436357324112066,0.9364292539448803,2,-1.0421143479424213,-0.1056237831932893,3,96.28166399665463,11.499976749860545,-7.6753340651184025,32.05138260806605,40.33681144287789
1,0,-0.33595854242286377,30.842426181864173,19.45068436024457,2.8481657475175175,0,0,0,0.27800934546340983,1.4744917761108476,0.41941828209975773,1,19.89705815007268,2,0,-5.605536574644754,0.4721708177436325,1,20.638758270317723,1.5944887475199656,0,-0.12860638990911402,0.28548320293170526,2,79.6101726724954,23.45281275774605,-6.82183838185021,17.448410546375186,58.439350228925825
0,2,-0.8006546197786776,53.008789984411436,40.80861100770001,2.0671151774697365,1,0,0,0.7381587302346247,-0.46140399357649836,0.24655224329726194,1,22.903711808419402,1,0,6.780522388211686,5.784603078749224,0,63.21970419245986,1.8228433035597165,0,0.4426539110860389,0.7861252087565235,1,67.71017496798997,12.41990633756965,-3.284555899444088,16.170292114895695,42.27958366034643
0,1,0.6705120174439897,61.43399073798911,68.97947619735257,2.0057378385807696,1,1,0,0.7468669474966279,-0.34647125407285834,0.4181416795304291,0,46.22483720970404,0,0,1.829803830307208,2.4145173296854843,0,71.59879123705647,5.376482938806734,1,-0.4808145267809799,-0.09051198577011856,0,27.591446491842213,5.386245016674862,8.023881269189218,30.33547927970787,69.95425548673515
0,0,0.8599166332883817,43.65616806865148,81.51498289853181,3.0140292042912558,0,1,1,0.30338176731840605,-0.3153884182361846,0.4862681109749864,0,65.24567581245864,0,1,-6.303602525206537,1.1553878708911294,0,54.657111167119794,6.566392397933471,1,-0.6504837552972932,-1.524338541397098,0,13.443908367946406,8.898535426390794,7.094757449002543,34.93637880036795,46.220258219681256
1,1,1.88432760266757,69.2652466004487,2.1141513457115457,2.6921492834468594,1,0,0,0.9677208522162577,2.140562052787241,0.4804003478287749,1,30.10074060909231,3,1,5.594335565579172,2.5314868787793454,0,71.6686351590607,0.9232692996446528,1,-1.4793572614587367,-1.4615519636478969,4,93.66089381860057,10.140716404345138,-7.7501290538228265,27.097239833551466,39.99712809804019
1,0,0.20843301460920463,48.09862038625016,11.468763815293393,1.8669291184169925,1,0,0,0.5493050225339239,1.228944395202328,0.4024675579397259,1,19.48339242610535,3,0,9.263586444173914,1.14873916650684,0,48.62395699876187,0.8964567809045918,0,-0.44455505587819566,2.237920579335866,2,91.43624925339869,16.20660765453146,-7.758127853752923,6.8478138625714635,22.22067925331469
0,0,0.8238401624028971,23.859376455534925,66.87375759130656,3.853447687797372,0,0,1,0.1466246479422243,-1.291194132649311,0.3246664989203861,1,21.627415687540868,1,1,-5.70965393024972,2.6728316997056436,1,32.25990151944861,2.5827109520344087,0,-0.8884207846066551,0.10266867783098253,1,46.88382114255535,23.227102439277083,1.2341888295353503,17.73306830942209,40.92837534772555
0,1,-0.0071941865635577265,25.614275439355758,91.75446903743503,7.319374905965448,0,1,2,0.1826260803807075,0.5815891438709423,0.5862172643322737,0,71.10041931686229,1,0,5.555093679575641,2.4903160351898412,1,18.563904931132523,6.515620076398996,0,0.5947655000111051,-0.2253474026907942,1,9.568781915493707,35.61981609215067,5.624958309589587,15.705151317099881,24.29642290372746
0,1,0.05081940008426338,21.063522858321342,81.6602409627521,15.203568698077378,0,1,2,0.11618554378251322,-0.525463196644873,0.5924377138980179,0,64.97144722314243,1,0,-9.543030154493472,2.148459993330436,1,42.473104454365085,6.177903586331098,0,2.911875439521221,-0.0765652529160607,0,14.232780987791916,39.778024845381054,7.655572894081356,9.539552721620431,21.478527916174727
0,0,0.990621823526901,26.398908523058054,90.20021915202867,3.5879548194392594,0,1,2,0.18895841771808303,-3.7665651191196035,0.539898462735101,0,67.51107104226632,0,1,0.5311496741029931,2.8005807722950635,1,50.14492460926992,6.132920823042449,1,-0.6370314744059639,0.35195384542455105,0,9.674699100215529,27.94411072626942,8.089508900536483,19.076486443333557,60.775020805494655
0,1,0.49227651161815605,41.28836740144946,96.44426417065323,10.293310619383654,0,1,2,0.23513532045695845,-0.4088696492815415,0.6820138454817297,0,79.52434512890903,0,0,2.529493970214091,3.6597713117776096,0,59.55040757153694,14.861449833861998,0,1.370818160648032,-0.5344555547747382,0,1.63213503882213,39.11322851494805,9.740933813918836,38.905268641531656,56.3071835519765
1,2,1.6059776367496041,68.25678881343752,7.214510174160576,4.154835934671598,1,0,0,0.960286520100949,-0.030492738178690002,0.6494427641523105,1,23.913093419319907,2,1,-1.0782999842049854,5.28856537555964,1,35.05277227149488,1.0699017627510696,2,-0.6573399106818086,-0.3568652726202128,3,89.2981481171109,16.73190545232085,-7.839898419506264,15.074639281555026,62.09926084335918
0,2,0.6686798376236405,28.122024743852354,88.23766338701657,19.06686313341616,0,1,2,0.20022135406432295,-0.7887015109918362,0.43672701432940403,0,78.50876961531995,0,1,1.397071972543781,5.451635641752289,0,22.7833055867881,10.863155633517326,0,1.5530739343888837,-0.35028765374481696,0,4.280754099351264,39.43085450393405,9.544980043477288,20.76060186829972,23.859710522926335
0,0,0.4662587598640281,50.52255040796771,39.81172437737958,2.6526759277764054,1,0,0,0.465587663904011,-0.11926459683184096,0.6332968885371987,1,25.619364073350646,1,0,9.89316393946332,4.013042706628759,1,67.4826323727996,1.6837290859036196,0,-0.10305306124654973,1.9187029642702307,0,71.16296003842683,11.923915029672596,-2.408191393653797,6.841249132085425,61.33473636547938
0,1,0.0316098732959312,56.08853956544406,57.8235744355321,2.162350884745266,1,1,0,0.7403746119660043,-0.3268774286380204,0.8534502008769932,0,22.492736296872895,0,0,-2.197400152003687,2.4296679339895997,1,60.838358128565574,2.616612945649897,1,-1.6616285171967717,-0.12756424408818917,0,56.75287617951184,9.451242822404538,-2.33435460480737,19.795477800749726,58.06696440066649
0,0,2.133665031723223,59.890570839084106,32.26895479779136,1.4958354060961674,1,0,0,0.6674674860890206,-0.4305431274318648,0.34241762008385035,1,25.559089510796994,2,1,-6.116335636171706,0.7861905390415598,0,45.978862938445744,1.9824517265014445,0,-1.2688697274790548,-0.4924223635065684,1,70.84040279149151,7.407952574637308,-1.1209117133234585,31.054673618186097,56.8526589313998
0,2,0.8136045571511563,36.47451146668645,89.12274840124827,3.247276675613471,0,1,2,0.24838228069879126,-1.8809681131482827,0.39291728786844005,0,68.90694351023129,0,1,7.576304971212142,11.99505923544403,0,14.493376074718029,6.409411095711133,2,-0.30725188748007154,0.7495900876247374,0,8.724169713844082,12.251639988558551,6.163787541026636,36.9779476867609,32.74135757442844
1,0,-0.3635046348054991,59.84154909770171,16.902959688801804,1.5981702268836455,1,0,0,0.7774379222608441,0.024964995478672952,0.34682575949228656,1,20.043383028771817,1,1,0.9742530489491781,1.2247728252034453,0,45.229721280866556,1.361078184583511,2,0.11652890813664953,-0.152129610332373,1,81.23794968290323,8.058322179747076,-4.96446944643441,2.6584066969973885,44.03644633048242
1,0,0.46897959233341074,46.108547527330785,31.406645691380508,1.179901844685599,0,0,0,0.44510991877593437,0.5054155881951254,0.7868871840172071,1,23.469879878816574,3,1,-0.5743327847665629,1.6112266230158019,0,33.18423958814056,1.6431796969986572,0,-0.8494209182642855,0.7937764486730353,1,71.25169795684508,12.244379449888957,-3.789358914521774,7.022124613981431,22.940594657477817
1,0,1.0096720135636823,69.51126838073463,4.663961433441388,1.6471693292825098,1,1,0,0.9932697302879504,0.10863012684802034,0.31664775046266946,0,27.20126620966107,1,1,0.09917978489235146,5.466430633241056,0,78.29921856050119,1.3513989895251055,0,-1.144776892050731,-1.0982621559636443,3,87.03358522768474,14.051837718111063,-3.606914931700498,7.704773806483562,66.16464438452215
0,1,-0.5026121327655113,48.23883042501947,76.42387127355398,2.5484517007993484,1,0,0,0.5540686859676512,0.2812825009700321,0.6293063921777458,1,28.215892619019385,1,0,6.071002937188268,5.011402186086112,0,56.07923940084685,2.9680308972323717,0,-0.4689779941817811,0.08486978194252183,0,41.82342813992561,21.94824099053811,-0.2663419861903442,25.875647927833736,41.51933875616611
0,0,-0.3633317739527587,35.769887569518765,63.70986141369137,2.0036056707803818,0,1,1,0.17206591083613504,0.018305842142845235,0.5424809719159167,0,52.16241233624693,0,1,-2.4190557173698,2.144298066312651,1,24.773215940556454,3.9757120606390393,1,0.17269256174503883,-0.42377429820638246,0,32.89497516696559,14.882392110711269,4.638587357982837,28.111526524632072,64.74864400496838
0,0,-0.5977988151048003,54.29771674301473,4.6944333129333105,2.5252567288404455,1,0,0,0.722070220787811,1.3359566466886483,0.21015339367897312,1,20.950680867241417,3,0,9.997222025583369,1.0221937924721118,0,75.10944266143483,0.8120278979330289,0,0.12706122275595327,2.841983093705194,0,94.46651093382873,18.71050099339352,-3.828555364572992,0.9372808284857315,50.25737377910433
1,1,-0.3960616242859869,46.04973260021263,33.37257390628016,1.796253373729733,1,1,0,0.5194168291437891,-0.581673430325146,0.8146205726649758,1,28.119588887895453,1,0,-9.455626106107998,1.885306309339963,1,48.68597557115152,2.114631173058966,1,-0.12647261570787466,-0.4977142460881572,3,67.05262791147078,12.883408109893683,-4.9834678796642775,13.00535792482183,28.410544227769122
1,0,0.9600333685051854,66.16695913762558,28.561556294882863,2.90503947515941,1,0,0,0.9295578260736868,-0.7794733232266369,0.8076036393747515,1,22.37203337379894,1,0,-3.1427875681239144,0.5544907018958581,0,25.78753940612982,1.6365973942572514,2,-0.6064147904409195,-0.07716362390137754,2,74.28592408293507,10.319086488068228,-5.651744863526723,37.04739092574457,69.93169963141546
0,2,-3.100319464961799,33.223592804932686,85.70854161764048,2.243224978320071,1,0,1,0.47462490243908817,2.0406182520308414,0.9201189294443004,1,44.55439055890578,2,0,8.673265121550202,3.9152515834351047,1,29.591128795555882,3.327559187268885,0,3.5552555264848285,0.654904563196783,1,36.80219620326835,31.446589385482888,-4.713243519278184,24.852031208308883,56.567798250789956
0,0,-3.040241254467974,18.68330963479906,86.17822752545736,4.61111599944316,0,1,2,0.07746624242262945,0.17837409421617076,0.7398070048949963,0,74.2041735332318,0,0,7.665058523368273,2.280006672138914,1,18.708006028505753,7.689296947559246,2,2.2286629963448465,-3.2775739454223856,0,7.2029178723902465,38.341585170901375,7.864972581069036,12.08453953259461,56.174953339107965
1,0,1.062196817262254,29.147484293789343,20.125848281195168,2.0158364558160926,0,1,0,0.27320603590206183,0.4818293305994668,0.27316323377745655,1,28.000290929565494,1,1,2.6791779237003013,1.0278014477914006,0,0.5773155275130915,1.474812122001275,2,-1.1850715173488235,-1.3683269971869805,2,75.59403810817165,12.384930395527572,-5.439111556852887,10.305336639600288,26.80977888805414
0,0,-1.2335049211693732,32.56198762276201,52.93923215682438,1.9570074233424397,0,1,1,0.31730559605444264,0.003781377089602874,0.2255166112796419,0,26.638571657423267,0,0,-8.826896845053739,5.06205507885645,1,55.88626221896835,2.5883018002548046,2,-0.6103620751377896,0.08878233228498446,1,47.05908558630577,17.80063670194714,1.3199966302911648,11.008179945842716,46.18303050330442
1,2,-0.8360183168178633,66.06512553805507,12.28236537798132,1.6791885362850159,1,1,0,0.9324460342401728,0.1716395060615383,0.15512497660520908,1,19.76355289842718,0,0,-3.463672885759282,3.684515014767781,0,76.23796960503194,1.4759215849129055,0,-0.153159160545329,-0.2721892042880409,2,82.03709672732305,9.452761276293899,-1.6068594475691214,22.984891991552114,42.78746464097573
0,0,0.375842921156803,32.38009317199186,54.98091984518365,6.024498049066674,0,1,1,0.2361900580177475,0.10176605383385637,0.7730510871699035,0,22.72074703938813,1,1,7.5676705919307885,2.200912588752054,0,69.75502427482347,2.954514818812065,0,0.5067818522401611,-0.35078089540267277,1,25.769286871779784,32.83851705822599,0.4116088743562898,5.717692076267824,24.417257276603433
1,0,0.31123501092912875,25.121349392481882,42.8604375114145,2.2648859746507264,0,0,1,0.16740910276463838,2.67653330833847,0.3626086796243252,1,27.823759226823288,3,0,-4.683959438932583,2.876563575280795,1,0.05543758726835879,2.039065194040313,0,-0.606543725011441,-1.1841450381178116,3,65.6667138939831,10.294999339615059,-7.174611484560512,19.430445071698827,37.278195558711964
1,0,2.98849419308729,64.20267602444481,0.2803023211981892,2.0599537780805814,1,0,0,0.6441255859014896,-0.4104212836484283,0.7137436843951801,0,32.055401657951265,2,1,5.483110177242539,0.8185073646391939,0,55.28242547623236,0.5803393571158639,2,-2.725767412746227,1.2642286034326848,3,98.24691412006996,10.689817166825373,-7.41883983323591,5.931370574928019,28.23794004759533
1,0,1.424521392733261,50.63449394641047,37.428253290277205,1.8974077900123358,1,0,0,0.483700370236854,-0.017894672716714813,0.663040593862984,1,29.384934999339094,0,1,7.931717201687427,1.9539671242646828,0,22.67377849079074,1.9597867075449242,2,-0.9332281107020649,1.5520961745441264,1,71.17895475537091,11.575193301697993,-4.351984214451713,13.856094643080628,35.82399434868095
1,1,0.42605019029648566,63.49755597704494,52.13760074842184,1.948607793246989,1,0,0,0.8826817277365908,-1.7407507926906267,0.5019541741381021,1,21.13695658492727,1,1,1.0376539857415974,1.8234871989508266,0,78.0530952910489,2.052314755802203,0,-0.5956934966970813,0.0948465239214653,2,59.315142934555276,10.585621270582282,-0.7347581929483962,38.438637972502164,29.917375603061583
0,0,-1.273087008806983,21.9464199172823,96.16218025308463,21.711773557363426,0,1,2,0.07994467760599872,0.8478262486842313,0.4331006530415964,0,79.99705321458244,0,0,9.327744559303955,1.8916659453542735,1,48.25410199800204,28.573710221751753,0,3.068747778530202,1.3355071393566296,0,0.10466163691764119,39.97010092361664,9.990187044621372,38.080433578043156,30.084617733048866
0,0,-0.47218424660464975,51.30078209621494,76.08974014251346,1.382892923988974,1,0,0,0.6565434428459452,-2.1434103267684494,0.20022248129502207,1,24.626997673091886,1,1,-2.679456075592544,2.449576637873269,0,32.33794453040769,2.6239774999675136,0,0.29900272193662736,0.6061245215409772,1,53.614344213606635,10.429636793364455,-4.0561831513470565,39.77758574645452,47.99831414840497
1,1,-0.7998142274770033,63.75027812802669,14.13811264872723,1.645379144847259,1,0,0,0.9032544347108524,2.347939479210149,0.5790005117722665,1,18.060255948631635,3,1,-6.1867991639865085,3.2113733932773814,1,34.76668602336345,1.2421747807932222,1,0.14427397729900454,-0.15244718493506243,4,76.74217531993031,8.703245175987087,-8.737561253518498,25.412761016759696,37.97904503543121
1,2,-0.9484665550117959,58.25856144629415,62.16056171275072,2.2354431408942608,1,0,0,0.8886406196880334,0.07675830071451324,0.4708611785158071,1,18.836303077723887,3,0,-3.453528414679319,3.3756231990823733,1,53.85880358442939,2.373792816759921,0,0.6978855051030916,1.0244587312079603,1,56.04025650727762,20.17759001966961,-2.4671275279823703,37.60510668924577,48.53803003031011
1,0,0.3996287975456171,33.37671136396545,27.02019649008397,1.8384591239150385,0,0,1,0.3333704077303643,-0.4295571332990384,0.5233146240675871,1,22.76653963038678,0,0,2.5299893570377527,1.193716394043834,1,52.01918942997796,1.805381090022346,1,1.1162839425158908,-0.07757378070599658,2,71.69625561580948,10.782130896990216,-4.251907389827174,6.999833810769635,25.237436344320738
0,0,0.23120279565817964,28.96887889543012,78.53802095913369,6.435850206032312,0,1,1,0.1973677506517536,-0.6574924087487016,0.750546948936359,0,75.52140629372107,0,0,-3.7888489283730378,1.6845515450043484,0,48.30786785793436,10.39356410706484,0,0.6448642851905683,-1.4224459870784225,0,5.97647170307114,34.860220948923974,9.694298605801734,6.168507853328775,47.06837574917656
0,1,0.21873463567549153,29.900526715354317,68.96567973115054,5.9724758712732635,0,1,1,0.1834455825420619,0.47369472972749394,0.4795178535604919,0,35.68532698926133,2,0,1.8301060957664461,3.577161829533755,0,41.909637153825585,2.5817809033278034,0,0.37453102633233626,-0.20647945567166248,0,38.3549763543154,33.04170384576512,2.9163439972031497,7.133558529986351,33.83363013388842
1,2,0.7339930443204076,63.33117970151272,46.338975705754166,1.977818782155585,1,0,0,0.8509261925079241,-0.4267490819385944,0.8150016893915613,1,28.05719182158689,2,0,5.45240555293085,10.790745492487588,0,26.189227129472602,2.292872062019528,1,-0.7537653185480587,0.1516334921647542,2,64.43601588689228,5.966835128941186,-5.582290444534884,21.941773415053902,34.52911561600569
0,1,-0.5061686926420419,30.379239828561527,89.15384642732883,1.4497214179038664,0,0,2,0.1950000354041988,-0.2380133344268868,0.4165176358269685,1,34.91261211021453,0,1,9.925693987520216,3.0573141501635384,1,2.966652192189394,3.4762105301731006,1,0.23993081620599963,1.928511051387839,0,30.746414406713907,8.820914296835667,-3.3712779561689548,36.70739615127144,68.58096331802054
1,2,-0.7812522045453248,39.11321698765495,64.97128988521074,1.7073942516844824,0,1,1,0.3394951062697891,-0.12460937145553293,0.4390771375105846,0,28.231514985287713,3,0,3.061730736766446,9.12568487451911,1,15.709569108968076,3.039474695135551,1,0.7968495553171273,2.578766119887693,0,43.91827890096028,13.957006647439227,-1.8979626764384818,23.12447673580419,47.50716988814067
1,1,0.608487660962191,54.721778083726676,4.7986479469115775,1.441633249939519,1,0,0,0.6674530092360809,0.49229258323922276,0.373726120278314,1,24.11774057732063,3,1,-3.902979600704106,3.5309964659333803,1,16.479839345735616,1.1639088355841558,2,-1.2701954070576658,0.3092032070030096,4,91.08783416622184,9.59315941378444,-8.677210968567206,15.282773019665258,30.352056035560903
0,1,0.33360266252416126,49.424151821733204,36.072639110396324,2.3162351266465326,1,1,0,0.6013326168737176,-0.3759267450487188,0.1152516149400537,0,27.16777774290444,1,1,-4.322272756564818,2.5775498147647897,1,30.111920678145477,1.9407710174047037,0,-0.26542662263397737,0.7801812179700562,0,60.56222910268513,15.720785194401454,2.053771121048369,15.04435967304785,67.49570576466323
0,0,1.2905099345680175,39.36874887731855,37.336624856772836,1.5418045616511633,0,1,1,0.27795122136209804,-0.22387107608642776,0.41375531152658773,0,21.127544996668636,3,1,-4.64147549635439,2.347653565246152,0,26.330519182231377,1.9957683918325815,0,-1.3328340983832925,-0.5251469880265193,0,64.49991293693928,3.7147606425285007,-0.6095793904301399,5.4077220486633015,36.97924489816821
0,2,0.1412684549365399,32.37974857388547,72.61342751576892,2.239985877341815,0,1,1,0.21471842549492082,0.1671225809355069,0.23597804592557242,1,31.133256850712563,1,0,-0.6105585876483044,4.414279446215027,1,48.60873611228273,3.195285650711503,1,-0.19583458805854312,1.657059654599902,2,41.747451089625145,21.83133515772444,-0.3399072023065415,26.4014920249676,42.41853946639051
0,0,0.9367975640323316,39.759234868397336,80.48820909544551,3.459172531572045,0,1,2,0.23993031554616728,0.9190021531490429,0.391667029131337,0,72.418320798392,0,0,-3.968800491854159,3.0997504633592707,0,59.60354645021319,6.6676979116061155,0,-0.8661080380937645,-1.078790638818633,0,11.715573795613127,20.576854822052688,8.473881678872782,31.17045564176337,40.23224283722991
0,1,-0.46254946990379187,68.57632900215158,27.68241884863425,2.3748398423188504,1,1,0,0.9788780553316547,-0.2695365797246424,0.5668380514228605,0,17.7150375850043,0,0,-7.562340002505263,3.037748468867948,1,34.891455866812336,2.615625635753097,0,-0.13019847098594192,-0.627590671845337,0,58.32890502644911,14.490469635974176,6.4701914068669595,10.063539898003365,69.99999751607604
0,1,0.33060165965650945,27.723635787449624,97.98423289773541,32.50413065570944,0,1,2,0.1941666526914842,0.7337703383398373,0.571647745688586,0,79.91779179426045,0,0,2.8150233852741877,4.580991957189232,0,35.47930380551953,18.205271510895,0,1.8568415030401761,0.1509293345808189,0,0.6299631098749592,39.9899207104738,9.747321049347455,35.75302461983482,23.155665373721945
0,1,0.5805930823925456,58.30386907300835,57.26497873372905,2.083255808324017,1,1,0,0.6935931889745941,1.1047043329689532,0.3098559246176624,0,31.572048487468038,2,1,6.636343484064366,1.5380277200831283,0,52.321088093273396,3.5853120542178067,0,-0.5688712520365798,0.8747294724351967,0,41.14392873388117,9.051608243078174,3.7463926908991407,32.50529315170067,64.41691495323411
1,2,-0.7446008706088064,60.35661622868608,5.613840508768991,2.4020125477619674,1,1,0,0.9172910821737572,2.6880152912093043,0.32568874579743323,1,23.580191310084835,4,0,-9.491251911813036,3.4546447290994475,1,7.588672913519208,1.1793004309715842,1,0.6699724460273503,0.23489141983534173,4,88.87633902652836,22.909712061655032,-7.683516690992882,16.207252650239337,47.966651679886766
1,0,-0.034879944347567186,30.3836937917033,24.62843310982816,1.3525245919864792,0,0,0,0.20382691465092762,-1.3752441643930005,0.33781827002518083,1,26.731187486249574,1,1,9.360459750775266,1.2590240612445578,1,78.26065740612448,1.421419184805387,2,-0.9655024084342663,1.143804843537779,1,79.10826415990059,17.478659085600274,-4.641443642259503,4.696524436332606,31.340174636822773
0,0,-0.2862360981454299,19.78584911209675,82.01433785703715,2.033150983763688,0,1,2,0.09654778607726894,1.0817060995029768,0.6277018837257913,0,53.39975676279997,0,1,3.4239404935927364,0.9067586683289665,0,0.025007423105778415,5.0688275717220765,0,0.26776085471019584,-0.3728263387903993,0,22.118040300957986,9.223918022793749,5.983504445197251,14.900149501926743,46.87383193566001
1,2,-1.0638810405865615,57.724906954922126,54.096127233502266,1.4134905925383598,1,0,0,0.8283298552353537,0.6966224209179459,0.4737289469186607,1,23.40018011695836,3,1,4.301799238501459,5.078427304442948,1,19.917126621643348,2.0988960154578993,2,-0.5812904286454514,-0.32509484501327934,4,61.07913838118989,10.205599813154027,-7.6093827610807185,38.311550087607515,50.66573472434354
0,1,-0.5292226655039414,28.82612412572765,58.388869905292054,1.828912108617271,0,1,1,0.28323808116406124,-0.7345252574497828,0.5103827382703344,0,28.836688853003913,2,0,-3.535955007117593,2.3492263972188705,1,7.592294710095087,2.514415005544074,0,0.20793696953255897,-1.2836670340610479,0,49.975804088597336,14.018369258106866,1.1527829646472814,9.910616147976787,30.74358164323084
0,0,-0.8513869686617824,37.15840435222234,53.98370800355755,1.4884548899907442,1,0,1,0.3456783814516952,-2.1463292187390004,0.24280354782426355,1,23.312322862070722,0,0,9.236275240696973,4.307688415250743,1,68.09680559030576,2.1399956786877046,1,-0.11762861384609732,0.5839538619018505,1,63.26164943480927,14.381015446249732,-2.0390264682088466,12.721476709610169,28.52422136638787
0,0,0.9568635954265676,45.81474571261309,24.81620562448298,1.7043454231743556,0,0,0,0.36815613499129074,-0.11120097471570584,0.18681390612043874,1,34.41733054698034,3,1,-2.833529870946041,2.0761927377388187,0,62.87419907705715,1.5488031468325407,1,-0.6345241808339551,0.6595175814819785,2,75.84540924339123,9.954553651233237,-3.781697148547419,9.982885012105651,29.09584302209717
1,2,0.42412896603737205,65.74310427369076,49.45504995978393,1.89897356175063,1,0,0,0.9265648901181923,0.7595180762745776,0.7814941981934089,1,25.3110847466116,4,0,7.98758884379259,6.573200740027713,0,31.270130274493468,2.24007300336503,2,-0.18389119041109916,-0.5141709846746458,4,62.63159442112999,11.368318463687089,-8.118085574580718,39.02624299580792,53.15008381218464
1,1,0.3015847717049743,42.13110933076189,41.7065958406634,1.6824268552019164,0,0,0,0.3702296606924644,-0.5011508891790969,0.4380584295677667,1,21.614074165098643,2,0,1.878910701039766,6.2379653797226995,0,29.163820403287126,1.6020521357658486,1,-0.6286225392189663,-0.13645049884581295,2,87.54616574085358,13.050191305293279,-5.680615182898369,12.48917527543368,29.185250239347685
1,0,0.16426551860658548,18.71411073525501,90.36675108458927,36.99752273350556,0,1,2,0.04380187380216366,-0.6782972963702494,0.9962221105718772,0,60.58078021108825,2,0,-3.8371819747578595,2.1925056076467166,0,32.28660030962378,6.000929638780015,0,1.3051371627682788,-2.4115465659193895,1,16.322324362160817,39.991576332541754,0.7843015583568462,3.815796409590404,25.441950859732124
1,2,1.7673172618540753,68.69976849663593,61.0950898046226,1.716685393794101,1,1,0,0.9568630312531085,1.59798338610404,0.4959065325213559,0,22.66944992504616,0,1,4.149785930930756,24.307439462623755,0,23.86237964377159,2.647449122721896,0,-1.519242891635454,0.24667457926977487,1,72.08342802670332,12.64297441235395,-1.7844473458020627,36.036184621833904,39.9074498335736
0,0,-1.007675909828355,22.573730083057114,77.93916464435895,9.358547514188725,0,1,2,0.12382537500741198,0.3269798591341013,0.4414613121377677,0,79.29729861510725,0,1,-3.5421770126946406,0.9970199750135583,1,77.88846758812309,13.572795793886382,0,0.9222650573841813,0.15205956476890728,0,2.7928244466000396,38.68664051089545,9.918556778308357,10.510126606916055,39.472805119576954
1,1,-1.4254509066496661,30.997944044328197,67.18726126609327,1.6587104484118245,0,1,1,0.23064328918263038,-0.4361663277677933,0.2667906091145751,0,26.817169335876212,1,0,1.8603310788645224,5.177741063210813,1,16.194399588709054,2.9298021630050877,2,-0.2147697021009661,1.8037207249399467,1,22.20804124861016,10.629718288939326,-3.278400409794438,35.009435743270245,42.26951427034567
1,0,0.5134345967859679,59.04243001050998,30.419919759573467,1.7679504936587491,1,1,0,0.7367768233787788,2.1564412986013433,0.7359739237731515,1,20.771816745442287,3,1,-4.257222532617824,1.385859935222671,1,36.89853546884913,1.7977709559053914,1,0.590002953060419,-0.5449093392539438,2,65.13927923666559,12.353316897457546,0.28741353757348875,18.863476114406954,36.3446465292963
1,0,-0.4278114034103575,20.184499821199836,23.578373896413297,1.9711534468599572,0,0,1,0.09335829431830878,-0.8405370217218535,0.5359259172914285,1,26.869550306772283,0,1,7.823866233918938,0.8840660793107589,0,27.9862199775925,1.379315787743471,2,0.10131002164592218,1.728720787820589,0,82.61081183253194,13.278452465838564,-5.181489990190303,2.2557506449731535,49.22004709909685
1,2,1.495372367351995,64.23512490514743,48.65583703359134,2.7775343524373994,1,0,0,0.7770136119223415,0.6679223033669512,0.7504061628130043,1,20.92391241988328,0,1,-7.196236780879746,3.228715355645081,0,68.31027486177597,1.8165726964647606,2,-0.9454431034548022,3.1008427170251096,2,67.789662949758,10.987634711396295,-5.95047816640644,32.15976203112815,41.241836878259164
0,1,-0.1128809634450897,28.341588451533482,51.61158070206795,3.3692107245563157,0,1,1,0.14694955070071586,0.0762135306505718,0.13167072560330484,0,52.93519960814638,0,0,-0.44517438476330007,1.315303272695967,0,17.11071618914651,4.927102995866442,0,0.7623379296350874,2.2332889685724573,0,25.141775980685267,22.521175909628237,7.943210240594777,9.139987097377722,29.98624537603369
0,1,-0.5713778021172313,62.86147499880496,41.4614313292972,2.070711662534929,1,1,0,0.9274705344272838,-0.5277453948424076,0.5040450589436479,0,23.700961107194146,0,0,1.8075593926338396,3.726152830660112,0,52.17147943781662,2.2205920053855266,0,0.9654578937312549,-0.49335424993966903,0,45.17517360057073,11.58526596562875,5.648951079187846,19.171139255792827,55.45491986182305
1,0,-0.8668721483293294,45.819008250626325,10.453057287329754,1.9972570123775755,1,1,0,0.6446637162403459,-0.574117143233132,0.3235363155080966,0,23.873682040059514,0,0,-5.8907573999636345,0.6339130814260157,0,66.10134380120238,1.4002502553523635,0,0.3723322569738647,-0.10791533809724031,2,80.3185138143473,15.436845513947857,2.4570687143001795,3.5296861879475427,43.838016076790495
1,0,-1.33970856958883,47.83753652322048,46.80316875738832,3.387140352703762,1,1,0,0.7324966509563362,-0.18315310056679832,0.4430160000649417,1,24.132264072115277,0,0,7.90745406859849,3.5344933710716484,0,17.442600894607985,2.4311065950925697,1,1.4390456908338565,-1.1182922764072192,2,59.33113210812584,29.383420820871848,-2.1617538959625717,20.761631676775302,49.526703865516694
0,0,-0.015342508443822584,25.315999107095,88.01563857895086,5.632884244012036,0,1,2,0.13683725172282285,-0.5521939484505404,0.5870765811975361,0,74.94769668976666,0,0,0.12831629993698712,1.4009893208818749,1,41.714348961391245,6.276880479487626,0,0.3543206199844121,0.0019003187865756247,0,12.446865890215204,33.196697946411284,6.908599486196799,22.98471291488144,44.88090608611568
0,2,-0.7469822279907684,50.965594318588806,78.89404538772821,1.545959653571425,1,0,1,0.5796312348554973,-0.33569628077160474,0.6150424040254974,0,41.42663375814169,0,0,0.934416492462983,9.742302762950237,1,55.16603702797123,3.6387838979061846,0,0.03639813970101025,-1.214878192776318,0,37.77378220805942,12.22224317672449,-1.9933376629886226,27.398408686789637,53.85771725163677
1,0,-0.27655916563547045,55.30653943229069,1.495345740220294,0.8044440675509874,1,0,0,0.6602127676420346,2.236242358100382,0.19916694548053115,1,21.557700352274097,3,1,4.56697391769476,0.8120311537230673,1,73.43982797307518,0.7673390259254114,0,-0.8404679882592248,-0.9762175216359528,4,96.53108169118762,5.779914580620296,-8.285001825604073,8.64747845673795,27.780762777412036
0,0,0.459646596009147,29.873578212603107,73.99737650925961,2.1223010157253226,0,1,1,0.19489827439527213,-1.0317625467502802,0.47073003929693547,0,32.15023458649848,2,0,-3.87095466450885,2.0525859435991207,0,34.904774007529625,3.2001911732262514,0,-0.6880744965788359,-0.2759583769692888,0,38.90404884900695,9.638883027352925,-1.037943320976133,12.195572379506181,25.956616873183584
1,0,0.5604677621883539,40.028862455331065,31.099433948870924,0.8852543670016562,0,1,0,0.2988556712900947,-2.3499224168626736,0.7190883857716321,0,24.707358923389513,1,1,-7.988889588332856,3.4059373887796127,0,9.825268768761228,2.3255649011988058,0,-1.410596596588029,-0.5125872892158463,3,49.37992500959594,12.698807288924057,0.11154228158192225,6.116970610519148,30.84785994357605
1,0,-0.0846920825978374,22.40221336779842,26.66664816352604,1.760767300321487,1,0,1,0.16978985935748664,-0.09995862776080101,0.37520946002179145,1,20.218783161932823,3,1,-1.475502985058327,2.2320509487775775,1,36.272879052551325,1.749268142796264,0,-0.2228601655110664,-0.8916927508677683,3,81.1001857217215,9.341934841733694,-5.427802989682889,2.421160221368164,34.32201902465409
1,0,0.041187347016187134,49.3876907863926,34.687847906379574,1.9981062824701177,1,1,0,0.4650242911359514,-0.5308423010923785,0.42958480983829894,0,34.124169500462905,1,1,5.126600634353807,1.9362434236122783,1,34.037417327025224,1.966837438439135,0,0.29460587992945164,-0.057012848318162564,1,57.187804686307246,6.990609641080057,-0.34359968231963123,14.864736660360427,69.49984760107704
0,2,-0.6756958524210094,35.471746419600414,76.01674307148028,2.1068344632526115,0,1,2,0.28415639695502126,-0.47337584741746114,0.11634471933117962,0,44.011724331725034,1,0,2.9114038611021886,4.326077301312958,1,33.21050809912155,3.949340416784631,0,0.7720055682338817,-0.31122966437436833,0,21.855225326660698,15.72959395354848,5.800679474093949,24.75853802000178,54.38709222626657
0,1,0.9400205376659708,52.412736961068724,14.759648632056438,1.9024587362735297,1,0,0,0.48780333208019117,-0.023424105465240454,0.7285829568865009,1,23.544917458380787,0,1,-6.032673641595307,2.5243666522986024,0,50.248302116234555,1.3343241309119005,0,-1.6337321197130283,-0.3511008080036548,1,80.75231340144168,13.464464668141007,-2.089946435885704,10.004437805031646,44.43140267075114
0,0,-0.4699508652608703,21.16649143447155,81.1393031597609,3.5576409306362993,0,1,2,0.1559271092525688,1.7778976203385883,0.5199436962517366,0,57.0890559305525,0,0,1.4799473692237282,0.7581747017713995,1,7.19774296399152,5.119379133119335,0,0.7228752302405171,-0.3149587761293805,2,18.85950879091121,29.1996169238689,5.309787634563733,35.36030689039529,35.49400013959084
0,1,-0.05532879167808443,35.180869552086946,76.65988273922636,2.5538820799242403,0,0,1,0.23257408916236688,-1.144122583750187,0.7329802851074383,0,34.447344413051354,0,1,-5.429260249864852,3.223358774120831,0,32.17486328774591,2.8661975066332634,1,-0.5674976874063924,1.6963045792087077,1,46.3001131889664,18.919967105732706,0.5706941028175443,21.605952684632285,31.29088547236113
0,0,1.225589826363298,29.048973043171507,47.00389080250095,1.7949463157571068,0,1,0,0.201610196496549,0.6922251582424509,0.15489559220296456,0,22.609016736068746,2,1,-8.09159010446537,1.986529350746943,0,33.296310008313384,2.7222684445505494,0,-1.006662644280137,-0.3160639775760933,1,51.821841733243225,10.250221610057892,3.033500912493704,16.526067586761116,23.984087288259794
0,1,1.9109901030821106,68.027913274133,61.02667453285622,1.2420837015919637,1,0,0,0.9156170637222192,-1.7645654502288328,0.9995356200285457,0,21.863052766951615,2,1,3.234129685316475,2.987853714937766,0,44.820859108965905,2.1672609793627777,2,-2.0297488432130475,0.42754587577341396,1,54.21045106133634,8.389472879509338,-2.923803672366083,11.445598053464504,67.4151090466591
1,0,0.20257122515801848,25.396049357817546,20.572442809441043,1.8442449263460199,0,0,1,0.18025684003130776,-0.10236751312765317,0.48405791454346236,0,17.05045078656906,1,1,-3.437567180223433,0.8763348144608738,0,36.16760918123499,1.5442479081917926,0,-1.4721396561558895,0.6507688133728328,2,77.55316860159122,10.654487702296622,-2.1476692409904965,0.7955217902328182,22.54482762918284
0,0,0.22649168762179134,22.381353753804547,54.901885232719536,3.5314041099587143,0,0,2,0.15207799005528239,-1.995685847972049,0.5642486489436289,1,25.34869835903967,1,0,-1.1235132246341113,1.0242549453788257,0,12.531579709351544,2.423616209303167,0,0.21050499268775108,0.3883002418736588,2,53.21395388413006,31.813979466353484,0.718576205962929,7.129149129092395,28.00256316989265
0,1,-0.3762650062860473,36.953864726338466,80.72925514424976,4.044895635698532,0,1,1,0.2947677465214089,-0.5798088742772844,0.5029718102691018,0,61.58793656510379,0,0,-7.259816656937829,3.477566395447706,0,18.72508893450879,5.367355057946818,0,1.7022731514315772,-0.5844334894230384,0,18.153850228389068,35.47151863505679,5.229147189438601,20.114091148757186,29.061353064239523
1,0,0.21866125521709678,55.142156056898244,21.627804613420725,1.8148840984262158,1,0,0,0.7623000851863904,0.7391021300338122,0.4385396280809457,1,24.645879243101028,2,0,4.219829543659134,3.7169622523826544,0,6.9833461342474745,1.6754918629409328,1,0.11184128288506362,-1.241311329568499,2,73.84700250091355,12.032849406988522,-3.6285610120479888,14.47770329562864,62.26551773442346
0,0,-0.674658008967389,56.997969708471075,20.6398496787186,2.2074593063278924,1,0,0,0.819628045472955,0.4377665356399865,0.5366603836123064,1,25.531757656080334,2,1,0.8023059694986205,1.2214588857535096,0,63.18087129195238,1.1898200225760367,0,-0.008981212518116396,0.7573073006696361,1,93.06591053306981,16.950043637048164,-3.4036861767033617,7.169036010397498,68.66342213876624
1,1,-0.9906886139973469,35.05518140277157,63.68280464743306,2.132365644815151,0,0,1,0.23886397099650652,-0.8136895166264903,0.7267782774155018,1,23.110631393118474,3,0,-9.144674929930343,1.7394604616970397,1,0.8594458719768028,2.730578360188497,2,0.6522584758339735,-1.5445517143278193,1,51.40198388713508,17.617578753618705,-1.743645947681138,25.767571853786553,55.7308726848438
1,0,-1.3682044236131021,35.699955447621925,56.75877024501557,2.2018855963950927,1,0,1,0.49036777388061725,1.040927746333431,0.6067234496584032,1,32.2100463518177,0,0,-3.9923568505828992,2.643145364718863,1,47.902213767489535,2.621128894562365,1,0.7003095884554456,-2.1879512204148264,2,53.457795881347295,21.611454872046227,-2.469341362974009,22.76153107736207,37.9366040660253
0,0,-1.4324817984272367,21.04736750673653,89.5948147396466,4.746772434136992,0,1,2,0.14668989836351198,-0.313239457377626,0.6894936848033874,0,72.13892048389921,0,0,-4.424598113842575,1.4665883997894427,1,44.65729154345779,7.325567943182659,1,1.5353601151222345,-1.168409532867643,0,9.468453192242949,35.56989885306403,7.015435667394787,9.014306230023896,45.82792036299516
0,0,0.2763325346801805,25.27698460874393,89.48444475162151,11.12464542918819,0,1,2,0.18735833164149407,0.3079793171148386,0.3985183626378491,0,60.98137919219313,2,1,1.1097202384186229,3.291456015982228,0,28.857726079278248,5.76458917819344,0,0.7274989933700133,-0.20563495285798525,0,16.02283217742604,38.96256779612323,5.283218843901942,34.872274804995364,30.211130886492278
1,0,1.183842972451716,38.97290047351862,21.205306189453406,1.8910839887400575,0,1,0,0.32492580673811045,-1.7330147641108435,0.4548722181035369,1,21.126315921543135,1,1,3.9436784073992293,0.4487222649998383,0,38.543565918279015,2.0718583926704333,0,-0.662158396023221,-0.21570383467991416,1,70.48998556672316,9.851568319526638,0.7466093313898412,8.959863942598483,34.644195672654135
1,0,0.04393384209301082,61.4613602358459,6.3790418320184115,1.8852245912535197,1,0,0,0.8563476598473387,1.6789235703576786,0.5781279380145635,1,25.254307333665466,3,0,6.209308080591548,4.912360410219292,1,63.92594447769147,1.2460386265378596,1,-0.5843360469437359,0.46668941934579616,4,89.87133419335476,10.20705749773239,-7.702345467591364,6.292071160852886,33.70389246253043
1,1,-0.21449433300395482,40.53496763003414,87.77083439034779,5.58178513856467,1,0,1,0.40487412331041056,-0.278062242601683,0.8117646932396941,1,36.18937810667563,2,0,-1.8887849049333738,8.634091421903534,0,25.134952422065968,3.736012384189711,0,-0.9698249061901517,0.6515379929298264,2,30.833838581316687,35.60293067618572,-0.8188620158968423,32.819167947184226,30.190346259074964
1,0,-0.6672307183946844,30.497874308868276,65.631772067421,1.971384886653925,0,1,2,0.15279424336400005,-0.09439039698362771,0.41532298819489,0,35.82140888755171,1,0,-4.883924528079678,1.343966433554127,1,15.223704796058168,2.9893476321331542,1,-0.091775926355846,-1.7687231636094107,1,42.83046132285013,16.806207419273505,0.8935243734942233,31.26006602919564,50.768496531687774
0,0,-0.1803725536620419,19.042713852899368,86.20045661649326,17.818376813073705,0,1,2,0.06068818277496235,-1.5472879511085509,0.6061274193137188,0,77.91675112019445,0,0,6.820369836901641,0.42593965243947507,1,20.65918444206334,12.51590248748339,2,1.7280716612987912,0.025761747993973277,0,2.009940198994631,39.38858836923323,9.783316849997433,18.17828211955593,39.53332041377327
1,0,-0.5513824626664703,32.04338698178819,20.569086366182944,2.8715283932291196,0,1,0,0.30659633213633536,1.496774530290989,0.9012522637378373,0,27.577565505223525,2,0,-6.189962334686335,0.4154326619846836,0,65.04701881573995,2.250930854592366,0,1.1299277621103432,-0.810511505713946,2,69.09489999632214,24.600493715796567,-1.8682094218297838,1.4420381673136218,29.665239045418907
0,0,-0.4193547783505295,27.77007039822864,39.4311099539533,1.2830519643107587,0,0,1,0.16824450186889056,-0.03388495627322197,0.06261301949868786,1,28.685984261916566,2,1,0.9210939681462449,1.7223038780309534,1,68.87812827796905,2.1266191767566878,0,-0.2334904065389038,-0.9769614047657602,1,59.12316518166219,10.528684530387038,-1.0100300666064008,23.614985677867423,27.020984796112543
1,1,1.3918435150892334,43.90529442930038,29.851412617591578,2.0449826125279005,0,0,0,0.29541413619353796,1.9147772816178714,0.6000612840253485,1,24.10197963189337,3,1,-8.105083518308499,3.4407678675101856,1,2.576174649649867,2.002634247228983,0,-1.1419398144889739,0.3976879225716193,3,71.4323579427524,8.571034107535503,-6.876373917138575,21.090893760953424,41.364961524995095
1,0,0.2724818644217704,42.01396809024611,39.16588618507417,2.503352927408227,0,0,0,0.2619537905238297,0.6116230072202665,0.6663537201268969,1,21.923207486052494,2,1,1.6101349334356119,0.7641730582397868,0,38.07003435982505,1.7176142913395602,2,0.46858672505960486,-0.09290757414519621,3,63.653486328809784,16.138104532647752,-6.219041826307516,32.49130449866228,33.61495933159412
1,2,-1.075698227168745,57.39525836996593,32.04106465338547,2.9897927663497574,1,0,0,0.8657094992424577,1.0732201874229883,0.9321164621353604,1,26.0521874748271,4,0,-3.551296088897198,2.9429062203960794,1,16.009242353087632,1.7965409817794913,1,1.899773141202398,-0.38771614240690044,4,70.09506303345067,27.66529066797422,-6.98958560577429,24.390640357740907,51.489145635342354
1,0,-0.2696690211691087,46.61468274503606,23.31835140436635,1.2423146008047463,1,0,0,0.5971738539260837,0.5513043419272988,0.2016926383951026,1,31.301416611820642,2,1,7.729777950251911,2.8089442351206513,1,38.79467220334234,1.3082330765380221,1,-0.084239682127012,2.4768529716195533,2,84.56194455894813,9.907074128538444,-7.980462485954379,21.971616856835805,23.709494076087474
0,0,0.5063083340380122,52.74141861093099,14.699532023985713,3.348502628480457,1,1,0,0.5478462186274247,-0.8871425863553862,0.0976857047179765,0,23.222396539725104,0,0,-5.060032282018715,2.3976860027965206,0,72.25628743908571,1.971300426180989,0,-0.2866836879980407,-2.148971245965062,0,67.34655597776367,18.5928546754177,4.717606076498544,6.789831834665085,37.95816239983879
1,0,1.9120419078007682,32.11183675843309,17.362708507966477,2.6284788862943675,0,0,1,0.1852616285443034,0.6485923911885721,0.39978687856515877,1,17.385042474911252,3,0,-8.520080948598498,0.6556751238638722,0,53.37512599919485,1.4737590717522924,1,-1.1767322537043328,1.2194253092094411,0,84.96949357879222,5.224436756855204,-4.624347358875076,4.294435629670767,26.278409175007134
0,2,0.4678698541661992,38.88592044258924,98.200660706729,22.379772124996347,0,1,2,0.33325425891508964,-0.03470880399343442,0.9935728930790397,0,79.15546345910968,0,0,-1.6155415864072857,12.29771495859317,0,45.06010737878196,14.75061028760468,0,1.4448739771133292,-0.15927200871780725,0,1.8476518604381709,39.63748688612902,8.610160235335421,23.41911607960053,19.688763083440676
1,0,2.6507901145311394,52.171726159424715,68.26288806989078,2.626133285420554,0,1,0,0.4905013877527568,-0.9608655088099665,0.9943703235888202,0,36.42510583154983,2,0,5.186024244521871,2.135086423134827,0,19.471530534657862,3.2329135056132796,0,-1.3850414080595452,-0.9729183107816766,1,39.6136021699028,5.022582469571695,-1.2150345643117042,15.693858466707262,25.459617442953103
0,0,-0.6685878530244422,19.742324648018005,71.27345103754321,5.013080434791592,0,1,2,0.05975422024226246,0.40415188396932133,0.1900161314466366,0,55.07920012223805,1,0,-1.831628818417414,2.3442723890151163,1,48.97673719581226,5.195027496129463,0,0.9584772267968646,0.953326212840004,0,20.22566916231017,31.480491017576945,5.889541302325343,12.913099589137671,42.300729707489495
1,0,-0.4655277527847792,53.0779845993764,16.043555976692176,2.008883898454681,1,0,0,0.6720939169511877,0.20361186811637652,0.5836001494102313,1,21.184047027137716,2,1,3.476323242174395,3.2836504713639596,1,61.3308063554857,1.2786144839778881,1,0.48683572474963177,1.7294933926815346,4,81.99336397485072,12.625112954787628,-6.866369568561932,10.092195586107543,44.00366889244017
1,1,-2.4799118644541522,44.88594374529622,38.65206021721851,1.7434930962795887,1,1,0,0.637883654812457,0.9513643234494821,0.0379976164040256,0,23.205194148303505,2,0,-2.1992680336546684,2.621909205618449,1,35.227511076659006,1.9062865882664977,0,0.27884258792784783,0.4732714381936582,2,62.48542739926764,29.422758584420087,-3.3933387682229927,37.41693882296875,62.1963067225535
0,0,-2.0471691379143877,48.98956810340307,71.04068047422557,1.9684349422631824,1,0,1,0.8141941306738103,-1.0514150959025281,0.4119673206521659,1,23.061935809742835,1,0,7.000647793358823,1.2523189143235212,0,62.262922778894264,2.5046822087633944,1,0.776368012460647,0.45632944922139923,0,50.40731827636912,22.816852767545114,-1.4669369727548442,35.83987670959307,67.3925131272205
0,0,-0.8653359164323392,37.88200392831091,76.36164450832548,3.033244885977278,0,0,1,0.2797265266225659,-0.9721843378424001,0.9229744555238801,1,34.554715942233166,1,1,3.197777297879245,0.8373838195458244,0,65.37137566903915,3.0812562905742262,0,0.9091135814497431,-0.11746839424719736,0,40.59184521700935,26.77364127020376,0.4287372891001553,6.309282845703914,53.46048254628703
1,0,-1.2693551703791646,29.545976223694552,67.22234679611536,1.5925396037060136,0,0,1,0.20023730512139548,-0.09308030312429784,0.7478468503390464,1,23.045373875222353,1,1,9.22183776060367,1.1485256556371346,0,15.996015400963902,2.3868049884056974,1,0.07230787563306655,1.3189623827295085,2,65.6537066362214,14.588342085999198,-2.5751833089982252,20.70765711172369,50.138499510780704
1,1,1.1641383130178506,47.05415651319669,27.307890867566464,2.4031138508617365,0,1,0,0.3383319277029396,0.9822426259646885,0.6405377198307599,1,23.360923859888622,4,0,1.333776404320659,6.657609781176265,1,44.21332687769638,1.8583656919883158,0,-0.8796803895150238,-0.34382141591155096,3,65.39993322330955,8.405997134479719,-4.121189038500599,9.370394394798698,26.135454062059946
1,0,-1.0025099394024584,45.659792481393104,27.242037432364313,1.7619049877355515,1,1,0,0.5457526315144997,1.7750642790650037,0.36083285903456036,0,23.611565369664813,2,0,-3.274462995898335,0.8919530389446528,1,52.490295318206535,2.0362038186239952,0,-0.47659603682591956,-1.105561862389264,3,70.85522076064237,12.833370006400466,-5.884888731425421,34.39681663874385,56.85069731658908
1,1,-0.8982120492973585,46.451644171006066,14.242350287412586,1.1393071990020203,1,0,0,0.5387499153559359,0.3794931037458333,0.18018022623319702,1,22.594334617995962,1,1,6.79440111810549,3.0275333367085877,1,8.387162078832354,1.431361391817474,1,-0.006147445174818467,-0.7660379174584053,3,84.22032701327689,8.543062002579365,-5.172595953135689,13.464406833789624,31.296293259681704
1,0,-0.7739609360570061,66.62773066149211,35.29003384216309,2.3600703175955,1,0,0,0.9863772734424807,2.1221579803082786,0.987315300197462,1,19.24427448000234,4,0,2.466341159508275,4.9348328092863945,1,44.90117532904178,1.684211277848083,1,-0.30492136422247773,-0.8028583968062994,4,73.93651248531795,19.483574956899805,-9.667544750327899,38.32953842555159,35.20332628114304
1,1,1.1495611198246305,37.27152430078387,35.17594050306544,2.3835939345227795,0,0,0,0.1829276792468038,-0.6767530647984795,0.273019785104177,1,24.78344765877899,1,1,-8.99608091623503,3.4731355631563465,1,15.077000944220625,1.894892877059812,2,-1.2921682299541168,-0.16031541119523254,2,57.445929067637,8.819033322112661,-5.661159261580914,15.267484143628526,24.639421113805415
1,2,1.7422477752676542,57.429100567251965,53.5757782331849,1.9926017356826946,1,0,0,0.6146496550474797,-1.4883043974222172,0.2679586586209596,1,26.064656200224796,3,1,-4.378478444703456,7.982055048397992,0,10.41291030606489,2.0147952811401986,0,-0.9479554342321571,-0.6852382384174872,2,63.9382963715347,9.399022483240804,-5.471141409550012,31.040947480288672,43.0371010691364
1,1,0.4393222641894833,55.879078356477585,11.160850893162156,3.9825622981387285,1,0,0,0.6251282201270515,0.213329682862331,0.438566466132788,1,23.612910455938916,3,1,-7.32006470815452,5.025855033767901,0,17.102005610766525,1.2773929379666866,0,0.07871201814364917,-0.34405924848470526,2,85.55923199876455,26.007368786723283,-5.296651693949395,27.259594517941103,26.354428867099188
1,0,-1.814042808406721,52.54432850458029,22.629795733400904,1.8722270068766553,1,0,0,0.8308711987718683,-0.07610623324239246,0.5305271074593302,1,27.32223176599622,1,0,-3.6291949323418295,3.2288677495542393,1,18.91358774301356,1.4354022696619995,0,0.9927219127328308,-0.10028903134648569,1,75.63757359732814,17.581588205075292,-4.047855964749441,5.57928333784165,68.17993229438719
1,0,0.6307512295391322,32.203075607587685,9.286163313212931,2.804733212154067,0,1,0,0.19955357088750042,-0.43926625802176966,0.047604505183472035,1,28.446246036778913,3,0,0.461874005915206,2.8323033369127413,1,26.73599090780683,1.3703845403518684,2,-0.4676415865477314,-0.16641867855311818,3,83.34467088232405,14.518860483319154,-4.526025755477924,3.186843074772401,23.992896735763697
0,0,-0.34537326596811313,19.203506402686966,83.21550930735332,11.943461395539096,0,1,2,0.1080502225454047,0.012829652756428996,0.5957835694419469,0,60.99648911149693,1,0,6.772178647306589,5.146800872480643,1,10.786650252015413,5.684174289893898,0,1.3503926418304486,-0.7321923075454491,1,20.826117310460972,39.58834335573768,3.6090866830943718,4.45478572794374,26.87785962934675
0,0,1.5395641982231592,27.323652812462555,75.99287602470523,4.8482085862233495,0,1,2,0.17756161421432276,-1.5662458793561604,0.5589364043986181,0,46.90032668868818,4,0,-2.546287902585867,0.8631891651875895,1,53.60096846842961,3.3865137928928624,0,-0.8077873764733667,-0.005959455105929155,1,34.572962568771814,16.693602344432236,0.4323557738644759,33.09728897316957,32.43038965068985
0,1,0.547041287016135,46.99200584157528,78.05986544897256,5.665991844763443,1,1,1,0.507780713163785,-1.3106201750815103,0.4922080293233836,0,56.300613227050235,1,0,-2.715843723043257,4.100497780295691,0,60.292608053449676,4.733500851934267,0,0.08932083103792315,0.5393255401720853,0,24.015887685380644,30.517581827201205,5.222096107352616,37.351328761725156,22.734239370352306
0,1,-0.23952433182377283,68.27773735653673,11.425283175610963,1.8945029696313245,1,0,0,0.989093485778652,-0.944780159661616,0.5684396747318192,1,23.382878682673205,1,0,1.9749325831098368,2.3084252934285345,1,79.29206737750847,1.3240420102749488,2,-0.3866750642411828,-0.4055722271331369,0,84.5043764961998,12.868399838178721,-0.19105862230816406,24.217686308135175,69.61998059183466
0,0,-0.06652745055254751,19.898069922669915,81.00174172083658,16.292299832829393,0,1,2,0.12420681898269093,-0.08492878579809937,0.45860025609254745,0,75.4742512583133,0,0,-8.231485707415167,2.4484040422442943,0,71.5809452938924,9.187985189497994,1,1.379761702419301,-0.29326545161819145,0,6.521084724891823,39.63548850181784,9.54039089894323,4.799893709842154,50.73204817205042
0,1,0.39700738270429986,28.061086846679384,74.54329287672073,3.638495810765693,0,1,1,0.13045529542763123,0.5806690119704675,0.6127365425956506,0,57.379312036788235,0,1,-6.206792106098723,2.0894128551088613,1,17.686267629210256,5.278656922721414,0,0.015985353180844517,-0.13947090036818893,0,18.483582864258814,31.094642983376502,5.588869017701006,18.219111074998537,25.694016992848656
0,0,-1.9278125086206603,28.87858079936586,72.78242693514153,2.3232236045941845,0,0,1,0.194718332682913,-2.5475627703921777,0.5881771932692904,1,31.24000162344612,0,0,9.780165150453165,1.4392910627503719,1,40.869037347871824,2.968941700483987,0,0.6525221642464273,1.0268920268876094,0,46.11645608565089,30.188632626674597,2.4301770013034663,10.814763596328088,65.58289745974378
0,1,-2.0661782327990297,40.82687344058549,45.5504483530042,1.992086920991059,1,0,0,0.42983952855676094,-0.4627614993990007,0.5001549126117835,1,21.274034746768614,2,0,-8.299856639270464,2.619379372899711,1,71.80172595874801,2.2008348397586834,2,0.9955992146601157,-0.38480564288355723,1,62.071778696082326,21.0171498758896,-1.8736407577321135,9.870448095771883,62.90012912210426
1,0,1.3861168009875828,62.71751474834303,3.742560283223101,1.8402951667259146,1,0,0,0.7109479508934564,0.8953649913906986,0.4704640572168284,1,27.154953314405475,4,0,4.354655155642007,1.5759567651478974,0,46.25059266420426,0.9371211669108674,2,-1.0453256625425682,-0.3317285712682271,4,90.84622359476691,8.570351344536014,-6.5634889942789805,12.462595582981901,44.129110688525195
1,2,1.240718065778164,41.345105681577394,65.71841368555809,1.953637264304816,0,0,1,0.23962618948291337,-1.4288109430968217,0.49257928219226454,1,18.976900518818315,2,0,-3.7741629468204145,5.459034351993156,0,5.436360874402086,2.586811760030984,0,-1.5269633261146842,-1.4336915726664183,1,47.79277970172043,7.263300522529292,-5.318522986286517,28.783055148521047,30.850862858691883
1,0,-1.0801364833385718,66.40736528955925,6.922310425800305,2.5184778276455106,1,0,0,0.9528834812887904,0.48024776704305533,0.27198696304642117,1,28.04310194363298,2,1,4.917870061712549,0.9963676410923233,1,69.10970755398438,1.24032662270232,1,0.6446073294948016,-1.0351428184029308,4,87.4585615301823,22.88069115848215,-6.862701312417543,25.661533931057754,64.95456817751403
0,0,0.3182043094399393,18.06359072366274,89.94150850298375,23.02766572743531,0,1,2,0.047801663248978,-1.272914205290541,0.5571951921913143,0,79.91886552591222,0,1,-7.33840583922478,0.3412152209607401,1,4.902065616412963,20.87405875019873,1,1.4724453217824502,1.0195844104289198,0,0.48581530644993265,39.91395813084737,9.99465896921157,7.011275171014573,30.496386519262586
1,1,-1.4436295864650242,34.012284683398654,36.198886338807455,2.552894002339323,1,0,1,0.3490031046511771,2.0982968832579485,0.34362963538729197,1,22.26068198000483,2,0,8.264047742174423,5.069956072541937,1,18.869521006269146,1.8949216935692763,0,0.3244382578906099,0.750199039154043,2,70.62977076933485,24.340619742615193,-3.731110012266365,9.36703867733847,62.83724874684292
1,1,-1.7297524209094643,65.83224614448648,49.84956829204063,2.17952280467639,1,0,0,0.980172314064073,2.7574002998718696,0.47139640569447294,1,24.2751893939211,4,1,-0.4608910405239648,7.067251993241089,1,75.15438196831636,2.1057773770808708,0,0.9836195843733417,-0.06918616221926571,4,61.114439898416364,18.330278924128095,-7.295135041839762,39.969043992161396,48.91949814329057
1,0,-0.6023701565589715,59.52413781488924,19.6797384642243,1.5733591283084007,1,0,0,0.8610103049575109,1.6858914775059899,0.9196431805878447,1,26.04772204350221,4,1,-5.456088191259678,2.4741117508424844,1,51.20077141606076,1.5114186554439266,2,0.4961182318161178,-0.4748247190678655,4,80.16661056485144,11.253926226537452,-7.977022616835408,20.412708179303465,55.83468877278133
1,0,-0.16657581111675876,35.55067214682485,56.1271236442798,2.018627281954572,0,0,1,0.23067240417583001,-1.1411177821725638,0.4118806925189689,1,24.11692830275237,1,1,3.53647873289772,3.407121978489547,1,32.79269452750417,2.9262375300366683,0,0.9427983946238612,0.4892483323813795,1,56.07623971435437,9.107592334171086,-4.405679842595207,23.136222500928405,35.60606457142708
0,0,3.1925912544485713,27.87220307410002,61.82129659143639,2.035151198127523,0,0,1,0.15593272610069325,-1.7738938248081753,0.2649555564712929,0,17.05282823834018,1,1,7.477732662506547,0.891704959601915,0,28.673821245236674,2.729116727722567,0,-2.3715585463230693,0.24518069852870078,1,53.28935392785489,13.322021335757384,3.2970085768079436,18.737550828044697,26.719363073964097
1,0,2.328028243716426,49.87016651157545,32.678555519492186,2.241564947807266,0,1,0,0.33281181678930194,-1.1876521817934547,0.16338775674976241,0,18.851416753172394,2,0,-0.18192207398688787,3.1524853074625616,0,3.228125238757329,2.211650007601299,0,-1.6164900375761044,-0.3722926245868936,2,64.70529541600001,13.724796816833258,-2.0413474739304434,29.356458063081426,35.78911930246361
0,0,-2.6784000711660543,26.703699446082958,95.55157658520763,3.9748993507903103,0,1,2,0.2682555695451759,-1.1196896490362103,0.5756067905694883,0,72.84495051320351,0,1,-2.5202084120412387,2.225051357278761,1,44.69733338201357,8.46121276634879,2,1.983514197798813,0.6172250067986387,1,7.661305764287474,37.37204957273693,6.418743886569558,37.81756277625271,67.88704647515115
0,2,-0.11943281593970591,51.53799014667086,65.96473895570851,1.7640304130117157,1,0,0,0.6633660898037166,-0.5194831522754442,0.4004275911978358,1,26.790069942941717,1,0,8.726852160219245,4.513077805876604,1,47.91584335838441,2.6570772177002295,0,0.6908785300663856,0.9236412625629168,0,49.59754686676829,11.340359018607803,-2.218715756625981,25.52491217925681,56.14449325032396
0,1,-1.14571344460137,33.94788550953055,79.62227010927336,1.1111751031352044,0,0,1,0.29196851181570893,0.23775759522357387,0.9522722038934681,1,29.78543449424339,2,1,7.356113651216845,3.861988591656885,1,8.816095283188972,2.8666920280995853,0,0.13260290361934046,2.00828447151,1,46.49013272755725,12.704810025811483,-2.3074476962062125,11.68105687641461,63.07839318496099
0,0,0.6072102364957571,21.68091066756544,62.230950251818044,3.947393668053056,0,1,2,0.10084907000952081,0.25622383430292456,0.38209172319810564,0,51.22205274029241,0,0,-3.446424956560392,2.735880232342659,1,14.052269830886232,3.458757540042567,0,-0.10213084972045375,-0.5292714174168479,1,36.24494972923624,21.971158087809126,3.9797253243799187,9.627820370083604,25.48575885978044
0,2,-0.7577077487724994,63.537622685125115,24.86062515126918,2.4049745717711217,1,0,0,0.9265452198320411,0.7656227717117666,0.3858798249193698,1,22.378742468767832,0,0,5.956531076589046,4.329970069015525,0,66.13954772104206,1.4553826753129437,0,-0.3012127802599796,0.45720794095291895,2,77.39299027447454,17.307968284554264,-1.7178281195864145,15.270157863209647,35.925578405874234
1,1,0.35230466686176637,69.83518733250128,6.5025010017408125,1.6437276776137997,1,0,0,0.998901663659138,0.6001796011771554,0.29828171682990945,1,21.352466976903294,3,1,-6.264161774093785,2.521972321464984,0,33.74253755961249,1.0690612664120065,2,-0.6219656924902436,-0.25322139680619454,3,90.4495564461719,11.276545259237658,-6.087094296240707,30.652091199373693,67.35151527303182
1,0,-0.058078806643809995,47.87658061320573,14.05236877514196,2.3482687658088874,1,0,0,0.4987757557639342,-0.7187320723461775,0.17850704620860675,0,20.702329097009095,0,1,2.7198924571158543,1.5825940577703708,1,47.959803892752845,1.3463018696226827,0,0.5951279716967584,-0.783797237100132,1,81.549956646901,14.569330860950501,-3.6049017261121516,7.067226313455894,49.62797366317798
0,1,-1.2120796098742268,38.26768573402057,99.67322767320698,12.519096637909792,1,1,2,0.40427263080493464,-2.195139542747325,0.20661696145434155,0,77.80355827534527,1,0,0.13117972076757134,3.9982172495544477,1,56.50662567627751,9.290904471404458,0,1.0618371986806938,-0.4457336324377925,0,4.7779295855011945,39.64809501162212,3.9123719021885517,39.97409695024429,63.0412435494318
0,1,0.45356360889585345,22.320308075655028,93.48556166619737,6.084673207669868,0,1,2,0.14321686698431896,-0.26129421529103036,0.9156280659496383,0,68.6372143199569,0,0,-3.2670549470271792,4.4861568743734805,1,35.34994945591565,7.418261107970255,0,0.1603010294084755,0.873960613707487,0,11.35812424919662,33.05934055228818,3.784397262694906,14.152976988754475,24.380578423837367
0,0,-0.5029072623409363,31.580496083925482,99.44452282554755,38.00677405607417,0,1,2,0.16665966116231262,-0.30595644348363205,0.9999993642295713,0,79.14149687811556,0,0,-5.171804272090622,2.9263839359662116,0,50.5043837422453,10.7646986508112,1,2.510862270335213,-0.13747320980009817,1,0.4956790992578286,39.991311839700714,3.315517094450019,30.74966508980344,31.262777858138914
1,0,0.06143122627413903,60.63017800133901,3.2385686582672104,2.2261705774046248,1,1,0,0.7991602094594772,-0.37753961019699395,0.33167863621353777,0,19.37084391726409,3,0,0.24098756514683473,1.0222991659176606,0,78.68636878280034,1.3140126514017825,2,-0.3113502429309344,-1.0556611743483038,2,88.12213881865453,12.693134681885422,-2.4539111874392994,3.0922826178187357,48.58300745866201
0,0,0.34101010386454034,21.51298018589789,83.01585415708375,8.579083616732698,0,1,2,0.10667242953306588,0.33372436790292054,0.49104963207193936,0,79.71016880359444,0,1,-2.2476542838742564,2.621076163925993,0,43.323478712397815,13.636428033139659,1,0.08358054973116033,1.445619414687009,0,3.8132678518214447,32.945799826744995,9.853421639503036,10.765972618735592,34.57056740365125
1,2,-0.7536403106447149,59.396299090440394,98.31576616540711,6.667581870817017,1,0,2,0.8165666234729622,0.30090171466181326,0.7802498922706871,0,69.36445957253454,1,0,0.8331920069748744,18.263612465138085,1,63.56140692014537,5.831250485346003,0,1.2967614966028065,1.4074706069445126,1,11.872482334526897,36.40288460648542,-4.094258587351661,39.99807706704088,39.962830624004475
1,0,-1.3177426026447931,32.09948409040733,32.809902574400965,1.6715024848881521,0,0,0,0.3136107573102114,0.6285380236946155,0.5936627096771885,1,21.71369706637475,1,0,-1.0173456385544313,0.9518432913476484,1,52.346756826208285,1.8216633472977382,2,0.3173833863142254,1.19050307177032,1,89.64950439414122,11.81631072679387,-4.452505101423913,6.407201171441132,37.7367519150064
0,2,-0.39149103876839747,49.12699160641655,72.08081494420772,1.6996068068921841,1,0,1,0.5615901206598645,-0.456479331846528,0.5576888529445184,0,24.64197657383163,0,1,6.520700188124714,12.730185654501781,0,17.897664372774365,2.489226045032975,0,-0.9605767234949233,-0.41121942106296994,1,45.553141332448575,2.2774750333801452,0.7046326369590954,15.888752969424631,44.49390633353161
1,0,-0.14725394445084916,34.68735425878634,69.42657057097024,3.5340355098337306,0,1,1,0.16814965415556055,0.8257968168445252,0.5292824949598653,0,48.92782303213127,1,1,-6.363362298848618,2.4788030446075635,1,46.2501539089347,3.149017865254304,1,0.22772321457284805,0.26690036768095643,0,38.89703897101864,25.312724267488875,-1.3221326517668572,6.817508714678859,25.982093153224174
0,0,-0.42756787110467004,18.6529580644711,67.77713474307808,2.9873332403072315,0,1,2,0.10425719400081507,0.5073012495609024,0.4281852599898225,1,38.924894046271234,1,0,3.2003176085036245,2.481790908562664,1,25.637643025882404,3.3303197027406264,0,0.36435315372169075,0.1503850105738906,0,38.814324564516966,23.477268520265454,1.7413734585233343,1.9806315665479457,62.60529129765203
0,1,-0.6570840840045775,24.957873596925282,61.357171817493715,2.3037383416264516,0,0,1,0.11908990562523136,-3.0599450180929426,0.28951890090158294,0,24.63280854098138,0,1,-9.403029566569302,3.425409220325134,1,15.747352618111927,2.3473328423951494,0,0.1947049858955423,-0.405776784316595,1,58.136952399963704,17.88389739318909,-3.0595277758231276,12.825332313109964,53.19032686605353
1,1,-0.046724909170052766,52.685698194688996,52.493485901785995,1.6187949796701644,1,0,0,0.6682203458642464,2.2079852695981934,0.5249830182639899,1,30.149718748369455,1,0,-0.8756414601843296,2.4820069756179692,1,54.42965154146701,2.2181827080466787,0,-0.3468043075101344,0.7611073188599853,2,82.97279011279667,10.484373548745955,-4.630462589506883,30.789842246578235,57.32297206931093
1,1,-0.3485250136135961,47.988178539264766,75.48154632166262,2.376732996081029,1,0,1,0.49177432979200625,0.9782643438888019,0.7177498261486471,1,35.60071056331245,3,0,3.445575028611856,2.0586914114566057,1,13.282253504216754,2.857799388533677,1,-1.0077939549125954,0.5658623771504678,3,40.15986681302855,15.68436393824844,-6.368422986774229,39.52492635988284,56.07810881785988
1,2,-0.29888263622392935,67.12417966434641,31.572005098309507,1.5650909592297657,1,1,0,0.9699700120955587,0.31616931579340574,0.6818713332106047,0,23.154473089587377,2,0,7.749043688416052,3.466311315022562,0,70.66829079948396,2.0415181175998796,1,-0.2504714748313397,-0.26742868048694435,2,66.10267721264069,10.34134387889158,-3.297979516753264,30.64733768459467,37.776317392352055
1,1,-0.7296080467077317,58.262202784215646,20.348037647049967,1.78317434346084,1,1,0,0.8513380849218968,-1.0912260522168533,0.3296160312237659,0,45.00957546584666,3,1,-5.4020767503830935,3.2736424101299804,1,74.54669209386395,1.5494069027114334,1,0.14763306094705123,0.23723805553410118,3,70.34043030707664,17.565415561589013,-3.910080195318204,20.501100451072585,49.650577260025884
0,0,-1.9841079220316482,40.000577597056065,70.21330445912429,1.3269750841316545,1,0,1,0.5011774397251654,0.7922146476455928,0.5846540007455415,0,30.06797069928622,1,1,-8.45251428446424,1.6118760597396047,1,56.1396759915154,2.769712707186806,0,1.863273019099502,-0.2881541371708724,1,47.46289523702948,13.181260515387487,-2.1707425450417634,31.63968910674052,52.20427829993045
1,2,1.5676514037036737,57.4365367634504,72.3314149424731,2.7172470183048962,1,0,1,0.6479759901824471,-0.19709269239759225,0.5660540878164207,1,21.77696597025053,3,0,7.047596147906528,22.23238225052063,0,15.874875673654607,2.345750706085797,2,-0.8821708055155941,2.343114700201844,2,54.108964056701545,10.336321753495938,-5.718392941777309,33.04049202692849,19.56636148793321
0,0,2.4231880283062677,30.86546507275733,57.788958307365924,4.955327152986357,0,1,1,0.2384318610652198,1.1126056503478692,0.4285336870067007,0,36.47087959702476,2,1,-6.788647411807399,1.1019177295947873,0,35.532483946934164,3.809849739663244,0,-0.7911689580825175,-0.15703277092107912,1,35.376243997739856,7.562000849108587,4.183005630717327,19.485630255704372,24.808453707308423
1,1,0.976157234482523,54.41313414814131,15.156748214974014,1.8295802118433822,1,0,0,0.47899946667073734,0.16734331373462127,0.14516855454132216,1,25.76046012797871,1,1,4.5318850643099715,2.8543008441601128,0,65.85264871691999,1.4755294715256742,0,-1.4179538990868332,-1.000878294303306,2,83.30372093862184,11.274774693153686,-4.616901009151624,12.196110367104325,27.71969506892322
0,0,-0.12282757587571114,23.713767000245046,58.46143846323607,2.014920687347113,0,0,1,0.15176657253464104,-1.1324292286708768,0.2754139757994725,1,21.999566260131694,2,0,-6.6351233401999385,3.2906494314049333,1,21.43662889038368,2.44711393392696,2,-0.4892938878180654,0.5095334388687188,1,55.72966796341233,8.81599041883214,-0.3813941822376705,8.61945118022539,37.097425771091324
0,2,-0.6084537213967457,52.79781550345032,94.99564013644307,4.431461845555392,1,1,1,0.7161257254483482,-0.8154484425669448,0.9294224736781239,0,78.93628327413309,0,0,2.2869063287196276,6.9831442824439,0,47.2929045801261,10.242768616882115,1,0.8203198854037043,0.6845672411769195,0,3.7941674442978526,30.23878943090243,8.535542072866377,36.23679067747568,43.580387115468994
0,0,-0.9711090778923734,36.780410253435065,69.02960989356386,2.8198513074227107,1,1,1,0.37944989246586147,0.07761362194600482,0.7874891714817788,0,38.518667328700886,1,0,1.4840876541404828,0.7181652008506758,1,48.02505717798817,3.4606152971789452,1,0.6589892515231179,0.29486819418013643,1,38.5823491614411,27.46223052234886,-0.9197288024104218,28.938429347714717,47.88915354558678
1,0,-1.2362949994794172,69.51793554751222,13.788675068018346,2.3648332036946136,1,0,0,0.9988122901523445,-0.5028615896597781,0.8108935920829963,1,25.011290615583263,1,1,4.395818120584762,2.663288419169073,0,36.95505415430743,0.9315971478044569,0,0.6445337828785525,2.1658320299160088,2,88.34037646013616,18.49213350815282,-5.821515190371472,11.460969117037331,69.78844995432755
1,2,-2.077846156259784,68.89156074108007,5.799102362644732,0.9836133193936006,1,0,0,0.9982915548607474,-0.13805967178129522,0.06374118091641684,1,32.29311435159107,2,1,6.288784662428689,3.2321562918372604,1,77.1927615876113,1.1039546180506432,0,0.7685674821089717,0.3420733330069909,3,89.87094267386297,14.084879831507674,-4.052324795827498,21.40269726877243,67.65666379886511
0,2,-0.9737724209502936,69.28381021934874,85.23891003587596,2.3172275235191018,1,0,0,0.9991637759016567,-2.2850496102727487,0.8587622563173585,1,23.168958350456194,2,0,9.999990670068001,32.288772660794216,0,77.8873453706539,2.6514420795921323,0,0.572718820296143,2.827807462910276,1,42.48483169074933,20.879600581966898,-5.937342385326011,38.2536690803495,67.73372103639171
0,2,-0.023471695700404104,50.46132784109788,78.45251503144152,2.533332379839862,1,1,1,0.6782410778489901,-1.1602410993617895,0.5608142896196082,1,38.59864324923825,2,0,-2.6121393030853435,8.964280284460962,0,36.19221830186743,4.095923271912258,1,0.1980663195054595,-1.0483499957094973,1,38.85276139860611,15.884389826558046,-2.720896107617805,33.9479896138305,34.690556224089576
0,1,-0.7282598319881018,66.16420486022976,31.021854643717038,1.7306182990171042,1,0,0,0.9738714700972977,-1.4202045368352159,0.5784592009919232,1,30.26352330825329,1,0,9.748132166514747,2.0222515152096956,0,77.21546958252904,1.4917182152433217,1,0.173969692442154,2.2332932797145664,0,75.66559395101082,13.469500827624382,-1.73035816152494,7.5239914137819515,69.90536666858931
1,0,-0.5085767183802999,55.20629082437979,3.9823198213480016,1.5391892056530052,1,1,0,0.6193820991315707,0.2748901063423449,0.1111975553196235,1,18.47480535833968,2,1,-2.811112076664468,1.5878133080671462,0,52.918282262221666,1.072005846099728,0,-0.37680736290236805,-0.534632438437469,2,87.10193583326813,10.364769677962627,-1.877619712690418,1.0331391769452747,61.47389396059432
1,0,-0.9514699820397251,44.6237598002586,15.529689506292977,2.062364395790625,1,0,0,0.5843149849860455,-0.02231331021615728,0.5656238179540033,1,26.578019021493205,3,1,5.128048857901593,1.1305808843312364,1,10.058118716591453,1.3032542038354629,2,1.3261348923353256,0.03967480076851924,3,84.33177621874644,17.13073796319075,-6.85723839492244,16.255902006241293,59.611332261198854
0,1,0.9073383942410975,46.32549381961313,42.89136121458566,2.116079836553981,0,0,0,0.4359149310989405,-0.01941523973134569,0.2718836827147066,1,27.134288464547236,2,1,7.815509040209125,5.559584597626642,0,24.523421669289625,1.8868472009751434,1,-2.5992982500116377,3.628457841998748,0,65.77525294548379,12.915529367331711,-1.6242916542944812,3.461720828367423,50.28831680349807
0,2,0.28585698119953307,45.81951759309413,99.1923827502118,19.631902677329794,0,1,2,0.36140746447778604,-0.373547297469107,0.8240276626200145,0,79.30419242160664,1,1,-8.808084534768073,16.03061734275568,0,23.596204270735257,11.077610531378854,0,1.4822164923857941,-1.2621896529330425,0,3.154893675492343,39.66520641088373,8.058924106753299,39.341890974240826,33.9710428381009
0,0,0.1867289073249533,33.629310204363684,72.81342729087902,2.5578323279035216,0,1,2,0.21902193750590448,0.5441161014531467,0.6033853332577928,0,36.651557455404756,2,0,1.976923910715211,2.7066726592071264,0,8.980187172130965,3.022255015659489,1,-0.20064748651069833,-1.0365597951933678,1,40.49245766707985,12.224329631778609,-0.44268501336935984,15.421933417153099,30.88973101356414
0,1,0.43944775103239025,33.34878324772896,94.48977849096336,7.4564872511557105,0,1,2,0.19812380120486367,-1.5170485794041078,0.7395563093821034,0,57.309609909596624,2,1,-6.393028904233819,5.009809705191175,1,32.868251265374454,5.469241693131684,1,0.017819430973300986,-1.3481181359009424,0,14.53567145355446,32.51355371256285,1.4865838419978878,30.572122953430927,44.59350238855977
0,1,0.2802420790058968,44.3042117418661,95.90109425713409,1.9707523925512194,0,1,2,0.3615762028481203,-0.20706504155136957,0.8333715842587011,0,67.49909701933807,0,0,5.254056571328897,3.2198954939214266,1,40.32432366830874,5.3787174281822105,0,-0.5893265639591596,-0.5189467663462543,0,13.234766458600838,7.6583285455805665,2.8452333534686645,37.52605241689863,67.30143913986815
1,0,-1.5254642376510714,55.48120266500858,53.551299439194366,2.0663637764191036,1,0,0,0.8474979439178294,-0.27530029874583284,0.5867392709934461,1,20.413664237214814,2,1,2.376362726255179,1.428732721120439,0,37.429819740828336,2.1675581329229763,1,0.8753711412426585,0.26222396989940494,1,61.19690299423548,29.656257732813486,-5.688054063031688,37.31643894087775,57.95393454422713
1,0,-0.5371695972769639,64.62096759259157,59.433596509679944,1.342188829928169,1,0,0,0.9409113209462692,-0.633133518772559,0.8260453070915581,1,24.919247954857802,0,1,-3.30055932440517,1.987686429465632,1,67.73149856711184,2.375211691110801,1,-0.1459629869564494,-1.1493185481886101,3,56.444208137514906,11.474486228771037,-6.804486357343743,39.42339627360008,66.61545941009555
1,1,-0.4529493094990672,64.95841252189174,9.598569699738956,2.112708673948335,1,0,0,0.9166033082996152,1.1311659938969723,0.8121617622868831,1,24.887802554440093,3,0,8.47824357851097,1.984737615380018,1,54.60767295452912,1.002943261544765,1,-0.037880017376564275,-0.38597874556679845,3,86.89643727439257,14.513498283384251,-8.471491485183327,23.659534312462632,48.31004012467241
0,0,-0.6862404006420989,55.63272085258514,17.261803502650768,1.7267444233777876,1,0,0,0.7286286657895572,0.2640329940478687,0.21355489494271462,1,26.98800729719646,1,0,-1.3885297475043838,0.9971071538785605,0,46.83654288735953,1.284533329373352,0,0.0865332062902407,-0.4312114568188901,0,82.96130504334371,12.239194466699232,-2.1341651328055713,5.101026916053588,69.07741974784136
1,1,1.8000464256215978,69.63289135876958,4.530768351349396,2.3232119185917557,1,0,0,0.9896308950378512,0.8035611073420625,0.6513999497516776,1,31.80221255643751,3,1,-1.1620553613562592,2.685314648652759,0,15.420553743728021,1.126898032289923,1,-1.2786573144258009,-2.220994618945945,3,90.51929093432516,9.228847267436993,-7.965928426582687,26.59572963462962,53.59300204431549
1,0,0.7060022440684413,34.89321871347994,39.11396564005471,3.4552742345655676,0,1,1,0.15164248714534384,-0.4404610888805728,0.771619892504567,0,22.128431540355145,0,1,6.876782521276251,1.1465191569903057,1,36.503511096547115,2.50207234226195,0,0.06862684386432726,1.3537860122385164,2,61.6225593797809,13.650632619943742,-5.636501577505983,16.59280692106148,28.96154554164966
1,0,-0.8697040240203578,55.547337226027004,6.960814127469034,1.8995287553408544,1,0,0,0.8195001445189743,0.8918134725536896,0.14178127336858343,1,23.6418942847014,3,0,5.426272822210262,1.2276307248312364,1,79.04355951673737,1.1292036753664714,1,-0.1743758819946679,-1.4320534695135383,3,89.20073959652505,11.866215751079213,-5.869042237323383,18.338828603188126,49.623819039038864
1,0,0.9347453070593326,45.315285362909805,37.88658212448572,1.9065841567327393,0,0,0,0.4230798586478846,0.7892389150824866,0.805257691536514,1,23.335690737345587,0,1,-0.4419874585588186,0.8925423957719464,0,64.91964129542826,1.6121137986243368,2,-0.8604580176071078,1.3254847907646017,3,71.03384010772193,8.18627165586381,-6.531557963561068,20.941774874902656,41.076783110059004
1,1,-1.817471780947899,64.37451413183877,45.2776703700617,0.9441611288280075,1,1,0,0.970975208941879,-0.5250409198145477,0.8719839910238886,0,39.608297315026746,3,1,5.5516889237121365,2.688111344870148,1,73.2416001775307,2.711844790134573,0,0.39501560592858637,0.05852571909348552,3,49.51140504645114,11.289735224572652,-2.0957995346095624,31.604583764381022,63.10231604729841
0,1,-1.0960682848276246,33.13953337869418,72.89638295110659,1.7265151653895168,0,1,1,0.28408564696233407,-2.269306018667862,0.6267945373336381,0,34.238201977763296,0,0,-1.1620440207725107,3.321620843965631,1,35.88325953817613,3.508274426501149,2,0.44427644994556387,-0.35255210961771544,0,37.39335283731178,18.727406264684987,0.8408542400047523,12.170913048181093,55.17149916093426
1,0,-0.08060240580247101,47.59207789933296,31.623812733943417,2.4837687667110937,1,0,0,0.5015775029958341,2.0744943237579734,0.3207949518596383,1,22.88731657193179,2,0,-8.600199609926948,1.024525140337803,0,10.702189258068554,1.7666920356778872,0,0.3083385497757117,-0.35082473897235555,2,70.24793769745652,15.841022479387794,-5.217161738945622,34.579994014798274,58.296528443759044
1,1,0.012394960816336573,67.33284501141021,19.3165938197848,2.2507165021865014,1,0,0,0.9667950566849797,0.6619522444651618,0.54294573244097,1,20.327219602273246,3,0,-2.3692671389385733,7.062690728630579,0,36.170328146868115,1.6613494427309965,2,-0.2019423412761576,-0.09504336855917184,4,79.00993957996118,10.947917907791151,-7.3618251047487195,31.051445825919192,44.219737033005785
1,0,-0.7708660836249795,66.19711385943418,12.834346330169089,3.65902110217819,1,1,0,0.9696062004790439,-0.43510851504898196,0.4310442488354754,1,20.851799775995698,1,1,0.30530181986907934,3.7668841188081603,1,79.52152319175664,1.5340751846475986,0,0.9026046147131586,0.46580965389301643,2,82.68003653714348,23.500049115148897,-3.9919869258286926,9.847530575797364,68.45670504867878
1,1,0.8892956930271828,60.952238480504214,65.104199773818,2.4801613484139913,1,1,0,0.7624732145362652,-0.2595218796469851,0.46757665562530465,1,27.800103955989997,3,1,1.4937435092553386,6.884767588791682,0,32.479925364009844,3.443886242213623,2,-0.011043324284060834,-0.42657744568601386,3,44.08006837980572,17.12449679012114,-3.2193668356491667,39.75378621223145,32.981930343941436
1,0,0.8555362191101553,65.21196487710463,3.901149312120272,1.4878763776513155,1,0,0,0.9001761596518636,1.625410860343849,0.6357430129389294,1,26.49631072649438,3,1,-3.6217666505839645,2.5209825464354916,0,71.30615062303731,1.0158988227642383,0,-1.1834963088822361,-0.2735108236180347,4,91.66808604995661,18.021038017967022,-6.5118954062981595,3.9647924075926655,24.947585995858724
0,1,-0.7129211317091894,39.84819231371819,99.5612260044199,29.330899963313016,0,1,2,0.38164325331693344,0.407945093587348,0.9558827868753061,0,79.98974960619569,0,1,-5.279236882525319,1.126593704699894,0,53.398395627328206,26.328859700726596,0,2.5189517995899084,-0.25712272285203447,0,0.13043212544726068,39.98793883729792,9.708453928485532,39.655416832657494,43.67547878071923
0,2,-1.5105635008497356,47.629097844982596,89.37437258152778,2.609411041794,1,1,2,0.6785650281060154,0.06079371571957219,0.3214638337747556,0,50.17094702419471,0,1,8.879547041327577,10.852652700152817,1,72.68378028577698,4.34191469513086,0,0.5656978299896674,-1.1937747071380156,1,21.823448631237476,28.249911671709054,2.4897698574133287,39.52541008758216,36.048198043411176
1,0,0.13246062525797522,28.38062784679446,41.344298479192524,2.165447708278995,0,0,1,0.2186186048168508,0.273942260105221,0.1877249761148848,0,20.610770095239516,1,0,-5.028504684733686,1.091543679549865,1,39.634720497763055,1.7678440211918858,1,-0.3925579313346016,0.04547222571204308,1,62.533195300697656,11.363789584885819,-2.975905474076061,22.465905349741483,28.5234754887909
1,0,0.525771116176297,38.69695235825944,28.876574858020337,1.841159386010183,0,0,1,0.17415502941074218,-0.8054996999706757,0.5157987367052007,1,29.224204811986176,3,0,3.283022186542974,1.6781310759621864,1,17.312865930157464,1.776164873004879,2,-1.3548435885464538,0.2528984762152541,0,74.26856451889083,10.280734195690592,-4.016958225933955,6.113162320163113,47.77868499792838
1,2,0.24723302155882282,62.8604929695717,20.24371050595033,2.226892186327278,1,1,0,0.8422018704470781,0.43347149428957954,0.03220764077931426,1,21.632961447424766,4,0,-5.892436420693242,4.502987326488549,0,36.619987439454306,1.6276976577194808,2,-0.686176235552559,-0.19248068436659926,2,76.20059070413761,9.274541680254764,-3.9045627878240072,35.8334248775818,51.474904911223256
1,1,0.4610625879935876,62.79154370616615,9.738828778371506,1.1707609075614607,1,0,0,0.8617923429478993,0.6918478186678124,0.4443955773560254,1,21.38667266487402,3,1,-1.5227953454701186,5.035126401556538,1,75.33703401132891,1.278286190860418,2,-1.0082017005888235,-1.2657370560960546,3,85.53106097627317,8.991226341776814,-8.052122470419262,19.087848588761144,28.496919859215744
1,0,-1.5418672115966243,43.72239093565477,32.7332391699636,2.5136404916655324,1,0,0,0.605626438510376,1.2604507873036443,0.8796888516515073,1,22.42306738638159,3,1,6.155468703092531,2.4766768359820883,1,3.8226514901402187,1.558265720391401,1,0.9546698245208466,-0.41475874110728145,3,74.50519037117738,26.23806675244607,-6.1134117422864485,17.608031211889394,42.51349308152848
1,1,1.0556002930585622,66.40055985639543,12.364767692244488,1.807079980213811,1,0,0,0.942297093438254,1.6961328342220126,0.4419345060668014,1,26.165139999966613,3,1,7.837941735328453,5.081698414908534,0,46.958330408393785,1.0972377742805235,2,-0.8133350806584706,0.030980313228035454,4,86.53772394118869,21.955759071072514,-8.330563118561113,29.824193452936747,43.78842200550329
1,1,-0.2009137312823347,45.4818028490014,27.882043006374808,1.4845990874657848,1,1,0,0.4437007993112067,-0.4352256886640531,0.5808871849585804,1,18.393447270145657,2,1,4.369842333243152,2.4980405799406675,0,30.327554991194457,1.814125979475281,0,0.13160087944292642,-0.6140798930765647,2,73.73460805459382,8.99948877090625,-0.7036737594620099,5.809385791623609,44.1628521910454
0,0,0.24585717083228492,68.83338360462307,38.50092082227753,2.141978786378052,1,1,0,0.9763865128880241,1.589846986864136,0.9483916080334597,0,23.723659861156897,0,0,-0.9669625669160027,0.955435121088563,0,79.1208195178484,2.711081667737272,0,-0.1678028669974792,-0.9809168908033692,0,52.11132273660638,9.558352227673357,3.552394712178904,18.43677358473914,69.51719445726502
1,2,-0.03788295280914027,67.35734102633381,73.62747906667309,1.864099147197603,1,0,0,0.9683924032748905,1.3635335775701913,0.936841335435805,1,22.459425114896998,3,0,-2.439371895977609,11.12142096694137,0,73.8289151470046,3.1866044040144113,1,-0.18841329052456296,-1.6269699155287127,3,45.555217819875075,11.565004924028855,-7.476663093122728,39.48086892593626,22.578866359958557
0,1,0.4802400418501001,32.17815230283637,56.49915666476409,1.0108011132054089,0,1,0,0.2927759522247646,-1.3952977995539158,0.21924621989592624,0,29.486546850572516,0,1,-9.901134337096453,2.410467667450847,1,24.115052545402822,3.200090621030168,2,-0.8696195598808613,-0.39769576949097596,0,44.39499915414765,5.272636248970521,5.9809164638080645,23.956474570524335,40.380605866237865
1,0,0.21495935865176402,68.5123077104323,5.280005836161444,2.1208114323019474,1,0,0,0.9934851908893474,-0.5363214019929461,0.4746427246715176,1,32.005437109795054,3,1,3.0995959043988304,1.0562405754440634,0,19.225038940903477,0.928559830147716,2,-1.608376188563705,0.22543495193066787,2,92.22537438768553,14.641469978684416,-5.8305746743541995,15.464988652493357,68.85478236165584
0,0,-1.727120370357989,23.155277170587166,89.87168485275767,6.9830509119555035,0,1,2,0.14888272955851034,-0.29559188341656173,0.4479908873191616,0,77.16948869044285,0,0,7.8668964257732235,1.7129011650036652,1,45.955342827267884,10.73754066283654,0,1.9739288595468865,-1.1207226378531907,0,4.5213739267036255,39.07398598267223,9.071578731329673,32.62548145563754,48.181422933559844
0,0,0.4781425881099782,39.1167635227091,48.17752808996942,2.326270789417799,0,1,1,0.3250477398768209,0.25982814349661865,0.38877364030521266,0,54.88055946682955,0,0,7.661883026608454,2.915060279517191,0,26.932970480115628,3.837587032948156,1,-0.46765138925303557,-0.5798128010254865,0,30.365372246406892,11.048391978386185,5.105283610428252,12.869676063808548,27.811033266537134
0,1,1.1399812790206092,24.320038781953997,80.25281346489808,4.214872593170692,0,0,2,0.22499490800443422,-0.5957355157886022,0.6424452964766885,1,27.99598539505496,1,0,-1.5969537553649928,1.7478505964671873,1,20.55357392098123,3.412660348063859,0,-0.6405031544482367,0.2695139648257867,0,39.57387550152255,19.800848852307055,-1.6426512532035247,21.842684371537334,40.76020744693587
0,1,0.42996355917526785,63.881110529122104,34.90966838518492,1.4949053391956524,1,0,0,0.9238640020018245,0.26567861656932024,0.36655201980081265,0,24.27960689877752,1,1,-6.271954389409162,3.6500498266850685,0,55.09729529038484,2.008345264917783,0,-1.0590064398781391,-2.3090834549499304,1,68.86979244178039,8.24779782761508,-3.1209832063478498,23.84756989076174,67.04026640232082
1,1,-1.1215338764313862,69.66869220229064,4.708394678801842,2.0560773942728185,1,0,0,0.9994738071712608,0.3591999904543753,0.3983286230788251,1,20.081603192451574,4,0,-7.4244641292267275,1.6569334451120037,0,30.6911122035089,1.080071023550264,2,0.9182399786841967,-0.35969643694720327,3,95.68203802898813,21.147842065647847,-6.710391801586817,32.268337424853286,67.48983057332296
0,2,-0.1310029664879517,64.63979889565557,52.28449002636574,2.3782592018638327,1,1,0,0.8908314064018643,0.8328707502940511,0.4595583893533854,0,23.159922608768568,2,1,-0.7576969219165512,9.367336803934894,0,25.664201260016874,2.392859202837921,1,0.23269809254880686,-0.13572762234780472,1,57.64180266836587,19.445095484022886,0.7221900760466191,23.548057850489023,50.89277058715813
0,1,-0.28306301105348863,18.56779819020783,99.77999261096213,54.598150033144236,0,1,2,0.431040043656438,0.6049482242465928,0.1340941919298848,0,79.99999999971254,0,0,-7.574971051230284,4.834061168125469,1,12.460660817624785,54.598150033144236,0,3.4080287045159046,0.12046647363847827,0,3.052008346049462e-05,39.99999983803765,9.999999814521182,39.12657718460489,29.328401479054932
0,1,-0.33443244563886654,25.959700212758953,92.47697706070386,7.744400894232648,0,1,2,0.11296142822258648,0.049250128408476535,0.8007083536561552,0,75.18412300747093,0,1,-8.692636696177571,7.940666984131213,1,10.033892223069053,8.958426661774016,0,0.9684504558176533,-0.6539093512553142,0,7.414032655036324,37.80128146640219,7.928188594911369,18.929607176172205,41.798671619774886
0,1,0.047878306076038143,33.6294660659328,90.69525555055982,6.32035495823882,0,0,2,0.14676387960594744,-0.8345068070318701,0.9792514002904085,1,38.509556479597464,1,0,9.756011883551128,2.7847501982811944,0,21.519312563757218,3.5559140970951706,0,0.19247236994428746,2.07350182078882,0,38.10125504912217,32.77204968459972,-5.142899625369153,29.434436763271286,30.952659613991425
1,2,0.049759159896103244,63.68707031080384,16.782801566140364,2.0809296210417076,1,0,0,0.8964703866437661,0.5550346428946058,0.23540853919633148,1,20.871156784932765,2,0,-5.089321466630116,5.865562883140069,0,73.703484682992,1.4364739290071988,0,-0.6161840884793973,-0.11950986142014142,2,79.98718830781341,11.184227901897907,-3.3481135853370887,13.104277615476857,39.080978295379815
0,2,-2.0790501978609797,43.64399179083807,75.82506623494099,0.37037573787612516,1,1,1,0.6315575271399263,0.45283108772411734,0.8329180065130626,1,34.0281874672458,1,1,3.045644207099677,7.378324755317424,1,58.84676860962671,3.6751218091452396,1,-0.275637473284754,0.07820226497326917,0,38.34434999595445,9.89289942968821,-1.567330381091141,16.188384486746905,62.09719393471769
1,2,0.13818465222033918,55.32923493966776,32.59685525900586,1.5168699974335775,1,0,0,0.7498667617551005,-0.14344094347268088,0.30515197267089506,1,21.188284853912425,1,1,-4.376248320145008,3.9177283779841376,0,42.3905524613067,1.5706759055324244,0,-0.866348550437539,-1.3126566676364937,2,71.70814559081656,9.876413038386447,-3.18076077147174,19.106844958227825,29.41085507047203
1,1,1.7139017873471496,67.15887711817466,37.820487507322895,2.77138127982772,1,0,0,0.9265220476380249,0.1945116850173455,0.7749793765088294,1,25.722009418951266,2,0,1.6659874352715143,4.571359341949492,0,68.39044374666096,1.4967149530424049,0,-1.1191237507777554,0.7714135754867819,1,73.35499879561237,8.85661337876863,-5.290628358067298,24.894248822947773,53.88445775133926
1,0,-0.23641912670039686,56.90704674238736,35.795711420282274,2.037243998017701,1,1,0,0.8267754548027195,1.8374988827820038,0.8093899753744167,1,24.348960802714153,2,0,-4.040908651150907,2.728823920431943,1,33.45630689477397,1.7803397088527948,1,-0.14159471915601277,1.1140198063808306,2,64.97739562638331,11.743818759545167,-4.4922575439483765,17.92742812855633,59.93654388587424
1,1,0.1542606600994162,58.922643824579296,27.575789615986146,1.2638174902959154,1,0,0,0.8468108416054733,-0.12741865007701675,0.45555265254616417,1,26.659580288917503,2,1,-4.0605049234196695,2.816448618957033,1,43.64486483030671,1.8669558333873715,2,-1.516376917027474,0.16274245218039962,2,73.29251419163832,10.968872901921824,-3.4852312507146097,12.64964906851753,59.56115537521794
1,0,-1.1155507491527388,57.08008862856869,64.88162128232568,1.793822078516743,1,1,0,0.7956040491147363,0.2933354866868147,0.9987196604157902,1,32.54909267828098,2,0,7.351178861847746,2.0371668127950193,0,63.8101670076785,2.984512182917668,0,0.6817163411447381,-0.2940555707311429,2,41.94860740674656,12.98712367191061,-3.835425138619043,15.701842890645691,54.07708755212026
1,0,1.4075766977543296,54.33849119062523,11.378219143258411,2.1164343182044445,1,0,0,0.5447304636040967,1.568342667231287,0.3576487327825074,1,24.673860931791182,4,1,-2.5850756243767545,1.822320487415578,0,22.531410796009077,1.39437028462242,0,-1.1564138647362339,0.026859682255559847,3,86.04008066245797,7.383686420980036,-6.899756486022877,23.175759071721767,29.370403221536563
1,1,0.06723145141482705,48.54635147926631,55.78965834614928,1.8833507480859752,1,0,0,0.507416396935155,1.3623277364505564,0.7686400522682284,1,19.747517611759097,1,1,9.662801152282512,4.814509931228807,1,32.3329879901166,1.8778056196943123,1,-0.97107814229227,0.06608870275420803,2,55.444805464182146,7.116887556376672,-5.108637418176317,27.82865849537889,40.56577935364227
0,1,-0.1364805435276317,53.02012013596789,54.65610849163842,1.6997140334554692,1,0,0,0.7143253485229135,-1.784339955270741,0.4471784718937902,1,28.78055174236752,0,1,9.984660062294594,2.7006559430608004,1,71.35510995559827,1.8035190996633044,2,-0.3735680272045143,3.910705516222317,1,64.46024774347087,7.006941268298606,-3.058455787914353,19.353815626966323,49.31955691316375
0,0,-0.9050617357903529,45.13859584177193,53.962921379091654,1.791453578550927,1,1,0,0.5385273517864217,0.5110538294570366,0.3826221813384958,0,58.49175677674607,0,1,-1.665678035215219,2.405306229769845,1,37.047292477521204,5.049305282525701,1,0.14490808485516943,-1.4512247500473823,0,22.516312880534766,14.113914404440507,7.989773139265406,15.848107821854654,66.22267554424303
0,0,-0.05071157503196436,26.581635809130674,59.68004416618451,5.318131737375644,0,1,2,0.16933031985860303,-0.9964735009638249,0.1322372956314382,0,31.586001617760356,1,0,8.171806686074898,3.156096270607829,1,62.46812189192259,2.9067681619879884,0,0.45746855458870533,-0.045862789467437076,0,38.249738534497894,30.938048527805286,0.9475841355692527,19.870880772450153,20.90546344382148
0,0,1.8868965079954967,38.27587356704774,71.98448625904649,3.9669645731400403,0,1,1,0.39873086750866005,-1.162657088005405,0.6737892317368224,0,30.399989116073836,3,0,-1.8513716997133312,1.1335880747566827,0,69.76455819745995,3.0163591704480988,0,-0.28138694936094427,-0.44360014976734785,0,40.326865189547355,4.114243456483109,-0.6012471017351793,21.374780333023622,38.353089659475344
1,0,-0.5050902861758159,28.484259049158396,32.22951365761235,2.109609292093811,0,0,1,0.22870866134357437,-0.995187777984777,0.2775549574300733,1,19.049374616877227,1,1,-3.561109644635442,1.0469767379465462,1,35.20944017386193,2.1061710236204254,1,0.6016221421846929,0.3568879640047947,0,76.48412167818341,15.533885370000375,-3.4077262732533864,12.842419446055967,25.966725284687016
0,0,0.03206930347172603,23.82835890878913,45.963752560608675,2.833148231062361,0,1,1,0.18003595539344225,-0.7529966151835872,0.2118365453683112,0,38.95000146630816,0,0,0.9816871435034642,1.1600921887142381,0,27.14795526017042,3.305924514949581,2,0.06671542561383095,-0.26275026373085736,0,37.97895100011266,10.065019104909975,5.678608762649253,4.36079477322788,32.53693209854096
1,0,-0.06517066112073007,45.62639017599666,13.030453513828755,1.3158149924326172,1,0,0,0.5471243642519132,-0.0037357538313781656,0.409096177660187,1,23.53526135697504,1,1,4.906497663238667,0.6461522784723875,1,21.864402929297437,1.2078165246211843,0,-0.27073305497547007,0.8078953657574652,2,86.46199072568312,13.441443589926694,-4.931591435808423,7.451065200415961,62.25209821698161
0,2,-0.716356108386411,27.12890510188783,80.89692037012163,6.147235856526007,0,1,2,0.1935866224456902,1.2104419830782491,0.49124146882374725,0,64.23320361751885,0,0,-4.242563914797977,4.682516867494538,1,26.087050041280925,5.9463438323220155,0,1.3736557289824531,-0.20727191715985055,0,14.924779672065258,36.0999056738205,6.288626655227954,27.069149514183636,33.62910311132939
1,0,-0.8957872083782232,64.70858325003891,10.7603850177232,1.9662903844562207,1,0,0,0.967156805660562,1.6587081406049893,0.5270397423510885,1,18.407393608212065,2,1,-4.706754602762517,5.150591706957692,1,78.28581717790205,1.1140977259172822,1,0.30480644216011304,-0.26381061887348994,3,84.87851016238247,16.445136093809698,-5.432750951833994,29.995126404094673,41.86479965829644
0,1,-0.5871115599761494,45.720644847378615,49.242504343192884,2.3234880955862005,1,1,0,0.5961132150062046,-0.2735214531345499,0.21598339403053518,0,22.255567497543502,1,0,-8.393699223236005,3.0184271604353947,0,19.559185317520665,2.8505026207758615,0,1.0583944943136403,-0.18242162760188724,0,48.835568118525856,12.615702765852216,3.665805371740854,9.53583886914698,65.24417241012617
1,1,0.1909073142840233,29.749733473299415,48.14068807007054,2.7171818231431417,0,1,1,0.23750964296041277,1.1241689784067233,0.9153428251600693,0,22.92024185565769,2,0,3.5084616496171517,1.1939895722262612,1,73.29040460907763,2.370046076830057,1,0.1750445904060112,-1.7769428395000408,3,52.516298945934956,15.360745685556665,-1.893092394714591,11.662487040423922,53.58162228790113
0,0,-0.8089069964340743,56.00918879299202,15.29076526851021,2.481183167314934,1,1,0,0.7887042426181561,-0.8537367932558959,0.12066327266643512,0,23.647245535475705,0,0,-9.789803927509329,0.9463061224171169,1,58.0694469165283,2.123549698380259,0,1.4870737694709817,-0.7478912935290639,0,70.49011506294781,19.697375434165966,4.303677273556152,5.211483753142312,57.28047914666227
1,0,1.697686283694137,46.84648668960048,14.56346186821817,1.8632216499964676,0,0,0,0.2919355421343591,0.023695644111470834,0.505130800734551,1,26.353758606926117,1,0,-2.9509011977589488,1.7102507377986522,0,49.929923463362144,1.4874166277282512,0,-0.6814365576585713,-0.5606882410986291,1,82.09583805875263,11.223935380945505,-2.4374313559542546,1.6416806733508782,63.30297172408065
1,0,-0.5097732195786407,24.507499779269907,62.93172878960085,1.7745287524806956,0,0,2,0.18823110284297395,-0.6409796766884477,0.35683005012879154,1,22.502272277567236,3,1,4.826666763328138,1.2072951671439227,1,24.044319863302857,2.6273048714736893,2,0.24709787889369655,-0.7464539708481296,2,55.63160117686156,9.859907735486939,-2.787604780688417,28.280354984923054,55.93701455766804
1,0,0.4386565121916801,57.389616844280155,22.160749654811774,1.3557713133245923,1,0,0,0.7211906439972202,-0.8442149365080754,0.17837549409794107,1,24.33213902423445,0,1,-5.131901092486028,4.527505684895817,0,40.377879157180516,1.612104402784049,2,-0.4295471211073013,-0.4883264702626164,1,77.20021031328479,10.502393734471598,-3.2965842819509774,10.137780256095594,50.68832017709718
0,1,-2.6799531004545027,22.98403877117705,83.64303266558206,1.003296190540427,0,0,2,0.18185277872234445,-1.703434722047365,0.6899907318100726,0,40.106546496918305,0,1,-3.2985258541767104,2.531016571085039,1,13.85322507082957,3.084803467638337,0,1.5266081895308763,-0.3273904115114053,2,32.435610565058504,11.388845195716403,-1.2470459651387564,18.2440951536025,66.44234425793991
0,0,0.8221442823256502,41.29428078636616,47.18914529339853,2.5018243494186705,0,0,1,0.3084974734465432,-1.5950923204260812,0.4194775354078899,0,24.86710784768094,0,0,3.8059067060704077,0.7281067586625357,0,35.65556697191799,2.24042633308833,1,-0.37956615226375234,-0.27997329460812376,2,59.21749396116978,12.560053324577765,-2.9643879709444887,28.885356403053688,47.54382562757545
1,1,-0.16355350457498857,59.00510803264493,28.19871045545722,1.9512621452004648,1,0,0,0.7808680561290915,-1.3954566763110325,0.26724206051737265,1,20.195667753042738,1,1,-7.771254531786282,3.967730988996122,1,52.76873979934251,1.5720881020592998,0,-0.2430963603711672,1.8060759270807616,2,78.58513056698125,13.41728366890061,-5.51097636288571,22.771021237832056,57.696774676561986
1,2,-0.018344352755543445,67.35516465089087,6.9544907324885,2.172153796887528,1,0,0,0.9790354148569342,-0.2605117404526532,0.012158844170637007,1,16.41896571837215,2,0,9.75934509164022,3.9042094927766042,0,66.98785493639924,1.0059323896386136,1,0.20961794183737859,1.6329110638943747,2,93.24987220267731,13.390564546030234,-6.68598605230835,23.459583154891885,61.00279573773089
1,1,-0.404378406081096,69.11792902231431,11.378027726679802,1.9862141422641824,1,1,0,0.9949460832901409,0.15824773048567375,0.6299168969564419,0,23.739049166098553,2,1,-6.371862347952845,2.2806419408854537,0,37.02411121271089,1.6560710227735163,1,-0.09725755327692283,-0.9406639167716975,2,81.23090131324618,12.962946734807561,-2.2047983643072078,14.321891851624153,69.97063982107385
1,1,0.674863959580527,38.6285890799754,22.178027275325817,1.6664362096018277,0,0,0,0.24862588842311095,0.13660063845283166,0.25781628799755574,1,20.20288037478516,2,1,5.342436336400587,2.313317860567188,1,49.63172523445753,1.1723733114407229,1,-1.8224936557958917,-0.5437694459522692,4,74.76830600823855,15.683693856675887,-5.05273587603679,12.788325453427966,26.68995875688279
1,0,-2.418371903853945,48.26736255969651,5.286031672658203,2.0885469289444627,1,0,0,0.8223242505789257,0.11291043359597502,0.21253896016397855,1,20.864395525999477,3,1,-2.3873494280329783,1.0347587585827223,1,78.34189363170103,1.1386736069332246,2,0.37380197311380453,-0.7744261311044067,3,89.51260321985033,27.758365607715834,-4.176591585120722,3.73390751973814,61.33003086324314
1,2,-1.5333221212238595,49.62581158549908,42.92346088404392,2.068202936251771,1,0,0,0.7383127241974421,-0.09946462329444053,0.39696115621332834,1,20.000701967357237,1,0,-6.88140140567929,12.15221954120011,1,11.859182997925775,1.806462006101066,1,0.7332003459988367,-1.1665263255491942,2,62.02490305854077,22.895426152493627,-6.145647124453845,14.167695479685065,57.92660384656067
1,1,-1.702123610013837,52.13357989826053,42.17936473368903,1.9492556566104462,1,1,0,0.7170291708735004,0.8410793395955268,0.13000281181072249,0,18.500282961923634,1,1,2.2349498850424165,13.122964111108136,1,36.26790875621056,2.514531141875278,1,1.3057932505057384,0.4529877317725734,1,57.51637457532759,18.83177693661912,-1.9354663960746628,20.645631565771346,69.36508693269874
0,0,-0.6759147369330895,42.27542434638201,51.59355668525808,6.45673560215206,1,1,0,0.46667544990394927,-0.10479750250409221,0.3274674828898453,0,71.42705867769224,0,1,-2.424200955160705,2.132576724373772,1,47.06722598064345,5.905679001676566,1,1.3464390445676544,0.16341697493344534,0,15.522942207030916,36.36457033943028,8.81002604158505,13.157112105486718,64.67860020085544
0,1,2.5709381416955073,69.48592940603636,54.47282986122086,2.1290224118839136,1,0,0,0.9730709527927048,0.7824058601877001,0.8754235266055264,1,22.955238622162106,1,1,8.054719569604426,3.7942064520167005,0,75.05304924864897,2.292435200005796,0,-2.16656743338643,0.6157196179766432,0,60.02552682919593,9.970629416708332,-1.5781803794104796,25.279736514836042,69.28155643993553
0,0,0.5260608802371571,23.104936750726452,99.6225718962744,49.88420976440871,0,1,2,0.18108672047635366,-0.12351889202314345,0.7602827685634048,0,79.99939396653116,1,1,-3.826407803035508,3.693529456787808,1,40.60162542075535,33.70140457856097,0,0.6541777182256094,-3.3359598985242744,0,0.030921895320817905,39.999228828580485,9.966009781839361,39.623399865607894,36.04611672316534
1,1,0.751507194206443,61.625010538591255,11.593637019059678,2.023083767769525,1,0,0,0.7845146697024907,1.3635723817026864,0.2913932882346566,1,21.298502054698698,4,0,9.421839303189962,1.9460771883196113,1,47.15004991696148,1.097548065666948,1,-1.072046912806968,1.195902335385804,4,90.49544693677176,11.148734959805548,-9.148548843733689,36.861973413537136,30.38136264055617
1,1,0.38506746871548425,46.74823921074993,48.12469004751576,1.8841443189410265,0,0,0,0.4185122694530483,1.226705306782683,0.48418385669232794,1,18.690465305692456,1,1,4.265943245053149,2.24636460221333,0,34.41679403986161,1.7922678768656475,1,-0.539743061597134,1.9910115790137457,3,67.4069002148642,18.871592786748167,-6.760268024693728,33.10836786325343,27.750563747410055
0,0,-0.8963040230798848,21.996025312247383,89.62752334896122,3.580629270537066,0,1,2,0.12774045455644295,-0.15570206809678133,0.4846296507411634,0,61.305868259152646,2,0,5.683946236079972,1.640123240503298,1,13.178020148930862,5.729627204177514,1,1.4124789568222529,0.9264154267380362,0,18.003680412337182,29.894258245125727,4.253501124315148,30.13101218096532,60.36802168179637
0,0,-0.39695737810806203,19.306064509367406,99.096343947291,17.538465996027792,0,1,2,0.1560681530922265,-0.1333351046277557,0.828583933855127,0,79.53665092480395,1,1,-1.2923013517940714,3.2777584698910562,1,1.4924268887008107,15.225743975055094,2,1.3320919948032663,0.8823128769013533,0,0.7343013002969301,39.72897828691865,8.724777642851269,13.671264580477818,48.598478551812235
0,2,0.033685871899261075,47.37991894526354,66.68687563366792,2.857593521768708,1,1,1,0.5279353677946943,-2.13058815547688,0.4906057533825153,0,43.89179347518383,0,0,-7.946225291505491,7.099036675070631,0,60.04606080161511,3.919910437329446,2,-0.4208326812873717,-1.1428088126144882,0,31.68818865610181,14.766011205325537,1.9782758218377658,22.874775059215267,21.132478134207584
1,2,-0.9405564736444735,56.11861371335734,71.49751815566945,1.8905555100745646,1,0,1,0.8592054106153152,-0.8519549111114139,0.8875899101717001,1,20.19638236465714,3,0,-2.4966556342810433,23.640224757250362,1,57.48057110810541,2.6517150569828947,0,-1.164094442999116,2.4547539137578864,1,50.722977263179935,14.449047277753891,-5.264449558080374,14.1545393252335,60.69870802150556
1,1,-0.0011211787123090622,63.89360127312532,7.7306062669031395,3.6874821510624125,1,0,0,0.9308602903974832,0.7173087256521234,0.5328963363795735,1,23.478514822702017,3,0,-2.9961543830781974,3.3190016067707266,0,79.67072771201012,1.3836106718067323,2,1.095252637636203,-0.44383430812384367,3,86.30466750614819,22.185800807493358,-4.871076345248346,9.823866023920848,23.595270824042256
1,0,-0.5857685936831304,43.84222325246515,23.995240072152964,3.0861430778559806,1,1,0,0.48694332846000343,-0.19475781102185594,0.7831188849597155,1,23.726543627456245,3,0,-5.6312190220123,2.2302538546306803,0,64.03688942262279,1.8628026423656148,2,-0.31386958809938487,-0.3742013536743808,3,72.58368945414016,19.87338301341366,-6.29509730082817,13.08497261202235,21.58223668317449
0,1,0.937408854872622,30.353119928050866,92.10849842284038,2.238519253923109,0,1,2,0.20920364084343673,0.5956999169085953,0.4888084504532376,0,55.314119179315654,0,0,6.267425224917737,3.576262577005715,1,3.290306448507807,4.637874788149271,0,-1.1910188775060933,-0.16911154879628862,1,7.794574322666648,13.701038269350502,-0.7604157534594265,35.77880308775197,25.63472307628756
1,1,0.542953753298367,54.188622675661726,48.3755005934044,1.7516175520794997,1,0,0,0.5668480392864446,-0.06690030776423875,0.6913202649271061,1,24.448033268300584,2,1,8.802556842042744,2.5664332522407416,0,32.96820267432714,1.9298332790341104,2,-1.0289980519559838,-0.6171164622248931,3,58.119328972880304,10.452477698938196,-3.9652405184169837,33.12709701524439,32.35276937313424
0,0,0.03457018302428913,18.569976814815394,68.38831585998327,4.46523054240828,0,0,2,0.08383508875281875,0.46494836586322125,0.6619650063596013,1,24.39119291248588,2,0,-2.031218360381346,0.9090776682105384,1,14.71859328163234,2.4368442592537845,0,0.34840833471442634,0.35904288235282916,2,53.24311832962108,25.987685391427362,-1.9789043655486402,5.607387343765002,32.93530484662746
1,0,0.608632012374936,38.00247441103687,7.186142020562503,1.5848073075447058,1,0,0,0.37503014717111993,0.13099217376632794,0.3917613844329084,1,25.907105625703373,4,1,5.217916601652519,0.6130085250280892,0,32.12935388408561,1.1179039777456996,2,-0.5254882312787245,-0.39918587325835625,3,88.71968079362794,8.944149446453359,-6.743924199582415,3.539104890607805,27.17432723609169
0,1,0.16661802395600847,57.77936513064472,38.346427473046234,1.466745801089358,1,1,0,0.7063630157032028,-0.4409031869157169,0.5048595285025894,0,23.053314256431577,0,1,-0.6870854108273257,3.5912761619220683,0,75.27245435440028,2.2330257695608013,0,0.7487085308285678,0.4149044957434092,0,56.92629507232325,16.1983712687401,5.661466154695095,3.826243669345588,55.67184067789742
1,1,0.39519619610558376,21.036781848180876,80.40866572167887,2.2141295612263696,0,0,2,0.1509464995733904,-0.4695481794734608,0.44359608205203194,0,33.60595335871988,2,0,0.5847597429951552,3.7426812225581063,1,9.234968804684872,3.1641911660672406,0,-0.26994612993526024,1.6226340109162285,2,35.746846352567374,10.013812888641336,-2.376741004442973,22.34775968631513,58.6223743101164
1,0,-1.050330593077263,37.209476992590766,7.3379921268516,2.2743948445066566,0,1,0,0.2996826834724816,1.5061579565684011,0.4173527849128244,0,24.876520069230192,1,0,9.791824590350295,2.9085601109867705,1,50.38909580053513,1.3986380544391093,0,0.534353445797798,1.4422762861225173,1,85.36874265142198,11.50029233170972,-1.8482261805480622,2.7170155575763366,38.06107572464546
0,0,0.06373525152403153,23.72618295416398,45.4777779608706,2.525476290777748,0,1,1,0.14486742665112373,-0.5305404353558252,0.03728549021020322,0,51.39435566809947,0,0,0.20845922698726582,1.9917884423349903,0,55.99207700166674,4.987214142823556,1,-0.044952858634946254,-0.1952902976228241,0,19.20652667864188,16.87490475716928,9.571482656996494,6.685875735989308,33.38633890444419
0,0,0.6535103370790355,20.667142400510915,15.813211743845656,3.0200130757812014,0,1,1,0.1829495933659166,-0.9072632857635338,0.2387516762661343,0,26.60562810759491,0,0,-7.146439630088852,0.1673075133143311,0,9.5960172852485,2.7809054815579164,2,-0.08886746564999641,-0.24262988877714628,0,49.71611900533539,16.077149617277485,8.291760951357755,0.31234543942382453,48.97311628947233
0,0,-1.2291946155236255,23.16271542835708,37.30599693437434,1.6176935391499647,0,0,1,0.11316188538477556,-0.7527096805597943,0.3859111795766264,0,27.93680501515661,2,0,9.608241459811676,0.9180462383255648,1,37.68391547547964,2.180316680491601,1,0.5022143701532163,0.025026867523853837,0,63.251756830698056,13.064035859813528,0.598336419944852,0.709853556423341,55.74948879598931
0,1,0.33203941637639794,47.69460210033877,63.457114742014284,6.114244936711794,0,1,0,0.324172308582543,0.4775934492450725,0.21301519448833695,0,63.197472594501996,0,0,-1.0273429669665433,5.071760260244642,0,70.71803001518626,5.550984954711109,0,-0.04761631138724099,1.3118069522270919,1,7.813082600661014,31.734320285687488,7.55335256410666,34.0952257243648,42.0524348597857
1,0,4.01788851791281,47.88587796224884,54.82536246676379,2.3890901030283467,0,0,0,0.4693801334589791,1.560665623621183,0.4930633718235072,1,29.693199945625555,2,1,3.6263464594072587,1.4016523633953009,0,51.560484088193625,2.3604263306441395,2,-2.972640492895312,-0.25266143646182115,1,62.248412895131544,8.39286339461898,-3.4130891093860782,12.474715399614071,23.485113811292454
1,0,-0.40714287281638406,55.3065823460924,15.447446174643837,1.842224602604046,1,0,0,0.6996860413309565,0.8999173544909193,0.9068933692753494,0,18.707885740627518,3,0,-8.033469181575086,1.4980297848600064,0,75.5793702866118,1.4855469863454498,2,-0.2921024507759057,0.15341290437662033,3,80.60004436352659,12.110208465401353,-6.539758661772254,9.620858248375797,23.49880901837834
1,1,-0.034946169043922455,61.7134657280812,9.280430285979174,2.3582586581373053,1,0,0,0.855720706676585,0.7798512852026636,0.37766238446239786,1,21.384464884145302,3,1,7.754463348169388,1.5301515561570578,0,24.187922449783397,1.0382646061002283,2,0.18524084447810132,1.4289402811403866,2,89.48215575394602,15.364913142403669,-6.291314058357558,9.772281543311806,23.567762741196347
0,2,-0.4184236255229168,46.99148250801854,95.04788449305082,17.22715564313871,1,1,2,0.4571941692719979,-1.7491292678997876,0.4640480556384131,0,67.03284507718136,2,0,-8.010820107380358,7.656224692503826,1,77.79986022832705,5.484470404728939,0,1.6462230068141623,-0.2581932272977952,0,12.296278554738137,39.924375697116794,4.234983047845757,39.51168354279425,22.985067459391885
1,0,0.8355158375040396,50.35726984985464,60.39044884207338,1.8957140565214616,1,0,1,0.4619493913513012,0.752733074021138,0.4763647001536729,1,37.3094680764146,2,1,1.152349313987207,3.6084556649379116,1,47.90075203411501,2.5193097130046747,0,-1.7807906015354067,-0.06622331668157411,2,53.078574259502275,16.497892864999663,-6.007227340919093,37.04559767663169,37.610211948726686
1,1,1.1870782195685434,68.94924788559493,1.333755002989595,1.815544056190587,1,1,0,0.9733462635882966,0.38307090708925545,0.4010133725437084,1,20.067295051496995,2,1,-2.3070013974506285,3.1288958645049383,0,66.39513613570527,0.9057239464740315,2,-0.9516943723415353,-0.48175215489643747,4,94.05541780508361,10.743331562081611,-6.765612415570741,3.442852355755557,41.8143816396765
0,0,0.2955379198924312,18.369634830249616,68.98348754230823,9.90621635637215,0,1,2,0.07413912529169137,0.14166705646025876,0.3852515872251847,0,68.44506780218757,0,0,-0.9284116871223169,3.8197732434228118,1,44.14534577380068,6.909086839879875,2,0.8774141274847452,-0.7930179101166824,0,13.116390007614331,37.84270140499604,7.937125338647235,1.732364505714168,30.920529357760614
0,1,0.577827255412439,21.553043056287958,80.69487983919524,4.7039272373539704,0,1,2,0.13812531697299263,-0.13665408346632996,0.014644242888183445,0,78.28644942428855,0,0,-9.590820913829788,2.575658609555083,0,1.1873832991783573,10.38989176533912,0,-0.21479529569438116,1.4436383900551768,0,11.450365211776425,21.706397881726932,9.879064034637047,25.22626052833346,31.084636117100338
1,0,-0.7837087636813305,32.75005580440996,27.986759433630652,2.482752558306177,0,0,0,0.23526328065296387,-0.30398567117199954,0.9051930420723349,1,31.56011359522455,3,1,-0.8619120007004497,0.8988606190071425,1,25.438563042604038,1.1406190284148656,2,0.18212917078793583,1.6645883731809745,1,78.6998650872969,29.731579821456382,-6.436922852399376,1.651691522823544,64.87209281996999
1,1,-0.002197515674619203,61.977995394483784,14.137386362680687,1.890355472489512,1,0,0,0.8065105208001273,-0.013373879030244186,0.40842809482135917,1,22.807215301299337,2,0,-3.6691735496407762,4.521676682368843,0,20.383931320938544,1.5378312086849164,1,0.16575204560549767,-1.868943444998616,2,83.80530389292646,9.05752474178885,-3.2332851103517912,6.325802807952821,66.11462529912026
0,1,-1.8700888362611878,32.546142935069916,9.51465183207164,2.4273310770269383,1,1,0,0.439817590661383,-0.6865442832466407,0.0005980520758595009,0,50.43655012136685,0,0,-0.9945470335455386,1.1220213740027893,1,38.47107965506907,4.609916679087432,1,1.4124153386519551,0.1919518088871904,0,31.949863869652805,26.56242871829552,9.600779379304598,8.196302105374734,64.06239338030935
0,1,0.978250840217468,53.805581340520106,86.04526791035893,3.444218660298823,1,1,1,0.5858504624038157,-0.3318645156403468,0.5173443350532457,0,62.63159666288226,1,0,6.714205892401029,4.604874873500366,0,28.306124293073793,5.034577636091123,1,-0.4044113566309007,0.3747741402673957,1,19.24536475954047,18.088463049399156,4.16610194474411,38.19865158194353,60.756921584457096
1,0,-0.3893058287199233,36.332215428555585,8.169039099162301,1.711235171394891,0,0,0,0.23794459730876188,-0.10975040837172022,0.6932910740796225,1,20.95570889617651,2,1,-4.85953841193046,1.311516841584605,1,37.28056352274929,1.2533350783061743,2,-0.37405433586545245,-0.3701675966170038,3,86.41434232740583,10.973933186004526,-7.197559908446998,2.520297087041965,28.69329001352948
0,2,-0.42740866506721104,20.131840904342894,94.76663250544766,8.541829398458747,0,1,2,0.11152444599764338,-0.08948701842208255,0.21397561172895124,0,79.99346447540844,0,1,-3.3075532271982233,7.148249972081924,0,0.4139327487120914,25.271090771486993,1,1.768020298471766,-0.3441413150740129,0,0.15126097379527526,38.10703530547333,9.99409782492598,20.384748706682984,46.75738418036314
1,0,-0.21041821150476223,29.46522320914486,37.9467702401863,1.530457706939026,0,0,1,0.1475224001074762,1.1379337483262635,0.7002349458957218,1,32.68331972120011,2,1,7.353763499618683,0.6066650590421301,1,26.12755449772451,1.6896392692607174,0,-0.3144594708056316,0.26842244612110316,2,71.91986066399171,13.044911880041381,-0.6973539012767649,3.9155804152758855,51.37323075036321
1,1,-0.7884979815738198,23.60430617013522,27.388623355320284,1.9230795758778039,0,1,1,0.15124223281871768,0.1635099138718591,0.714656377983658,1,28.06332152055475,2,0,-7.278931702425772,1.6924634468507167,1,38.07715004219622,2.0962632702424346,2,-0.758722349018565,-0.37775015682669716,2,71.87909706349502,10.399603254471524,-6.421008486768059,6.463804693518025,32.86350190688249
0,2,0.7841719729705188,45.317641296622064,79.53853811436677,4.830666502776069,0,0,1,0.24886427424538748,-2.8489155709782468,0.641639838813892,1,36.90724419005856,0,0,8.778985720397383,2.5642987652323015,0,59.610892655827435,2.8789913606951374,0,-0.10178045748802217,0.7610965307887199,0,41.17018474529173,30.873710550532188,-1.62740110942633,33.348197232868344,30.560244615743745
0,1,-0.1416470452863896,31.817089753632366,81.99424143971528,5.883577103687794,0,1,2,0.1886501968513401,0.09869224012862195,0.8363970490513645,0,69.3354617755564,1,0,0.21115749841714226,1.4345287788393124,0,20.303067268607762,7.187247190735345,0,0.6571720128702235,-3.067900204829338,0,12.603561829501658,31.41138314892215,7.966108359266812,21.076077775652738,26.428770936150727
1,0,0.5352386911647544,38.73144017123492,41.1082906365826,1.706103894862255,0,0,0,0.2682200621172143,0.8569076003516929,0.5903698127378781,1,17.956718539372687,2,1,7.3847019402263605,1.91745171468689,1,70.00825202434797,2.0249622392350046,0,-0.3750787540560509,0.1590636781150813,2,63.8821112181047,9.266705100069268,-4.8569463490586955,15.280944776023572,23.453675272387812
1,0,-0.1965470322719081,27.44202723427115,32.25790970182597,1.9872149690413552,0,1,0,0.12101729019968249,0.02792545559934358,0.5520597235919714,0,20.08120596963108,2,1,-6.0738837419867755,1.8405094595319291,0,21.545378572738414,2.167149677951043,0,-0.02108347297800075,-0.6944527060772556,2,60.80740250214679,12.436507234476068,2.197313447485401,3.2353021847516894,20.497651115129603
0,2,-0.795231772736809,31.335451240233404,65.64080029397404,2.3898185040457545,1,1,1,0.31156804479175115,-0.7940360493839432,0.6497180914658791,0,28.119014236964233,0,1,-7.085220650705985,4.149818695236525,1,11.257179793988549,3.3667682379898474,1,0.7255901896822465,-0.6682758460119679,1,43.3854988873638,19.13481554015606,-0.5791795242040685,9.670156933616973,27.440342822588626
0,2,-0.47581307722561966,52.6718729365929,98.56512996551704,5.3903046800497405,1,1,2,0.7031034103174609,-0.8479282977518394,0.458878156713642,0,79.0697442717582,0,1,-1.2624804155913907,40.18435031875624,1,50.726024493374155,9.863820722372658,0,0.9165385804373777,-0.9797896759665307,0,3.3068144464067917,33.67405620854724,7.776884276150355,39.41735259705083,50.99680275010549
1,0,-0.3168467528864762,40.271376862477595,53.84388803274936,2.3120118112397403,0,0,1,0.36354905578037916,-0.9510082849011658,0.8297001506500887,1,28.67299247411614,2,1,9.788379980545052,3.13502378374669,1,75.82490572929915,1.7487133994444126,1,-0.37022768149114915,2.505166237549646,2,64.57957391240475,14.82077807964821,-6.401207932136987,17.511827973439193,28.596635576676235
0,0,-1.0833835117640924,21.262776525558372,95.84448490381821,20.521820112831346,0,1,2,0.13923236265102734,-0.22371593455253902,0.4966901819860433,0,79.94057491230865,0,1,0.8960399816473519,3.228452884106036,1,21.2485256718833,20.40453247319956,0,2.50764301541104,-0.6303893077092856,0,2.3198209200254896,39.96193753668898,9.940311742426257,34.19940367144572,39.3270453880108
1,1,-0.456916090816973,36.294230784109544,83.8299025182109,4.822659040737835,0,0,1,0.28243432166887217,-0.6873006405186333,0.5945576978839777,1,37.44659352354961,1,1,-8.268542247868686,3.3431989031087634,1,56.07097041097941,4.01136943511736,0,1.234088818130099,-0.7259278602294502,1,33.25667434667275,33.77669168618997,-3.464040096414265,17.38611541199788,31.969049415235922
1,0,-1.5562875436837609,61.07671074167951,7.290174185755677,1.7139200333465558,1,0,0,0.8825519296068063,2.0342565486151702,0.4514876981298015,1,22.426076875213905,4,0,4.438497459422804,1.714957815756091,1,55.48893035160528,1.2363849703663676,1,-0.5489332188109227,-0.45038545001374225,4,89.12932672653338,16.639229121434603,-7.441679833733192,26.18892525144843,65.72597741586193
1,1,-1.172851041892976,40.43792257258125,16.8786258074499,1.5867609584871316,1,1,0,0.5008880050056996,0.4528484472822529,0.34066867338755985,0,31.01018627733071,1,0,-3.3367484449257345,0.8871098579078094,1,46.67482263355208,2.0004284417369957,1,0.4445165078177965,0.851647944358763,3,72.63633459113339,12.726353040189888,-0.39850350783233246,31.458891281056506,44.67342254725854
0,1,1.0003290196262253,33.84251652387243,81.00017536161558,4.275784657916848,0,1,1,0.2696152908194015,0.6484354544892975,0.45836371279352295,0,76.5153899584431,0,0,-5.316507468679142,2.624414947079103,1,63.57669752738779,8.187024425685191,0,-0.44838626437031937,0.6813356254794205,0,4.990107955156536,23.972868468664515,9.609817681112606,12.156069097768567,46.0126822594124
0,1,-0.14968037453357144,49.36211896546233,79.26167887359506,2.3170420999355796,1,1,1,0.5795370296016459,-1.246294327814011,0.3273074198282425,0,59.43376002444897,0,0,2.8034305147748846,4.413931566447018,1,74.36535976686302,5.400534840110551,0,-0.20680776357405656,0.03992218409713208,0,16.273695258535646,15.037366568116573,6.062858216303759,19.633799918220546,55.74326940193904
0,0,0.9414185290789234,67.83639413080823,7.307654410926206,2.3315601574524636,1,0,0,0.9677585267058124,-0.3647123835126728,0.382837465021182,0,23.301653571913903,1,1,-5.821393311446802,2.2344586789944123,0,78.73235839971927,1.1747278740185465,1,-1.2742813058551086,0.7016850595432289,1,93.16434424104976,11.785549643453699,0.2663272801998051,9.57951866387993,69.94037673139471
0,1,-0.8926554105416964,30.29579878365027,68.05077757396987,1.9707984458991494,0,0,1,0.30878383764518424,1.063326149105969,0.769390503396453,1,26.43687546729427,3,0,7.9573722169077215,1.581965118091978,1,14.333900582103212,3.421471458526338,1,0.48096180824811546,-2.2767268065257698,0,38.95525216179754,25.333379079577576,-1.031678193440058,21.028589243809442,39.42517576802553
0,0,0.2996483424169898,46.59701693659136,56.647885467579215,2.565587880327306,0,1,0,0.41775623390623684,-2.0082284902067546,0.6253657706036377,0,21.81096349811934,1,0,1.483948614300017,1.6913547540470222,0,15.501399746562829,2.3976515225595607,1,-0.3037372809452814,-0.023288960437317933,0,49.63854561444512,11.948923536613796,-0.6396410650617685,27.229108196761302,61.5511230702898
0,1,0.05607090635234778,54.905089431338695,22.69204276100615,1.666685196953054,1,1,0,0.5895217454047614,-1.110396086841869,0.3947290679903526,0,23.09241803423778,2,0,3.881460890509416,3.2199671099224974,0,39.5374690486784,1.8676814138118645,0,-0.42425519600029377,0.2842070935710115,1,72.4434480819979,12.39383398302647,0.6499631768054766,2.927388286531176,65.23451327897276
1,0,-0.61428116203005,40.865953323410075,5.9601677634825325,3.0201612027132225,0,1,0,0.35595925191332234,0.9458760082890159,0.41160969600342234,0,25.2153539848568,1,0,0.8900435831087723,0.9165312957449304,1,79.51882440749115,1.169312294128428,1,-0.10204012499573693,-1.0658679731879555,2,84.29170365728594,27.902000010247917,0.05342044602041973,1.308639958051936,35.77527913078514
0,1,-1.434547986742417,53.83543594918966,56.62165864786248,1.910550584648489,1,0,0,0.8256886444216096,-0.4278289890611631,0.6362201378133105,1,23.15876348748653,1,0,2.567651294785456,2.605606528419107,1,79.55879373457248,2.2125839071365987,2,1.6685126567233401,-0.3018356239160568,1,55.94805793188776,18.560255867598837,-2.042945300726501,21.185607258434857,63.13175112421821
0,2,-0.11313970266917277,32.83695459915226,98.51037158970412,11.053351248134508,0,1,2,0.2791065658436771,0.32965302462011636,0.6991061970069635,0,79.94872500593647,0,0,4.663654771517351,11.191101519773174,1,43.38547591609013,24.88266264165107,0,1.691523266217344,0.24473766063747085,0,0.23801153987464962,39.31028527344628,9.906563018447024,35.73894324450524,51.38768904424179
0,0,0.6312656490998434,25.03016347963733,73.22767794286179,4.039404646815346,0,1,1,0.11382937205635146,-1.063218422016062,0.5206780375574077,0,46.58142152421288,1,0,-0.9501680292934047,2.2934225277320537,1,45.480292962293106,3.243784346130003,0,-0.3445246421204868,0.7807999228782689,0,35.784512044185604,26.4727971315595,5.523600147591839,11.196948787527434,42.8711073332084
0,1,0.7446927869499573,26.130588808621077,73.51465333757724,9.128642544043391,0,1,1,0.1571444381705434,0.03544246944855793,0.5160739379357007,0,76.13066530155322,0,0,5.192955749587513,2.0746733446397507,0,62.205817301986585,9.383639712571082,0,-0.5423015123170719,1.9161732910762368,0,6.7078930594890895,36.246719090511206,9.739996939113748,8.391999283392565,22.304590429753652
1,0,0.38045472116638723,40.98182676108003,32.78421749797836,2.5918972332443815,0,0,0,0.2711020669983733,0.12086311039616744,0.6039473802384824,1,36.061672423307755,2,1,5.220446095205995,4.3227643146127015,0,20.0393051766154,1.5173483678519692,0,-0.4490481750992723,1.2982563453240736,2,76.84769013952287,10.998923871577567,-6.4887854515673276,5.947979698555661,40.942477601170026
0,0,-0.08947797122368992,18.805624244298738,97.76167801182032,27.326558604772256,0,1,2,0.06379388277717796,0.18611882518022577,0.7787534518738932,0,78.76277694607894,0,1,1.5714180823358497,1.7995823075378694,1,22.842746458611558,11.764701438294422,0,2.2014415599807347,-0.5224175671356174,1,2.2433865482282878,39.99088309477791,7.825177601140073,33.24511645727041,22.23317812028003
1,1,-0.03654113207718122,47.77143808099224,29.643554633488755,1.8456112697958456,0,0,0,0.35039771965440725,-0.9678934210602187,0.1718716022567056,1,17.98987767642048,0,1,-6.520569876645748,3.0029568911902196,0,3.4600465379838496,1.8094481047483748,0,-0.4710450199721687,-0.3616644241747147,2,71.449681504887,11.730592481010254,-4.023732660703847,22.246813456739396,34.94843137381348
1,0,-3.5392433803230103,40.01755098677987,10.93510635072079,2.2347289286559744,1,0,0,0.7298348800469632,-1.1737050392161048,0.20736558617760664,1,23.682269777412024,2,1,-0.57686538610014,1.0858161154551556,1,27.440990788693913,1.199845696338134,0,2.2840927235636497,2.475553886350149,1,86.6692523466557,33.8623607636118,-4.083542814408232,3.1775706843129847,69.22668525170815
0,0,-0.8478444613946955,37.797608742437,21.641439224788712,1.4813576838025917,0,0,1,0.2584393750958832,-0.9775177945272702,0.19661953512358799,1,26.884647052613914,0,1,7.213585594776767,1.0462981193541125,0,79.98627090808054,1.7513510951198328,0,-0.6056234102694643,-1.8859008633018193,0,75.88655261008532,7.632276622355825,1.6644787487613364,1.902150430561449,27.658896452410296
1,0,-0.6467496712706682,31.79004600371639,91.89098511171743,12.61382070806,0,0,2,0.24559180516310647,-0.9731314203534203,0.7919281054126391,1,48.3040388964319,2,1,-7.501587597810664,5.391408306831187,1,77.88759491761967,3.8943850577303274,0,1.9125255298229644,-0.4035668677756737,2,25.756600321943523,39.37017443015683,-3.8624854692573614,37.83569081029987,54.22040691914535
0,2,0.9435628420141391,43.03080634948465,81.81625113254145,3.333445982846976,0,1,1,0.2861005894995089,0.8354538806669549,0.6037725510027423,0,57.39232516585893,1,1,-2.77688853852165,5.167794484000364,0,18.16788435232647,5.157160022518463,0,-0.8872265946610547,-0.19863749139160092,0,20.26680494676051,16.26139276740038,4.6332063890655775,27.309473954710988,36.23513090768107
1,0,0.48739761220758204,28.958117572921864,92.6137057538391,9.233652994201192,0,0,2,0.23082504716849583,-1.3870907001121484,0.684589565138211,1,46.261532312632205,1,0,-9.917613808718048,3.466813261447409,0,14.024275918066774,4.149707352175046,0,0.70817499784224,0.4413090709759571,2,25.65420772836296,36.723729047750105,-5.642296193933457,38.97010644923013,24.409229749736124
0,0,0.03501003804236063,29.954217481580507,72.6274605670979,3.3454161434712,0,1,1,0.1630158532805947,-1.605606902767874,0.2980656617974998,0,50.86159717157257,0,0,1.041653093260642,2.2329165353231004,1,74.34577470100238,3.6882449942555984,0,-0.39774829121502225,-0.04962583704189412,0,29.145106594670665,20.706712618159365,4.079461963681542,16.6188927269836,47.919374187689115
0,1,-0.27019469844042754,22.113713128688744,76.8467682008875,4.348186819627254,0,1,2,0.12617027511073436,0.5488984407350145,0.3757950725413647,0,76.20894680299855,0,0,-7.073463668739249,2.8069514799894573,1,40.402328903363255,6.671611444588925,0,0.5510690903520445,-0.721675836309374,0,10.832446071545899,28.896429745783042,8.998962563250757,8.07129282346224,38.40011855915314
0,0,0.40839495005961657,51.829692342718666,54.90465042922802,1.4539630210649965,1,1,0,0.48510718022390176,-1.277604261960109,0.325893413894518,0,34.51681325200158,1,0,0.8379386673472418,4.484170573480994,0,61.387586488638554,2.748351072968358,0,-0.7908588234785441,-1.0271747623785954,1,47.51017070740889,7.899309827470205,0.10221567588946989,27.863358235713598,58.52210865909059
1,0,-0.8862962334005803,61.65077297506428,13.641884441252671,2.36394191444648,1,1,0,0.8923878341317686,-0.8807239698097121,0.7806672018855585,1,24.056248298366263,2,0,0.23137375119239145,0.820095867041633,1,42.74195710707466,1.3620562941370624,0,0.3937803581536445,-0.3712842961068657,2,80.82993562414478,19.56707966716221,-4.974551378722505,12.107276155737763,36.36755243898879
1,1,0.09205606373538339,64.52676377175838,6.296306067218049,1.617444947695132,1,1,0,0.898280894116879,0.6275499502028978,0.43346473896379567,1,21.191151785841143,3,1,-2.258747156262528,1.908046499516663,1,54.09764368875347,1.0778144845467466,1,-0.488915833816055,-0.5189551328663273,3,85.89466016472585,14.397726186164835,-6.739616028271195,17.934783083349313,42.87716414151021
1,0,-0.36474826734737537,64.0356972761225,6.795624057568272,2.02261331245269,1,1,0,0.9221893852333419,0.909611414305934,0.33308567531891614,0,34.28021123861919,4,0,9.300763433102933,1.8025577241168795,0,62.90070552398493,1.2700062745020344,1,-0.6869237731741465,0.4986706749308432,2,85.15780571714924,14.372692311188446,-4.748452945685492,7.882872817548117,25.34031503288179
1,0,-0.44895450285800537,34.99616985647802,27.81052926082811,2.108542859362289,0,0,1,0.19760946061231766,1.3800944835858915,0.12386284503634554,1,25.642313051046646,4,1,-2.6960485640340774,0.6272092048727985,1,1.58853755704635,1.5387814639209263,2,-0.9745140538673912,0.6343189676045654,3,80.85830158589292,14.909048245026064,-9.07422728827352,39.62414577309012,51.168605793867435
0,0,-1.66405784413996,22.400887891667132,71.6746758974653,3.4124192776929188,0,1,2,0.18377526033972058,0.4456769273603853,0.8733184970186576,0,37.31235920652331,2,1,-6.052385818650156,2.9816760821743378,1,66.71415068954559,3.1550090693956614,0,1.7994391184040435,0.23144613459316377,1,36.209485477606485,32.48210627188029,0.05751960678303014,4.0520273567920455,40.23256147362825
1,1,-0.9770353784974554,62.91256167803315,27.45844246901562,1.9212818419525846,1,0,0,0.8408095678799893,-1.086130065704339,0.6592032240924071,1,35.05981559902564,2,1,-2.1819680606659286,3.7515910054640695,1,25.934463974734424,1.346615125690206,2,0.30837361631360466,0.8112806430133443,3,79.39134596303927,13.405266537089485,-1.352588027573793,21.099137830531653,66.31328699249414
0,0,2.040428703852206,24.245219037479416,95.98078665081083,48.373386979444284,0,1,2,0.16493020920148987,0.6677187714880043,0.8439731383111786,0,79.9946173005425,0,0,-8.927066747420756,2.185185475078828,0,45.46205000330657,32.78081132510062,0,1.0775110391482905,0.7481218076987437,0,0.09331239532453517,39.901728354816115,9.996436784115524,19.18949858320814,31.180766990185568
1,0,0.44310912870971386,30.409203475424583,55.485162323235315,2.2533565716346775,0,1,1,0.20253280415020375,-1.0287195232611779,0.5386641779028489,0,28.69152322456765,1,0,-0.006205107920079556,3.2958602087376008,1,32.54217690684575,2.550556158385943,0,-1.105644761250927,-0.8338997942501264,2,52.534142260937465,14.091441604989821,-1.655038036070744,11.984981647897273,23.797531892790182
1,1,0.08438782182332939,33.501267925708,36.48662009963017,2.0388530214607954,0,0,0,0.2286113396321029,0.04093624648806028,0.23129393046740232,1,26.19581014516485,1,0,1.0291563583104306,2.7758267599640734,0,3.0084120097251255,1.9340020787358603,1,-0.5355163651624728,-0.10519546728080292,2,66.30176806847642,13.738857276458653,-4.418154223090674,18.441637342084512,21.838468370419896
0,0,-1.057956537219764,18.654862982163767,86.64731822285913,17.068982971893327,0,1,2,0.056118256969742764,-0.2453114777776988,0.3309311796642876,0,78.32485646291141,1,0,-5.612714750452873,3.2460677314067734,1,24.261485292672976,11.107986646588532,0,1.7286455749893845,0.08954905583487076,0,3.6748295803089803,39.87619934090556,9.593291918224871,6.463848687012536,36.97388556294986
1,0,-0.15321562194178678,25.333497561388285,61.55752367415832,1.7967915530420693,0,0,2,0.15623926958310008,0.4215975609790086,0.8373010084020598,1,20.6825472088979,1,0,9.988689440586153,2.083176208654251,1,16.763402584718246,2.2543924628274126,0,-0.6852505008273527,2.0687493415022957,1,57.91609305699508,7.084901091838926,-2.7035326927808416,5.823393902309104,41.01836584640451
0,1,-0.28507075335633475,60.723211356075744,50.32126990741206,1.8129714756914723,1,1,0,0.9072009067257042,-2.044809372596506,0.3332920947302517,0,26.036172672075732,0,0,-7.357402127607353,3.9346848791031928,1,64.19103972823315,2.618465357221266,0,-0.07960085153210597,-0.7875215935676535,0,48.04048647845247,7.031376243661316,4.8353302232445134,17.813869866751112,59.37402680422084
1,2,1.0882642558677522,59.34992984841699,21.646518424251244,1.3629208164225317,1,0,0,0.6575993397837225,-0.8217166825850852,0.3053849649936871,1,21.89292482304637,3,1,-1.4112681198073886,6.967242057128224,0,39.89120352870256,1.4447165390434835,0,-2.483448982691519,1.0463241887974326,1,82.74983314316101,8.885600076235978,-3.110548929242226,10.665196700849894,24.958731406515135
1,0,1.4216812227285274,52.43962523688184,15.193221184849664,1.6382547030021712,1,0,0,0.5389123169145391,-0.634050647864386,0.8463189058910774,1,23.853282052900077,1,1,-3.6507076474930553,0.652271208217764,0,45.97170579489335,1.342552208894282,2,-1.2097676050131887,0.7810590327083986,3,85.32725049699468,10.78554945379909,-6.509398207944519,19.156290337605057,44.063633051180155
0,2,0.6929277559361281,27.051903229166605,93.35808820939805,14.990566652661043,0,1,2,0.21672172638775777,0.3317078067587298,0.9144559902291368,0,72.29050744295873,2,0,6.624970507648868,4.982660800454547,1,38.13912449996337,6.7878417599674705,0,-0.27253827552188337,0.09327533673248906,1,10.46629209765973,38.797212537767805,5.054405583029492,26.413448573502805,23.55346532433243
0,2,-0.8509004371279112,60.1844665211669,67.41412917347355,2.8682012508195562,1,1,0,0.839135893686813,0.37479411532550644,0.3130610546653398,0,61.62898570669769,0,1,7.586350720227948,5.280084389638478,1,44.268047791912714,4.28642955206934,0,0.16402557700538872,-1.0826513756961298,0,26.836351974967897,27.172051024854262,7.909410688774642,33.25046384404239,69.85259242585359
1,1,0.2646504369595117,69.98698394426538,0.023416086701605332,4.356777996209555,1,0,0,0.999990134113922,1.140230002257786,0.617756349656881,1,30.9293692799506,4,0,-3.758279031773321,3.5037066844327955,0,35.14524920664788,0.4642220661782197,2,0.5045668621316133,-1.2030819052803325,4,99.31371118068239,31.620313102053768,-9.520953130312279,11.988661517481338,47.52372534784946
0,2,-0.5139159626684938,41.043783647274466,25.580056934534145,1.564614157014527,0,1,0,0.35159064927070094,0.041282289421812175,0.12092085146246717,0,29.361647410688462,0,0,-4.585138413270771,6.440949631104628,0,49.66680613883821,2.156529434476429,1,0.30084328470876476,-0.7931231748336852,0,64.52598781687905,7.670088417904544,0.23121016932915062,10.602871824424973,22.903785530789094
0,0,1.712089097362242,49.92530094123113,49.9163738592021,2.5278694968045623,1,1,0,0.4417650893777166,-2.150904352073921,0.16095874010501487,0,19.264966736913763,0,0,-2.650377425382353,4.876605875175586,0,72.40673657553617,2.181625859042477,1,-0.2120989459356838,0.8644047205781306,1,60.03710755368348,12.607384810966193,0.0905464485779568,22.242725586747298,47.2384348997214
1,1,0.43531808088058604,69.44818844873214,26.160406532464652,1.9794250060218508,1,0,0,0.9943158021262213,-0.8804272677162964,0.42864675108396766,1,23.271940812160476,2,0,-1.6117970326053328,3.5310544304785756,0,74.24798112206672,2.033061583695097,2,-0.5627936296312512,-1.2081644706090164,3,73.82802241232213,13.837644578947641,-5.236883638941764,18.25852450783408,66.12774925490643
1,0,0.3463903906431134,20.49849715177561,21.302800551314572,2.7409246671591223,0,0,1,0.10307974745059667,0.5365914927262545,0.14213572793979884,1,17.639293688863077,1,0,-2.681013147517719,0.8920493067963472,1,44.61562986062329,1.555707073326792,0,-0.31813037052304544,1.6751508690610373,2,76.33304670060188,14.74168777777399,-3.481796897681165,3.134597927746281,20.108508107410067
1,1,-0.4754172733051254,56.45507048775686,35.09166062175104,2.651206123910947,1,0,0,0.7087377348266282,-1.9548508016431612,0.6609003070294126,1,24.163358722222014,1,0,-7.731456791412862,3.6184609388884272,1,7.4115536677840455,1.6686667496671743,0,0.08843746725752473,0.3450451907731208,2,71.37868249202647,25.045848565413866,-5.841012168989229,20.774418794222484,40.20433457004533
1,1,0.8785991191754517,67.05910434529414,33.60437416791533,1.764780458846675,1,0,0,0.9341031968130133,0.5337755100410753,0.5420590913396893,0,23.9317107694393,1,1,-0.6431574763481578,8.602285267543685,1,68.40545141913809,2.328548532847742,0,-0.9706379821804673,-1.7215041081491256,1,69.04082933775513,14.919260804902471,-3.6785646833703094,23.030090976560803,68.14537801824267
0,0,0.3574252529177283,21.9102097914348,78.33868879084962,4.799361112815332,0,1,2,0.1235064025380539,-1.0603361377431801,0.5933869669860213,0,72.78269573971127,0,0,4.460112836494485,1.3237949706015855,0,11.50914668813305,7.088973083561155,0,0.9405972083550652,-0.1405825748056173,0,2.6505941814677803,30.131628668224767,9.316887111712177,3.4564797407052583,34.88592929250487
0,1,0.36102350053963755,30.780766473435552,52.80909799891974,2.436765545192774,0,1,1,0.1990581199149753,0.09820150802106556,0.3663270900084216,0,25.033201099532356,1,0,-5.529688949695316,3.371064692039637,0,2.3612500878586307,2.3202634581876485,1,-0.509905520546901,-1.7263101409305244,1,32.90217710889715,21.69567415650353,-0.45612495077109116,6.3316748978540645,29.099484707612426
0,0,0.9172178376220333,22.791120379939294,88.66280294679791,19.736418017837142,0,1,2,0.19657789135466047,0.02480855741892485,0.5596320972189262,0,79.41499687955934,0,0,5.887916378961906,2.002359677248226,0,45.908219693564135,12.948365369833676,2,0.9847940523137766,-0.4413740304132368,0,2.1710292857579025,39.74872084769384,9.876751961345839,15.503641157688655,22.10019074310166
0,2,0.3030416648674782,64.54142423432349,69.5543378752353,2.252049486315516,1,0,0,0.9070357020918398,-2.065514819427227,0.36091540303253705,1,25.83045900987294,1,0,7.372597454662994,14.50488077255021,0,45.828274014429944,2.7258516680430622,0,-0.0956034044384142,3.6720489860927037,0,40.138809348065216,13.01123794743047,-1.3751557359640874,29.23044169912842,50.63552444802102
0,2,0.04428408399778279,29.449220763758593,98.82432741940593,29.25919568934095,0,1,2,0.2159573030520735,0.19402639767270496,0.2871597704464548,0,79.99272287272686,0,1,3.850821877146446,10.9624311879267,1,45.28241601086741,30.39389735180621,0,1.1217740149773976,-0.8832230318373209,0,0.10697444550793467,39.96330343355412,9.911144555848797,33.43760219855923,20.882145777371704
0,0,1.2613899392613572,31.646838925375597,52.84211531725003,4.365666317850661,0,0,1,0.22555949901798145,-2.0392830683567005,0.44482791488832335,1,21.032554728492467,0,0,8.354288543953032,0.6839063137967604,0,59.655283262656376,2.202467504521573,0,-0.3531215933912662,0.6869076975984224,0,59.08967498531638,21.984631170914227,0.1893005107731387,12.658805269839037,35.14937616074426
0,2,0.8494049216168664,52.46983276997531,87.48130794881104,2.658259254374768,1,1,1,0.5223153900614635,-0.2975214790599269,0.6389794873960881,0,71.82505359624327,0,0,7.653093703751701,1.965876592956932,1,28.78672324681649,5.366536074118396,0,-2.2029225711425178,0.44822510200679777,0,15.224734479126688,10.839620603002917,6.595117772344334,36.93300405138854,69.84879671679283
1,0,2.6247838897332296,47.277656689537515,72.73959338819363,2.48280877214275,0,1,1,0.40308488905871853,-0.596104301442036,0.62515938803467,0,38.49487218355651,3,1,-2.8364515354083064,2.0367593690167416,0,61.96686254314487,3.2535761289860954,0,-2.2683396699583764,0.1800811909990746,2,36.1762978726266,17.294382952850455,-0.632248913066439,37.54016343430011,33.7966302541196
0,0,0.2207196039199899,25.91901659288507,64.39824480087076,3.552614132785398,0,1,1,0.15163286271028004,-0.6777550216389078,0.4809858464392207,0,42.52341920418115,1,0,-2.717723506888526,1.9185086613822846,1,52.14622060115323,4.728056538720279,1,-0.6891512247523739,-0.34789863836825724,0,31.04134727032567,21.77736155511118,5.33921373265674,7.670395875428319,46.131756485215945
0,0,0.43956672047055667,30.219851138702847,75.39356501227125,1.921607599732079,0,1,2,0.21673997465556183,-0.15231219013709624,0.1586352613049623,0,33.97571983033542,0,0,-7.715317046331643,2.2354288319020656,1,35.39682780836415,3.21932571933741,0,-1.7253316378510388,-0.30608360602908247,0,16.82385212693971,10.940127312061751,3.618630930295449,28.259078514029312,54.05370439642996
0,2,-0.11689823082518618,56.5711655298274,93.92091834944347,2.9207665846799693,1,1,1,0.7627935620168023,-0.07707996976932517,0.5192149408834812,0,61.72757898089793,1,0,-2.8443898476714455,12.209920862948803,0,38.89593629389674,4.122433564994544,1,0.37144270046787553,-0.44889405740810706,1,20.560233565973135,18.071979081918407,-0.6813192390696585,39.83245813749441,47.95972318010711
0,0,0.9190087502850635,22.35205184435228,59.842570905861045,7.095380957402273,0,0,2,0.19591171073171093,-0.8914611063876753,0.812637241872129,1,28.49854788528356,2,0,8.706801316934829,1.8769728061066213,0,47.80182276028213,2.036336939625434,1,-0.3252445981902194,0.0068089280249536074,2,61.15785041224887,31.739950056797056,-1.732286316451491,5.722164086325745,22.23964577671868
1,1,-0.29293942274150037,26.217599025183638,94.23904188787718,9.820065197481613,0,1,2,0.28420724991338553,0.10565318003393127,0.5353353104928141,0,78.4654343913468,0,0,-5.581508387682636,5.80497475015173,0,39.49108160126495,9.937759340318019,1,2.03236241900941,0.3695452508414235,0,3.109975057432651,39.725945954600384,7.712087897857881,39.796616040486995,36.97932695864978
1,0,-0.9087757020104777,41.16070068780214,37.507391827521005,2.1587324799272287,1,0,1,0.4596684556702864,-1.3943161633581813,0.684937469406474,1,26.981457640080873,1,0,8.102403935862263,0.8143315955122796,1,51.99664473684784,1.9562231620482113,0,0.08208629091302795,-0.4614970050559723,1,64.27838302189501,23.193280578524956,-1.153473737614073,16.03746016600763,68.92045852132541
1,0,-0.9446508499853741,33.44093144048431,66.54452198132579,1.5175038375001557,0,1,1,0.15727463387316687,2.4653303068447756,0.9543904179200334,1,28.728048814341616,0,0,-1.577646842260732,1.8961028929915102,1,53.08339122490718,2.7304608400678076,0,0.09728024287918557,-0.02110188640614955,2,46.89175540293567,5.6835117980219945,-1.994129187022617,13.079751233586192,41.85549453277557
0,0,2.0685703064054874,48.92459426052765,67.93491072663875,1.8375077066500827,0,1,1,0.2247068717235587,0.04008894994153282,0.7641436742905017,0,68.29713645554456,0,1,9.665559105992298,1.480844660989097,0,35.403157620506676,6.767175222897931,0,-1.373008316837296,1.4811793397716286,0,12.366177584647753,7.398549874917255,9.279161761103886,13.887254420359705,50.444367036527574
0,2,1.7082454750699756,46.089429211227994,89.57077110702639,4.338301250987639,0,0,1,0.30412448438408385,-0.657404265169343,0.7351745046805653,0,43.14953548993803,1,0,-8.065710931196556,6.938203131803007,0,34.76744157396047,3.830224098077011,0,-0.13802203200328367,-0.8794761907425644,1,26.86356487807482,15.506674893223424,-1.9980218482711578,35.7026057563605,33.27923253063165
1,0,1.3912872548180286,65.02751095289577,17.84489093954526,1.0799579907219272,1,0,0,0.7932022593960114,2.55662685791731,0.19580916571202928,1,30.7964914122922,1,1,4.859911514648873,3.1215456457131974,0,21.118322969063144,1.689933356536741,0,-2.0884415871686413,0.3832820916133079,3,78.37359921684947,9.60994860926447,-4.868781311138984,33.94390183345322,41.365287485121144
0,0,-0.01970106703393289,49.853676501778125,45.08458627165197,1.4992024352639142,1,0,0,0.5200639353875837,0.09713370986354915,0.48994586359278275,1,35.748891106122244,2,1,5.856758028709766,2.0855638931611926,1,8.202479789732973,2.5754839692271134,0,-0.5316171686608192,0.21052890741233313,2,62.982778931656945,8.631394675799232,-1.633579597174192,21.98277115651387,52.76935051147222
1,0,-0.33996921006500347,59.90672942200777,7.883660208947546,3.165899904921926,1,0,0,0.8230305581702777,0.9713468891407538,0.5079963470118466,1,23.780147992879623,3,1,-4.403916825283658,1.7027319248389379,1,27.037734324988925,1.0904361144215218,2,0.5087044075344244,0.6026572114901981,4,91.73714282323117,23.539850850492666,-8.08185599608303,18.056474699770103,60.71799802997733
0,1,-1.381514830179095,19.405496294390804,71.65041517829188,5.9516279681554325,0,1,2,0.1498196952549079,-0.9752555524775602,0.126506735224021,0,64.4913679300143,0,0,-9.808777460957357,1.6164330146961565,1,24.00526155262471,5.433698621876993,0,2.0316039735503506,-4.37542323305272,0,19.615849742873714,36.92378284847479,6.058823401987333,20.546801848715393,36.09347429734773
1,2,0.20809397832041754,31.500326452348265,86.04498780109667,10.152738013836167,0,1,2,0.22481945222683097,0.9943427972679578,0.9986380376347143,0,52.711929213486144,1,0,3.386172385406887,2.891850562361037,1,24.225027698503887,3.6067366316600635,0,0.8516458281698108,0.11200758725056587,2,52.95234158023877,38.28124950162575,-3.6447918053100654,12.675390097873356,21.61791962902148
1,0,0.0806101653353481,20.201179082039445,27.936044157034267,2.3426595741994496,0,1,1,0.12283047634587047,0.6670849638188745,0.3182255448459495,1,21.099856383608714,2,0,-7.991009996036359,0.5063406278922065,1,3.1538391764585416,2.1341638309014686,1,-0.5424996411103445,-0.3006618599661836,1,72.85840734229416,10.258443653026417,-3.112738184521831,3.1907745691851708,31.351783260137054
1,2,0.5117463666927621,68.2241628226334,0.3191196888035319,1.8989126373230387,1,1,0,0.9861769031584402,0.5351951158795359,1.581303640807441e-07,0,22.85672989824535,4,0,-8.910535138802814,6.582705478987323,0,64.0077091848544,0.7840728652690374,2,-0.6402920125094819,-0.3422535690684295,3,96.49181209639096,7.9564885464473445,-5.4991149829886545,34.32187653655875,22.56558941686962
0,0,1.3148188123152975,59.306252463811944,56.43666374225108,1.7648001753886964,1,0,0,0.5471967016226821,-2.207333236026856,0.5390104118035153,0,22.839946530979198,0,1,0.9183474288787874,5.32241586092313,0,74.64434144161709,2.1869556262541274,0,0.9708539613660035,0.9990916895746265,0,60.480479704438615,8.617957823232306,0.10317001053759434,12.93180317197152,53.03945858977181
1,0,-0.7739917022400684,60.10820319183253,10.521031163831818,1.3212621326506195,1,1,0,0.8606046675011552,0.8911298075033708,0.42393814086990134,1,25.10065744752774,2,1,0.1648672815582195,2.066007236879549,0,25.228253728546008,1.7695129172417141,1,0.09696932368003665,1.3240511440362535,3,82.29556167376384,9.854754220510653,-3.6634517871864336,13.613336690380958,56.53408805724612
1,2,0.45054825217099836,60.938135827145075,99.99981556787584,50.49455966804311,1,0,2,0.7972033530683733,1.1334946026368722,1.0,1,79.85684760535867,3,1,1.9359670027132285,5.648937427111469,1,14.208614342526387,17.052986806542044,2,1.8580698388175512,-0.6620330560354345,3,0.2611904467755388,39.99716696555206,-6.589692606200223,34.35319251443533,54.877217942405636
1,1,-0.3813635374900774,46.38389998255018,40.1632550267207,2.4956214087534248,1,0,0,0.42075553823093564,0.902275763465038,0.27784482598676247,1,33.83277031004143,3,1,-3.4219587097930297,5.700970764708421,0,11.920759678932157,2.141187469748688,1,0.8539626659320834,0.4635561251013545,3,63.72072681581369,21.05124098373971,-5.4698567395634825,21.463862440198366,37.508672738132034
1,0,-0.1383475081924094,21.46263094855948,78.3048889143414,7.375769026595327,0,0,2,0.19353250510095582,-0.7049509988183551,0.6689042445554081,1,26.026069007501462,1,0,5.548240473976595,0.5988121196596404,1,20.741808292585784,2.8611934570035724,0,0.18651228540560397,1.8051011003968924,2,42.85089996972577,32.96087587269022,-3.9858429090684178,6.274986840576413,30.948945592494432
1,0,0.6449914875290162,33.17586104807201,51.0553162103076,2.0295646913491674,0,0,1,0.2515305710942,-0.5195717360780304,0.5691278898709871,0,22.820337601101937,2,0,0.4253158704471396,1.1155049759594171,0,26.13087853046313,1.987897307057114,2,-1.6568034375342875,-0.9681959370452853,1,61.24870006439661,7.992171927873885,-5.270434112782823,25.278396420501235,37.3337720320451
0,0,0.04219985325116687,18.05013213319873,68.04278068408968,9.732771835713114,0,1,2,0.034856129089887555,-0.5553472060164868,0.20212266692885522,0,63.07355138528975,1,1,-7.820264432214323,0.7292096278572865,1,6.6940542578499596,6.834578043788177,1,0.9673008651415415,-0.7290913186827,0,17.24915535978327,38.391765024020906,6.61171934418649,2.7337782971342794,21.699178409668217
1,0,-0.09680068216957464,61.27937181721812,1.0289435834820004,1.5916126530590204,1,0,0,0.9013567451292408,-0.586340845997021,0.005397908848798649,1,20.99396359787868,1,1,-2.6611080234890103,1.575982789440098,1,6.133802659977059,0.7316576011552428,2,-0.27089829998786036,-0.5542597480390732,3,96.35663172054565,11.307634331045136,-6.461981429423926,10.651487284290653,31.920162852471975
1,0,-1.8561506090708864,54.95505271608804,17.911126712854657,2.033823373642148,1,1,0,0.8596745861772372,0.6322069479419954,0.13483149904993946,0,23.365366712183967,2,1,-2.277748287278345,2.927260469884488,1,73.92839014930968,1.7625101056293369,1,1.2516194587619538,-0.07521152299227318,1,79.73903735783922,19.30574087527441,-3.089034288297592,13.06044951962609,53.40474270121249
0,0,0.20835140029914717,20.264512401992096,72.19137073838657,14.45886501288699,0,1,2,0.14222632877632613,-0.23307988955060047,0.28604262409533354,0,68.65374868364664,3,1,-6.554808315556702,1.9330988098436126,1,31.92864862034724,5.321805035654807,1,1.7080775987869623,-0.6744274169907472,1,13.528991642495459,39.26863613829574,7.290688987172555,14.643557998165024,23.883938327432595
0,2,-0.5736332706568372,35.236038095003394,91.16118681895956,7.298406578482335,0,1,2,0.32757683483632927,-0.6216806279638964,0.8471804435325341,0,78.94916338042424,0,1,-8.203039339748843,6.105052033114322,1,62.54627505806191,10.83736417024751,2,0.8396376130432996,0.21160477345925752,0,3.5625950918954707,35.938098569095004,9.185608653500484,18.192447820516307,40.43585975023288
1,1,0.20787776804775152,35.716863640832045,78.81677941532918,2.594528320353453,0,1,1,0.24799661316878036,1.0253781803960265,0.48764063145003284,0,51.25467378312052,1,0,-1.84510826023077,3.0071930755610907,1,11.62476612345976,4.898557740153316,0,-0.18945858743757338,-0.8557470996353418,1,32.233762501883746,14.585039059633008,0.829543807938089,38.58183746991195,35.969848506736724
0,1,0.03824538741162654,53.983521045149814,41.8981231790674,1.9475112663562881,1,1,0,0.6844561795621597,-0.18576135507255412,0.35957012423512097,0,36.51877674862777,0,0,-5.113008521462099,2.5251860388738376,0,78.52461584470676,3.537645002207772,2,-0.10255435605008675,-0.27985846981097506,0,38.460631958370385,9.991861865101672,6.762472549729242,12.960439792773869,49.05435966849011
1,1,0.09529808654278972,58.261914505238686,16.843877211712087,1.719895304424606,1,0,0,0.6968403671099552,0.26097233861743435,0.36502943454695413,1,29.286316098377753,3,1,-8.458046870629092,4.319684495128412,0,56.4371677373815,1.366300655380534,2,-0.27045400351796095,0.48195924428673764,2,82.15199441381942,11.716758370775908,-3.8563184566882702,19.89784632371469,59.48276984605014
1,0,0.7451924625447253,26.133174998298912,26.888572132138712,2.8577758709511043,0,0,1,0.11999211111966956,0.21591549464606163,0.3910390448143295,1,23.615340871838796,1,0,-0.23024523829904986,2.4894964746558763,1,39.885536587377544,1.4876111014413251,1,0.8998624831600768,-0.779746962484494,2,75.58965466668633,10.673210412581353,-1.0920998288534385,3.196368966842671,23.403584884785616
0,2,-1.5898775164129082,57.80974056187597,65.49676687577805,2.099057045142152,1,0,0,0.7872537402167935,0.06241490412057067,0.42141001722492405,1,18.940756698369583,0,0,2.325299431444792,5.03179193211316,0,68.37183534358257,2.3661247649745354,0,0.3945388282097166,1.3904672736439474,2,51.192185304556745,24.187047964182966,-4.610393634965746,35.29297349472286,52.62224817035924
0,0,-0.28254299031790886,25.901942081192708,45.175639720233505,2.2543289347547892,0,0,1,0.16877801807255255,-0.659627276056879,0.1160397045670481,0,18.496618223374494,1,1,7.203316430641792,4.473716218542493,0,3.7889934929667968,1.9661269591132053,1,0.39931032802343275,-0.8441539575278703,1,58.28349934392128,16.08659157320885,-0.12446068702027979,9.484048664186908,26.03086928979536
1,1,1.2557920006569008,69.99013613510874,3.718294342721773,1.7824611677678637,1,0,0,0.9998774887134196,-0.22005533381644732,0.22909305650620176,1,57.99745606152278,2,1,2.142394808019244,7.83048343920444,0,64.89222487373729,0.9229859756349373,2,-1.4136245980284794,-0.1621577999527291,3,92.43787076856196,10.659792502556368,-5.851822353074866,13.160201625797487,61.100715733431855
1,0,0.44126355148579693,36.40692356917552,33.43806905211577,1.8717296667499876,0,0,0,0.15334874435270862,1.4441249742175035,0.3592628763010655,1,22.63609370432792,2,1,9.515716554171775,4.0951642382425915,1,24.63849675996432,1.6553712918420196,1,-0.6471447452565011,0.7104447777417064,1,73.26595532077258,11.809427383411272,-1.279649991504396,3.6834757773555427,60.568129199808475
1,0,-1.4149143434870766,38.071751063944745,4.50826328724519,1.7331214411399387,1,1,0,0.4497352288918586,0.2767278258622758,0.5722131568825264,1,27.389678225381786,3,0,-0.7326659296210014,0.5045167160043579,1,47.12359864685481,1.2079069394554567,1,0.6331870603635881,-0.28796963519915514,3,89.91146234747345,16.56623621555646,-6.058294431097338,2.5884261354097915,55.523121984201126
1,1,0.37678215369431284,40.706448660606746,43.553580696933864,2.1425370291203487,0,1,0,0.2599982965272819,0.5569064889226881,0.2441340025858692,0,20.26243074546924,2,0,-0.4903913479723059,4.438012644943795,1,57.347570561234505,2.6537543855659904,0,-0.9522231388713593,-0.531302442968834,1,59.94760345792316,11.520675689079635,-1.9336671959402025,15.577867548534098,49.26655745333813
0,2,-0.21960069764631504,51.2391396108172,30.964806962374336,2.0621700147078728,1,1,0,0.5489689103058065,1.345986718794684,0.2735796407277348,0,22.55629811267111,1,0,-0.6965967041453691,2.2380010385091547,1,35.981330402546526,1.8021281100965707,0,-0.28764489168616253,-0.5256591899083598,0,68.5821819605242,15.945869801947381,-2.9283828475656524,20.30480129827844,59.43072017154894
0,1,0.24193628997765523,58.44156530382044,72.75750023318015,2.54487506333025,1,0,0,0.7761533758643555,-0.02263628223178519,0.754333575753454,1,29.319415481644874,2,0,-0.13675403480188741,2.656656918000926,1,76.89371338808752,2.33634918879059,0,-0.025647124870330336,1.1040983199143641,1,49.86341696696172,12.876544598365978,-3.423813594053029,38.51863669204727,61.706770450461846
0,1,0.7479903867641609,28.328616501432094,63.11564388912587,4.841517787963455,0,1,2,0.21871816812377443,-0.5578779974079104,0.13035740687971514,0,47.76599825715237,2,1,3.898077322159626,3.502983860203343,0,14.712875212521457,4.698634637818367,0,-0.5725010445615784,-0.19950032000899706,0,28.88875257346054,24.034858291427803,5.940146288367277,19.1646740630619,24.531941332184935
1,0,1.0298138900480729,51.827644484883066,2.1925046623323285,2.7490764385024047,1,1,0,0.6070140028352563,0.9955656436976441,0.2744832255421798,1,21.54129265325939,4,0,-6.593163538233686,1.2663026576114427,0,14.767673461320241,0.9021731721450202,2,-0.5613042819747184,-0.43498505699418455,3,92.90614001081521,8.740977334605988,-7.169135919277425,2.693683602033472,23.5417599807068
1,0,-0.7721371323345065,30.75006197675349,25.28613550665519,2.246273323343103,0,0,1,0.22595448105733285,0.8379656094708592,0.7058003609705403,1,25.6661953057787,2,1,-2.641699392110402,0.6131930641207404,1,40.89940338040197,1.7511129776343495,2,0.36864363156174634,-2.3329919196501288,3,75.97737865719876,10.029495458731594,-3.8761153777471673,13.235233656749266,40.10455935164096
1,1,4.768222254787604,69.21966913391694,15.237222475779372,2.942710973272978,1,1,0,0.9059674868754828,-0.47982331395744193,0.036521005573379284,1,20.671446892864516,3,1,6.931775086025649,3.214997319404017,0,58.4448798629501,1.545256527574622,1,-2.8362640121989906,-0.48740336571280773,1,78.71121654823797,10.385705538101927,-3.8639046955049956,38.52797070420109,33.89884050258891
1,0,-0.02954503204879179,19.674765883388574,89.70883448956862,13.975619051717565,0,1,2,0.08524930761445398,0.04902252362903907,0.7064522993129089,0,76.38175682668017,0,0,6.871878386025546,1.1390913824770748,0,0.5407283568756993,8.208936443545388,0,0.5469252125973653,-1.304930571283073,1,5.958272147279553,39.738794480148634,6.24632945557887,37.58484837470907,20.24655464959632
0,0,0.37300758982660875,52.6858354913071,61.425681637209316,2.757457662255309,1,0,0,0.48158997892063965,0.2810812959481675,0.6377206237470172,1,24.427534802770854,1,1,9.994506564912914,3.9144362352918876,0,32.629330771381866,1.8361062630358527,0,0.4816523692235353,3.4681097989831793,1,61.56271275614535,17.67230190342813,-3.6059788714410432,16.431018630795243,40.549506609715756
0,0,2.063990328671188,35.620367330666014,57.38554635560747,1.9932132379585845,0,1,1,0.24610728486614053,-0.6696372950759406,0.8868416296791399,0,23.36028409114542,2,1,2.3136939618782755,2.172747148494656,0,34.23266444240764,2.6303679129383473,0,-1.6378508850436613,-0.029491326514523946,1,48.57138163112573,12.99688487011868,-0.21654143107295276,3.6376231148417704,35.51355499346364
0,0,-0.5898397605157405,22.609460027688126,60.84099529966195,1.4505656609539646,0,1,2,0.21298257583797592,0.4490823110822291,0.6293072975274292,0,48.0728189536416,0,1,-2.114238042201607,0.74448274451543,0,2.454973533610403,4.368142591771622,0,0.009183182653286933,-0.329838183961156,0,32.15868602581588,11.064528563167851,7.650915316517985,1.3779711991723809,43.3923626954052
1,0,-0.0853138139021541,40.90117971159353,25.472041150036347,3.350911323163699,0,0,0,0.39994423079990793,-0.7099136240446718,0.5702488804369595,1,20.419610232313403,2,1,7.515520093531389,1.9490627502136797,0,11.655756321701594,1.4639231165590345,2,0.2810187930430264,0.20968683189743426,2,77.36399014997,18.618498934660423,-3.6550915133477098,4.813069499713145,35.48304655367113
0,1,-0.9649729030177193,31.15604448335779,19.50268213382967,2.616209222442422,0,0,0,0.26039110531999354,1.026799109200619,0.007147643678155902,1,25.89097210408709,2,1,-0.4534589714726014,3.063469809388583,1,63.15354622911626,1.6103884221283615,0,0.24510839226666892,0.1414860326475158,1,76.88448777797439,19.56312681737838,-1.4712358062914621,6.036867754871995,47.062475709357884
0,0,-0.4141827618414905,24.217243122260314,46.40467784927406,2.688433335085612,0,1,1,0.2230932355242481,-1.0279517271609475,0.27328860207335953,0,47.15846345950021,0,0,5.242140356021887,0.8529398909171731,0,63.15610277953585,3.8804162450954003,0,0.4520395305891816,-0.818347632120487,0,34.608777668664274,21.009935900793636,8.358826314106992,0.6790315805730218,48.73813058565305
0,1,-0.195091486405802,36.04427448069865,44.177863016674515,2.1646364173196737,0,1,1,0.3112331553882658,-0.8860333382686514,0.02629886893219996,0,20.541753974982072,0,0,2.7904810359649055,2.3999185829245766,1,70.7213407275372,2.5990965744221994,0,-0.39030469766863984,3.223822046781742,1,51.05178884726445,14.071061299787612,5.491559210638478,20.229560461963104,29.123071328000655
1,0,0.24147063454133455,36.662300207241685,30.58554145746093,1.3777454174258636,0,0,1,0.27443763183109976,0.020302874744224063,0.4584337818569846,1,25.24357769891293,4,1,-0.6404240644421968,2.130054824567571,0,9.595128871791271,1.4838377121826047,2,-0.6277769666628207,0.34804038511963553,3,77.27360655375746,10.459329768438579,-7.842595243125192,23.294350859942572,21.6063233876114
0,0,-0.5521191235279921,27.20475187417594,75.60926291562996,2.3831496587017367,0,1,1,0.15823228118558347,-0.0682471920986166,0.4598900267049061,0,63.160758497181035,0,0,-4.0373465929596675,4.150152484859175,1,58.36749516363355,6.07112561835908,0,0.20040497420876344,-0.7303962490370937,0,13.92584591159547,22.56152064402812,8.25620023999527,7.526626883104976,52.114449348953066
0,1,-2.72148127892512,30.711742674756472,95.12631870155772,4.946086771329612,1,1,2,0.3041287484791655,-1.054517062545423,0.5075366553918896,0,74.07339710947124,1,1,-9.305822137089548,7.913866963975912,1,57.1009836344754,8.149590567113881,0,2.483824955625895,-0.632778944293838,0,6.854762803488073,39.673378198644265,7.767025704942764,28.04354683893302,63.03656987089192
1,1,0.2597583704158294,69.079522245443,3.5997123104815842,1.907923546260281,1,0,0,0.9961473283303938,0.11288733919353515,0.25577242796648536,1,17.583519396426585,0,1,-3.059404852620064,6.590982025141003,0,42.60824171524891,0.8479359589374891,0,-0.44862094462262136,1.4598326496834124,2,94.82731797754495,9.95891767478328,-5.42411457532614,3.5173083576947395,61.99407277550682
1,1,-0.42780098051065724,64.31924066488173,17.28057216298655,2.14422632869987,1,0,0,0.9312085711359739,0.5121966756036955,0.08155608430230532,1,21.00467385899989,3,1,4.8475038751665345,3.76714224636607,1,15.487625232970297,1.398384848767936,2,0.2425366125811582,1.256408898003769,2,81.93283316518713,14.287712877592625,-3.8647180509179098,24.76497684111115,69.72724652809218
0,0,-0.9709761880433337,60.522156952050985,73.81799548586685,1.898700597923156,1,1,0,0.7762159549689738,-1.1539869489633126,0.3422600483442686,0,62.35925046588383,0,0,2.595059794449323,3.7095274399342206,1,79.20965326354381,5.172068547892143,0,0.3674209655019336,-0.8787474817606252,0,23.427880402697365,17.477578513534265,6.460891584010756,29.01991144159411,69.9159589850725
0,0,-0.8349222607248002,24.171188322679477,71.4598069241377,1.5610417319052532,0,1,2,0.12134153020488897,0.7200569181247377,0.2906240732162597,0,32.10687992927302,1,1,2.242437553635659,3.3821329592262384,1,16.64103254659372,3.217685007452753,0,0.5130725685961347,-0.4739404198251915,0,41.90708957097067,11.718118353635516,-1.4907331788529756,26.392583959900243,28.183569153697526
1,1,-0.5863622943606992,66.99007151547423,21.404028730816695,1.9331308398993787,1,0,0,0.9802760543873733,-1.8475241186733515,0.6262342146987212,1,35.71933790322041,2,0,-4.535107415378949,1.6073334207194199,0,53.36230780449634,1.6386924065927702,0,0.12251379415591623,-0.9469240945006294,3,75.86327732726826,13.525269193983105,-4.331793235170651,35.15680387333313,64.41908778465483
1,2,0.0312535601984949,59.535482994527726,21.23054097264456,2.280502094973449,1,0,0,0.7596600705519552,0.8060215994066556,0.48991971610432705,1,31.031629459426185,2,0,-5.283576388267236,4.599123908373492,1,19.410636565239223,1.445477432903717,1,-0.18247768554616026,-0.03680625541036949,3,79.19233197413767,16.273050967866105,-7.2685364322941375,34.24113414239547,36.24802648125028
0,1,0.01958860516573414,29.372015210873634,96.75990377788604,4.724914094326262,0,1,2,0.20029971924960133,-0.8570489985127527,0.3601901823515014,0,71.26639111934685,1,1,-0.2623627412591656,6.947714309522293,1,20.58101249428215,5.492609638507406,0,0.7263796010647361,-0.49453712640380354,0,11.718689904360069,29.67327970925362,4.475627162668944,38.75037242839935,63.9611433399913
0,0,-1.4543106790810283,42.692410470378064,32.635127498566206,2.3719656573651,1,1,0,0.5414707226670383,-0.024705608365911198,0.1935398913887041,0,39.469385850367466,0,0,6.780597458128366,1.8287638035233063,1,17.16954686144171,4.179580398725586,1,1.688008839533924,0.3302641429800464,0,38.45183282095393,22.682348503992028,8.701032459889092,8.692518230990574,69.4041954600023
1,0,0.20620843218750723,50.419197381411976,14.967208662933428,1.8993449807409017,1,0,0,0.48906846139441823,1.1691158705476485,0.7668582446648007,1,25.510339128464025,1,1,4.825699998958248,1.9140801319493013,0,50.01148641457634,1.1397194478331834,1,-0.5110476237636565,0.571842510086159,3,86.05248826206771,10.33603030156332,-6.8908755274028355,4.297883561401557,30.55317939816801
0,1,-0.6998303004100783,34.54411371580777,50.0208131733866,1.6127158268900146,0,0,1,0.23536144038012807,-1.7491314064287293,0.23382653436644724,1,21.39789916058111,0,0,9.643943572882545,4.34186687080103,1,60.16454757613243,1.8642713770719814,1,0.015845788202652342,1.1235091251927332,1,62.98147419922682,10.608815855562986,-3.270423213917768,24.09488276430205,43.92428946760534
0,2,0.27022162002500744,34.946087199424454,88.99761585032618,5.977095436033262,0,1,1,0.23645448554288412,0.02106648452680639,0.8036855540000577,0,51.76513575848177,2,1,-9.22474448753714,3.1409072081180285,1,23.43719059527399,4.513983316878494,0,-0.4805574113966715,-0.512086800223746,0,24.041532882694867,33.33198395647318,1.8886510382350856,33.124601915801485,40.56676645631264
0,2,-0.31220294765059076,26.89518341496359,95.23759529216015,7.50267061137859,0,1,2,0.17318558964122083,0.6272340570870599,0.7537010991373134,0,65.0796233009236,1,1,0.31647918230105887,4.618526748355961,1,41.64225281203009,6.7097234982495575,0,1.099776126753622,-0.08520490542756229,0,13.505771552883683,39.06589645634017,3.616239989576206,33.26655869097245,28.982948562925625
1,2,-0.8831764056917987,62.70419017595715,14.777601118592715,1.7631258289343938,1,0,0,0.9061147252790482,0.11478864851439771,0.24809549362386923,1,23.205532427858515,2,1,3.7064075980964333,4.730090002578186,1,68.56349209334999,1.2607458653989083,2,-0.31260637289011245,0.48205750640228523,3,83.18458639092945,15.608251450740253,-5.581712392841995,20.644278543341244,49.44073277285549
0,0,-0.7745975177608188,48.612738023277984,42.16051640964917,2.780083488602232,1,1,0,0.5685227208481496,0.46093000778864357,0.11727052049184217,0,30.2637377463334,0,1,3.3430689581675654,2.464176152488685,0,68.70389135762572,2.8867082347320414,0,0.8257274217361302,-0.8472557619001091,0,45.72164240654038,21.387747737899456,6.0511496700405445,11.780694453836153,64.80339893279421
1,0,-0.05219840796318856,59.43052398667481,11.710495965880257,1.7740218762722806,1,0,0,0.8506585254642357,0.3848771156453314,0.19981665690907296,1,31.286727254082113,2,1,-4.654787585184284,1.4030107460806374,0,71.66615829252619,1.5081988656190366,0,-0.6144806022003306,0.25975095107800267,3,85.66586700018482,9.028228473947621,-4.856411306610298,21.08344280782734,40.63864886037803
0,1,-0.1322869150478325,39.70617397188535,80.34151581657652,3.8047608455066046,1,1,1,0.3761377261639397,-0.8587765924927095,0.21208780987212061,0,37.383829791599894,1,0,-0.8026372785671327,6.161611791770717,0,45.8480040804065,3.6441273994965364,0,0.6553505985792122,-0.27519263882546224,0,56.714127407415624,27.13804008065751,2.3319239545603985,33.82483054247231,26.61503554308571
1,0,0.7265048432619718,49.06475724158345,45.21313848731746,1.9349020134808221,1,1,0,0.48086575974655543,-1.1753975875402982,0.855903001430123,0,25.571506250908584,4,1,2.2286658392726704,3.2553497028797245,0,73.30967693924678,2.2329016535335104,0,-1.283279892987645,0.2912848018148237,1,58.84823587728237,10.879736556808371,-3.8240799022093332,10.473174050998129,26.540786305555027
0,2,1.1119750930702803,68.3371052676504,65.3054226741723,2.6815702807466337,1,0,0,0.9648900002384395,-3.5688003098104955,0.8910414061085361,1,19.509186548667707,1,1,-6.647498568565341,3.552547590333102,0,79.5360688948538,2.6527564334557012,0,-0.7188206332564288,0.7343595623297583,0,50.92851954085027,8.863098174049027,0.9343914898115617,30.006100321522,53.32422871211821
1,0,0.2140783232943952,48.511807853175426,8.892990011250435,1.631170119434241,1,0,0,0.5046312060171656,-0.18301106351152602,0.5196645245017485,0,20.93704406902349,2,1,1.6610042703318548,0.9567019155904245,0,68.38243926459488,1.167569551882506,2,-0.13571366426235518,-0.30590992126864375,1,87.37779438954432,8.284189228371213,-4.564021893423544,7.0315966586164125,51.63490725732621
1,1,1.4103183435557005,46.93181382499325,19.89433879765506,1.5919060460691736,0,1,0,0.3998149255264307,-0.24757548832029164,0.17926880702361175,1,20.855871076825146,3,1,-5.744500431076371,8.525905924739837,0,38.26154143279164,1.647396052582822,2,-1.2235748756724039,0.8569321269047128,3,75.0780723535849,11.97351079093805,-4.813743832803672,14.701997344385507,23.902524564268017
0,0,0.778191526167382,64.56824059232477,62.31959377517513,1.9479706191780417,1,0,0,0.9517119913218215,-0.7653185507013738,0.7839854866451985,1,22.18631877862301,0,1,-2.471093370980377,2.3963889896230635,0,70.92358259670803,2.6925067890863663,0,-0.8314837863710832,1.9174868866845214,0,55.83945775286717,6.006286679302257,-3.615460506415702,36.74469404402104,69.46151520493657
1,2,-0.8970902593647982,49.69475121768117,46.320272619214414,1.8137271907857855,1,0,0,0.6679454043614659,1.4098167754633861,0.3549887784375939,1,18.47274596706935,2,0,-5.232011119857562,2.65449090148355,1,30.600435321456843,2.270668141954819,0,0.4609123874215419,-1.4320891436964347,2,59.93671619434593,11.804768082423978,-4.919735326768999,36.866171963847606,41.34116257595444
1,0,-0.7400850432643772,44.38700913640753,28.927289951762138,2.108938512512436,1,0,0,0.4909279801070288,2.1235606594640375,0.3550892610156764,1,23.965143533668446,3,0,-4.575582655769422,2.5532215271352685,1,71.08168244010923,1.7044013660190318,0,0.5989887140270374,0.08116634086786781,3,63.92416322621689,21.366685702628608,-4.153870436872575,15.119529238126251,36.147392491328866
0,1,-1.1052079943461055,27.630229854143273,58.932026307838946,1.5989688551244787,0,0,2,0.15159757225364878,-1.358457120277508,0.3104389154871,1,21.704203959356512,1,1,9.217394095693837,6.0187667570031795,1,39.005318360565504,2.3446623777537208,0,0.5153618863791436,-1.528640306943653,1,56.26193326981973,11.433562241874146,-0.6630963321320689,9.166173921887095,36.39685007246038
0,0,-0.019821746659003905,46.68812012599871,42.60792259501521,1.6820113346444645,1,0,0,0.44783739140523093,-0.12335963664620518,0.6233731450043218,1,24.820348079280077,1,1,9.983315697682613,1.5430546054063088,0,74.44673649752141,1.5349079915600212,1,-0.72190710867696,2.4189649247082285,0,73.92552326189235,8.899393013544607,-3.864968338446406,7.571549596444971,53.78193901296317
0,1,0.3046028835644115,45.243730555748286,59.44960499017375,1.6247893005089515,0,1,1,0.40340424829574817,0.013216367084722534,0.08580208553735152,0,38.0215155293519,0,1,-2.249053296293461,6.3359625284522085,1,17.823501923757693,2.9374966732960868,1,-0.1797516271673203,-0.0391647752545657,1,38.85745542885445,11.194636354422814,3.1282371963738456,27.544782333742468,63.84715816010055
0,0,-2.1487621791654608,38.22689329558194,87.12187154567414,1.7356997542801298,1,0,2,0.5296401916953616,1.2320412816696331,0.9855699635404129,1,28.608528531345403,1,1,9.999999998922227,2.64977113624148,1,72.53826738938943,2.2721419508029705,0,1.2133164579957734,1.3742359840211247,1,44.1786550382223,20.479750753783563,-2.8936930647505266,8.839829021161252,55.91313209644791
0,2,2.4501664801606853,60.29168456067537,45.373646965377745,0.20793619387547907,1,0,0,0.6012527439092291,1.3945148627845587,0.5697724018895388,1,26.324692449838942,1,1,-8.042204951658745,3.0907556704633503,0,50.91293713056959,2.283684458414282,0,-3.5825343932992233,-0.7809350857080078,1,61.99222540544569,10.932117087175827,-2.2483042015550545,20.20740298085188,29.2316617246538
0,0,0.4804940190924549,20.366248825710105,76.85914579897688,10.58354644380196,0,1,2,0.07125170667369723,-0.7255854788087477,0.2931198926590911,0,59.2951254875959,1,1,4.990182816729698,5.416105375334134,1,12.03708022266409,4.931211090228974,0,-0.16181123802059103,-1.3366139164852637,0,21.86891802020651,37.257681808346774,3.9636879767551,11.35390284714398,24.862172240882195
1,0,-2.005806584451059,39.707430234187505,12.973387924174823,1.5195467470888546,1,0,0,0.5473039003906723,-0.5236135011735421,0.4130283607872405,1,28.675375349191512,3,1,-3.752462128203897,1.0963940698549532,1,66.52761855060666,1.26853303608236,1,1.1743818542251703,0.38812898856205225,1,83.41310956506274,16.340519732448968,-4.245789229078543,2.0291763446131728,67.38460227385563
1,1,-1.3267685455635587,26.118302609218755,72.04285910625015,5.960206554053166,0,1,2,0.21079829730751093,-0.4776390440561212,0.5676446689852056,1,41.35872589928454,3,0,-3.693743537773207,3.2675729425794757,1,67.93192153641427,3.190044383393631,2,1.7470868253256517,-1.0323859792529204,1,37.874919445759105,38.476938567202694,-0.9083091397999539,22.35061187015205,45.588267951349074
1,1,-0.2306964242051148,49.152943643122995,20.31489842101263,1.8330695130411208,1,1,0,0.5132908918304808,-0.36558699546498774,0.3720539798456886,1,23.869226810307154,2,0,8.927651451016455,2.0235958444412314,0,66.76302922132821,1.7256639870384005,0,0.1382438045158243,0.17757102549917195,2,74.22448603994555,14.517102073929067,1.6729838813655,8.87097741712039,25.18831641781781
1,0,0.14561597950393745,55.60422377424607,35.01869000070869,1.669058359447692,1,0,0,0.7250537546539626,-0.22744549674801237,0.2504850865588838,1,18.475714766152187,2,1,-2.4522442725955518,1.7060514928698745,0,22.195506875101245,1.635235893027163,1,0.6060591716939985,1.0192066652440135,1,74.43350613078182,11.189138348528163,-6.46454742464377,34.47706666954038,64.22127866312357
0,0,-0.8424730895944211,23.191197674743314,40.643920386008475,1.662078449097441,0,0,1,0.10559946969230394,-0.23343987210812492,0.35419948791466294,1,26.150180762484602,2,0,-8.891745573264235,1.1631031779576722,1,26.11051657609975,2.1942157615702644,0,-0.8422498633480651,-0.05701701769896037,1,67.65091228056694,14.223086130290106,-0.295851607449233,6.222864384902664,29.77496546260366
1,1,-1.0227776263158292,63.75544270489803,26.689034169987885,1.3980470432179608,1,0,0,0.9495253435273742,-0.07398537844912194,0.4138203224055639,0,20.352959100727688,3,1,7.005186982891395,9.8283649193089,1,75.36689264262371,1.5355675188811773,2,0.23698135003756718,0.146098649584687,2,74.91970436018826,6.976973919642726,-5.808149100770857,21.612670762510234,45.730419615963754
1,0,2.342617269959793,68.94596560059433,0.3719475889940427,1.649272422342853,1,0,0,0.9472211856279067,0.40430634357024364,0.01474302667827354,1,26.31241522455265,2,1,2.9059416687755135,2.135007303289058,0,72.51094146165636,0.7033976942145391,2,-2.9912209477870637,-0.4959267104873063,2,97.7800095931558,10.233010441204094,-5.939009994853153,5.5191276036836,67.62316741866438
0,0,1.8258538636022736,33.82901067907481,74.35266599666781,8.64828756909293,0,1,1,0.13479955898071633,-0.6588315164299186,0.8893803826097971,0,46.180055287333595,1,0,4.152156090903638,2.726252338808061,0,61.394675256370306,3.894394025935503,2,-0.5846439501194726,-0.16269482488383516,1,29.259753516144126,30.789415254952562,3.0095281556482227,11.935803796060824,24.751932289494555
1,0,-0.42615258073604756,37.442708842346605,23.276603954924408,2.0605468592083334,0,0,0,0.28956953988343226,0.01156481596527888,0.6977224523505452,1,22.39708246761502,4,0,-2.67288265301835,0.5911567598560186,0,31.750763513456427,1.524311471399304,2,-0.11778766933395453,1.4799525401154903,3,74.4636281240584,12.801811303343786,-3.809542039373781,8.473314580079032,69.98129342233362
1,2,0.8094296828494175,68.17565754271881,11.844161472978133,2.9925219874089226,1,0,0,0.96162673016362,0.06038750090852601,0.5379440294857561,1,27.466901793001234,0,0,-7.871147800264842,1.62644363470539,0,35.76556587351987,1.271212773394112,1,-0.6180437710654634,-0.4086894490268015,2,94.62018202246817,14.183306606345333,-5.2924100162981835,13.819009956665035,66.46529086540707
0,0,1.0463015090990455,37.34488737447364,46.79249992660488,1.0692668348739816,0,1,1,0.24818514139427383,0.7170603025445692,0.3186956608656802,0,23.315709705779515,1,1,-1.423417817317734,1.9588028409194531,0,38.12155250003413,2.4810751969832494,0,-1.5645585579582217,-0.6706660682964325,1,56.47294833258021,8.440080739033968,-0.34962152386276557,17.76106197094411,37.285066799453546
1,2,0.005291757386735029,43.05892195022726,74.73203609775598,2.489128596421801,0,1,1,0.3818000958773381,0.5717576661891629,0.4667302795081167,0,45.70616148049416,0,1,-1.8383140357208951,10.243074497257755,1,70.68624031457735,3.689929756191865,1,0.03971906074129581,-0.21919947966146597,1,30.780368473236567,11.779887927138546,0.7383755208580478,27.840639744477773,26.50459216302029
0,1,-0.00355183173353661,27.27630293450627,88.34218195785493,6.736885271564644,0,1,2,0.20693792234036273,0.06945741924579095,0.47683293288844014,0,59.4000510549532,1,1,-5.1981107643949285,7.57122813445538,1,15.707625719156892,5.149323049888013,0,1.2965836987593387,0.6831622100441755,0,15.557258595633773,33.288411431107654,3.7014578600934236,23.60003405852516,30.086774788255198
0,2,1.1259988311208329,54.402942231193904,89.72933497689381,4.564106892047288,1,1,1,0.5582731430919119,-0.091510491690994,0.7304463239601637,0,63.46956892093573,1,0,8.044372539319621,7.061554597942012,0,53.61727245876259,5.128606986860688,1,-0.20342467975817147,0.17392529696889317,0,17.33348781230229,20.913756292071636,2.616658735263762,36.3532232817385,27.66302315067339
1,0,-0.5414853005566412,37.1453932938195,50.35055384577994,2.2332975097713295,0,0,1,0.27431188665187256,1.1572252779759318,0.7816987796644554,0,23.214086807753684,2,0,4.18453165103783,1.057876657938755,0,18.877455600409224,2.503559942146967,1,-0.3878405721100552,1.6349743458988175,1,56.50170679840123,12.460526730539542,-2.7452018511827703,11.418180535335322,50.4204605691192
1,0,1.784637054399377,64.72043809409672,14.653683530494089,1.964697248322031,1,0,0,0.8545631178350782,-1.4958653607691281,0.3873842895617562,1,24.59547846634157,3,0,4.414827668837864,2.4786577857812118,0,58.047375705699636,1.2426349919181316,1,-1.0548088079956233,1.1012074231419824,2,85.4855138551911,9.492127643619494,-6.266395470342928,19.38296858350973,27.214642121064603
1,1,-1.0181258821764105,48.027887476372044,29.467908082445256,9.380627681781652,1,0,0,0.664509552360405,0.1372434752551823,0.3029283494583334,1,24.157013072860707,3,1,-2.761798475457619,4.605700890478624,1,7.476797140866807,1.8459979247937306,2,1.8428447612166023,-1.8055194084904294,3,74.831949936003,39.43729427038683,-4.591977562699576,17.855001105673807,45.632996451135064
1,1,-0.45135058771114583,23.17290754605707,83.88506279152952,18.724240481820704,0,1,2,0.16300367584349834,1.6438116627831612,0.9213814815941448,0,70.2473060629813,2,1,1.1280369134890318,2.941591098531303,1,70.02795760645961,6.1059677120842455,0,0.6587777980360334,-0.8585055299009194,0,12.492888429884408,39.88042315388603,5.2811488008149965,18.889865946456478,33.67584483680764
1,2,-1.4728799550677003,62.725284815043494,6.6664371813414665,1.5363704317129492,1,0,0,0.9529009408051163,1.2561549795144977,0.04753466786571642,1,22.20326741476277,3,0,-5.484010100415939,8.249352432271593,0,15.060754252636936,1.0783421335200196,2,0.6190081572569175,0.2765898154322342,4,89.34249652892167,20.951380158443822,-7.451012805975888,23.634270721742595,34.781852184115394
1,1,-0.5671501764590624,64.98823976555201,17.93271052002491,2.171127139992075,1,0,0,0.9392407468493493,0.3979464191729301,0.4515148559393038,1,17.74047272510372,3,0,-3.6844869691773363,3.4991136349920113,1,74.09572144818601,1.2611181131571434,1,-0.3132160805825309,1.7719423056504313,2,85.97998352783564,18.08814618149761,-6.279624088413919,15.691630038781827,53.06209037699064
1,0,-1.2460947776559095,66.41652314203708,6.902477108657973,1.9385772053435275,1,0,0,0.9907178269575335,0.3383066274689983,0.4809119279453833,1,29.41501948534926,3,0,1.7532510359919478,2.0800389295326154,1,70.19858906301144,1.1283167064383826,2,0.2790394070813323,-0.8722778651542455,3,87.57990714597004,19.93735233632328,-6.921929277181029,18.49181530080881,68.796612360311
0,1,2.7055520726025972,59.665242943246106,40.60606589938123,1.8026839595710789,1,0,0,0.591120496146304,-0.45858534075684465,0.10286944358902439,1,24.834325056571146,1,1,6.710258595812842,8.64078124569269,0,21.46866483736481,1.9618083329172906,0,-1.9954995749696252,0.5680280683780822,2,67.69308626291365,9.824062603810546,-2.841885584578277,22.655130326762798,59.889125724483044
0,0,-0.39876139309567227,19.80769619233357,53.370521152861905,2.9100191110671845,0,1,1,0.1258647204766728,-0.9406356346502495,0.05010677153674742,0,70.5388119572654,0,1,-5.055499738714618,1.6634812372339072,1,3.929022867013825,7.05268394583514,0,-0.801190160665611,-0.1726198907575935,0,12.705455789724079,11.793128878240843,9.454445693066521,6.285475923391852,24.761034277512223
0,0,-0.40990374916872735,46.44385794124723,53.56997939656676,1.3558382078042044,1,0,0,0.525205228060709,-0.9350759991207411,0.3271081653691834,0,21.585041275561657,0,1,-5.367834308461584,3.2054877842389797,0,71.59504943892095,2.4966964734740267,1,-0.22731364482362476,0.20653365191802722,0,55.233270432041515,8.373884067187586,-2.9260062722544227,26.03082844846017,35.200755895317286
1,2,0.19409028102329212,61.63789750434803,78.3293151535604,2.581218233828496,1,1,0,0.8113917027563193,1.8235233181602382,0.1430144989223237,1,67.83992208096086,2,0,-8.90821908571524,33.002958513208874,0,61.2082533851258,4.09583568153414,0,0.4643909987497202,-0.22962514959187427,1,25.06477803575875,15.011415240133314,-1.2994414971159038,38.05513747809744,49.93756019654097
1,1,-1.9644072424332892,34.70183140365022,25.465817569607363,2.008481722758656,1,0,1,0.4881748844730017,-0.22222974802757595,0.45562093728916336,1,20.18565573073044,3,0,-8.951273202927748,1.4488100033528153,1,43.85854399595105,1.5003956892500987,1,0.8359895368278466,0.18449887467535003,2,77.18320055019025,21.367760076415465,-6.081319567273564,7.977309477057748,60.55620307193176
0,0,-0.6497166362769614,32.180841873565505,90.61503945094306,4.630522968289,0,1,2,0.23854161958371156,-0.26124767648731906,0.6552471446689809,0,78.17480977967675,0,0,-3.3919856894078926,2.719578527794586,0,6.702502788306872,8.733136941715431,1,0.802020048289076,-0.07984488972614648,0,5.471669562987791,34.19906866534287,8.9478495790243,35.492471858220846,52.88753809891605
0,0,0.7090167106311946,20.794255512079573,85.73593141491246,11.043079571792843,0,1,2,0.1929988657809399,-0.5487509618058259,0.9842980676472444,0,77.16360670138224,0,1,8.78647924421627,1.3189801347425791,0,3.0991431583153917,8.51405552802556,2,1.5758318403509561,-0.15803195400796247,0,5.501459277421289,39.403487507274434,9.22822250267717,5.314809207009084,31.756562803789187
1,0,-1.3065828688583327,41.64721432759649,29.981172145004358,1.8695657096343505,1,0,0,0.5263699064757846,0.3362311084671935,0.25692746333054906,1,25.81362365779695,1,1,-3.672046085725384,1.8795521003683666,0,8.318507333614464,1.7370157963761776,1,0.9858990105338569,0.6187429188177492,3,73.80008985555091,15.764395733587245,-5.55150114969297,17.673565621702224,50.205067855442145
1,0,0.7735932859851701,31.291941068601442,21.528293330161873,1.149160446977828,0,0,0,0.17652913093314426,0.1418605141227767,0.2741698579887173,1,25.76252094595948,3,1,5.1659359583340745,1.352230478686212,1,33.98279833193808,1.3685905062929902,0,-1.7815168046311065,-1.031558455106239,1,83.64731265518974,15.495573536237327,-3.8009103237590347,3.1090258215792232,39.458032930522336
0,0,-0.2468153554732315,19.04346596883632,25.732375426806662,2.1163140457430507,0,1,1,0.08103358159611279,-3.122827341232073,0.20383173627520396,0,24.6451561210353,1,1,8.820893560004684,0.3603308229488544,1,37.30840200300318,1.9053190167433307,1,0.3654188387531836,-1.1137339522407403,1,71.43866491100522,14.836979398151406,-1.1524844173213573,1.6718313891459213,28.310929054293787
1,1,1.5887254930441423,59.635352894139245,72.47220089712685,1.9056684580534768,1,1,0,0.6541012840494551,0.43373896879597956,0.3974504922474561,0,34.91609623623794,0,1,0.5564387298946123,5.764023926035138,0,56.68086678541805,3.3276675326998997,0,-1.3365310284291692,-0.3588471207708791,2,39.05941472767543,8.171046408712868,-1.8183504515758901,38.92415876989403,34.7507263700349
1,0,0.32802338011627613,62.076697619260386,51.06739577398409,2.3874153850752213,1,0,0,0.8680861620976874,1.0713390282395143,0.6064414659216796,0,18.616046566728038,3,0,-3.223598329080801,3.2124776754952977,0,38.11728993083928,2.322401749359024,0,-0.8941908691088583,-0.08899519968221252,2,58.715364504313946,19.957411264035056,-2.0975868808729157,32.912372987080396,68.41112947871919
0,0,0.5218841006900952,43.502497076421236,61.45508406976968,1.113129697362772,0,0,1,0.3433298142462555,-0.9030073164817088,0.3378685437096337,0,21.041941999223425,1,1,-3.5472356527163402,3.1796436879324315,0,6.78803085352246,2.3459536917567236,2,-0.7853076020213443,-0.07961872800691265,2,51.52160067150986,10.393792977750229,-2.752231618724121,39.74951988457999,46.52246299080153
1,0,-0.2578360585782036,22.34346298831887,46.21441166008369,2.741814425954365,0,0,1,0.14707786713561605,0.05179208746677407,0.13849457439696589,1,22.812871309218067,1,0,-3.67066430259972,1.1093029207595757,1,0.132102628498445,2.119871448756843,1,0.2340167178058885,-0.691380063792825,3,63.51259839396235,16.71813943027214,-6.153344648381395,35.64611862174806,38.75155590205226
1,0,-1.0484531117313771,60.779857881631266,0.4167746209747525,1.459788826002522,1,1,0,0.8716556063818086,1.9662817320383195,0.4802323647533523,1,27.06434389909944,4,1,-5.558402282779779,0.9466358208467031,1,7.5630728054843965,0.8428376922893742,2,0.20697419758707186,0.5414035128321639,4,96.9894188017452,9.283124387712938,-8.769668010790413,5.588665574160401,51.15654113005439
1,0,-1.1353731127872184,38.66320826235291,23.772377379637682,2.3616582029115363,1,0,0,0.4939488491603436,-0.06128500297939196,0.4004840868533881,1,23.459205578610867,3,1,8.730683316175071,1.704090626150899,0,0.05112710382201513,1.1706149521256013,2,0.8997182497436526,2.3061437238259193,3,83.43214991121984,20.816845899702763,-8.040343618567443,15.648765912337822,47.67794518411232
1,0,1.030654664158891,29.725949330644262,24.739676830135842,2.593843957732456,0,0,0,0.2734222010312771,1.6812309784007722,0.18031093940444576,1,23.466880398341765,0,0,6.085784994466188,0.9464751601676047,0,26.933768818289778,1.3587134853400398,0,-0.6541063585905061,2.9351120272932145,3,78.8538617323002,10.520693061924774,-2.766592246878572,10.21039341394694,23.399777629025927
1,2,1.1465430895520696,55.346500183321474,41.44866766650453,1.2665873125526965,1,0,0,0.6077879810637569,0.5179213642485788,0.6858012258454461,1,30.039123847412146,2,1,7.566669149033213,14.666632299533578,0,10.598659529930305,1.8280902645024655,2,-1.2243853944745133,-0.09922618353148105,2,66.05015066989104,10.39688929701471,-5.295029611117844,18.08070081639757,24.136923104513098
1,2,-1.430835534787113,63.18063468502569,6.965226792632018,1.6839524081936574,1,0,0,0.967493933072077,-0.06726636740361414,0.01982608406275521,1,35.92708388985682,3,0,-8.092019428427925,3.767174076626835,1,52.369053346204204,1.3249862483279746,1,0.41710736348738925,0.5678908082269508,3,88.58934392883097,16.906176510177303,-6.009018162529099,27.738328083951686,46.2992324477229
1,1,-1.7545960317536815,48.8068109903455,22.92353823359307,4.169249026343809,1,1,0,0.6942298275661665,0.47020623736598094,0.18111731714988305,0,20.39431966580387,1,1,7.214582569513805,5.045047593656115,1,59.49406004216284,1.9543904839251414,2,1.669504297707192,2.2593499190158917,2,67.91865901734076,35.82805896956536,-0.7666375251084556,34.61830932548071,53.63526033909676
1,0,0.6229697169360681,38.69914761916276,17.680623975128544,1.7986598977659207,0,1,0,0.3891620470409099,0.7385290876481886,0.3482639581610955,0,15.637339190614018,1,1,4.913517802891175,2.610480345532187,1,8.470380611805535,1.7282128429535832,1,-0.4243044457704671,0.14576525743808483,3,75.49247605519858,11.065439180871415,-5.4945587960691435,12.658685017291367,24.247290413067002
1,0,-0.6767953350943833,57.12573486139727,93.04808373489209,1.7974626464197958,1,1,1,0.7721495088484698,1.260140325564571,0.9998519412850084,1,56.98694627774348,2,0,-5.461525061685646,6.0290051088693914,1,7.519711301765759,5.345788703502496,1,0.5010370328755137,-0.16177678407315596,3,14.085472207577443,12.182114057109175,-5.614499324820712,38.75628321328986,67.28677290078124
1,2,1.2657502965381726,68.60474171756414,34.75048076382113,1.8034684278324615,1,0,0,0.9574361546280115,-0.3510785147676892,0.63631072982988,1,34.85899860548825,3,1,7.472628268282143,6.54401996216499,0,11.205584742849641,1.8137336758212372,2,-0.7570556413907762,-0.3844288440735448,4,71.49781988204322,8.366888905279406,-8.285697563754,39.636451556574045,36.270983477419094
0,1,1.0051198568287303,59.544475883368044,82.75713393058736,3.729441047177973,1,1,1,0.7596139865455259,-0.25661734824842963,0.7387596819751976,0,59.29759946526456,0,1,-0.42225747349509746,4.038840144833432,0,24.934931246683114,4.99181963151259,0,0.3142374686208736,-0.013915373480734206,0,25.485903328732384,18.659023201925173,8.900313531773872,29.276893120522175,68.72185670823842
0,1,0.6126060428554492,33.10332862463433,92.96205588074433,4.789981774487566,0,1,2,0.28588948351507815,-0.7513485426886187,0.7790473049876114,0,74.64835487427851,0,1,2.3718075472016498,2.9796048834098294,0,2.2736219695431625,7.5386113267970725,0,-0.052182763167108105,1.4398782340856868,0,8.447273893006441,26.045030435491174,7.299167890907,24.829815849496732,41.40471108121277
0,1,-1.2383514564445697,51.59304957081238,72.88826007624697,1.3048900843226605,1,0,0,0.7545865162724563,-0.3704462408540267,0.7398577135129525,1,25.72850074362597,2,0,-0.32515598868829443,2.3681844019322265,1,58.255972555570914,3.4264034480287053,1,-0.3972138445015975,-1.0099550026488362,0,43.82802319593791,11.202544081165069,-2.4438903642233765,34.53380814205902,63.299666298173605
1,2,-0.5769008068294746,49.31480228942817,68.62973426594397,2.133194421076943,1,1,0,0.7208702034228568,0.6211018889209826,0.659984067629825,0,35.59555513430102,2,1,-5.175474698548575,10.386932714227305,1,38.97312361739952,2.741143779619811,0,1.058685053301906,-0.9534844118580996,2,44.18223731194826,13.801824176215511,-2.9941373343869637,22.97368369283431,44.70171558489758
1,2,-0.08675731518985143,46.12790776677042,29.58020663011409,1.7144719698600845,1,1,0,0.43548913327567085,0.774755295522513,0.17543541466349105,0,26.518873515421227,0,0,7.812936665335062,6.589485875413322,1,36.9618747801057,1.895734626543826,2,-0.7250968187959933,-1.4844056102278906,3,65.32822276684254,6.97357640945831,-5.284759403899823,19.878439456144548,24.228600312402147
0,2,-0.2893649488767264,55.1354046689557,84.08210848533501,1.2309178224866344,1,1,1,0.5948212114183564,-1.6472276796294094,0.8238222067541652,0,40.770246855960124,0,1,-4.2752312709890905,8.639128663569641,1,42.1022519993644,3.8128475364444285,0,-0.34592717176786003,-1.0075654282118836,1,30.03379962741394,11.737934460054527,1.4864427908067768,22.880588206594,55.03631982611847
0,1,-1.6852391544405034,24.95439617041511,23.52450138474928,1.6464483079097547,0,1,1,0.2211353326348635,-0.13129478292260524,0.21486755578170985,0,20.48647205677163,0,1,2.577862313981722,1.425080786832045,1,0.4092015293311091,1.926488339336276,0,-0.7494567590777399,0.059464029668838375,1,73.5914863801364,14.071388468731891,1.0832408514873588,8.69896620376828,56.47071531435395
1,0,-0.9223212057962721,48.768304601251856,27.273683683338973,1.5831505841305702,1,1,0,0.6253173591171047,1.2871801625015427,0.4816989713481928,1,20.517140209877525,1,0,-6.771321445499402,3.1572243814722944,1,78.11577011678224,1.694430254545296,1,0.8428739641386589,0.15633429294388293,2,71.63471204796275,11.593462737196145,-2.79168828774851,10.70381914269901,45.52246535738831
1,0,0.8280315858107353,51.051742200675434,57.16631134358455,1.7888585807403192,1,1,1,0.5257813402188193,-0.2884265077740895,0.5383262733551222,0,20.367130094479386,2,1,7.026089022390959,2.894921922047109,1,58.34907973476806,2.5378896599783807,1,0.1489649435492591,-0.8815314326103625,1,51.09117928980361,10.897252532317268,-2.016542308649319,30.042019082578886,66.9768345159771
0,0,-0.329124339125952,21.473590842070227,44.81042793129767,1.6617292629077884,0,1,1,0.1134041475441992,-0.49742456527078527,0.4244735385071853,0,23.398943477840753,0,1,-2.435510886559661,1.702132044086449,1,49.27897077800506,2.4151062485255212,2,-0.2693571327982643,-0.36270664065892555,0,53.64364391601192,9.563958423112117,0.04367397440524101,2.818485359421632,42.16259029032684
1,0,-0.778884400520108,40.4351164207179,39.08426923891247,2.0843887272428647,1,0,0,0.40110043123005135,-1.984973585717294,0.5281799475554059,1,28.85205330113262,3,0,2.4946982410187033,2.0525775923953606,1,55.71874524774573,1.8793423908407607,0,0.3549035948705166,2.4193526051354715,1,71.4732593922014,16.95496856029275,-3.2914516075827986,19.463902823151336,35.55743061016888
0,2,0.2887691338180723,65.28772705498456,67.34079575169922,2.054499780005603,1,0,0,0.9161289496593783,-3.133149472002134,0.7304732117324108,1,19.80158518975951,2,1,3.4326215963510442,5.945920883320427,0,1.522301060596285,2.494538333259718,2,-0.20573459765489557,0.6489891691856964,0,50.40894273457496,8.677510289186836,-1.0626334593574107,27.54299115407536,66.04018697021695
1,0,0.8434863282154732,34.901640337189235,49.49372856518424,1.2323133578807635,0,0,1,0.1788087068973585,1.3494446903353132,0.5339534904074228,1,20.027223087000408,3,1,5.721874152651328,2.964683990942887,1,50.034281344971674,1.7817806911808003,0,-1.0044117277029116,0.020788037666344628,3,64.03956195216333,9.097791731972876,-5.0150957968871595,15.669865113345459,29.584744515666547
1,0,-0.8952199248129376,38.19043175506282,73.28789705314186,2.0441464041001183,1,1,1,0.431136691666026,-0.11665211630293339,0.9713241429684889,1,35.58272025175958,1,0,-0.18154173877810642,1.1183585955730584,1,71.07601493657637,3.1137256334883388,0,0.5409248924421124,-1.0786379179269439,2,39.178210974065074,24.539997341887684,-2.3854855299421738,29.665171636653284,46.156060990556256
1,2,0.6420855884306045,67.7077978388505,47.016558357712164,1.5202200522898381,1,0,0,0.9321611978857012,-1.0459281121433563,0.36493096975689054,0,28.95662526253465,1,1,-8.203190478495262,2.846838557834458,0,72.06341456310437,2.5850090552550955,0,-0.792714967250284,-0.5128230203035106,2,59.981148838351494,23.391425901019396,-2.451679418360259,38.95148567343816,51.383291364991585
0,0,0.6453408241432819,27.314611306287404,87.98830244466475,11.973163449854288,0,1,2,0.24120397996319776,1.8331372400548653,0.7596158256324785,0,79.35764659966851,0,0,-7.735338127318688,1.5023065706443808,0,27.669390957668853,10.014704885282127,0,0.4595194999948572,-0.23142543891011286,1,3.9393695742118373,36.943190875071,8.65724169723854,34.33923573524165,25.13055043516073
0,0,0.8697980914048493,63.420689545539936,60.578811379355926,1.7900014740207286,1,1,0,0.797609835291812,-0.2391077302942561,0.6110859437661222,0,26.68636168344369,1,1,-2.3932595074188665,1.417356896793693,0,59.149728681437715,2.6547294452696057,0,-0.4631173461969225,-0.7195869221346667,0,41.97306216995826,17.562263757781935,1.0099259992631495,36.79180204684636,64.25321904483256
1,0,1.1318981497402567,36.63533064742977,65.01262498922775,1.778152245378204,0,0,1,0.26103620381245607,-0.06854667990058384,0.4301248191795209,1,29.37414728648056,1,1,-1.631198396898423,1.1459645791544613,0,10.255994251130854,2.4571067257943904,1,-0.7136439629260993,-0.3045494573581725,2,45.90886569575945,10.235328824844444,0.5050755967015323,10.962944405183023,53.967792660010964
0,0,0.7718381380414109,23.069869276087154,89.17061991116317,14.76951626331768,0,1,2,0.12558215507950543,-0.27219885460107895,0.6922627724990302,0,79.71340357494113,0,0,7.980294019003868,2.7217438489651915,0,67.72711397921469,12.506415914253072,1,0.8888453247310004,0.21113974643646632,0,1.3124247445375214,38.46162986666592,9.907335174780492,11.357350246382731,29.171674853713107
0,2,-0.21673321643328067,66.63235802166432,46.425173274002425,1.4376173373138026,1,0,0,0.9571557762096636,0.7243788497554621,0.1696085491747647,1,23.279876085704984,2,1,6.4197395133258155,4.417419263382048,0,62.09788608690623,1.8041386842769704,0,-1.2985213225376648,0.846566491854546,1,62.74383136213074,14.868575187023279,-3.893517718847983,36.62513593098596,60.9782793094372
1,1,0.3408224202596294,38.87691481794789,53.726714126027034,2.462307958134273,0,0,0,0.19908859272909496,0.20199588494277707,0.19058400137733628,1,30.67150629787116,2,0,-3.919230975406121,1.9067731056645392,0,26.893603900449037,2.0480790563606788,0,0.36620191536779984,1.5103855747179602,1,60.56694700730133,8.712008821620401,-4.3287961168058295,34.36474289199516,29.91822394443812
0,0,-0.2695672489038479,23.89126354009232,86.41402939027523,3.2415016178119824,0,1,2,0.12559830590682924,-0.26938802947476553,0.41221471522986636,0,53.67140762134418,2,1,5.888759335355802,1.452720690610462,1,17.999662386996036,4.243459087048964,0,0.3681298135330384,-0.21855454438776425,1,29.381670379038233,22.120730680031823,1.6767973848472444,24.38169853620198,42.90256369919405
0,1,-0.21881540552116396,28.430632730606263,40.36605260723403,2.569000195332301,0,1,1,0.19388387660059653,0.17825585863688584,0.04093199057347613,0,31.170084411390544,1,0,-9.391181665290894,3.1338692132658332,1,72.65197768051084,3.174216398251967,0,-0.4396767036719318,1.5016667447734002,0,46.5054638281447,17.68243966595787,7.039282887230463,5.994572635498581,23.388217030255106
1,0,-0.6925763348409398,55.01785771891729,0.9255244849799948,2.5019195553445237,1,1,0,0.5141033116359814,0.45456072895327954,9.413967679428037e-05,1,24.637715116329268,1,1,-3.7839854765540455,2.58486802983277,0,57.76890689302092,0.8261120739636086,0,1.0613820347491478,-0.3452286293995775,2,95.58218043388757,19.58949649975432,-3.3777478443660147,9.037527882292508,42.898696017378434
0,0,-1.0920817503140872,37.988268325616986,68.04333457784256,1.1519495253174667,1,1,1,0.46910497327953943,-0.9699193034854852,0.03543898134990153,0,46.17581137884477,0,1,-3.0861386904640717,3.8420794235823705,1,34.24623660203079,3.811319432621171,1,-0.09272509589017565,-0.19423099855314274,0,18.432941389224133,12.134411219623015,6.161765884298312,37.81442287221913,52.39760703813834
1,0,1.2008137300382673,68.83356862929239,10.249709189538747,22.813227515292123,1,1,0,0.9722268221088723,0.5988540339173382,0.6035414952493231,0,21.334542141461384,2,0,8.668727074474141,2.674323010144478,0,15.941993927640311,1.855427298588476,2,-0.0550593464620924,-0.9024578262410105,3,68.49823836622555,37.43488778858357,0.9171115592053081,31.105342956282126,62.34262890524649
1,2,1.00872107200566,43.526519325176835,66.73473500622808,3.113230368825705,0,0,1,0.2762091590860052,0.3150166854801136,0.7142300587852275,1,24.17497335591806,0,1,6.549836573340254,8.373438736266127,1,57.12391798338658,3.4076969154349914,0,0.8982578702466014,-0.6814158849348627,2,46.495668889154565,13.3786925477831,-3.5284992129175468,19.632542474025435,21.884412763614833
0,0,0.1688313631779708,41.63181480099179,25.190529240387793,1.274092718151258,0,0,0,0.3154021411985817,1.1578206580411672,0.5388899464199675,1,41.26092730194113,0,1,4.203154965411533,2.018061329012981,0,19.318436678248823,1.7586725996929466,1,-0.8432885256026627,0.2442838470376795,1,76.81522652580264,12.681866400873838,-3.173418645178768,5.627078142070929,31.604784907737837
0,1,-0.9089034971482719,22.678310274418386,87.79752313561275,4.915498604922588,0,0,2,0.14417774132639516,-0.16319543773906187,0.5986361718096747,1,44.46748310456358,1,1,-1.0306573781391855,3.7807136703827258,1,6.283390720379547,3.757082734800302,0,1.3230670080681508,-0.44976266851074886,0,19.20578452823359,34.9878857160143,0.8563557757795088,22.590265077313518,48.60962980090636
1,1,0.0613254001346992,63.76348254146231,30.78699302837624,3.5533208407678636,1,1,0,0.8857135666943069,0.12323631407537583,0.5669807229478705,1,25.521066615017993,4,0,-6.27370238340683,1.958550109213751,0,4.718165046231211,1.7330489167897523,1,0.053341768846359744,-1.1430361777057534,3,67.77580744456213,24.5369493781163,-4.491069523569225,36.54556053829205,63.10001265686682
0,0,1.248137800128128,28.374639831623536,34.66399943048228,2.347734438079285,0,1,0,0.2173738398364129,-0.457882219334081,0.4366473741520026,1,24.868914372820647,0,1,5.142493792433175,0.7284555997731059,1,28.80560831048338,2.1992051844097205,2,-0.8706534120975897,-0.5993049240516364,2,64.76807778015198,6.706702237723854,0.35804674285664184,7.724494491709962,47.596591437360786
1,1,0.9718910398752453,29.085673449143982,68.03736355319839,1.9016957377357135,0,1,1,0.19934868302670072,2.0789907096832287,0.20427348505596327,1,30.94353490078824,0,1,-5.075801801316163,4.744944687206884,0,9.954912398548998,3.0178591888242283,1,-1.7182894433683855,-1.14001723332896,2,42.170020391161806,7.132168803222465,-3.643317493630052,34.592727084844846,26.101719073933886
0,0,0.8676983716278402,21.670189010238847,72.52063302124382,2.0865004674918657,0,1,2,0.09476688530474903,-0.09282198022255886,0.5447977956880542,0,54.69918908228134,0,1,2.3626848641441036,2.4087791937576437,1,0.8567334264549897,4.567461323496674,1,0.18224718821996438,-0.26843826144569966,0,22.61974873440668,8.710023826508404,5.616043124004548,4.733943819534437,49.496424069818794
0,2,-0.5881068461295775,47.40876005352179,80.84404808111675,2.2243830057068275,1,0,1,0.5949761955395945,-0.7083783141572336,0.5599368846502505,0,44.85656782075955,2,0,-4.159501284523371,4.644069107788274,0,26.90170496964566,3.510073107449014,0,0.48145063237797475,-0.2613085077210268,1,36.01435704708695,15.647134384354288,-0.8235998103740041,36.007354967284506,38.89243638066246
0,1,-0.3487424181298934,18.36486450992002,99.7192950393247,54.598150033144236,0,1,2,0.05901518815396639,-0.42493715104653496,0.6095388746954125,0,79.99999757776949,0,0,-8.50450118480336,5.403447557855109,1,16.27758516463548,54.598150033144236,0,1.3167495987570235,-0.4946632097198675,0,0.0011857538949611168,39.99995773842696,9.999908934860695,27.75826287048455,35.82592830366448
1,0,1.2653429683730737,26.802501064299065,13.959682427482905,1.5785161410397883,0,0,0,0.14550537069797415,0.3146435610240068,0.44473743911968894,1,23.414263182052622,3,1,-3.6005861695382535,1.4137192612686789,1,61.655422336561436,1.5198467896463232,1,-2.423056117761856,-0.6117631442080966,3,83.12181994827098,6.562538578997906,-5.53583726805401,4.01010546313076,22.59372941841466
1,0,-1.3473255339660497,59.09107106796658,1.8610909085667926,1.4566148026619206,1,0,0,0.7778097094604335,2.3315905891859345,0.745096437876903,1,25.593120807586782,4,1,0.9583504279371713,1.1790792960659362,1,32.99159138107244,1.0991225120436285,2,0.2101845594373671,-0.36663741238338154,4,93.75305177219946,11.037511156699061,-7.289854781856353,7.420603583842982,47.759913909926766
0,0,0.5888537878073304,35.15831936503103,72.18750291945754,1.7699392772736724,0,1,1,0.2363390696363475,-0.22974475071573058,0.7668413795753408,0,55.68910584093287,0,1,-4.328882368460971,1.8125436679769762,0,56.70847297895408,4.382809574704863,1,-1.0334677372764995,-1.1074213928578895,0,26.890441055991353,9.55094649488015,6.18941629977051,8.892656619878315,60.89668824275664
0,0,0.22196251321283852,36.504067721170244,18.409762764772463,2.2171201743396027,0,0,0,0.2897824423087634,-0.06243820875287218,0.27766341333905636,1,25.31544944153131,2,0,-4.741801383157219,0.9668740512203636,1,77.846867062146,1.2442836717023629,1,-0.45333843189875883,-0.44002139226455605,0,82.5557163180449,18.91331788540182,-3.486189984743195,1.8438923256596773,46.22989138661952
0,0,-1.5795942901710778,45.39540053873943,44.91692891714633,1.7246071404236787,1,1,1,0.5354373994298404,0.5255306150990524,0.2930034488927745,0,23.825443964048254,2,0,-2.016784887081715,2.1766944189248854,1,59.68905816903656,2.3936332909926468,0,0.6907511819941702,-0.46167863431055506,0,58.32783302940887,16.741227093427778,1.9841577172908824,29.872137973484207,58.265982704310325
0,2,-0.04215735238898584,40.54934884586224,91.91556545410535,4.501687184443022,0,1,2,0.24055672056885047,-1.009276519413051,0.5250232950329345,0,69.83045275584266,1,0,-6.4259619106502495,3.28451601768255,1,38.15141484304065,4.716981470617161,0,0.18522107777763397,0.6906369822861302,0,18.41358277060753,24.755032138644452,5.814711941204678,36.13368084239161,44.19469691818661
0,0,0.4350891833334569,28.811696722236327,91.30637274027997,9.6181460473095,0,1,2,0.13940061955382488,-0.6003286236412265,0.9009419238756251,0,77.54110983965258,0,0,4.702578592739057,2.0638330584164106,1,63.748212953862634,9.485974861491169,1,0.6074975273286759,-0.2006000356218785,1,4.523333316547334,36.75068292812292,9.510931852449637,17.02085235421472,32.34107228580096
0,2,-0.36334643271862743,40.66303805713235,95.58750886605738,11.486544508551058,0,1,2,0.232391345040649,-0.010897348422420546,0.657772992673469,0,76.18565830329152,0,1,-5.029747747185397,14.811968438855198,1,37.50464058441871,8.146925498515559,1,0.9780873712593076,-0.12351260631824057,1,5.090487705956493,39.647141025252054,7.609988101103266,37.40492936618617,23.01063487928102
1,2,-0.7578001462875142,52.37240387836165,43.25983598798188,2.0974805767747697,1,0,0,0.7207255626581971,0.7915733611891759,0.6354133823348875,1,23.55997956034262,2,0,-5.735495826169618,1.5250428193449432,1,26.3665057691475,1.9376341739116099,2,0.5206967309922496,0.2801608662856727,4,69.08674362764303,21.923376846581974,-7.64347396399244,34.60473060499236,39.18455984202886
1,0,-0.4670708823705172,41.270827521050265,17.27883723498087,1.7959263828015373,0,0,0,0.3636400827667977,0.825522659962388,0.6076018358770918,1,24.33690255927121,3,0,-9.862729338678562,2.4200489051247938,1,68.01158290331587,1.441063856161959,0,-1.5889771285684546,-2.5967240454978064,3,91.20822285511994,20.11504889268018,-6.179796634194203,6.096931773802425,39.86893289732846
1,2,-0.09221972093175476,67.42548278098963,31.796086488358867,0.6668772943084438,1,0,0,0.9651054312011702,-0.6605077255086331,0.43357956821865173,1,18.92379780713691,3,1,-4.8908668535310955,4.194805283999873,1,54.47373023425429,1.591793604364867,2,-1.185358211494566,1.2595875098587739,2,75.35073775549267,9.190944222458956,-7.277951897515762,32.36023653377337,68.21928932108186
1,0,0.2277814785392548,42.26100262296565,3.0034214699858843,2.543999779844916,0,1,0,0.37871552784183105,1.2920899594685828,0.003042694874608065,0,21.807239817977834,2,0,-0.18884497622281415,0.6203329522755491,0,23.022786067612078,1.213511739404706,0,0.2614746342340477,-0.896915149213574,2,88.84261511958107,13.989563019314152,-3.4176568305726427,17.233015474012884,35.00554500218781
0,2,-0.6074169396073708,44.8336917270512,82.80576594724548,2.7513688820744933,1,1,1,0.48478348677730665,0.0022371681719852207,0.48140551374546137,0,62.20027319089162,1,0,4.149142747479393,4.934006618405238,1,66.03823258190221,6.071976865083365,1,0.7655949179937095,-0.6954816020987988,0,15.331958918434847,21.738110247853378,6.604340888863419,38.318065662848554,68.35318416883337
1,0,-0.02217020766228477,68.90363003131655,0.17671616576231397,1.9564390006931787,1,0,0,0.995491504220031,2.090479068399989,0.41256571562256544,1,21.425257241106607,4,0,-3.3863729593264953,1.1623355291746054,0,47.45055217238871,0.6243291078826153,2,-0.28053639792850693,-0.2052958345149649,4,98.67572410822957,7.229021902600046,-8.517697305717197,14.483170420065875,62.4482790674698
0,0,1.0682647448008844,21.88417832149178,37.1092746825342,2.4203902046400807,0,0,1,0.1338194232371906,0.04225362309401339,0.5198243502685556,0,32.43329531843598,0,1,-4.935765427661117,0.7077268795506311,1,64.04523767942476,2.202577436714939,0,-0.7420749493780842,-1.2877308081791972,2,64.72275076473585,12.729371641212403,-0.6969233880184085,3.371564750648637,33.31365762888346
0,0,-0.22916860547290405,30.79607164716549,62.018552065637635,3.9946016817082746,0,1,1,0.13074884615875343,-1.2042865017278923,0.4441828537088377,0,28.32848438112751,0,1,-7.790824614035342,2.36515209250804,0,25.794526572459624,2.817793714505739,0,-0.15505094779578718,0.16129234314609067,1,46.796746322653505,29.616799464141668,-2.0080244781065018,22.12782555707133,33.354523163485645
0,1,0.03223488710329127,47.32606167963732,67.50859453481507,1.6665398879224587,1,0,1,0.5790567358011383,0.30106280241307054,0.3293028579419277,1,30.381119566125342,0,0,4.211228012441378,4.28203126509144,1,65.67841061489801,2.6224357402900367,1,-0.5092168527873248,2.6744977417942866,1,49.03852637897735,6.801093189934797,0.5738767186339615,24.132049537077105,57.783624243434716
0,0,-0.15467007152643003,27.545367847648436,62.7081641431483,3.364154141461698,0,1,1,0.16734385430155535,-0.8599482919566193,0.7334324289997222,0,37.41148012565739,0,1,8.116894909471721,1.1619397809842358,1,70.32995356089346,2.8135066078069317,0,0.8056161441283425,0.34353095733934735,0,42.95053888834704,23.366685091873627,0.8354953482085143,6.881816977467672,31.96622594509087
1,2,-2.8687517957607827,48.01428531954815,42.61006339328106,2.015157153547279,1,1,0,0.8133503748989377,-1.4967192124828066,0.3599809031123659,1,28.530288010963577,1,0,-5.833548867077606,5.5954632980540575,1,26.631581497165246,2.378842005024274,2,1.5227394989139797,0.4751967514659828,3,63.23784695502626,19.578532152583403,-5.646115596881814,26.59885400896215,66.58774455080935
0,1,0.25980468341209967,42.01476864049252,72.53120119522671,7.087631153661208,0,1,1,0.3767607182192437,1.27204035659989,0.5110379468580448,0,72.52102353091493,1,0,-1.4531399776748728,3.304066755793465,0,51.57615244479304,7.316855793938288,0,1.6485326183156876,0.1771794131347496,0,24.549911704448075,34.779750901900066,9.277539146722397,18.45129525385216,26.729622382518933
0,1,0.16406717044744548,56.70735333740196,72.33201881531355,1.39978846348533,1,1,1,0.7792680127701788,0.32989032778218197,0.47248105092927045,1,27.915532617171532,1,1,-5.2850321999476515,5.840504516540854,1,74.64407817214594,3.1126856883863074,0,-0.5254407579920588,-1.4039066780540153,0,41.04359990654282,12.009140578281666,0.6254842397475748,35.41501832312253,60.00378418146728
1,2,-0.023831875498566565,66.85829391097283,30.52043747007214,1.643607183822714,1,1,0,0.9093993740341593,-0.2356068983373176,0.40056180119328655,0,27.744033434684088,2,1,-9.422405642217624,4.928373480660056,0,55.68746809304159,2.025761719180832,1,-0.19486468194272952,-0.27964965704563705,1,67.36541062858231,11.591293392071906,-2.959066731984594,24.197580328746568,63.243413236687076
0,0,-0.2114249799043567,22.62935749832032,71.17113190054476,5.196153954755298,0,1,2,0.17791314915713008,0.03825162702755329,0.49638856606211357,0,36.407727009526994,0,0,-7.1436765046902275,2.4706606849234185,1,42.43113625802748,3.185920957533555,0,0.8351784539275944,-0.22933992198565584,2,37.41370444846334,29.909314058124473,0.5515397922864818,9.996775268322027,35.0110143856239
0,0,0.48262307228291035,18.61660538995814,52.144050009642726,5.0021775350247335,0,1,2,0.11896545605900194,-0.24389896854450296,0.14361157869824803,0,33.259660974017464,0,1,8.239175306052566,1.6762386927632131,1,4.417026116157539,3.180898260176046,1,0.29672212358415273,-0.6829135035581083,1,41.44754310629254,28.245138017434115,6.05752002421039,1.2037148558643929,21.042095503942345
1,2,0.07639908912311544,27.479661773134207,98.81984560011531,7.569079636424206,0,0,2,0.18429781320314498,0.24879153746470747,0.9981073892159333,1,68.63458356509187,2,0,7.858732189342632,7.310357595744478,1,27.275535739558624,6.557582564288756,1,0.1749752671177813,-0.4059712273592894,2,11.168187619778303,31.34256334693978,-1.581575225420469,35.33535118038236,51.964199580177066
1,0,-0.25178779284728847,41.029315111046834,55.990848101031375,1.5114780871643343,0,1,1,0.3302635615536724,1.0333703456064207,0.9638077097711871,0,23.151030313580975,2,1,-9.612018069974352,3.9532469452574097,1,27.328636301922586,2.7016119699457257,0,-0.43581002499189636,-2.203846020122154,1,50.41298373127068,10.95806764323148,-2.7147072684207956,5.969700504206587,49.33278406100854
1,2,0.1791224780608157,47.95956371042964,48.818728592500776,1.7776597561906977,1,0,0,0.4431015867408524,-0.14293777730833787,0.3677341037381221,1,38.32778847345185,2,1,5.5341779774367605,11.084300755502527,1,54.903931378476315,2.252161274620192,2,-0.39160608123720975,-0.3281770917562329,3,57.934298199980624,12.486511651648362,-4.043244758267434,22.171230332094,30.32148800752639
1,1,-0.19611543842269522,49.32855342757253,22.7607251565748,3.1102105079777282,1,0,0,0.4235743852115784,-0.6472460001373528,0.5693211040544788,1,18.004751536849113,2,0,4.707638242688985,1.3702638316664317,0,41.31587952555843,1.4621767847299998,2,-0.36431970255457946,-0.8873991755284205,3,74.76357626022111,21.49148584559923,-5.467370594034233,13.764002284121734,25.742566506694182
0,1,-1.246340862620605,32.355977449858024,92.06031120062106,1.7195630254038994,0,1,1,0.22468801819940615,0.24070980191576405,0.6957562836827944,0,70.20018751047681,0,1,-0.3336481770680244,1.6502949164855591,1,7.576033397986501,6.405870250987976,0,0.3795435833866674,0.11118016716330197,0,13.667061945056897,14.186002437574894,2.224790280499718,39.27495114892967,45.42797166546454
1,2,-0.11243419461029483,36.72362750232989,50.08040108906698,2.044220087443267,0,0,0,0.2685890381379204,1.8740165113353222,0.2041187714945571,1,20.672645657633776,1,1,3.8605285485728267,4.1652565946247515,1,18.70183003181714,1.8035531247981418,0,-0.9396357857051615,1.5287863941764244,1,66.10846618786206,8.965846247797579,-6.886050199033101,27.503918812240386,35.2902870789916
1,0,0.21434268717035151,31.736104203306862,73.35464798534676,2.6757407767347106,0,0,1,0.21310671788955454,0.4529991148623245,0.7952377783406277,1,37.1721613317252,1,0,0.7949652830416838,2.9202193176151368,0,18.529595609220802,2.600367959088281,0,-0.19117600168726825,1.6124130507135461,1,40.00365944033394,13.933909502809772,-2.988994102459353,27.964558494162294,35.44901404142653
0,0,0.36232515691843986,22.1466070786841,31.03298316915116,1.8204244940600125,0,1,1,0.1876950313211792,-1.50392345825892,5.391649647856767e-07,0,35.91027989445142,0,0,0.7062395971653235,2.403394219084304,0,24.89052674726661,3.3900689344319748,0,-0.7475317652757251,-0.2543922162250129,0,44.336653536713875,13.036959531310764,7.025516739962008,8.173474314168516,32.7623564868296
1,2,-1.2324497396121226,45.38038084131987,74.13703197309846,1.859538802567462,1,0,1,0.573109996624557,-1.5725286259257072,0.5015285226778894,1,20.50119357176099,2,0,1.404599994422636,2.515282543559907,1,52.798038966512465,2.6726372624561243,0,1.121797028358824,-0.3345744758443221,1,46.877668291937965,11.57869715273696,-3.807069255925674,38.40562765364399,42.7464207587401
0,0,2.6165376213389417,26.52435131263964,66.32606424002718,18.52454383071357,0,1,1,0.12763875508217504,0.0765737241666351,0.3211415941634145,0,70.49618330224652,0,1,-2.436630302731764,1.3894267166402263,0,70.12243078222143,6.200513771049461,0,0.5194958449138745,-1.145749875181576,1,12.885389626633954,37.55239417403566,8.886707006805675,15.445543492643433,31.294980939927008
1,0,-0.5721770060709882,38.451210765683136,8.192251451463594,1.5239438039016913,0,0,0,0.45058875275741334,1.4819417735426041,0.16911262021046652,0,25.432115430646974,1,0,-7.834422486058817,1.1389026214782985,1,20.367723938569206,1.2055731761684496,1,0.2697132780896535,-1.2118757415378858,2,88.14875717972954,19.517811273634138,-1.413305491717443,2.792392072958325,58.166431456546476
0,0,0.10257539654856807,23.7576352348004,75.00364734804836,4.230841393457753,0,1,2,0.21807147956765888,-0.13829573673491216,0.601468933168011,0,68.45195755586349,0,0,-6.899533974143818,2.254786305575962,1,22.401758447452963,5.860281643932078,0,-0.07921772749647046,-1.613211196138861,0,18.76383673432369,27.342193093387507,7.853377409072117,9.78106297787811,38.57129896040871
0,0,3.589281543713452,48.17200875447311,49.49332950408571,2.477165653122704,0,1,0,0.29517839836899107,-0.21303493825256942,0.4598384532746916,0,30.235453236664878,0,1,3.1694518640752456,1.6114691912391461,0,46.711901316212106,3.338193910213445,1,-2.992503949710344,-0.9330073044371172,1,40.721975776209575,7.656613800950374,2.34492369164232,17.90149747111288,24.824708644861488
1,2,-0.272662766960939,57.487523154232065,40.358455253957295,2.7049659734037133,1,0,0,0.749351356974511,1.0900403679901969,0.11270288421180652,0,35.94550447507959,0,1,0.3585135732182625,11.045395632702542,0,56.076630458393396,2.3373138598991194,0,-0.07362153912378802,0.07202838164481061,3,66.88969162141325,18.605961122661824,-2.840592335041336,25.213124148914243,39.49179472237516
0,0,-0.9640567081772788,20.094219463480524,84.02452343616548,4.591429865596879,0,1,2,0.13036188006202698,0.674746892947432,0.2743824189982482,0,62.2022917635062,1,0,-9.591798152511942,1.6779337057701744,1,12.872597030290613,3.719723097479519,0,0.8829571247474916,-1.0152200147005386,1,23.450226878308207,36.09038828104699,1.616195395826967,25.956462420626664,54.05250919853604
0,2,-0.32398751983204577,58.57913079438323,74.51590449646562,3.6804611405956136,1,1,0,0.7536773843829216,-0.12771916849953643,0.31073516538936385,0,58.2590784818879,0,0,0.10761878775129574,6.664783270952006,0,54.20254945768211,5.486885369379504,1,0.6055641941437321,-1.4479486565455888,1,17.325199873210778,28.493223143373424,5.61801973398746,36.82849161776436,46.05261843175196
0,0,-1.1448338927007957,33.21405218397182,70.48418437861432,1.6249963317258298,0,0,1,0.3321013786235251,-0.3422077368623682,0.3158669858269161,1,20.664718044278292,0,1,7.295702033216269,2.7450310966487628,1,17.01219874418325,2.7427673447495344,1,0.06281826043991802,2.2744370193935297,1,52.74316135874761,12.952945399896691,-4.797255275380696,27.97450953789086,53.94296589384025
0,1,-0.9900212178167818,28.354919198728492,93.91977103525618,7.467981465698412,0,1,2,0.1226959196009702,-0.9868221939535066,0.16091548739274147,0,60.111661326226624,3,1,-1.8574385730962,6.1738261653758615,1,36.35288617653444,4.668468128716209,0,0.7368578487247018,0.08549165263226258,1,16.369110247784395,37.4007049478412,-1.418881890998124,39.58649082069407,35.129923549838544
1,0,-0.9713556010466777,60.52184700205295,16.96208216539481,1.6716227863778232,1,0,0,0.8652570541349877,0.3510331307710538,0.5819563156722966,1,21.167128705502787,3,0,-8.308774549751845,3.5505335458654175,0,52.71443181406685,1.3346095566005354,1,0.07180160152098064,2.4138443091238844,2,88.4317838586349,14.572285047138479,-7.251941425312457,10.33889011614816,53.11728525007338
1,0,0.5367194242869494,43.485058488533994,77.24100132474439,2.4365474887723804,0,0,1,0.3016771771719566,2.2578936944733763,0.7298444103050274,1,36.30711453189144,1,1,-9.23029120094742,2.6521757188852066,0,18.348314167626064,2.862361155979625,0,-0.26993133843980743,-2.0507804109536734,4,45.42449987990097,7.483864861557197,-8.152002021188121,39.8756261912109,24.903225043325552
1,0,-0.4735798865690641,49.31319753813243,20.217647966483444,2.2390693842205014,1,0,0,0.7061465500404177,-0.17667248997437301,0.3916557998971422,0,17.695059003496798,0,1,-7.036787710930411,2.4117804104436935,1,67.73235683813851,1.5564679699334203,1,1.4953714436654961,1.0106856886446327,1,77.41988152804065,7.735085899189285,-3.8931006608241656,4.627010441344441,57.403864022541825
1,0,0.557991434739181,46.837853800559884,65.01583616595047,2.885381083238561,0,0,1,0.40849629793394593,-0.0916572639942607,0.8994183717395938,1,20.35910482555327,0,1,4.568323198185951,2.482468679002655,1,70.97806427128843,2.629192799302994,0,-0.0883758325577478,0.3977049758645017,2,51.33441217564428,16.232235533882886,-4.825324952997024,26.081026093395714,31.827982825874976
0,0,-0.36128965564300497,19.406582754218498,71.17156513760563,7.223161717593014,0,1,2,0.06085583452099358,-0.5901652594019882,0.5788007588888381,0,60.003456918595646,0,0,-1.6946549701298093,1.0049434257115661,1,53.12052783269698,5.585147814162621,0,0.8917953534855149,-0.12484643845408756,0,14.771415602851723,36.8133910070389,7.676312199296557,13.636895525854111,26.704156940768886
1,1,0.9983688403711624,38.111906976417615,59.71851380229127,1.5392050897772882,0,1,1,0.2915758300249982,1.028774803975398,0.8367083880410662,0,19.76474876833841,2,1,-4.776219205956538,3.42838679145824,0,23.161121041785275,2.625684151158224,1,-1.307248552231571,-0.42559560039602323,2,48.351882800833614,11.914185321868844,-4.422133608448283,28.646698629917484,31.642281618024846
0,0,1.1004731611883727,40.03065567891426,55.77094051565344,1.4290636898530553,0,0,1,0.29861080084729774,-2.770880816251799,0.7848171053305812,1,20.404488995765213,2,1,1.7536950169893277,1.5888779762720544,0,71.69665383387674,2.213230205278877,1,-0.6897790836660518,0.4791331558707946,0,53.29669782614923,9.80711266795467,0.9245389414196641,4.310295632702454,43.52784446412788
0,0,-0.08853966075354965,44.79641447872814,12.13563004652941,1.3809102854046078,0,0,0,0.35143446201108547,-0.15260469523774758,0.36725798852274316,1,32.71561302866162,1,1,3.955851146259981,2.185267535020524,0,72.00196206107191,1.1401539614795195,0,-0.6928125367702193,-0.08329653874803558,2,82.45874039311366,12.184506628525625,-1.7223683318683136,13.648357460504839,25.245476483108195
0,0,-0.008216782749140705,25.846824990371168,88.65979993062328,2.5898146866682974,0,1,2,0.28092551773153296,-0.1667635850197488,0.5771222846362922,0,69.07013563782948,0,0,2.0941835086647043,3.226980044313157,1,11.042955845652864,7.082165832534874,0,0.11056741758064013,-0.8937636114402389,0,11.686001580449956,17.22868176355613,8.505106581538989,18.42442067996285,62.21097681295555
1,1,-0.46387038714245754,54.27628566087997,96.46944115960514,4.1121613843095455,1,0,1,0.5857013685766669,0.9221034767282229,0.830123280745485,1,57.676517969712144,3,1,4.66357608261271,5.029080165121834,0,12.900406063982013,4.834232372520288,1,0.8170723657472755,0.7639343456785355,3,11.925976268488869,32.56877222961322,-6.913916452139745,39.91694842390593,27.107379711895703
0,2,0.041023284127111315,27.66223804894751,82.85710682891157,11.553528318722261,0,1,2,0.14370126484035872,-1.0853848665202956,0.08277008299275068,0,78.46484533265573,0,1,-6.791391515659891,6.87478162917012,1,77.91806091060725,12.143475656620991,0,2.2324118859281996,-0.6129345074706584,0,2.429388308864955,39.14871861036429,9.840942400911121,21.459901135179138,23.20101042572948
0,1,-0.11405919167526064,53.72368464678075,46.22164896271119,2.1974759807762623,1,1,1,0.683262790247226,-0.23859763572041875,0.15388137473414593,0,41.22202166367228,0,1,-6.125648217175945,6.088832287567203,0,40.90402234950219,4.581179980678916,1,-0.5051636254821181,-0.7240238650708597,0,28.601104074429262,12.57613505775969,7.371054887934065,9.73012435041612,69.2766233289826
0,2,-0.09948071167217791,64.19563135624247,84.66998961475537,1.2218840995002735,1,1,0,0.9279814494080756,-0.2917392158840596,0.3805482126446327,0,49.83193910629644,3,1,-3.4142399206473906,4.197649341797228,1,49.451327667801515,4.080535680790854,0,-0.4857757870669419,0.12014692002933756,2,28.726964389648856,11.65825072498896,-0.9771262906728353,39.96959480133188,64.6052442028953
1,0,0.7024025786691275,50.90554801597145,28.235227367994227,1.6008476596541974,1,0,0,0.4726917720790874,2.0619091203161006,0.6969151403820677,1,49.41269111365311,3,1,-2.9933700950095288,4.148032382473279,0,20.117361558573307,1.3498912104588399,1,-0.9067744892468954,1.0144930646453867,3,77.40521193710484,9.273376506370434,-7.702609828007483,15.225836491218157,40.700157351686556
0,0,0.22886741434956098,21.850034841495372,98.3449421034833,39.124972739661764,0,1,2,0.1354845776423611,0.5513316490485797,0.99999999331737,0,75.65395723357506,2,1,-8.157762068417329,0.9876853423920614,0,64.4226077906874,8.446354489272236,0,2.150729961611394,-1.4645548928923746,0,5.206462737043205,39.992649768293276,5.9435737861526405,2.382313777834437,40.16322817293914
0,0,0.29978149480162836,37.89420594003074,63.226677444870504,1.80157140663384,0,1,1,0.21911892296239843,-1.6162903114128833,0.514700387787706,0,32.77717377163922,1,0,-5.41750610040988,1.1914957109929076,0,44.42357317286239,2.976432587802518,1,-0.17809196927868942,0.23976733978817907,0,39.95023972072566,11.519051782020874,1.797450025173145,12.845509660621605,48.99613663578426
0,2,0.6731282416174471,33.117649705258096,75.10151606417406,6.7415730585252085,0,1,1,0.15023983394314622,0.49722895638977865,0.33528004911989484,0,58.6931470468961,0,1,1.8051449098034347,6.510553548125828,1,44.289321579432546,5.314270979073273,0,0.6004501135752294,-0.06689048000728624,0,16.755513234211598,34.76090209423041,5.582956851875544,28.763556780793262,22.78568225363751
1,0,1.1567158226249825,43.19374696590819,7.423128857321492,1.6977720791229387,0,0,0,0.34115053421971986,0.28975663981009325,0.27256435856136574,1,19.76899817408539,3,1,4.457175388678769,1.1843646350649195,1,43.94123417969172,1.1757508065808404,2,-1.614285371646362,0.7376616216370898,3,92.53261560965747,7.733482000049379,-6.723109539899803,9.279848387598182,30.786210518114018
0,1,0.33491190512337987,26.700978008495216,72.97731194449116,4.598124670335412,0,1,2,0.20217844794283968,1.4037923641178738,0.14507368087315786,0,75.59553308116308,0,0,4.327090474545617,1.1739741902705791,1,48.642390601883804,7.839617786343607,0,0.6227765816975077,1.4036338120975023,0,3.4328249215548556,27.955985261767985,9.753704420524059,28.522778166520588,33.21985487540202
1,0,1.0867124184073103,38.47694860754392,53.96701099319981,1.860513825261753,0,0,0,0.2718598922663006,0.2156510817378392,0.4837935720043224,1,22.373855825536488,1,0,4.735669327258762,1.4332737424848694,0,53.930880839486726,2.6397350388032703,0,-1.1559815384129535,-0.6492504288149649,0,56.191595558592354,12.36125884624232,-3.4365169207751345,28.75793542095327,25.291064647441896
0,0,-0.4779186730267165,23.006363075860747,39.015293448497594,3.801560948650037,0,1,1,0.08167448762073926,0.5634577625137052,0.7472865659893243,0,23.58607011297014,0,1,-0.8718972252641457,1.0539587009244291,1,11.314834569137368,2.7316982364777793,1,0.6408683630873205,-0.4950070292269607,0,46.9153054023089,27.359583732108817,1.9541361035007405,0.6615486701591666,53.32037313680347
0,2,0.6582125923135077,54.82383145459062,73.6604517602906,1.9807875181467491,1,1,0,0.605712451658933,0.18563542348661752,0.3398897998646263,0,53.21150220018158,0,1,2.0748389002264815,5.377126557080336,0,23.292787489759323,4.116169729517763,0,-0.8575399662372131,0.8898282967967803,0,28.13977556686047,6.386522728871096,7.826903214468167,31.368308422687882,59.336875962478324
1,2,0.7537649840606845,59.64850994449959,30.70917661856985,2.069072380729395,1,0,0,0.7989511925477881,0.45616729307802273,0.3282494187592996,1,21.5683648849867,4,0,-5.725409868673525,6.976074953690866,1,33.69950650318382,1.5244703806087216,0,-0.762826603917234,-0.11097369120906793,3,76.76569996380125,10.357833383308408,-7.773306951723705,35.6221499053564,42.24214182785812
1,0,2.043642453226149,63.66559425957814,6.445368351588393,1.7069582246345028,1,1,0,0.7589351403819693,0.9341198756404576,0.5752849422174877,0,20.60547949242279,4,1,7.496509564078764,1.5257723925461864,0,47.888920237715354,1.3222601496862976,2,-1.2017952387936912,-0.48845279266760677,3,87.5537821700313,7.213409177112182,-6.131275895128486,9.877327338025555,18.969679488273155
1,0,0.8435931541741954,49.71656857260443,68.03863952273225,1.9019155685057727,0,0,1,0.3479617950809508,1.1550420830515413,0.9835211595672717,1,23.25094678205254,1,1,1.3144672151462355,1.3822647927078302,1,56.645829936258096,2.6695375948352673,1,-0.30542838951568846,-1.5725636714756832,2,49.03879459611489,9.868725830405403,-3.426737848634785,22.66208742793589,60.96228235880437
0,2,-0.6919659510197331,33.978846701069685,92.64893162674352,3.413911605324116,0,1,2,0.20243656025999351,0.2714416699217243,0.433211039265959,0,60.74321633578924,0,0,2.1787161674584574,8.012675040756212,1,27.480552415419396,4.73434986577882,0,0.6842740685725008,-0.4512942221296267,0,15.731273215843055,30.590537200159353,6.295614725580641,32.59226421184165,58.132032525066826
1,0,0.03873562408710031,38.77945425560855,6.544012213523725,5.19829804540178,0,0,0,0.2820288430402871,1.940827717051321,0.23377272887309059,1,30.01089348026358,4,0,6.356450430450625,1.7336720020842213,0,64.45791248495577,1.3108005283668391,0,0.09308158274354843,-0.46140290868050005,4,88.45433719447975,32.01441893794986,-8.18834341903086,11.30739867393076,34.349752706832504
1,2,1.087425990929861,68.36287618888005,35.58802569039539,1.815270948744076,1,0,0,0.978664582788642,-0.3838444955385877,0.6632879075446303,1,21.564799849365144,3,1,-7.082712937058664,10.362879289220768,0,59.03883614618549,1.655728160564385,2,-0.7210170605855871,-0.2003883271143694,3,72.03009008951598,10.088537063972991,-7.021483870071296,33.16063953070837,44.637283522667516
1,0,-1.6249782089790872,52.88950409572358,24.94041064395431,1.7745315657287593,1,0,0,0.7749756429590928,0.42776633989631546,0.3438454480988361,1,35.11968545126845,3,0,-8.676152386089038,1.1986507899131122,1,72.67111472558418,1.6203483883478274,1,0.44176088872034497,0.05294925385164586,2,70.7628327874971,17.616224287193806,-4.68089330883294,18.53232025013622,62.870370863527285
1,0,0.8792283561814649,56.903099093078794,3.206911836017018,2.5746370239241028,1,0,0,0.7035125287489195,0.593174206115015,0.1619035817885603,1,21.260978935635933,4,0,-5.549022249954051,0.32481302336493684,0,34.38833636131301,1.057095700063667,2,-0.962584616143322,0.3351139111482213,3,91.94921720481635,25.228347461777577,-5.558349145816324,17.44753262490237,55.74181162722143
0,0,-0.2541713130217395,23.176628080020585,69.24021461973675,8.143228808354102,0,1,2,0.16733162441399968,-0.457045315082882,0.36711063659307897,0,40.748471492383125,1,1,-3.4024742505288934,1.0446127807643066,1,42.89499368513245,3.176861184318212,0,1.1681752657334359,0.0768736026588281,0,33.22476211047986,36.95253669206853,2.9843587441573725,16.009741754450246,32.3224576231181
1,2,-2.44504674052561,55.32358488423092,32.260407197093755,1.9514513877637742,1,0,0,0.9157152788842936,0.3684629086789413,0.601058309566224,1,23.502414295723035,3,0,-1.7856618374292825,5.289256129023055,1,12.897406798165317,1.4389791944187285,2,2.68693917771341,0.5970845853558907,3,79.16628152370082,24.84793549336738,-6.52086882199114,18.75361252547616,67.3367237962872
1,2,-0.11667083154578785,65.85162804177025,28.335600576917937,1.6122159983889413,1,0,0,0.9681698875766981,0.4952275310461317,0.6240317272829886,1,19.293162331906032,3,1,-1.367573203843861,6.160779402937471,1,58.49385696321186,1.4847759702822207,2,-0.29119282400494656,0.30719060093752004,3,78.48210851542323,5.951570383356371,-4.456459662854648,28.808084707786907,53.098249243723465
1,0,-0.018080113241180754,20.80358506510181,31.040227076575444,1.6870937592933815,0,0,1,0.09676359309498783,-0.8812993411083411,0.3645729761287235,1,20.157182738340147,1,0,0.5333633244918765,2.0627098788467046,1,0.042581864086255194,1.5891061791388437,2,-1.0901357690882258,-0.1773185315211547,3,76.72570798967607,14.434030101217509,-6.454943216446448,2.741791291924409,39.83931780353437
0,1,-0.4451146223533789,27.228225114834295,85.55244739015615,6.684509196838871,0,1,2,0.26547050069891476,-0.6351854141204512,0.4353341030632482,0,72.29905218705818,1,1,-7.309905184166348,2.7219316438967844,1,27.62594344413752,7.344435017681284,2,-0.06633239338225232,-0.4486676372146015,1,4.954369119024332,35.31920936496562,8.780803864734999,29.94898362683136,24.81628198118502
0,1,-0.7031612797535005,28.017161824621965,62.155700766162866,0.45766167498842836,0,0,2,0.1505002184344883,-0.06857881984031107,0.45603791076968203,0,19.644505280739217,0,1,8.575152142461487,3.3029591358795853,1,25.90832607644498,2.3636285846028757,0,-0.9751364930210136,-0.011124991103489844,0,51.19056880304692,12.060088675416708,2.385103799162705,20.088884344272667,50.87672022557385
0,2,-0.10489380576510622,50.354599050454766,79.65786216396617,2.0310348415061634,1,1,1,0.655822711641492,-0.08036949444257242,0.25336897627668814,0,52.937112803356726,1,0,-2.964051745754711,18.035240943755717,0,29.43590273917147,4.34626418882069,0,-0.06834350875993557,-0.1749459770997837,0,28.68818298411701,8.744885933077754,2.9383412055905733,28.35011600956748,32.353656758482884
0,0,0.25715403582645385,54.48002046822976,69.03660461044284,1.7935224643868037,1,1,1,0.5834706361447188,0.1429355639745145,0.732555063927547,0,26.395399113563627,0,0,-0.8430100303459085,3.644907171837564,0,50.82272261434785,2.5233314007064234,0,-0.8855816402600994,-0.5420110496387177,0,47.826301556687376,10.220671657763472,1.0604413165106958,22.278298475263234,66.398710530697
0,0,-0.006375450952155009,55.6428819994511,26.895560258259966,1.8756566574773978,1,0,0,0.7166314038519985,1.5086631271682711,0.1461062253709018,0,26.66164504405916,1,0,-9.007602971131071,9.736150842013714,1,37.519353555669966,1.775450374754614,1,0.25521380787530473,-0.3666081054208957,2,75.67072481644838,9.345119769427903,2.184070494095618,6.359017563804086,66.51977853635633
0,2,1.3089232936038844,50.37358723817816,85.513567475974,5.2296690871171085,0,1,1,0.4473089271620313,0.4532232244431374,0.6434773849718689,0,58.868342018377476,1,1,-3.857502262491339,5.513661283051039,0,69.17809571004861,4.5694514916919315,0,-0.2329526620793846,3.102802653048223,0,19.89147022799128,18.782057098618196,5.0253428348804405,27.33515817715596,39.232769105843666
1,2,-0.593666954408522,61.06224240104953,59.3740199495309,1.6141272695619837,1,0,0,0.8895392972168857,0.03704912431032446,0.5605292194020188,1,22.417837841683124,1,1,2.6014170704764172,7.089990578327218,1,71.11519243911376,2.6473557105309644,0,-0.17127486866597347,0.2526359869985638,1,53.579293002178844,7.511992552828843,-1.4360596628110258,22.71883004979457,44.84800727590881
0,2,-2.74218637103449,38.19054880426086,85.38351130387339,2.7017096328413883,1,0,1,0.5398807266135317,0.36302440283231713,0.9547282092093116,1,42.31760731503328,2,0,-0.23998111576080028,5.627493671901998,1,43.358887436988674,3.837411950970071,1,2.280877977036951,0.48357267272113347,1,32.968852042356346,34.884446413522625,-3.0640133576561173,20.57624332796598,55.47029560557475
0,1,0.30113012218035407,39.77683484068699,81.11690574305412,7.623349454149318,1,1,1,0.3939629789245181,-0.7716797731444457,0.6490853240560874,0,74.46001022671521,0,1,-9.447544713547074,6.046833883442224,0,59.03564664373759,8.729731603979593,1,0.9953177621900563,0.8927799601840064,0,7.061344559890887,34.36245967775,9.017459932516868,19.940082532273784,23.5723861636636
1,0,0.7028804661687567,65.14082373869138,6.656908968154762,1.830141631278715,1,0,0,0.8489657439026488,1.8816920873689873,0.5454254845742619,1,18.37547177246458,3,0,-7.135593326709535,1.2696456373371043,0,33.40542705517524,1.1579612722579566,2,-1.0810621871946098,-0.0031782053097488346,3,89.86239080410603,11.14680104813371,-7.753985202747259,25.51199572365322,37.658158173600825
0,1,0.3364120720183415,52.042649678495955,44.42184104487234,2.0138924427720712,1,1,0,0.5275283758053978,-0.7585629757644307,0.45637143806729896,0,26.25021442698951,1,0,-1.471325212345711,3.873660188219495,0,77.64732321943794,2.2390081871660557,1,0.8171776061372875,-0.6751480737755756,0,56.86666674793608,11.637190325878557,0.5538595747792456,5.538771574163308,55.83664031899753
0,0,-0.7671743866962583,20.221762088536924,34.715424714031904,2.1417768670448396,0,1,1,0.14365442104331738,0.4717074049981646,0.021811716432081407,0,46.58304655501334,0,0,-5.555407566012133,1.2551401739210115,1,34.74226386390455,4.1476202592639515,0,0.5005236657727556,-1.115516149674227,0,30.511344940311947,19.0106625942914,8.895734594643674,0.9593627726841558,35.084180579175964
0,2,-1.8187943717993202,55.97867748978126,45.70414936903918,1.8219335264966978,1,0,0,0.8112701028588896,0.34303529214691847,0.16515439023096473,1,24.111938822883673,2,0,-4.8381598405618265,9.974279688046668,1,30.29014902836941,1.9623610132813252,1,0.8704704426734698,0.27500639523883635,2,60.5797392871676,19.53366596453114,-0.7513900320670626,22.283486243714933,62.79474413616083
1,0,-1.3799265902002205,27.96279930054653,31.711228962954728,1.5698546458312044,0,0,1,0.20902491486505353,0.17013466624517382,0.3761377913534772,1,23.811188434540345,1,1,-1.3773523490607626,1.3194851278846025,1,0.03461220653014685,1.1361768269168657,1,0.4692477968269235,1.5516561317316044,2,76.8159724817313,15.669381624495866,-7.180314688485248,12.48412987482498,54.17306140227638
0,0,1.684856977284492,41.06888271723224,69.32279371103482,3.354840795621705,0,1,1,0.23099552266406498,1.5821116755645623,0.4702549763508759,0,44.49312582818155,1,0,0.9475454068314964,3.612785310568195,0,25.189477645430856,3.511360644266948,1,-0.6637606549271718,0.6713772221303375,1,38.85982318085463,11.29897866626914,0.6403941234370514,30.1994284503392,23.987961935655637
1,2,0.9113327685761128,32.44428847789125,58.054500227097094,3.6536212087876567,0,1,1,0.2893220167249587,0.983754731578957,0.2506516928686138,0,20.950820465219984,3,0,-0.5910889433897175,9.137793201740182,1,54.25443770209856,2.8613650282119303,0,-0.13450857797283833,0.7916271675230936,2,49.93022373407582,15.675595812822436,-0.7914903801406794,18.996782939212856,19.009901233439827
0,0,-0.7859120605036628,42.16739191043861,40.65964091433458,2.429096833174925,1,1,0,0.4696828489548254,0.24602209247036808,0.9264977118890172,0,18.73015939786397,1,0,7.640794123024275,1.6035960529019413,0,3.0581205255042088,2.1780257728528376,1,1.6201825804676457,-0.381053731948057,0,57.76817018134274,20.209322196435323,1.3376028562282407,3.835353891242246,60.59988898532325
1,1,2.327815614080603,46.48505918825394,28.86925544696062,2.0950457331978605,1,1,0,0.44059291948047646,-0.03618049114561214,0.4469583222188013,0,17.949089060954368,3,1,2.29208756685707,4.3044883269893415,0,59.588236043132596,2.033821626116813,0,-2.1691102298976435,-0.3917408661481742,1,70.80453196787731,10.431442166475636,-3.3729713572206936,15.105145412827078,20.75661627574314
0,0,0.03731103454944284,24.082847918657123,64.51924234033865,4.153858387048665,0,1,2,0.13941928594796898,-0.8780044946443154,0.3515752351197572,0,61.26269421948507,0,0,-7.985358690338671,1.8803799618916421,0,13.263039154252606,5.872223763359066,1,-0.0325708065300039,-0.5448044396829013,1,9.356717701772526,25.39923269987339,8.371926334081618,7.995244936316497,25.105818342295674
1,0,-0.6837272290299546,66.02622442707774,7.490526609715875,1.0972278474225103,1,1,0,0.9490781072120774,0.8567298202189316,0.38290273389765206,0,20.68795048773743,3,1,5.517992765394331,1.8590706147509497,0,62.02835789561988,1.4609809047277842,0,0.1195895963912409,-0.4827399602712838,3,79.3258919431449,9.735093563112823,-2.000402783653703,8.24235279555667,68.6499154490768
1,1,-0.6686867427587954,69.99771340659865,0.12844443349189216,1.1085873186361825,1,0,0,0.9999979029556685,1.5553870333820423,0.0793686256312911,1,22.080173752897522,4,1,1.4423781285394526,6.297547609962766,1,79.76233765591954,0.5381530344113187,2,0.5934815922581581,-1.456442430174764,4,99.00554510844668,8.233287843371196,-9.316611374516468,29.838589968801283,59.48594527648691
1,0,0.45932685764436815,57.96422899375373,21.388595631883206,1.31424696014733,1,0,0,0.5793175695872985,-0.5497532500011969,0.20700810955176036,1,21.890293166923158,3,1,5.6003130485563535,1.8539702836298557,0,34.573668897459534,1.554307829348543,0,-1.0221122284816058,1.353954986613424,1,79.84614744844936,8.885605214174566,-3.4762005414664667,20.913175150881127,63.98147002059774
1,2,0.2059662861585051,62.51506163252456,29.439050895079465,1.6261401810695644,1,0,0,0.8366889302722755,-0.19883673156733606,0.20554264802352218,1,20.579810329821008,1,1,3.438899401268598,5.628026330828006,1,29.092102707493055,1.7301930061347823,0,-0.3721038429631214,1.4761459790247198,2,77.8082913121555,15.346493352858928,-0.17793550227981392,20.124197429862768,66.22773125984753
1,0,-0.10620630616467812,22.345410631656115,59.86992922077833,6.475500949102091,0,0,1,0.1400012501055224,0.051901508134217476,0.8259095077686394,1,22.404375847043557,3,1,2.8921423521528933,2.3962614106624067,0,59.472105695176595,2.4222373439366423,1,0.9020659289014032,1.1632264344976455,2,55.1672714162326,27.302354317719594,-5.48600569069318,7.473284527629167,23.676003297884456
1,0,0.9315421354954229,47.20708110087452,5.79915630618042,2.2197207601785505,0,0,0,0.3425881250356967,-0.1412880022208973,0.8221159720189548,1,21.572458401977002,3,0,8.118342038375115,1.8301825905307578,0,16.917296673728643,1.0764049812643601,2,-1.3394423746282296,0.6096064210654178,1,92.01094483140433,10.311355808814092,-6.693499669333079,3.1592085861664243,36.37887382674893
1,0,0.3331641101365289,33.70216324881643,24.902577118452996,2.090771016053334,0,0,0,0.32167639213010424,0.04932378607859705,0.4936046475593185,1,31.578572565504253,1,0,2.7634158177720476,2.8302360379975915,0,29.595232204880276,1.503013354565659,0,-0.6081184941785065,-2.0788979461428787,0,91.18057223053478,11.337445171934974,-2.241212538613201,4.473624400516229,35.325899052772954
1,1,1.1158485520732109,54.2853846168415,49.585589163385194,2.1279996435628985,0,0,0,0.4720374939450591,0.1598985200132616,0.9849212330620195,1,19.86539043093555,2,0,-0.4755672887820701,2.7800034740012145,0,34.04379968739845,2.1956619518291878,2,-0.8627768762294737,0.0714520905271054,4,61.94959891456479,11.764534274715057,-6.926571300069824,12.789309077815009,23.549862110873946
0,2,-2.210536220862507,53.27738524486262,84.84230108634637,1.2847277140336522,1,0,1,0.9188807640398777,-2.247187397413888,0.38569249923656496,0,47.04143680356629,0,0,-6.649611082298247,10.214301271549136,1,25.17673921104209,3.4106881234576507,1,1.3015358319459784,-0.33330809128631184,0,30.95454136933911,15.499007132682735,1.5582178141287812,28.84161003618205,69.39386425204245
0,0,0.16240339258970765,26.35362340883026,64.47743933668806,3.592202131902645,0,0,1,0.14719553533806656,-0.2412871205980319,0.6160822056349328,1,26.959800757927272,2,0,2.6752324224277135,1.455076402012505,0,20.013333268740613,2.396541498729078,0,-0.5133731268344831,3.2462010074755137,0,58.50235126570724,22.98443310669049,-4.170329481442022,13.602996226722816,28.002642085604414
1,1,0.406662575353761,62.061306065971095,33.19997724636078,1.4545656340559172,1,1,0,0.8583109224413077,0.2592578953693268,0.1706995058694214,0,31.06777691722804,0,0,-7.248068945562215,3.828448037733917,0,72.50235594172828,2.2320544659275443,1,-0.6646895405258673,-0.5051937975764045,1,57.65708594850011,10.699772128870485,1.2753528255837772,27.189363493200602,51.138383309389745
1,2,0.2734288942185749,46.23936332232218,75.20860504326589,1.7406937852068705,1,0,1,0.47269341497837114,-0.1574799319408802,0.8558636378828524,1,31.36969909672804,0,0,3.724418870283843,12.972259184164244,1,25.732241145306546,2.8405290028554355,1,-0.6743321511749955,1.5363207017123952,3,46.775640145465594,11.831849516270982,-5.661312120286031,24.290705527788457,34.955410882281974
1,1,-0.9677976597947296,51.14618094825075,73.18397005924601,1.7216001383473571,1,1,1,0.6652860246855616,-0.43394068987938733,0.8030589750826082,0,44.40918141962389,2,0,-2.4570380938398273,3.224006704684517,1,24.248801346697384,3.7077614405776713,1,0.3161229527575927,-1.1550494062999648,2,36.53642317084357,13.510319607200962,-2.0092701977959084,34.82949031196022,63.52402977524526
1,2,0.4069366239008215,50.233322735663336,72.12052561835407,1.8808902579330637,1,0,0,0.5096836631761523,0.17549879209150004,0.35475079319143443,1,27.318671642124897,1,1,6.896074866856846,7.68004710719889,0,12.100349272702848,2.7997775196663066,2,-0.2894309029465243,1.1620953575463897,1,26.722172378916465,15.373222023208818,-3.7810139353327976,34.9254828653869,28.583680897376283
1,1,1.6866806252825293,36.10843011353844,46.85888702197421,2.142181832063798,0,0,1,0.26364564317637684,0.0676124441096601,0.34849009908707185,0,32.95511368313434,3,1,8.30022305351676,2.5813771084826755,0,12.394133243737095,2.3170238567573893,0,-1.3047066479511857,-0.5882457305490554,2,58.654182684916876,2.728407689815562,-3.9610480999333006,17.723826046418132,23.972968519714065
0,0,-1.4781002649620225,48.94803025890897,69.44706017503867,2.586847538822181,1,1,1,0.6874905379591318,0.6201819625357038,0.46123888283841485,0,51.172767412709334,0,0,-8.177231469714863,4.029595440332235,0,46.52942690173566,3.7256096037859336,0,0.6861447778770946,-0.009757859279297449,0,32.07713756085299,29.019364635694295,3.511348638545627,22.19186379862554,68.1190890433565
0,1,0.7337764012720841,53.79149898484437,65.82768132689877,2.3382569724967137,1,0,0,0.6637702208145716,-0.15623512944990417,0.4486990440060647,1,29.359268813198497,0,0,2.6636690910947323,7.772504267340111,0,11.633384137046114,2.691160119417131,0,0.25226416417256226,2.4185088038521156,0,50.97597890399235,11.701232741675657,0.5981492970400755,14.788350184794961,43.337562614723254
1,1,0.38145385701670187,54.08224923150218,77.50150313762703,1.9968694303000598,1,1,0,0.7498649245783442,0.6788158864572611,0.5589782254951821,0,49.01211036745464,1,0,-8.442056781254143,3.5602335603877835,1,34.21526653414202,3.4782477147936173,2,-0.5214792928261057,-1.0639617666185819,1,33.18043010636769,5.192051562791276,0.20486336923270798,26.899426480625177,57.53659533742337
0,1,0.4592917024939215,32.30410279897146,97.24227198045077,9.34958034637562,0,0,2,0.26463669285554314,-0.8130049998475805,0.5449348690495184,0,59.8599612219716,1,0,-0.9887453385820972,3.939009381902117,1,35.90989698778695,5.303717378469992,0,0.5333068720690416,-0.3478109833549817,2,15.016956514718016,37.221558674018425,-1.106270918730484,39.89289204976623,43.09272743030001
0,0,0.7833493478146362,58.67484528985667,24.729119801391665,3.8901308880293723,1,1,0,0.7677283204484944,-1.1440604126881695,0.04874741370175267,0,28.17985819299398,1,1,-1.0180285143015375,2.4626401756876413,0,21.050251580981545,2.070836962357993,2,-0.3729422277324472,-1.33603059205203,1,65.57739491245681,18.747478186645004,2.4632100995116843,26.960283337989974,40.198852844025815
0,0,0.6709680834078698,26.88618237917117,77.3095405214978,3.7183568933995543,0,0,1,0.19014238836026026,-2.188950604966256,0.5403256263526175,1,39.0265595903714,0,0,5.263943674383157,3.0290456801692094,1,57.20917536557545,2.856460030885041,0,0.028310391839985686,0.9906297518648108,0,40.85999234886855,23.911413326354882,-2.2517666824020477,3.8043167084781193,26.63861892102434
0,0,0.7127417080690146,57.69030811965068,34.46316290904482,1.1516242706725197,1,0,0,0.7041398639272155,-2.1464076305035644,0.729477207399889,1,22.3364136196775,0,1,-3.8987211309700314,2.50493922372449,0,52.419492880595456,1.5624860466500228,0,-2.6975137001562777,0.3466696608828972,1,71.51264348364286,11.051378124439488,-2.5855762682700947,6.629024076632975,64.03141636130681
1,0,0.10445105375673375,66.64598726043606,4.5421706382768985,1.6008285099861252,1,0,0,0.9536618545202904,0.5693238638586304,0.5506113068752272,1,31.75038359137719,1,1,6.1441899514637015,3.254646005688749,0,35.28377557331399,0.8859838765311076,0,-0.5234730420261557,0.10671692353884374,2,92.76769893595214,9.959348086541052,-6.042552260908102,5.998657740988618,68.6073517733281
0,1,0.4486907375176262,23.86426443996612,80.86366123838206,5.078966583328196,0,1,2,0.13660243857621357,-0.9382898015442873,0.6074706154692832,0,58.18336715279934,1,0,-6.294139488497469,3.783703207187231,1,2.1948330171419395,5.345753479054948,1,-0.02736163615316275,-0.30876495175345453,0,23.57908474968813,25.12445319957889,4.856294258750271,19.55761196585385,23.794032175339787
1,0,0.5878015403253641,52.56812709270113,30.036895967437705,2.4696104536052994,1,0,0,0.619630868863152,1.032876264444024,0.33125478611814824,1,21.829241969139204,2,0,1.2044716479707525,2.425484223027995,0,15.48560084215939,1.4969818676154767,1,-0.12332872525888926,0.03626835668940062,2,75.60701524428528,15.379603683974954,-4.820947373547804,15.656141214637394,45.84937468427266
1,0,-0.733581718629252,65.58243471972636,8.35244114033779,1.3513881882029175,1,0,0,0.9514060389940764,-0.29735249843430345,0.4849479324859134,1,20.32767910587755,2,1,-7.436212904357468,1.3945581463715413,1,54.51326119908597,1.0260701268217227,2,-0.031122319034164864,4.1055564816353485,3,91.27846486866271,9.92140582959534,-8.917766335641694,28.385150010541807,61.80234640152927
1,2,-0.4243579536516938,37.75959166801451,53.04158883745366,2.458412920048143,0,1,1,0.29440675143087186,-0.611558206967798,0.6894867178244637,1,26.818733531776722,2,1,-0.7387515868223904,4.00533772752981,1,29.918770348405825,2.7692307888512016,2,1.2146776223633826,0.015052418937033785,3,53.25896967603041,11.524949128163815,-1.1822537053077653,12.816887155467134,30.449658484026838
1,1,-0.46109138305423836,32.518417349170306,63.498332418569944,2.87711196288124,0,0,1,0.1848178791478831,-1.2191214278382365,0.36477933597196244,1,22.697205478919464,4,1,7.655709943628299,3.009106268710308,0,32.264500127348,2.393250910437617,1,-0.20538406848791887,1.4708449811104682,2,57.965439061238,21.00958496111369,-5.648588500877024,28.538908111026412,20.399816464505562
0,0,0.051994052595203684,19.60911795180836,88.01735216015038,15.04935687972049,0,1,2,0.06603271823853957,0.5552431832304424,0.5104590449904164,0,71.04778205501096,0,1,4.380172434534417,1.103240808697353,0,11.661540652868144,7.477350225015113,0,1.1276658359485816,-0.5535725409121258,2,10.461855217603194,39.63472873442945,5.642152686836631,35.48796074672498,20.368921421866887
0,0,0.6563434737772397,21.571210827224984,69.59459108507566,6.480585675644682,0,1,2,0.10570618573863089,0.1625709654357229,0.320033548608992,0,68.25821567952637,0,1,-9.629561504549246,0.6112863096631818,0,30.641141430861616,7.644982877447239,0,0.24687822719031585,-0.1184837065553989,0,11.86932394077122,32.227235900544024,9.681080910212284,19.929129571091377,39.43765722268478
0,0,0.42937442172159546,40.2314066294484,20.012484633757623,4.425904571004258,0,1,0,0.3416246756485217,0.28363159218213435,0.17077257146781893,0,20.873948179578747,1,0,1.406365610641238,1.0491862242302126,0,56.88717174375088,2.4074893118698864,0,0.18078215509475848,-0.42349481036082337,0,62.78835115402368,23.86051377356983,2.7513014188975227,7.949474879763341,37.39030770299939
0,0,0.628218798473526,27.10693326862044,75.45400169978359,5.640562834915649,0,1,1,0.26115666601845755,0.9597743916272844,0.32489585519172814,0,76.72313976150713,0,1,7.3099960129630865,0.8925778653699272,0,32.01825062679723,10.20511423692891,0,0.6720218137308424,-2.5097554284888077,0,1.8847720095426346,31.83610391468623,9.81417549845688,19.430981307732125,31.693261179881787
0,0,-1.1241466103517346,31.315609778098462,52.870346980807156,2.4657493044641714,0,0,1,0.17789713974964155,-0.28747757126748347,0.44572824712060843,1,46.80681735705109,0,0,8.333188876566577,1.399234757310508,1,77.3156218469604,2.2470235213681624,0,1.2983757897471635,0.9333377951383732,1,59.08741753771203,22.980948689530717,0.2403556784963321,4.017536916486413,52.51168353730794
0,0,-0.007243831772829854,29.73852506622509,60.70639450066155,3.8299265314240385,0,1,1,0.17257569704611025,-1.402184426965861,0.43706712550892,0,51.860656002095034,0,1,6.2767130681569725,2.1871711139272314,0,7.1733944445637965,3.08516900183796,1,0.5106826221171356,-2.1217895427559843,0,36.15712432910042,26.016052019124416,1.976407633523948,7.527901984142787,36.563087620484794
1,1,-1.3246727659157274,45.677612897144364,53.342833906954056,2.1711840231108233,1,1,0,0.6196175498538689,0.5395933957349013,0.7597883323211846,0,20.84162746265772,3,1,-6.9721384117596505,5.1793343909000225,1,4.128880024007557,2.630522953038958,1,1.0694571590280348,-1.065794779819521,1,49.061179859836194,19.341162948974173,-1.3268128010213118,8.7106144634728,64.56533351435326
1,0,-0.4939611298366514,38.429658103640165,66.80517456316447,2.0458553153609307,1,0,1,0.4827469821417402,-0.630193951694846,0.5822942304418388,0,23.422059779727057,1,0,6.606845513551182,3.6861000920046383,1,9.623305849513297,3.3720851249459436,1,-0.07689722733194333,-0.24698763532696122,1,71.58565018171006,15.328847878990246,-1.5012602447248415,20.07871480246088,39.09855462413786
1,1,0.3090816044440156,34.57436552894774,54.24898406194386,3.386413051224712,0,1,1,0.27575827230809014,0.7681338691899462,0.6913779254737116,0,27.592911974333703,0,0,-0.9541949390092803,3.790379444937122,0,41.50237021180416,2.802790010167277,0,-0.42238216676118984,-0.4677375349977767,1,43.18550595601623,24.141176145329833,1.3721405478443476,4.078746389832548,22.205703165839378
1,0,0.16158998976241332,26.048140467280778,28.386536949067466,2.5893436824078506,0,1,1,0.28685206430705096,0.5236776835273734,0.45540878786034444,0,23.613271720821874,0,1,-4.308016759827322,0.613168396057944,0,57.02459296868591,2.376605306393704,2,-0.3260219632949704,-0.18280234293379183,1,66.68900644438843,17.22392547860971,-0.40288465363624226,5.463406618753794,24.065471845285074
0,1,-0.12062967265813422,26.67893657232808,91.08118863985811,1.0524535469770997,0,0,2,0.18268828005478688,-1.144879935308324,0.8634753740406905,0,49.89263429226781,0,1,-9.164815797176008,4.603276432709967,1,30.45780712353205,3.837039761664285,1,-0.7399690699610032,-0.4178535051439236,0,25.51697173464438,8.47719614217326,0.6196048641684193,21.724779743916763,28.523947742136414
1,0,-0.5935007932422337,46.49328795621782,19.284203095094227,1.9125498024299463,1,0,0,0.5712571371420636,-0.8162770212644824,0.721604259947428,1,20.00196357823586,3,0,-8.395484105337117,0.928746756048589,1,68.86859559679999,1.7295420903386198,2,-0.7221316401880121,0.007635917224608475,3,76.17249154581742,15.025293968127196,-5.597001395325413,8.052194431520846,64.04104100022579
1,1,-1.5073711892720782,47.88934103113127,20.300653595243123,1.7321564950117114,1,0,0,0.662802626560122,1.3404562666797795,0.3338874177476796,1,25.17097617705543,1,1,-4.05564080967145,1.5541651727430634,1,44.68670885586459,1.6566301163382005,1,0.934427651858765,-0.37527348484726814,3,77.54015116656974,16.49634806492371,-4.051306095707686,18.793352629610837,52.142787822058686
1,0,1.2982852376124698,59.67450748375977,13.458592471111558,1.8268323393330972,1,0,0,0.7449966892238954,-0.316319650519494,0.5626426837561295,1,23.709227392871668,1,1,0.8882812211035436,2.4587630069136712,0,62.604569641116896,1.1995743889921413,1,-1.4911855909483598,0.3072860975712865,2,85.91170535426596,6.65329127171357,-5.679672008868506,3.718101560667979,26.554577822364877
0,0,0.6827971421791703,26.66159540176819,40.51625710766169,5.4924795667278765,0,1,1,0.15673409497117297,-0.03100250804801574,0.37677226393721835,0,27.03734584695144,0,1,-0.2566899504119107,2.2135920067241472,0,33.133138398158955,2.851353078943282,0,0.9892375287167793,-0.5543946708133419,1,50.155282736724224,24.665443745073222,0.6438552807902571,6.226553988438656,23.806715577431614
0,1,0.5499336768005852,49.353000880340105,82.91107529599934,1.7676688979571096,1,0,1,0.5423864677428335,-1.8277269303847554,0.9982771366633851,0,44.43431532179523,2,1,-8.898670510566145,2.0879307410928134,0,58.11981587659207,3.5604000636191007,0,-0.20939909967339726,-0.09219766329296485,1,31.852340156667424,7.068031570885072,-0.6927384219116295,14.341878410651008,54.731806972381136
0,0,-0.8441634822689633,36.60846179923118,37.12128685595195,2.079285931444491,1,0,0,0.391699646439901,-1.2358783095484396,0.708341540463905,1,19.63964757342426,1,0,8.43636856653945,0.8303388463244165,1,52.29790648771413,1.5790925137399647,0,0.42716513000155615,2.3694969865141693,0,76.41004841091066,14.942189811127006,-2.3450714179721297,3.0643875755742944,60.55509448819935
0,0,-0.20210386889647458,19.920295312460134,71.67743838945158,9.895533004365307,0,1,2,0.21251516682127375,0.33487773827257744,0.700967169797073,0,70.89016418395893,0,0,2.5599434000553742,0.7691467506054118,1,18.869513557013406,7.589454660117846,1,0.9186398077718635,-0.8338098014923884,0,27.352647707041754,39.24667834628822,7.846364903164961,15.938479757737067,20.810515388721363
0,1,1.4869509028859753,43.34068846739709,37.2467635450653,2.5234180162707407,0,1,0,0.22710229405130022,0.03686826181792677,0.6725207274072629,1,20.260204943215733,1,1,-0.5839670086610091,2.9602209790467686,0,30.913179507985518,2.2874764396626093,1,-1.0120224962131528,-0.6274494600304581,0,62.36939748534438,10.749219470122583,2.069091463841655,28.501631686559623,26.17594780027558
1,0,-0.6516037879314039,30.665494107820308,39.23804511892472,1.3783095775261314,0,1,1,0.2214687071018287,0.641855189948746,0.8247252345993016,1,28.601166047205027,1,1,4.164626191675733,0.995300239411677,1,28.133956663136573,2.110839420047264,0,-1.0495873651265974,-0.7926946304290413,2,60.62705462104241,7.247040405345231,-4.543072103327641,17.343228263803397,66.50914382509197
1,0,1.6009247155627206,47.57348234573317,47.409176668580216,1.8484357645271574,0,0,0,0.39297757238778364,-0.4549470994828575,0.665646116809366,1,19.50314262365556,4,1,-1.4879107681040509,2.297938081000498,0,63.63112311322561,1.9173363888922634,1,-1.270678679112002,-1.0667825440492127,1,61.90576618206604,11.418732730578608,-5.045715616248683,24.23235808170748,20.817349433995453
1,0,-0.3946377014899026,40.91765565611844,11.630588185487467,1.5496411362152134,0,1,0,0.4059898360052965,2.800222931269692,0.2585639214174372,0,18.4542261507739,3,1,-0.7191036070934835,1.64840742931788,1,28.626605225155863,1.4823079235287857,0,-0.484152583783149,1.5900525098150078,2,79.94106725917524,9.604590579420773,-4.044322793230501,4.727206386350673,39.07738740210512
0,2,-0.08506300626555535,61.44057951966617,71.98551556303175,0.662480668743199,1,0,0,0.8959791936292624,-0.14941943990888346,0.4600931985211528,0,29.374288658082843,3,1,-5.939612411381068,12.851273841895004,1,77.96824542790979,2.6972443816291376,2,-1.0638302125939005,-0.04056178353731238,1,44.501678118909545,7.562925797063967,-2.3348879277001933,32.35876948797517,37.340683637524606
0,1,0.3693859348999743,24.604089278084587,95.17733251188108,20.860873515549937,0,1,2,0.14615450441097216,-1.439822320137529,0.5471730024853984,0,79.96420276102087,0,0,6.470461602274142,4.8986279194866755,1,56.36809961315686,22.28041149500774,1,2.4957573662728563,-0.18035168321830763,0,0.43070134031166774,39.93631370383604,9.976630648531394,12.068943129408726,20.87621138557132
1,2,1.6033072900759995,59.21448802488206,85.4624325370417,1.7244056163515664,1,0,1,0.7077501007404275,-0.42485887759111096,0.3479251987134181,1,35.44988303101639,1,1,5.119274298632471,9.04623695191592,0,16.549052269154547,3.688291322820312,2,-0.6324776607318596,-1.3161094954853203,2,38.43406170793025,14.243404113272739,-6.178700585618229,39.841603255981404,33.17138828157598
1,2,-0.9376747524065773,69.6619499840588,53.8258600461871,1.4378189935682628,1,1,0,0.9996048015587404,0.4777878015437363,0.6774034468949661,0,28.820404846011858,0,1,6.392569752020304,2.7709368083784596,0,54.80371808638351,2.79402904917891,0,-0.3352216754124674,-0.47357532546127196,1,45.574717451777055,16.287699356672654,-1.6639615713103524,39.872366630877075,69.90803023038993
0,0,-1.1214015434477866,21.329936313786355,98.48434887216735,10.236397331696766,0,1,2,0.2224494700465473,0.07503671635277749,0.7385029922153898,0,76.74025943829335,2,0,1.2602814481641786,2.4537013106176047,1,0.28755544950518797,9.919914787323693,0,1.0539293189652936,-0.41699530448055827,0,3.7635846505184753,38.99255213063115,4.639338714182612,39.570243563660895,38.36253353258982
0,1,0.009568053267921692,50.350898122035055,79.69975929144077,2.6182284958631707,1,0,1,0.6133154923341452,-1.5253334624916761,0.6114693395035884,1,31.850771020125585,1,0,6.4556812457554145,2.2669186045747995,1,50.03793200941761,3.2307409305434334,0,-0.06465721200949853,0.04924751832366001,1,38.560913354046534,17.253291254129145,-0.9236647930307633,39.208516029162446,53.840840045980634
1,1,0.3135956666827105,50.078965299979984,56.8818576978363,2.2442770420484592,1,1,1,0.6113669707203229,-0.3029886530557527,0.5865917320677234,1,22.36062669625367,1,1,-5.0381873209523125,6.372905510269023,0,65.62961128308461,2.5968292246298024,0,-0.4347056509594305,0.4094622797647727,2,52.2739259772673,14.935673778311953,-3.8350770011991937,28.09075728840867,21.3661194110323
0,0,0.9352375172392704,41.9734084693124,57.609861945425145,1.1150217275651875,0,1,0,0.26407193634945125,1.6291602472775337,0.6536749776407347,0,22.907218333350414,0,1,-7.288422850572185,3.6614112065329723,0,23.76714082361648,2.875779306931106,0,-1.82043360710349,-0.08154880504486127,0,45.524593257345956,11.106395473198436,2.120713816366692,13.285273871611498,42.54537442824565
0,0,0.18234862564039878,65.19483851022946,30.358582005146385,1.9450336165898154,1,0,0,0.9407271804372468,0.03611537720359067,0.8994805427299823,1,23.979174972536505,1,0,1.2265002374937914,3.9998186736175634,0,77.49586014028884,1.4854399277885277,0,-0.008389543066764697,2.341551580500955,1,76.46367443625827,5.181796537862031,-4.363299394458018,4.02009683799778,62.477699362368696
0,0,-1.0682394303127305,21.268746297848306,30.598878173634347,1.9672843297350882,0,1,1,0.1456732444854037,-0.45432522451225216,0.1783986295868728,0,27.153372049057065,1,0,-0.7330196241099252,0.45189585873110255,1,72.5406986366368,3.196265383736831,1,0.3485093458505322,-0.3187496607718105,0,46.081410524056764,8.55726349451672,7.496000094740296,3.5916814410604903,41.34272586579112
1,1,1.1426878495875825,39.91900889747946,58.98500685685513,2.0576232807843238,0,0,1,0.23046595416807164,0.30655343307975325,0.49446883680967724,1,20.64974813028443,3,1,4.434984328497967,3.9637973472125183,1,34.171999607489035,2.1437971864287206,0,-2.1049243049506443,0.6792594715423491,2,58.2166272808152,7.49122292307451,-5.17715533425748,31.73884924565687,41.289456701391266
1,0,0.2800268296305498,38.53016134772467,67.98292159887943,2.862346211470881,0,0,1,0.3230417961432668,0.23754067994750752,0.48911360161493245,1,23.722869634817897,0,0,-7.05898431044648,5.494183673186323,0,12.485022820414997,2.525176972412827,0,-0.7220517305037745,2.1189729308831655,2,47.56536447376875,16.02548106853028,-3.9276393049982072,29.192715947085617,22.67381272441228
1,1,1.5869559318633222,60.08389954396483,32.00267762922673,1.9925184591037624,1,0,0,0.660859672189778,0.2736954395982771,0.050443608298287146,0,19.008909262232017,2,1,-8.940385311053515,3.9730275030025783,0,49.62491626277622,1.7867926371122367,1,-0.24984463901588605,0.9669232564605738,1,69.04218989525226,7.863817739754248,-4.119464248794222,34.05267617735955,54.766222440498474
0,2,-2.5797973808359287,38.62845917838646,65.05268403193158,2.2696577286565343,1,1,1,0.46023556775222335,-0.17644360007870796,0.40306816580649174,0,51.60287509700227,1,1,2.734290675303397,6.493799802827182,1,22.10422929945566,3.9834943728470322,2,0.03230778735147773,-0.9193816454526478,0,30.108471572410313,34.1513866334372,5.5386644242400465,10.12501745497345,58.67454582554648
1,2,0.08626583570301129,44.990383359198894,63.39470522952199,2.6321331547653797,1,1,1,0.48308889200209165,-1.1494359752503822,0.6668823717551762,0,34.073367676525486,3,0,-4.73262265017569,4.064502937979952,0,4.411675233850274,2.5094406364064468,2,-1.0053521047380591,4.122786457199649,2,47.9462799361208,10.844433218317008,-2.882525124661158,31.54248546696609,24.648110994558905
0,0,0.4899640627451246,24.884729311932112,74.10748929087517,4.357552213646755,0,1,1,0.13736737458758913,0.6146361126875969,0.7076789384511335,0,45.86023149698225,0,0,0.2993249891893601,1.176449496461443,1,53.73665505978436,3.7058738130285795,0,-0.06060446622289103,-0.5900331525920518,0,30.727986322853468,20.415954458004975,5.952556586363929,12.067066035271871,41.37866449545179
0,1,-0.9233226337495055,18.103330156118872,98.97513788618997,54.598150033144236,0,1,2,0.06066126739554545,-0.3226954925871986,0.41694895103793805,0,79.99999995129302,0,0,-1.3152462058357628,3.177680043006056,1,51.21482693635305,54.598150033144236,0,3.2010073690903673,-0.7279162999271107,0,0.00016656259211877966,39.99995807702526,9.999999017034803,17.157027578362992,39.11209965690347
1,0,-1.1803492116709173,31.096021490551674,39.508993440471905,1.6087384342553397,0,0,1,0.1835458539889293,1.2241969340853691,0.5284836236523945,1,21.19259549211328,2,0,7.179778738612249,6.3456615740826825,1,20.263780718002778,1.474971615498274,1,0.3662592404832685,1.3281756746591697,2,75.65266330463223,12.874234290926058,-7.423777709709985,5.970951438917201,28.549513123916533
0,0,-0.8915951840536559,18.53937328129322,90.67014138456443,16.194335735291848,0,1,2,0.12580893168569657,-0.7814777122612446,0.8585587822392259,0,64.91742455571979,1,0,-3.4897627286352577,0.8620513084667402,1,26.637458884751346,6.8296492933549935,0,2.1020355866003104,-0.9934664001575353,0,14.240847613735196,39.821755431387714,3.2695653185977847,19.578739074562776,26.44788277003594
1,0,1.2619215698299027,47.50200127604583,10.789055924573749,1.4452943176732684,0,1,0,0.3102052669728569,0.6507274534944051,0.2728220811172808,0,20.592827086886693,2,1,-3.10030064529834,1.4252182170712069,0,10.02761093246801,1.7251148113931998,0,-2.0432710275851456,-0.15036521806521208,1,78.12870214679357,10.778072217909354,-3.4593525951741793,8.978552438851398,56.744829979644734
0,2,-0.10864034224235772,31.216802493285147,85.95369239227963,5.014230349505173,0,1,2,0.2850661942118807,1.2229518501345265,0.5825602485433257,0,72.45213133781655,1,1,-2.3318206208787444,5.455574652850387,1,35.38420020161838,6.601845212175026,0,-0.1256613211369605,-0.28375899565408647,0,9.710799062505599,28.10481359438196,8.297748005010959,17.39420956692429,34.63445881360647
1,0,0.11711954806469112,35.206058128419116,24.04541176021707,1.7311585411419894,0,1,0,0.28741852813186164,-0.34849187199283116,0.40231290817648563,1,22.930442719169367,0,1,1.883581850154492,0.8612494682231794,0,15.928162427043272,1.6063652244899604,0,-0.9209099434485805,-1.0785317925493605,3,68.63009566327688,10.547562493885339,-3.2857534804540567,13.761144237994499,30.028035437288864
0,0,0.6577450003567077,26.646993105163915,58.75037310849718,2.0184098634835936,0,1,1,0.2195388528058851,-1.232346318636422,0.047430176694991666,0,37.289520387351835,0,0,4.189180693017395,2.377633540350929,1,41.203070325973634,4.480678454679174,0,-0.948756460306734,-0.5458748804705116,0,34.986983771553625,8.7325577967383,8.5266660158202,14.723510763463281,56.14127293035307
0,0,1.1353139830619021,20.26501504923434,92.8742901820964,16.4682925408827,0,1,2,0.060795428129279905,-0.7943552950037265,0.46942362164533863,0,79.98643135745377,0,1,-1.1600532799668422,2.121274158287793,1,15.93305885155437,19.47879050135879,1,1.0165953765449702,0.6204076314978757,0,0.30675299521533694,39.62874967455356,9.973595444434288,23.657578299381342,29.276252260528015
1,0,0.06823304535923215,31.40000587621907,16.804995676018038,1.3175755707643075,0,0,0,0.22201542633158317,-0.27735640844847154,0.17807784820637745,1,25.981685300333872,3,1,5.869937102620636,1.602469609101264,1,44.2446870166538,1.3687358676141013,1,-0.10321688727180092,0.9387890285191155,1,89.12413300292963,9.654992464320411,-4.313829276501391,2.6080603033294647,54.88904490866065
1,0,1.73328955659267,60.165918016205545,10.52408495060606,2.025102947282842,1,0,0,0.7239751828114259,-1.1960828335794573,0.31663873638426765,1,23.93441282385927,1,1,6.511641587229388,1.534154855446289,0,39.84134829304726,1.7241004703505658,1,-1.5240297462135632,-1.915687346599773,2,84.28095522818826,10.625044937405852,-2.291735754150533,4.70636914649509,26.426391373561778
0,1,-0.2500241348103273,47.37395421570814,55.568531247964515,2.1090312189421705,1,1,0,0.5754841561754576,-0.5472025861437758,0.7617032367589003,0,32.74576008798703,0,0,0.2842891073596725,2.22704344691847,0,51.11245859071582,3.2910924471407337,1,0.3697870861661593,-0.24035957369284192,0,36.09446610047043,15.50144581427702,2.5061842217135037,13.71580236125781,33.6802939014611
0,0,-0.9816264963894686,35.22873125501988,86.18608104176577,1.7969073509488953,0,0,2,0.24338484608920247,-1.119795961058276,0.7882193559209649,1,44.70283032462655,0,0,2.32818169307777,1.6680846923505643,1,9.915730977270902,3.9115521907213133,1,0.5739252976342114,0.8004843557172736,0,32.21566948694886,10.791759594143816,0.8469425548230092,16.918851893902644,67.24069945580425
1,0,0.23236313640026815,68.02958158953349,0.5759108980415262,2.126474586178026,1,0,0,0.9796639957813014,0.8577776425614053,0.47401211640043933,1,21.49741116051048,0,0,6.660337770938817,0.7613079339489889,0,68.22224706537276,0.7885914593838674,2,-0.6562790931027962,-0.2890533968011972,3,96.30117356621354,11.73468142951357,-6.1664026134587955,1.8204313537354344,64.28551033244531
1,0,0.6026351142037102,42.17876549774641,31.951121176974684,2.2012364297610043,0,0,0,0.37790920277994844,-0.9479226552468549,0.7715461864694502,1,30.648875380665288,1,0,-2.722413031907771,1.3964941252604326,1,55.79235420101149,1.6649401541924325,1,-0.19388459072320657,0.7332606746698529,1,74.65228634940942,9.478779357046951,-5.705311834648827,9.107311917297835,40.63366164464693
1,1,-0.16057608415822094,31.184057743229566,35.18999517430726,2.4039790237595087,0,0,0,0.20505846833091146,-0.5041409453462602,0.29035655159271956,1,27.2346863208516,3,0,-0.2224438850594126,3.984084955045733,1,33.18805979851446,1.5984829415508155,2,0.10443102119586886,0.7661556646794208,3,72.74943029434782,13.740961308388279,-5.361954026249749,10.080382972397008,26.298232123787557
0,0,1.6193357553567356,47.641436435564785,40.61353567520856,1.798107278263899,0,0,0,0.3653855165570591,-0.2708075454502838,0.18010469829227133,0,21.890864022038585,2,1,6.010291655661767,2.4554029012121608,0,36.14024315199194,1.9409096265156782,0,-0.8309867693069152,-0.02088052226698151,2,64.84688339445145,12.8112206197068,-2.0481151205985917,20.636823594681374,37.46730419006755
1,0,1.9988667302381438,58.192987894857936,20.715848689692294,2.437588864607595,1,1,0,0.6508086501860735,1.096815122303884,0.4871215093954433,1,20.33593546851722,1,1,3.547835813795716,3.4582167540173026,0,61.99385111531193,1.6244839155935489,0,-1.0284856859514053,-0.18945200711994495,1,75.52381708256264,10.28563385063459,-2.2857077293860577,4.346228462954091,20.37761498913469
1,2,-0.7373408611814654,69.21318318238335,10.855731603178953,1.6889713172423153,1,0,0,0.9975249846046579,1.524872558379528,0.3332193743449481,1,21.83280181040572,2,1,1.4847906367815984,11.765950886562967,1,53.18514663674076,1.2775980402111689,1,-0.1765877474051713,-1.494957149693077,4,86.6806571773867,9.42644331415253,-8.675679823546735,33.0285813704407,63.68952687212939
1,1,-0.023176000877415205,20.521300810376964,74.53283980753015,4.937808237098051,0,0,2,0.18640534777577022,-2.161247792558725,0.3339276727902595,1,36.280638018321895,1,0,8.842106903704877,1.9712256561284014,1,29.793163047693987,2.4469950993083636,1,-0.21570569104694481,3.77390512491393,1,51.34728416899215,28.91008758140042,-4.378739507230165,26.564016568830855,26.088657631000054
0,1,-0.5840825894836804,35.748552476603265,50.370294924962,1.401888053500661,0,0,1,0.3231582368171401,-0.10305119044134174,0.3250812876799803,1,22.94862418034726,0,0,-0.9917826941691992,2.4061848914571473,0,22.221549654700006,1.9384212896925797,0,0.17935074842589457,0.3674284174247123,0,60.41035488750338,10.360920064211069,-1.6605019377031738,16.17757818509744,31.427254563499346
1,0,0.00012350831142987,49.65833056297564,24.790001512721656,1.7246652616701632,1,1,0,0.5814177858622653,-0.36562398400446267,0.19606231802388563,0,26.22695214391036,0,0,-1.5263051553865363,2.3390589396593673,1,51.381592469360136,1.9161521370867203,0,-0.25426371667919556,0.22565269585211842,2,71.53533895626208,12.39723404395402,-1.909259186867068,14.217107881054392,60.15472201193212
0,2,-0.11294166610695375,24.88627831085469,88.92456443438309,11.701052698421812,0,1,2,0.14436712856874928,-1.374800397402881,0.3402069660414236,0,65.5485187794169,1,0,3.943011078167638,17.771846515615792,1,52.74543542531424,5.943916161957919,0,1.482893841137393,-0.2049661558059032,0,12.483060334491675,39.0242116609665,6.899963088396511,13.040927215418098,25.224313992260065
1,1,-1.3658192620037388,49.65861116565944,71.586619099653,2.1607761667079344,1,1,1,0.7972539985337213,-0.5577977083416211,0.6271638138131814,0,38.79003087442758,1,0,4.554559923156255,6.977727013003427,1,76.82311239136604,3.040968112892713,1,0.7240776917378232,0.5171132634179664,0,39.69585130302215,22.48734523291735,-1.552767540527654,8.151401006336599,63.85699632372713
0,2,0.20731572907351895,68.48532690298086,55.78092493286903,1.0463721070079037,1,1,0,0.9760126441837771,-1.037127278109006,0.4902325322650162,0,30.821641917517717,0,1,-9.553564991194971,6.323093013509066,0,78.73494313086886,2.3024193199706713,1,0.01556392272227335,-1.26708907734833,0,59.770316454600504,11.201827757590266,0.021054904109330863,36.2420928011081,65.91109517257573
1,2,0.8492694407023142,67.50259888853964,25.483153951776927,2.159693487124775,1,1,0,0.9302112336282946,0.007699371700712267,0.5773843272036696,0,26.767639320131185,2,0,-4.771470135680103,12.57326400405467,0,77.05359807951578,1.9210181868660525,2,-0.6331172846770566,0.23177228909137926,3,67.64362866133825,11.696749641902471,-3.465767876129364,20.47391640728818,36.623313638305476
0,1,-0.2393999285667916,22.616990066906613,94.7053772050317,3.5071123809231866,0,1,2,0.17782587378825399,0.2570303015467544,0.5978286560722186,0,76.1483310682959,0,0,6.9468166216379075,4.228157966019401,1,1.9353089100909937,8.326591490905932,0,-0.14474615232362062,-0.7369751425713644,0,4.555316441006246,17.771472284864206,8.121474104241578,21.883332448403063,58.29451659384456
1,1,0.18622961472402955,35.9138799731944,48.31660349979655,1.5646263931905466,0,0,1,0.22674383521692199,2.367829713462466,0.672751831080731,1,32.06597874818759,3,1,2.200312764752363,5.232336044908557,0,1.633669147534631,1.9887709408723737,1,-1.0827552888241185,-0.5577687531829681,3,63.17698610142841,13.17344331840654,-7.555007669804484,24.354025065222025,20.044375120984917
0,1,-2.3787869756231803,55.89585266599809,57.174087537876396,1.2308089051811602,1,0,0,0.8381876462918787,-1.561810733851279,0.3345459028418293,1,28.273184407516002,2,0,1.6539283815455814,2.726288556414686,1,47.68426022410189,2.319430851214093,0,1.2728020266716171,0.20703908806103893,1,52.64854944289561,12.348411193409955,-1.760524166172262,26.712962108001058,66.41248431635246
1,0,0.5504066525674357,62.88504753983814,5.4547983438432475,2.0600086891904943,1,0,0,0.7413034622439763,0.9497279229494534,0.02685009416941564,1,24.208974318771563,1,0,-9.352113633039277,1.7246428954052133,0,54.04004942999606,1.291802145157795,2,-0.6951380150230269,-0.22745075694852934,3,89.16150756799976,6.453335132224258,-6.139059942006956,29.681030674024033,50.36252335410778
1,0,-0.03277022881071713,34.886487294976625,37.92345413902055,1.3609868322954406,0,0,0,0.22267943279981162,0.32259354149789127,0.21902087176947427,1,30.121833823670514,1,1,-8.92755682578979,3.4102107111705973,1,14.04836379069106,1.7415840617951432,1,-0.4176442384309319,0.005161377147270293,2,68.41945102059111,10.953050421585061,-5.947715391707273,21.25283897423193,31.67436128433385
0,2,0.686328937293892,35.38432564078177,84.02344232908877,3.538371987117297,0,1,1,0.2922936694498842,-0.36134014316277774,0.018402131892892026,0,54.29474549999284,1,1,3.6695779001867805,10.105092552085031,0,1.1038567005540312,4.545310503923775,0,-0.2257945288186357,-0.22596755486600337,0,21.655535201388965,19.821930189986897,2.3979832546088176,39.54605130873517,27.560483991430026
1,0,1.4885462318712381,65.86719653776532,32.88991168157841,1.9755607597783156,1,0,0,0.87803212737722,0.5611412805967322,0.7695485340207732,1,15.221574623659775,3,1,-5.187837229807133,2.1070886351281217,0,60.674037247639205,1.8863716946531204,0,-0.3584910017931803,-0.5607422637838423,2,65.34488423769996,15.011641986347248,-4.919182676862146,30.881261472985628,48.111761820557135
1,2,1.2618748227834629,69.08015695833598,87.5641494459806,2.0527657668763246,1,0,0,0.9913548526513238,-0.9423332278494899,0.465898254397628,1,47.378547262046034,2,1,5.427460394525742,19.846960837242886,0,34.75504548041728,3.941514149068808,0,-2.0120662612646436,0.48345187364120024,2,29.066850240104365,10.166183693549012,-5.289376886430088,39.99949742771119,51.17455463681025
0,1,-0.0024880064519444134,42.37322313552234,25.274520167324543,1.7507743492659973,1,1,0,0.43140757967159216,-0.13284786197388132,0.08371530423391638,0,23.59383446626351,0,1,3.803407880733669,1.719486109702162,0,30.4532353557332,1.7925939507339628,0,-0.4826758734054879,0.4645390878775145,2,70.67775358371496,12.237671943801402,1.8985846568408036,8.412820376683598,26.743845862392646
0,0,0.33563513882841667,39.481280211371455,68.50276440496475,2.412384541129853,0,0,1,0.2418402166999764,-1.6197138820061534,0.4548808563188297,0,31.844879128922983,0,0,-5.069756978265048,1.5302996779509734,0,50.631734685403046,2.6338116642987597,1,-0.07925187579674925,0.15222765673247843,1,43.80506499506887,12.613693663254683,-0.004818540374738944,29.957903264521647,47.276235888032176
1,1,0.7183311951981598,45.344062123699175,39.578188029956316,2.1621048477203195,0,0,0,0.32854255935565935,0.8341841193054315,0.3076913276448612,0,27.639645089853254,1,0,-7.543162812563872,8.86101129818085,0,46.30011153999309,1.882415277845264,2,-0.8814584043618232,-0.017559713074190537,1,64.72618969303184,8.338838771753299,-4.198040962180512,18.686754045519308,22.12423030816919
1,2,-0.4389453469373743,67.5166847584515,13.426707875173694,1.5229695937952132,1,0,0,0.9806736370317518,0.8080725180979862,0.2901141250147298,1,24.389665619782225,3,1,1.3647157502960354,5.448934471732144,0,37.583992275649706,1.24249393366635,0,0.5929890170160806,-0.1478344605259709,3,84.45890470306881,9.824460954201502,-7.384056020126191,26.44494100027593,57.56072320317043
1,0,0.5675316246645097,55.76789576439148,9.839932384372307,1.645043621871802,1,0,0,0.6732586627246808,0.315980698836556,0.5032997342104677,1,27.487885627866472,2,1,9.842688038989799,1.8673147253203604,0,54.987852171659775,0.9869368044106891,2,-0.4865206862717263,0.5754977201106668,2,89.92995459699269,8.215094531795032,-7.31070317453139,5.834547436262778,45.74336394842403
1,1,1.5953318050075405,38.94807480413764,61.00022231309082,1.230691627787844,0,0,1,0.24590134836257377,-0.16597315344894767,0.9600593510823039,1,18.730906074693795,3,1,-8.31376054743318,3.1253044911590955,0,12.502560994746226,2.887344206154241,2,-1.8912148711098715,-0.03823023811983204,2,55.25858153834072,14.735766250004524,-3.600495876192941,15.291625852662893,26.924727495027753
1,1,-1.1576793443505267,64.7108953572927,26.709304122947774,2.1048354425263436,1,0,0,0.9742368262031728,1.1431417614731527,0.47456663126867493,0,23.716345588819827,0,0,3.837798905690203,2.7925653525233383,1,49.59233027577107,1.5658067202536656,1,0.35844705723343623,-2.7217207696781536,3,72.45157506311838,19.789269119556902,-4.212213553682361,26.01589749540629,69.95303586792349
0,0,2.54859466026561,60.7983989662288,48.7678469871563,2.5036000938126977,1,0,0,0.531972893018003,-1.3442538614453434,0.9358299478035859,1,34.738583858515746,0,1,9.973916226727134,0.9266595491335844,0,79.97024753150163,1.8380764046353542,0,-1.995233161670505,1.5582168354014165,1,69.8594556068068,9.928955319970544,-3.5248960081416048,18.594119707333498,32.65267128113797
1,2,1.1748666004809836,42.758174612346025,53.729499953583435,2.6060025504907736,0,0,1,0.2951161164793077,0.6335615092940406,0.5703567620925388,1,31.18441257013761,2,1,-3.996089998436137,5.225555239516598,0,0.5883703632845005,2.2788720751132896,1,-0.47494028330716165,-0.15521111143180824,3,56.891689963554626,8.198177005519307,-5.335888892567429,25.07775137538024,27.516623154381772
1,0,-0.0711390277547903,36.133598131823135,52.328921558570066,4.298837401537474,0,1,1,0.25702237469921485,0.010151054259307062,0.4038979898069003,1,29.722873461280763,3,0,3.6038719572397238,2.2797934340261827,1,58.53318788208576,2.5120052574825733,1,0.4897370728378658,0.135396579704517,2,53.900856261968045,29.30936922429453,-2.871077078847186,20.657884375883388,32.87530750329823
0,0,-0.2006936471415931,47.6942788959315,43.21719124402884,1.504741088123695,1,1,0,0.4518186753102535,-0.05033154583289603,0.6045632197300899,0,23.073461603216536,0,0,-6.37254253309493,2.0775224849800296,0,16.47576092654952,2.2078490757184794,1,-0.06285873852699321,-1.5346369733865508,0,53.69642565509274,9.97734507572,1.9486149232594325,23.907641182445943,68.35049379443674
0,2,-0.29768468860226194,29.92504946501763,87.46885507321709,11.130834819263152,0,1,1,0.22887498117189303,-0.08358268238307359,0.6408505828217341,0,78.20922740446152,0,0,-1.7271710846410606,4.5150781804560225,1,53.96791262812444,10.30827572453032,0,1.267283415989093,-0.5808014720119992,0,5.255438486416048,37.106839113333514,9.397662964947386,12.757574460821868,28.277411529048706
1,0,-0.44917753284037687,65.30671227667631,3.361390454028901,2.6175860573286673,1,0,0,0.9305475944899495,0.7682968003597733,0.3777384347053474,1,30.23409999269586,0,1,-8.582768229130844,4.992076990169375,0,27.101688754342412,1.0070488935012574,2,0.3990557961974279,-0.6625327636972927,3,92.108694726755,19.97859902384249,-5.8877362497497066,3.3298105666778066,64.57395828033583
0,1,-0.4269364251619977,20.53756199400935,92.09342853439816,13.059612497934731,0,1,2,0.13196802851069495,2.3900258755363484,0.5053546014807537,0,69.88658510551753,3,1,5.7261449660443375,1.8719748386656911,1,12.68206271721079,7.421262561265726,0,1.7920777300985749,-0.03158837152907678,1,11.388852296339131,39.552679542572456,3.220349653101678,36.72145000053787,25.8743723235695
1,0,-0.07643427734984476,26.614851121189357,67.99364128442699,2.550686265481912,0,0,2,0.15611805921445004,2.456420602390528,0.9944018770640937,0,26.864418943047554,2,0,-9.60220637801744,1.1043459025661382,1,24.915198633908027,2.681713042098358,0,0.09993404184422634,0.355485598487822,1,45.30527718582677,17.045722731527707,-3.111010085725219,5.389146971317615,26.781375908310345
1,1,1.8672603877110543,52.99088793146616,51.47632253075645,2.0854465949255894,1,0,0,0.5140444921261361,0.1281896834894147,0.7446731834623391,1,21.28884580113092,0,0,2.388443895730731,5.895078362707154,0,53.681223615074636,2.078619386127765,1,-1.066203886666489,0.9381338792428174,2,64.57310878090887,11.880316909226213,-4.103087057592113,13.776507603433634,28.291765161698244
0,1,-0.8574503181776364,29.023238667056873,92.58629299752606,15.41343345349395,0,1,2,0.1778069211222177,-0.13632961702482335,0.23964181431354975,0,79.99949006445311,0,0,2.9024669529016673,5.492966177462305,0,61.189950358589215,29.170032355349978,0,2.0026188875827056,0.3847960966221033,0,0.05937296233493594,39.90044752849543,9.999836567204724,11.7312571346096,42.3649657295808
0,1,-0.25637023779509066,29.79070009041567,54.55867241643369,1.8475329249955839,0,1,1,0.254614481935023,0.18187493423017634,0.4997012401809399,1,24.942395831626783,0,0,-4.661861380374406,4.429291380086406,1,32.03090950043742,2.4608831235462736,2,0.03249280085849518,-0.716801070085679,2,52.338739537404734,8.387767050076684,-0.3903393756882778,32.56671002560981,27.842795601975173
1,2,0.0212858351318015,54.87290843015541,53.40035027674405,1.882601788599826,1,1,0,0.6814594011289968,0.5695812720060061,0.5004705820253651,1,27.998551597714354,3,0,-6.048272017213897,6.1527763548247165,1,73.23779250498261,2.541288256388788,1,-0.779032869263966,-1.6372466129945005,1,53.30092953823519,12.106676719805506,-4.26421157579107,12.749768732714678,31.15222923331047
0,0,0.9182624020977247,42.862427118458555,98.73796815595698,8.07260190226437,0,0,2,0.2138330210355578,0.5221223454354305,0.9999889565274992,1,74.31193836487657,2,0,3.0374051109753974,1.6794261142623395,0,40.03948757071858,5.069161877176262,1,-0.08127781701007958,-0.1882392898200204,2,12.434025115249675,35.100722453391796,-0.03131685252338556,37.60590764647323,43.40811774129169
1,1,-0.43182869881695035,68.94534791813899,1.9323702506624407,2.430373130143118,1,0,0,0.9958761703439631,0.6794786452739257,0.23129523560446336,1,21.593496942485135,2,1,-6.569173469224885,2.1014337552340137,0,73.10439817950765,0.888367763204753,1,1.0079641165517912,0.4653120209926623,3,95.84526037694235,19.94446599886337,-7.60241357613857,18.993423216286512,47.31315293641745
0,0,-1.0775614307296877,30.366015329797847,96.9326424042853,9.459976489556743,0,1,2,0.13531406657360795,-0.11926875071451412,0.9999807953436897,0,63.76785804586805,2,0,-9.914005655407246,3.0861186086401284,1,49.39889618009127,5.625457161549761,0,1.803965256550581,-0.5612564714152738,0,13.75366995351921,39.26093237991344,2.6471036664572765,8.863602159152675,45.41869779913094
0,1,-0.4106072864241247,48.27879447084197,17.842165631781555,2.169779081295452,1,0,0,0.47042014169031504,-0.7388467485641249,0.6880416589338416,1,22.468378515938177,1,1,9.013437411905329,3.6513124977746334,0,62.563531710238735,1.297666320747774,1,0.15244687592593678,3.6125301399374647,1,85.87010234477783,14.667677998834254,-2.9676446125469553,5.405410290786447,35.13153477455296
0,1,-0.22893830626971698,32.98940353071469,70.47132106030199,2.5381110972203214,0,1,1,0.2473297385122601,0.9589495177905046,0.5156058228631446,0,58.60437947132391,0,0,-3.343130160031663,3.2449545113657643,1,38.436361232918124,5.8317947522929146,1,1.2504242033944601,0.6209349327546972,0,19.456644114337678,16.740717073610938,6.371195358136706,23.185920920700255,31.567124021569548
0,0,-1.0631729486012498,39.88955207599311,68.28788740687405,1.3253189358950956,1,1,1,0.46936738550435897,0.26277864108627763,0.6086628939554626,0,38.330284636268374,1,1,-7.912221775013515,1.0189108220450507,1,73.30404711809575,2.8784429521975823,0,-0.38110619048136146,-0.33000561327202843,0,40.903808693793856,8.452613364431006,1.1350255100774742,25.14976238087986,63.900234642874075
0,0,-1.0444215540286905,21.40947256146123,83.4880960683692,5.220390236297297,0,0,2,0.13863845303866507,0.4885637443882642,0.8727615298954159,1,36.48309471266101,2,1,3.3024342622731346,1.9609079264502443,1,8.956124977891054,2.980839489562799,0,1.226171748517256,1.0376606694443855,2,36.77607566662484,35.99482881153324,-2.94731374023881,16.60177281624857,42.36104478643209
0,0,0.22353186398801567,47.33674039930458,25.511168781795,1.9248361352362824,1,1,0,0.5032705381097998,0.8993515911916201,0.5442234094719939,0,20.434841017545693,1,0,4.769997798608523,1.0616387770496893,0,55.782704659866205,1.7346931456077974,0,-0.003931837038861698,0.4403143354805813,0,69.10151705995953,10.979237620438544,1.9493485394623846,4.061136280156679,59.63795200667125
0,0,-0.6018297604610157,20.38672295989337,81.14835156701274,11.162735052399412,0,1,2,0.14465836915962726,0.041086115039819016,0.44815128139593224,0,73.34850737899413,1,0,1.922332088367904,1.0137570495728583,1,16.550670417443598,6.689823874834495,0,1.7252095252241655,-1.0227815143070733,0,11.26004998481182,39.26036120605719,8.181900477843818,23.233717235809458,26.45281943498732
1,0,0.8107417305951479,66.7403021940248,10.699294209210125,2.590288916763164,1,1,0,0.93327193180829,-0.9517293894369199,0.5235104232515833,0,19.776477971519263,1,0,4.638587545472529,1.1102782927949035,0,78.42954474160365,1.7008026821390145,0,-0.37354200185150016,0.1051785873709905,2,80.38971170838293,9.06794181697122,-1.5166763673623453,10.241497028818172,24.880712871076078
1,1,0.4276160794778702,56.60784695637575,2.922612472605418,2.818340258351266,1,0,0,0.6750045684670981,0.8013106701622634,0.4465819670477116,1,21.818833164233055,4,0,4.774337249491348,1.8636424596992707,1,57.64059230487228,0.9999556553247237,2,-0.00353664670184089,1.3344569280522274,3,93.67335234582008,16.17701378075306,-8.409216517240997,9.22237119874979,20.012026157382095
1,0,0.44505471400474295,26.448777030951206,34.88489418873392,1.283377814121332,0,1,1,0.15015732244966024,-0.6404381982686421,0.2526205516143054,0,32.859523848203764,0,1,6.413462696224769,3.183342108549389,1,33.049579752289404,2.1305086998402523,0,-1.1156468073565438,0.14301359509187525,2,60.776555017633335,11.802208998036708,-3.989131364886928,9.977655436238546,25.435576362858008
1,1,-0.1746221122808647,48.54433348141539,20.506721953107355,1.7387182980514455,1,0,0,0.6082442666765153,0.5284467538876871,0.6697640609474829,1,34.811674792384785,0,1,-6.513112018841661,1.6929172884057915,1,72.9742958438067,1.3821664595638785,1,-1.3151934593200099,0.30418592279822043,1,78.29647479650494,11.75898880846098,-5.250286854125218,6.789025098145949,32.61011158776881
0,0,0.17750357364698915,41.61926353544088,54.8205469920619,1.6225372543084462,1,0,1,0.4060295823114338,-1.2758772886510445,0.6401868721078341,0,23.73727101736077,1,1,6.326441641923488,1.545173232589598,0,66.66750224126547,2.321756526507508,0,-0.5047086301767382,-0.10776912709403216,0,57.95997328576665,12.171629798725586,-0.44812141858139043,14.95397103735266,45.56776633605851
1,1,1.406087446579148,60.15326547921562,45.79435504562398,1.9403484331121184,1,1,0,0.6814456107138065,0.8401645202793175,0.47149445468849943,0,35.94809941941552,0,1,2.7429907270382046,2.578824177000396,0,41.94712618723163,3.24207698509176,2,-1.3044857116808584,-1.7970188435955505,1,41.88847194261789,4.969682944801388,1.5446680566386632,17.427476452764633,27.272317726064777
0,0,0.2504648527431928,36.691309547511466,54.82286920210281,1.8008830863556045,0,1,1,0.2990229431600381,-1.4819343701927965,0.27348428960366167,0,25.272732585326526,1,1,1.1468873820578516,1.8471448843322795,0,21.955381780503025,2.2775125077198988,2,0.9702465220802969,-0.43061097136959176,0,50.898591968609416,9.351062534844022,-1.3000164634818372,18.243870896522342,49.15973971478696
1,1,0.524498505452083,61.5815644993959,34.888569659513834,2.522620844208473,1,0,0,0.7685791613118261,0.7963255444934916,0.5198331504567392,1,26.308643092947968,2,0,4.314471015528001,1.5961702686031718,0,43.844484902645775,2.310306184035993,0,-0.41752986195532965,-0.2510654611230035,2,68.38252361892798,11.443184729334334,-4.980739417451929,37.662156183664166,43.79244924493572
1,0,-0.187309376507228,26.94583200349329,56.84548319472703,2.2201337902732248,0,1,1,0.15555374888417872,0.5192291047282405,0.7327004869890578,0,34.87842827545127,1,0,6.990644949269811,1.8440805841791135,1,1.0623061334157136,2.242516921971244,2,-0.00813567420699534,-0.4404090152988239,3,52.43137201910032,14.664005759965317,-3.73175819864096,26.523602873268963,32.66235478621122
1,1,-2.1202551571728923,69.21344657319028,60.90909722978458,2.6957669256036714,1,0,0,0.9992816725291662,0.0907001239485438,0.274337145535497,1,19.616691553137354,1,0,-0.7814457637047809,3.4875183556146934,1,59.746818020869114,2.2157415172951094,0,1.500276196015909,1.8212888458168544,3,55.90032747075345,27.734246675952022,-5.768819113010746,39.99282385548568,69.79568945265541
0,0,1.3565050705722066,25.190693438243454,58.11870769467499,4.630957994664998,0,1,2,0.15271012319069993,0.37679183968983126,0.4094553487157666,0,31.982040129044282,1,0,7.379776437479183,2.123441038427581,1,42.07542263818492,2.9095021122617633,1,-0.764137599728482,1.7095036436524695,1,41.29479631743017,25.989758908285484,3.0683153190734593,11.267709362349404,21.417010398213073
1,1,0.9646299709647327,59.792497500880685,32.88375497858536,1.5644763751507522,1,0,0,0.7558036124070757,0.6831996018342922,0.6944421297060207,1,21.994578938412413,2,1,-4.253236050598437,4.318707592608424,0,23.37791342645928,1.5885276456000748,0,-1.0809170431436281,0.3065044655790388,2,70.35065555507086,4.713670137073549,-3.6238448376655974,11.701943157204848,48.10934052332091
1,2,-0.2840413380172364,51.541860896159704,21.74352270631695,2.0230567727150577,1,0,0,0.73083461797504,2.1150200143020075,0.5758949858131411,1,18.460400731050328,3,0,-1.5668310468814362,3.103980952233552,1,20.247050351944882,1.24080529804755,0,0.20255651382861273,1.2172879666749783,3,84.37902328481479,14.800398334588722,-7.9864242680352495,22.68157665605966,42.34018204788782
0,1,0.5521934532547038,53.02623099925526,88.62288536306198,7.764182198632744,1,1,1,0.5310553251243112,-0.5354742789603142,0.8975417424562572,0,67.50583982159628,0,0,-0.6417206461063039,3.3886503203558154,0,43.87694034690494,6.424188552511201,0,0.5976600840787732,0.03012950118671921,0,13.219062131027037,35.294249966230716,5.6103795826401885,36.098782728404075,23.773884197441923
0,0,-0.4683472497927981,30.89161697731985,71.44931588310578,3.597316819515287,0,1,1,0.24989278344246824,-0.6903938682092223,0.5735805595892443,0,57.69364996722251,1,0,-7.4491983950543785,4.461733498958122,1,60.53039850876993,4.391101176307636,0,0.5469354967828487,-0.2340382203808195,0,25.63097062896982,28.500209258698746,6.700077331156866,8.740553481999951,45.99748274196293
1,2,1.252080332240309,68.95807761369753,54.892770380631916,1.7561064261319057,1,0,0,0.9702810934302747,-1.2276103635520308,0.7436429693934887,1,21.512199401934136,3,1,7.852603671669588,5.566281833952183,0,52.59215799504253,2.506628078869868,1,-1.6859484305884282,0.13979292312823685,3,67.94381037937495,19.45854682883289,-5.364948512650542,38.37103012035971,47.07621952624297
0,2,-0.007961316387183443,39.082895937473396,51.02768460551751,1.8385804984253609,0,1,1,0.27109570243553555,-0.6429389020308192,0.2199392778099329,0,24.630868523342293,0,0,0.9493758288605889,2.643870098718707,0,23.513987410280663,2.668861089223619,1,-0.24579847002847005,-0.4944071075633374,0,53.85883710053393,10.470627640004189,3.8818153271573372,16.01670672241424,27.634837562965757
1,2,0.10076277650729547,50.30824505642708,14.679564331026379,2.343164483060804,1,1,0,0.6027827322088191,1.0020701309670343,0.3655601329893739,1,20.4381781848365,2,0,-5.860498955613353,6.6804333699182425,1,8.010029888713701,1.396089185016817,1,-0.1992392522222923,-0.29001013657116737,3,79.88713801093411,19.578897767469247,-6.027700365953349,10.025137048516829,33.285042652170205
1,1,3.264345150488468,61.93691207721738,29.0338600011812,1.9383743638189508,1,1,0,0.6367056020307645,-0.24603139981620356,0.7334773590426242,1,30.373747888376343,1,1,-2.0185131278519863,3.2224420759184422,0,55.9691140299612,1.6520227793647688,2,-2.5460800359949984,-0.2632939818786448,1,69.80202869592831,23.289327185738287,-2.439755604468454,8.679607025180935,30.336361098106334
0,0,0.11901911055748868,19.73555951860262,77.31244344251967,3.032336204148985,0,1,2,0.14739647686889523,0.7602921444824681,0.5280796552506055,0,69.48922626087244,0,1,2.6730868317986065,1.7694925701828939,1,4.803551267178543,5.867693797525012,0,0.5278324573063508,-0.1719012979124612,0,15.015903163997923,17.420072474504288,7.536044572683117,10.327879738744844,23.706366531985687
1,1,0.28700708333419717,51.88476327279711,24.55571912358977,1.7956665979154691,1,0,0,0.5654206199146066,-0.21894351897207734,0.043271483650551334,1,26.543008928297045,4,1,-7.577338926730163,5.9806097631205875,0,50.231562388790046,1.8725011109731127,0,-0.16781468717574013,-0.41866446696370513,3,72.69628043837095,13.938529500411686,-3.4841542772899334,8.62214868574869,31.287389875216753
0,0,-1.9748633781009428,20.86808853704195,79.95387540025567,3.70819458287875,0,1,2,0.1011077710046922,-1.2335094802370887,0.5763478072178491,0,51.21564373442908,0,1,-6.413944316843176,5.239143568762834,1,33.62234475197647,4.020623607777671,0,2.1058855744152494,-0.2573702421236122,0,27.703542640474478,34.11002778838663,1.3641708237846508,9.720503201727206,43.76192648439291
0,2,0.8516418728979238,32.59322858024259,63.839517656524116,2.206455519080499,0,1,1,0.21442226032244477,0.46705130418082974,0.3395004076231537,0,44.63789993339644,0,0,3.982097370130946,1.412701780805434,1,21.104980502940425,4.446350939292138,0,-1.0709087095045504,0.4918762619942239,0,29.491128491137736,10.025708331169776,4.590409308986196,25.2869725094159,32.70775666732118
1,1,-0.10134267043551416,47.97617194537962,30.580591866439278,2.590115965055842,1,1,0,0.6667104389543946,0.49690672243985995,0.30901313272001363,1,17.829020509172587,3,0,-1.2051268240277633,4.460993794591094,1,27.991008338903647,1.9942565970955948,2,-0.4581569284574418,-0.48612786633271876,2,68.43156181463993,13.978407150343465,-1.8870086687834977,21.040025594255212,65.27839516367797
1,1,-1.4938932573733152,54.877159131264186,45.24453880617653,2.0114599508200928,1,1,0,0.8023424213112588,-1.1524565635210657,0.40718459444551514,0,23.618369093828356,2,1,-2.7944372483499045,4.968606541709613,1,44.09933552601962,2.2847243644212987,0,1.3663940964190329,-0.27319658143328335,2,54.432290546311826,19.969973234966815,-3.3046609102693996,26.35581214342407,61.983019885298
1,2,-1.1029721811318476,63.60962766969706,34.97987178546501,2.5583419414186066,1,0,0,0.9389509618994365,0.3048455890539677,0.5438323888266984,1,20.48392704443243,2,0,2.1520424713346813,5.944207041312104,1,42.90527354286987,1.878504164808298,2,0.47522103267039767,-0.5974900712710023,3,75.23165145872778,22.324424988240715,-6.621324487615895,31.323565342533808,45.686273870708206
0,2,0.09812965732796884,29.038768642457708,86.4434527827157,15.591506421793765,0,1,2,0.2661601129725969,-0.3821235019835719,0.17895313699237558,0,79.73704238897926,1,1,-7.040058414101859,5.704664363459087,1,69.40204288371558,14.511412279654552,1,1.376141077000772,-1.3454614939499236,0,2.0353447227476784,39.611062921844855,9.89797225955444,19.276463056136325,26.77633026226003
0,0,-1.7562425538178765,44.35906095437828,46.754896694920824,2.465234800399991,1,0,0,0.6204339543202216,0.1529083044060984,0.5982841795104312,1,19.030814436739846,1,1,-6.971078790349646,3.6809659756900492,1,63.168530497590545,2.099390517809018,0,1.296449292826661,0.6585157159247917,1,60.158102368718566,24.11696263419138,-2.116462432341992,10.205401339160012,55.47866817432499
0,0,0.49546325232422483,25.92947378544624,89.25529953635223,18.77454924385518,0,1,2,0.2087300975917571,-0.5603888212329041,0.4924871365360064,0,77.3252071375102,0,0,-2.246003263297921,2.8302138681702798,0,50.36693822333012,10.00818274256093,0,1.1391928153877562,-0.6653976220435296,0,4.882120982778787,39.81050880573089,8.337394497560854,35.85558412157683,20.893057519075874
0,1,-0.5786055919610875,54.9616285765247,86.1785624170597,2.0943575789934274,1,0,1,0.7468910062907137,-2.1435743891273162,0.7388156329922771,1,32.53774665185875,0,1,8.151383559805367,4.693270800023843,1,41.37046315711834,3.033594607611905,0,-0.9487659654962728,-0.618502738118488,1,35.44504306469109,16.478926333552696,-3.5492807454736655,37.684652934132465,47.85636466166853
1,0,-0.3135047973772293,34.09532499212982,33.93190206524202,2.832156753958294,0,0,0,0.31162808009690157,-0.4749243535314662,0.5321030870372849,1,28.91840642933981,0,0,2.558062336480475,3.0605003610133688,1,22.57037003270929,1.4462047187037816,0,0.06222234081934024,0.6528312996227456,3,76.24148352232572,7.476572041763465,-6.285728521225665,6.479761639737934,43.498581431531626
0,0,-1.333028494890224,32.455884553127106,75.23852814334631,2.1551900491853417,0,0,1,0.23055547511043928,-1.4976064197282803,0.2753979611907925,0,38.29382155900079,2,1,-2.380728219608046,2.1899056774392114,1,23.276911539177952,3.166020980041684,2,0.5766046917580697,-0.5115765700011123,0,40.81192216626013,21.576594388332335,2.063797917488529,29.630914970301067,65.13367157152793
0,1,0.10182029064146608,25.685316628455073,71.76025770934318,10.777974571623048,0,1,2,0.2286122810471018,0.5396241487359359,0.5054027007610846,0,72.07892703929606,2,0,-2.7267511067394974,3.838240884552813,0,52.6175474073187,7.963117849486317,0,1.185918146018934,-0.5651015204478498,0,10.312725930371291,38.60081721946103,8.75316814316529,9.602486099607969,19.121292515465253
0,1,-0.39221769436227966,25.109109676882973,90.09890810030676,5.129584061731509,0,0,2,0.16563198299909154,0.023647589916857992,0.7457147690806247,1,45.83269847475978,2,1,-6.730003351773303,2.4710338177086593,1,12.350218524906591,3.4974123675747286,0,1.1622503017822663,-0.06647156414377345,1,28.808295675501196,34.637000735057406,-0.6446643430226828,35.85635395988743,32.09936283843766
1,0,-0.6094122173756363,44.22729843464715,44.35790696813304,3.376258088349631,1,0,0,0.5160962211526965,-1.7517299012212209,0.5832115289867869,1,19.25511194399605,1,0,2.37190586209379,1.4690077476896624,0,30.87356067937491,2.094667238467475,0,-0.6055637368988263,-0.06377568703607467,2,63.418608330541346,22.290665983587644,-0.5730408255372108,28.892422158984246,38.874929200915396
0,1,0.3345272718737652,56.54739721665424,25.147459389449278,1.7133260102566397,1,1,0,0.711052239739173,-1.3406248125558358,0.32508653901221124,0,22.637545680403118,0,1,8.718732754543463,2.763267093423505,0,79.49859475232111,1.9782793835662194,2,-0.5548210561102287,-0.23497856056795363,0,62.098450944190255,10.057296569630703,1.3029603923446604,7.637112587684609,34.68928053912282
0,2,-0.22683545246699133,40.32311168421003,51.99220837270428,2.4897493695605375,0,1,1,0.28432180823470143,0.24815705001957905,0.215768817300599,0,42.58226057878468,0,1,-9.474327591082295,5.801918854415853,1,19.311025995755987,3.2726322900091427,0,0.024598454111648373,-0.6936957593640987,1,39.984775948163,17.980344203677802,3.2983402202233254,17.623541200253122,43.89678897939837
1,2,-0.6444237524563742,34.584963853893,97.38336989424519,13.616086003921291,0,1,2,0.25410383525793145,0.3323143660913008,0.8250610378503325,0,73.31154484544953,1,0,-3.269848068013782,7.3576576488241665,1,23.448154654708667,7.245362299756859,0,2.238873061063167,-0.0014088099480190552,1,7.715524551537866,39.22441793839578,2.5358385893978266,39.58361645221258,27.164660874992947
0,0,-0.7848288802771686,31.07476448655698,73.77429555711802,5.718091541927049,0,1,2,0.13842015733090213,-0.1631059522013672,0.8301838915666038,0,57.75074628333187,0,0,4.15512828260721,2.7886353789502722,1,73.02415253375824,5.709533240436747,1,-0.49532125479239997,-2.221396717796946,0,20.220590684130173,32.588615269540625,6.000908699041563,5.179062179207432,40.24064245734094
0,1,-0.20531228192396242,32.274698340094716,77.65191808830181,4.940496383841446,0,1,1,0.3242517348322955,-0.5299969128278211,0.43239838737298625,0,43.59546940146859,2,1,0.30434418917096906,4.181185465838341,1,58.0056325245847,4.1764774588606945,0,0.2791011296295242,-0.8718045013019913,1,29.441257810796706,29.410370093159454,3.4346976208957116,15.684908549291992,24.911730764134496
0,0,0.772738491484166,34.520606845883684,45.8048804931067,4.70259360931012,0,1,0,0.28730723065693453,-0.21750341002870652,0.13881540991306907,1,22.618387895122673,3,1,4.456791401499132,2.0646148856372015,0,66.81361948216365,2.247980205172184,0,-0.6061957093659708,-1.0087173433165846,2,57.702202959157844,26.889938016627074,-1.858851496463794,24.4527354242543,23.240917126177013
0,0,0.8182045081513586,36.39099742540432,81.02495618409546,6.889012905710649,0,1,1,0.23570414168770232,-0.8548690441695694,0.7308400495258821,0,78.10151912173738,0,0,-1.331250202428011,2.608623489136147,0,36.44017412930284,10.742018208744065,1,0.33887295439834203,-0.6140061806641146,0,4.840915001806689,32.28177753056275,9.812367766531224,11.514109546449056,46.24567973741151
1,0,-0.6604672631863617,29.115711304582273,10.286803223102863,1.600371947032114,0,1,0,0.17869967437072287,0.7406917442318641,0.33062123542113986,1,24.790746630851118,2,0,-0.7183372064220173,2.320948764761002,1,32.82634733657047,1.267783143642856,2,0.11707852222944816,-0.0016591028977523915,4,83.47749185592443,9.79584668869049,-7.301991008361581,3.426717254238072,30.643837323209326
0,1,0.22942992813754895,43.768977856911334,80.92788511286851,1.7056715116603662,0,0,1,0.3310916541953724,-1.5191364690277998,0.23593663409968407,0,37.68613788645181,0,0,9.220355094822526,3.814089311543563,0,10.25508483872196,3.130076197718552,1,0.12273114983110504,3.537205125631538,1,39.59706662272879,8.654902393353982,-2.899624191093597,32.008904626277115,63.80668521975211
0,1,0.4837155911118735,30.269993764152943,74.72881305307686,1.5444745866336107,0,0,1,0.16589962831474958,0.5382220654660606,0.7926425160575998,1,23.713174005858463,0,1,7.809222976874462,1.921933919279902,0,0.11257226157738387,2.6948543172324873,1,-0.7888825001064294,1.3018961532436675,0,46.49091345564103,7.136956927931282,-3.4604989683109295,17.177291190665382,50.854540552479726
0,2,0.4593500477552453,34.97912841120516,78.57455423419361,3.995055419526131,0,1,1,0.29295893723503846,-0.4931351978878216,0.4069953324385445,0,61.02140224480061,0,0,2.661641464554032,5.3414189472547315,0,28.46071304590657,5.32211625007905,1,0.21484321349627775,-0.11785042221913028,0,15.049300872293381,25.739923059635522,7.109619245429339,18.676962603960124,24.762464893744653
1,1,-3.7173392673162273,63.173561048314156,28.14887295276114,1.8216787166345316,1,0,0,0.9822006356989816,0.9800084912324044,0.7510812798138815,1,21.738619570059296,3,0,7.643520358173358,2.255532587766073,1,18.881679008113373,1.7547089331408114,0,2.719966603762655,-0.15502489870941583,2,72.97881252082259,31.066885360025207,-5.1268194386556445,23.79251445401367,69.29430644165086
0,0,0.9801045133007494,51.43332964584691,28.624137800681083,2.2906050440092307,1,1,0,0.5391221178784017,-1.9606150306459302,0.2953336440748614,0,22.20194303906816,0,1,3.678569785328893,4.06444715711367,0,36.74841341718956,2.0034539914552605,2,-0.6863143994586192,0.13679697057616777,0,66.36717071119838,14.116166260234952,1.2780858708583622,4.208921936791987,41.71837586890493
0,2,0.51097432500237,57.003540838385,85.77064230883933,1.4102743465701968,1,0,1,0.7474105915857183,0.6873517926634579,0.4380359541000605,1,41.587606477949564,0,1,-1.0451428939896346,5.179654404292414,0,22.720910469179117,3.1477886268994113,0,-1.3664365074528275,-0.5245406184769245,1,31.878079512319996,9.76477238616212,-2.600946245835269,30.52073160253601,54.043374430914646
1,1,-0.8997116349025388,62.957450753116426,12.536809239049019,2.757788876418148,1,0,0,0.9466359809118012,1.9045732421524475,0.3612655384836678,1,28.40370965357847,3,1,-7.414873135483782,5.187084219334125,1,5.241444955367123,1.19390783438695,0,0.8884532960563681,0.2176970718307425,3,82.62468555752969,19.10401742544034,-7.05603267679222,15.434254646917196,41.827119705824344
0,2,0.7581039002972413,40.047460028172885,75.84236406664448,3.328593767117708,0,1,1,0.2799733955193302,0.07560585818886645,0.8463186540178581,0,39.85971806090851,1,1,-3.4727636204649004,2.023018747295087,0,28.936575971878344,3.364870551265196,2,0.13048045005743175,0.5371453477021487,1,36.39258904768411,19.788731292609153,-1.9569431078844737,26.908093009186906,28.870735161379624
1,1,1.5420033443480272,61.57793175441772,15.032407699515593,2.3813685483132967,1,1,0,0.5370157889690116,2.635344914142722,0.5435175964259653,0,19.986919891097887,4,1,-6.290188739393335,2.8485585294755587,0,31.510400096991702,1.4188368068853565,0,-0.7733764748002239,0.37249419580409915,2,79.635558408708,8.175649128602142,-4.710796563739503,17.68344335794245,44.12707004717045
0,0,1.1082468731837587,20.632593365782476,78.73224877080006,8.135862092701418,0,1,2,0.12149983712947521,0.8828988349051692,0.5293309749881173,0,77.9573385224184,0,1,-7.493546123948263,0.6741657323259468,0,58.99219187145479,9.273231862754214,0,0.642454104623407,0.13776032961511034,0,3.6713402233507333,34.116877493569895,9.954608321446496,5.243566269760094,36.50488910963073
0,0,-1.240958998915938,22.41615568768484,95.54063274198042,11.662928151600337,0,1,2,0.12780873824877464,-0.04351892192384868,0.6542878241997393,0,79.31160157863158,0,0,2.8156232327032704,2.486894373669675,1,10.0619100244683,14.484344330711108,0,1.7820774728629658,-1.0423155584067543,0,1.774555164906405,39.73887272198266,9.479285463948965,34.31086843231544,46.365334965369534
0,0,-0.21935938927660809,27.0899193379148,43.049370871691096,2.0789909395428174,0,1,1,0.23248147148258075,0.3096630881519484,0.4865692557781635,0,27.502773179931292,0,0,7.932760899017989,2.0795003694878544,1,77.46370428468654,2.9118255755701212,0,-0.346143921504439,-1.3271420944976389,0,43.66354310412229,12.761417398606838,4.225727401177153,1.2569260640014668,53.68069341786881
1,0,-0.7502647947453127,66.92897096660337,38.27374461677547,2.081265612486579,1,0,0,0.9577860041814684,0.22511101761898164,0.6584528182604521,1,26.436416860913923,3,0,-2.980523217748261,9.570146378051106,0,79.6078307184016,1.8470515483526166,1,0.4521661435202166,0.07029468097418286,2,43.815451743146475,18.939669749121443,-5.565174045265858,24.581765359897958,45.531061713282
1,1,0.22314153550803162,63.9692888012697,85.38979470074175,2.129865722316021,1,0,0,0.8477515265970308,-0.4368142766322158,0.9996787841278412,1,44.56439298735205,2,1,0.4476433123812207,2.3840874891113404,0,24.198130871698616,3.7588888034088264,0,-0.6662268136868843,0.9810212838753076,2,31.399858306895744,12.953799282462924,-3.3524718572085197,33.07808608056943,67.96071671875043
1,0,0.622827358250672,47.86086204901582,3.0488341650749593,2.0288237501545447,1,1,0,0.5171247629871217,0.9342257465099651,0.30773841543156766,0,24.829454783648877,0,0,5.897644763430778,0.6097722180972545,0,45.510934407021736,1.219474721961318,1,0.3735301961927049,-0.307875889067741,2,90.84995005159158,7.767893446946115,-4.99787568214587,3.8595132510682784,29.50138513716052
0,0,-0.3876944925834573,22.03959432332509,79.32063413302419,10.59118747383721,0,1,2,0.17655189052507597,-0.5544389784179613,0.12450406778893769,0,74.36729919483219,0,0,-7.039995619710213,1.783502337717099,0,32.759554478686226,8.816605488891529,0,1.1478385644825615,-1.343986175635815,0,7.022577178452122,38.943282212764665,9.638085445182089,20.968775920499002,20.439610273602515
1,1,0.2110184987217011,38.75556147348449,45.36084671329175,1.58376374869708,0,1,1,0.2848553629405618,1.5419973113579843,0.29931536641830725,0,22.339740414876058,2,1,8.917058439690681,3.7075120464577433,1,14.216385721396495,2.301673852709045,0,-0.6541523919125524,0.09151129222155333,2,55.70774143270155,10.640926395927561,-1.1946895318091002,23.624305846730998,38.65851951653585
1,0,-0.0019527865535062248,58.653635826326315,26.970179947689687,1.7914642072835014,1,1,0,0.8142688135451155,-0.30234100141968495,0.6841624961036548,0,32.3296962385779,3,1,-4.269628290268955,4.218106199298755,0,75.76889557338218,1.9529620329667265,1,-0.4633841384520639,-0.4967808507675481,3,66.70710248188055,8.616446808850407,-3.365518339254506,17.09373924399326,24.100932922190395
1,2,-1.1755666230801398,68.66563567412152,7.589904342905696,1.5231561955205886,1,0,0,0.9916906519770033,0.2530959314733248,0.585377636914986,1,23.633480039872417,2,1,-3.737705441258102,6.570785840639579,1,2.873642907045868,1.3018895249029463,1,0.5049794704511901,0.7612217776295378,3,87.37948223374214,11.926745067232861,-5.961349126578927,17.84063041840846,45.415755907457566
0,1,1.3425100837476422,44.00687442364281,70.6512847555706,3.3669789953192275,0,1,1,0.2690879712460658,-1.200237039062391,0.6642155118502968,0,46.38687795112419,1,0,-3.903815669928652,5.764667368467156,0,63.450054069049884,3.0826467058629996,0,-0.818199866967509,-0.8040200837932555,1,39.11422718129537,14.424587867645542,1.4497894987455346,14.759611482066095,20.45544798717375
1,2,1.2326980276979647,66.96366783804342,24.978310869032644,1.6252168137160803,1,0,0,0.8856675833834617,-0.5771264492724141,0.3912028133505348,1,21.779485664437868,3,1,3.8257562802914613,2.799713001518727,0,22.614124630367986,1.5132501861253547,1,-0.4822125206358132,0.7894975112969982,2,78.14107139593844,13.074014101525083,-5.40193982840242,34.423300828003946,61.48413141654029
1,1,-1.0336235336224378,48.48630053396759,30.015653673761065,1.9522636647061238,1,0,0,0.666708330606415,-1.513209357028443,0.20489686326111195,1,20.169099553311447,3,1,-5.309982189646407,1.7994295801063351,1,61.22276044770458,1.6928830211418564,2,0.3422831606226717,-2.2872537762579097,1,73.29738195626038,21.961158219002336,-5.241371743261064,27.406895460583087,56.4224678195708
1,0,-1.1222647896200222,51.00052587822583,43.226939480398,1.7946794724734243,1,0,0,0.6782042753945801,0.8659906843540112,0.976834197572584,1,21.62403508905244,2,0,7.783631082953445,1.1408572304936635,1,70.81808967876603,1.8218755267218887,2,-0.03903663299684292,0.5617919419465931,2,67.44236629844835,16.593764301372914,-5.756533231587198,10.811837458296836,53.954342695701705
0,0,1.3250564594987,23.237523943774082,79.99336642884703,8.143748185546617,0,1,2,0.11124174653088403,-0.2768187429761016,0.38722217764214134,0,78.62952943644372,0,0,-1.8734933304152879,0.7930223887064322,0,28.95125068181743,11.841251488256768,1,0.3328182723618186,-0.9209189777706445,0,3.088875883152081,33.42499619650572,9.898585789973417,16.8436797854972,36.0633567942534
0,0,0.5513587434143953,26.093728638120687,81.63294573630608,6.364701499101806,0,0,2,0.18605729443553398,-3.0681471220871077,0.1706382000792816,1,39.79230251754421,0,1,9.78791433594828,1.9460519530916098,0,33.05592017194618,3.0332515659285524,0,0.46602908436254825,1.1119256467747416,1,44.515709314212806,31.282716489235753,-0.49078551519778735,35.298863575972554,31.23511308596435
1,1,1.383232894263778,65.83407793328539,7.620785849985196,1.3621357400426712,1,1,0,0.8345735973892827,3.2776445173530604,0.7638852051977869,1,25.243774369053753,4,1,-4.686829109416354,4.669554944757452,0,51.6898551850184,1.4549457913886383,0,-1.7159915170774211,-0.39269638953647523,4,84.9911994991969,9.945742351319062,-7.024657003721762,12.304479906323479,23.920670414053504
0,1,-1.052953734461153,26.28739961164041,79.53867841756417,5.229403641457572,0,1,2,0.19338094172725545,-1.081744938669107,0.49511841685715924,0,49.06088025436652,1,1,9.84783340880577,3.0443725152285097,1,37.869923636520106,3.8326843577856495,0,2.4031914393613434,0.21408249246410982,0,43.11494736169269,35.90369344304119,2.9704749419278507,25.255947309798707,36.39829967690533
1,2,-0.251253843946445,66.49741818117948,37.823219883970246,1.4004285709038333,1,0,0,0.953226561987218,0.21155256853078472,0.7615235708420012,1,21.042653673810104,1,1,6.90112912801942,14.927320744954068,1,63.09375639148067,1.6507613173164741,2,0.29040168281752454,0.3330904919861296,3,72.1488514273362,11.241174149510629,-6.84111598550773,18.02629995971086,47.37897901559777
1,0,-0.8050558439081733,35.79102026295975,41.74500219452788,2.149089465663617,0,0,0,0.27413582394153485,1.5567053140652218,0.7048124941636459,1,17.848393786580704,1,0,-2.496155663697208,1.1897265131933275,1,53.71070482250783,2.012943746132845,1,0.7244569481924708,0.9336797414277848,4,62.14324569581052,16.840919899538452,-7.414280856899984,30.59649136030734,52.961900661953024
1,0,0.5696032004954662,64.37486471724971,21.792274563244906,2.4037520879892464,1,0,0,0.8537197009391756,-2.116642829907554,0.5054189997398316,1,21.673879401454027,3,0,-7.064691806005313,2.270723830464887,0,51.93296829704866,1.368136640200013,0,-0.7192640262595005,-0.6578383819822696,2,77.24476168541966,11.704286804706786,-3.896640544225553,18.37246392330704,68.0568735103642
0,1,-0.11421908280720125,24.70823446325835,80.77631924646182,6.793181574048855,0,1,2,0.20223828068649835,-0.6565419851688611,0.3659666389575764,0,78.22291328856662,0,0,1.0787292031147349,3.104798221824649,1,56.87723235730947,10.887173819604913,1,0.8724808158420594,0.048206841794154874,0,4.062927958958334,34.2138346000033,9.765376503443825,12.76599998891916,27.57392181384879
1,1,0.6521131388592675,55.272980117166384,18.29681882115851,1.5186877161441512,1,0,0,0.7348430006599735,-1.1467461143182942,0.3210495312850624,1,30.343014155476816,2,1,-1.5113945376213636,2.1460028757087444,1,68.53073984974493,1.3428163121789152,2,-0.6618925040763292,-0.5611059841896661,1,80.22663351767227,4.967822079874907,-3.007156653671526,10.72714411442361,55.16966419576589
0,0,0.37034916064779977,46.777904338246216,52.173516601611055,1.552018623813865,1,0,1,0.42961721161915245,-0.862039509487904,0.7866296429766362,1,24.342819338919107,2,1,-6.938554414810448,2.111403814849699,0,47.61728654863681,2.418611262775571,1,-0.6220454248048137,-0.04333479447276776,0,59.05865239420412,9.594759263731694,-1.3032305811295437,9.598109491653542,47.215501609441745
1,2,0.2391820539896892,67.81082607706747,15.895509702429795,2.0731003679739852,1,1,0,0.9755547126353233,0.699308900808264,0.4815307409373894,0,26.03676652724448,1,0,3.0007859885176114,2.5844794064736507,0,41.43999234108528,1.733264010971698,1,-0.12745976159481395,-0.1124052299848872,3,65.8082812049218,10.668258077854379,-2.8167595528356024,31.16179109543548,63.66331996687834
0,2,0.2129345610591093,47.91750060731501,82.62589722384557,5.226565651121302,1,1,1,0.4847716785173206,-2.57538372584631,0.4313479470200375,0,67.7935275526503,0,0,-2.5259019185526075,6.841124876492641,0,62.12307650905032,5.755098082260497,2,0.806185862064063,-0.6135392490006989,0,13.344051458316903,30.395838086181847,7.113826242453275,36.54437903632906,29.58788403455852
0,2,1.3879823159837776,61.32818817933046,93.19482537303047,1.8863455267929055,1,1,1,0.8348172940029408,-0.8990389678597084,0.3164766601756811,0,71.93692280598992,0,1,9.629048734318857,15.217858818979757,0,63.624304230635715,7.714001860247191,0,-0.6597090123616688,-0.2742961364259017,0,10.554247397295002,9.437684076683075,6.520515078397018,39.29710008287007,51.04613392172701
1,0,-0.8909797955001836,61.406959334780424,14.51526014586162,1.7908793545256496,1,0,0,0.8975541932889934,0.7508738296314739,0.3698517059524105,1,19.845337570518407,1,1,5.851054503390447,0.8574460701560218,1,42.068518530811694,1.436860571260804,2,0.25314058088648644,0.26588132327097713,2,82.36597033511856,12.017719137374725,-4.044114721369869,29.041795759130334,69.34426817083695
1,0,0.4788635003064447,41.77311594120491,20.23822179272508,1.9905201088807056,0,0,0,0.38002573016236574,-0.11806597238900787,0.3560681296210323,1,25.221639775250605,2,1,3.0969013575156765,1.7313337036947467,0,12.323140769879878,1.1594321264668255,0,-0.7880025168169562,2.7464462725711924,2,84.60552375236585,7.780515239464476,-7.138205718269093,13.185607563594584,33.40425536877608
0,2,0.7932326318399244,21.723255588912554,99.54079978397633,54.598150033144236,0,1,2,0.13527705891594638,-2.037979860922136,0.6767010065454461,0,79.9760017276901,0,1,-4.237468549400964,4.229378233251916,0,2.227521639272254,26.788919502239672,0,2.3625534698718886,-0.24774468071393213,1,0.1888543372429774,39.98730197650708,9.817289681086528,39.6058526470236,20.815145597436064
0,2,-0.9085117203156791,66.86462383987129,37.693459275032396,2.2461599682143225,1,1,0,0.9799219895168447,-0.13635981589429075,0.09001081998216381,0,21.856938360674235,1,0,-2.2380664991077284,5.595141656479669,0,42.744632798412034,2.6529136574998042,2,0.29554020504332185,-0.569396177302078,1,54.193574052619,18.07055319053843,2.807934691421167,29.613232279361522,69.9136796479269
1,2,0.9171218644767254,57.810624574076954,81.92241696778402,1.0553895436595089,1,0,1,0.6582470790784389,0.08409336058422004,0.6237333570046549,1,29.088220879578195,2,1,5.550051036957553,6.930347913175987,1,75.79270739718257,2.687481342641248,2,-1.3121670401608505,1.2736470273178386,2,45.0830549612671,7.944900694437602,-7.0632034126224355,39.84400302580882,33.39494467994092
0,1,-1.0144720514919032,38.47920526878036,72.83941993991479,1.6332008066845274,0,0,1,0.32376454522699627,0.7783138911610105,0.5910193631739112,1,26.771139825093073,2,0,-0.3632461597564216,1.775802068041044,1,50.5549162198286,3.0511169146704304,0,0.08089175176184546,-0.11517746093936088,1,42.65203721303851,17.727215859245035,-0.8661162862917351,27.685422332303133,56.882578935844286
0,2,-0.9564234560341911,44.89237304184203,68.72525098918148,1.5779211435470255,1,1,1,0.5062453089559876,-0.30039500485906145,0.5126742119971086,0,43.07216122631722,1,1,-2.21339653731091,5.983335106563784,1,32.509642209332355,3.331801870830776,0,1.0895645064223156,3.4288137599876483,1,42.02710914387568,13.765804414094996,0.498947561719854,20.874223378195417,55.15872440069902
0,0,-0.0023935411864384206,27.015753937718067,65.39550888685682,11.602252115291062,0,1,1,0.17953698367489557,1.1551237809134656,0.20418960142099768,0,74.82416512447296,0,0,1.20601241438683,2.831679345444911,1,76.15031793297875,7.631640997850941,0,0.9998735839437414,0.5120216781633505,0,8.389775548710826,38.66553375167132,9.37739503540272,9.631110802884136,25.437793278741484
0,2,0.5700124485186951,62.685802319268866,60.86940574656201,1.9850140098927282,1,1,0,0.8416972574541952,0.3622966530807189,0.7544324316443789,0,33.68362248764563,1,0,-8.906299046987915,5.76967029238153,0,39.44495873096234,3.381608172978027,0,-0.03901486714354271,-1.5029059576284751,0,40.26878552502418,14.021326616899795,4.139262492152358,16.579128762238543,64.8504930618068
1,0,0.3175121048649552,54.22251236044985,13.94567952334443,5.418318671938516,1,0,0,0.7611367393281714,1.5365709641949203,0.6836616777223504,1,24.48501104546238,3,0,-6.965518518631319,1.308529100894691,0,44.393151432057955,1.2927677223125915,0,0.43069399068369907,-0.6418896889186236,3,84.53613860094403,29.66263091867233,-6.612541221638257,8.945395121971275,36.843927763128455
0,0,0.9003458403043868,27.83712803313255,84.29407489487468,4.685157280631253,0,1,2,0.20203547528616295,-0.8948702979488611,0.43029995366689794,0,71.35787985859629,0,0,3.115650203214212,2.342312071113832,1,8.148816562780867,8.286910613016826,2,-0.01402149025408565,-0.5957716903848721,0,10.67345138618746,29.35550557525535,8.774644573667722,28.314767972908573,56.29108157794395
1,0,1.453686077662693,42.10284595233968,23.12990396955234,2.545793218384608,0,0,0,0.239636673877561,0.7422640850216011,0.952129780554571,1,20.75427031418122,3,0,-3.3554774284570277,2.7443135468007345,1,59.607726781237425,1.9444136463750221,1,-1.4075681042538748,-0.9694896660403338,3,77.53581039359337,8.862089488783855,-7.636016958864743,3.120744838207057,44.96175972243309
1,2,-0.5461948746129021,56.31700250378879,80.6432121435531,3.6569034764762955,1,1,1,0.8653126838858238,0.6655856312093835,0.5487861407638579,0,42.24724168280367,1,0,-0.574638398246675,4.733663997542594,0,9.513637937173925,3.7382253763490376,0,0.7177066321034691,-0.6374759940017953,1,32.25033113514422,27.250461060000912,2.2329011329557815,39.091012234283525,50.73466645197138
0,0,0.7316534786643888,59.851302002073844,23.27739838669634,2.327302299257885,1,0,0,0.7251226955995398,-1.1990783250146333,0.28045718103335815,1,33.26411121072904,0,1,-4.903764437617104,2.8585983576865055,1,33.80789291559219,1.5442557556492083,1,-0.7586899227734427,-0.7633343062036162,0,76.50769123834547,14.74610533283828,-1.7539884511420922,9.812072598346548,69.9502663717511
1,0,0.8541156774908503,50.61634966928694,56.01519321237141,1.556840569135011,0,1,0,0.44268891392471393,-1.0683067793612637,0.4691466419748014,1,19.855418266033418,3,1,-9.003970780413832,5.104670824081158,0,40.878043396550446,2.5032207486478075,2,-1.1600636665150437,0.1612822414497207,3,51.873426732805264,7.784586011298833,-3.9836004215474983,33.174164738472875,31.823849959835684
0,0,-0.12787317763985526,24.76017701163419,67.55506166019518,1.8839699388841624,0,1,1,0.07383813005639533,-1.4838431914141075,0.4816910224824196,0,36.27249590373339,0,0,7.0288981836572795,2.357394410946478,0,3.3840735077092576,3.636418362389561,2,-0.24319212071191823,-0.02347602494546701,0,35.42827041945608,9.706656691769918,5.464170631449949,7.7778656298838245,38.24651416584224
1,0,0.27149848958879147,40.192714601226896,8.963350446504698,1.7348977347813572,0,0,0,0.22412334545692447,0.28995601755003875,0.24308943329432398,1,26.877440334625767,0,1,-9.917771931610472,1.4962899983572928,1,31.20199757407142,1.3306462116349551,1,-0.1555988579265613,2.0422613606144173,3,87.48193111479259,8.811723478599419,-6.755328616709617,7.348324192706879,26.90587876431355
0,1,-0.7243237013031107,30.01824993543591,73.78253789084978,2.5083774589956107,0,0,1,0.18846776790116138,0.16797569804391285,0.5884818224270443,1,19.466449669516944,1,0,9.999999968503069,1.7158816660491993,0,25.590503077261594,2.3598561856246874,0,1.6492948751960157,1.4245703676396926,0,51.89015417853797,22.376595077685355,-1.0722815333323013,10.866085228927886,44.503945598308874
0,1,-0.11469351786682769,19.31203979973601,96.98710218010686,54.598150033144236,0,1,2,0.11766250568430503,-0.0751281843177515,0.9497856565759083,0,79.55090637820629,2,0,-0.5107805658206246,5.049114141872262,0,38.589128946044184,13.687230351913238,0,0.6691220214764921,-0.7940463778799363,1,1.8854357387537102,39.99957740961317,9.293787563508676,16.462400775127776,24.832963302737323
1,1,0.3464655811021653,44.10473427466522,49.577045513696206,2.833868707788633,1,0,1,0.5022621445366767,0.5276664367610335,0.4340010679811098,1,26.626116150196722,1,1,4.649204226994524,3.8543058144744298,1,24.71810786157711,1.84451318342311,0,-0.17035432805825368,2.1577336221113126,3,69.09520164136548,25.013390537027504,-7.287928616022726,22.72776300851674,61.791425679595505
0,0,-0.9114239984643938,30.140673204273845,60.065593808105824,2.078881072127698,0,0,1,0.2914080272965076,-0.7619520077690674,0.5750928436650552,1,26.30138891786558,1,0,9.923225072397276,1.2022294388018364,1,46.01896318011791,2.1054414598616047,0,0.5154778791327229,3.0028792059474774,0,58.87698708119983,13.958578011283596,-3.681620826075074,15.386083079011513,62.086100816547194
0,0,0.4604097620433638,40.185692397776116,65.42441126852376,2.9700764269515574,1,1,1,0.38914504497044344,0.1619640352793923,0.27974117010224964,0,54.5148103247157,2,1,1.263402569898746,1.297307495995297,0,29.107384084748183,3.809351498648498,1,0.7560960892628754,-0.3297440859669442,0,16.966374588472018,17.20485581214553,6.5463845675900565,32.33921222175951,29.910431977496856
0,1,0.48287931146678237,37.55991418183382,84.94382855193949,5.206707901086864,0,1,2,0.216109508881553,0.1922661478839293,0.697886642515695,0,67.86351532085278,0,0,-4.082704182378409,5.436080165195129,1,73.60756761223311,5.352142106301495,0,1.2967608993377504,-1.9044196797726405,1,14.521530924535009,30.749191232584554,5.722106283629733,22.954954741808812,44.289205134579646
0,2,-0.3180162057599026,27.654105871622992,74.15044553192223,2.9634412820748364,0,1,1,0.23768592103960728,-0.2698304242263689,0.0009108335131651213,0,79.92649509993592,0,1,-7.391794927742847,4.856981023025381,1,29.98890475722442,18.646335555559876,1,0.3743322557896177,-0.735285539676988,0,1.2433083856325022,27.281714971886473,9.994846639518759,28.569780888012414,46.23052195425128
0,0,0.5767701016622044,32.87597442609937,0.0013651457305363657,0.2843136233247581,0,1,0,0.1936948920433132,-0.24011381612950206,0.0,0,29.723870750105394,0,1,0.2941129026563907,1.7628053897080211,0,63.31295235890701,0.9909803717034479,0,-2.441023567279352,1.0164200160474945,0,97.03988298701512,10.41351879100115,8.917028238063182,30.34216046373736,22.49615902256167
0,0,-1.3649992239132103,33.7633169738522,56.79166250734462,1.991855117523543,1,1,1,0.3870078847877815,-0.5386910283319569,0.6688852163696086,0,21.580888405478767,2,0,-0.6129813051676187,2.28064233329138,1,56.75348805714465,2.7389787030844355,1,0.7988848557516822,0.1282637907476277,1,47.19147251807569,19.23930970959632,-0.20745087285904695,4.686152296842236,46.26988980570398
0,1,0.278392060101626,27.64505209197433,84.8523024559406,8.47283329336546,0,1,2,0.19075898296544563,-1.3776674846472163,0.28889902203002416,0,73.28350252509385,0,0,-0.5948865635502703,2.7438787269739855,0,35.1849357221757,7.686756141022225,1,0.595419636347214,-0.03145537132163085,0,8.457250251039195,34.97107113899263,8.193887443918758,24.78624279012213,34.93785315725581
1,0,0.06729577934574722,62.87596687524803,8.767019570098755,1.1200263864723388,1,1,0,0.8614049075810676,0.39034530661840794,0.9346227063367037,0,25.360592930423905,2,1,-4.695319661439711,1.1019210845008207,1,35.95868051311107,1.5565953801085413,1,-0.32906331471988903,-1.3882940592294244,3,82.56570475689331,8.646944821934648,-2.9189950500944555,1.8525968036324914,69.32844211949583
0,2,0.465985624136775,67.51140039530608,74.50917180244002,1.9295225924901347,1,1,0,0.9530715334400464,-1.067200117688219,0.5785087111285869,0,41.32200286422211,0,1,-7.10236778974871,19.590508058825588,0,73.82480592179961,3.018826532105418,0,-0.9135235916642168,-0.7430894373334016,0,42.10738415155381,11.69627250690235,-1.6208546387907994,37.412816432962984,44.72349619633488
1,1,-0.6115828958767066,49.532029444321864,17.92533702710334,2.2802928574511436,1,0,0,0.7159652224777021,1.3703643388273625,0.5116245738166592,1,27.209674872291167,3,0,1.0262238041420346,2.378875630878794,1,30.627644243033746,1.254793307255683,0,-0.4282011178639678,0.743243638398639,3,84.40908116384168,17.122490640621628,-7.606067302090241,16.426344624310246,36.74231366683378
1,0,-0.06993320990069637,26.38376337549269,14.208174196651596,1.9800222115773216,0,0,1,0.20206099283684426,-0.39776221626251934,0.5972577548288655,1,17.896850841652345,2,1,3.3661757058054302,1.1298830467524632,0,16.586286086906004,1.271496186394071,1,-0.14156222174819688,0.8984475838524618,3,86.89888176097338,7.6248928706566925,-5.837856146227166,4.935802789599233,25.4154926652672
1,1,-0.7275071543837414,57.85053693388463,56.677980511417445,1.9185993908391183,1,0,0,0.8107965899380203,-0.00210257261305205,0.8431475375141879,1,28.185844169476088,1,1,-2.470106509250919,5.202458614235483,0,60.167702186369354,2.4661848409287352,0,0.5250095537834121,-0.36300443948565103,3,58.46336899758652,13.335571345781357,-5.175373168898738,28.630884582439677,45.29351034695722
0,0,-0.3201559444160203,33.43493402868275,78.94944300337966,1.2295019159036735,0,1,2,0.18791313486553174,-0.2946046662879187,0.22062138288725935,0,37.30149971141088,0,1,-9.523714267805271,2.5539530964063575,1,16.581509016542814,2.7796745248584873,0,-0.1520400392550613,-0.034179873553389216,1,33.39751682862312,10.237556795120117,0.8811594973111365,7.330222907331276,63.054466729032995
1,1,-1.185066931426891,37.78193163519711,19.428142232984246,1.6034898435426221,1,1,0,0.4339385820429468,0.5033871271389149,0.13272225793028286,0,22.395226753440134,1,1,6.530306213954656,1.1192925028188276,1,79.42479859653865,1.9240428116071389,0,-0.08137304409181276,-1.594704983450555,0,77.85516812978396,14.691168483557217,-2.2740839399499695,7.132072619114444,68.73745597347227
0,2,0.21609210528705272,34.25281570488417,88.2656392712629,3.3712271460825916,0,1,1,0.19328097316352238,-0.9899737021748701,0.3086258001443366,0,56.42555552495094,1,1,-5.078099935771123,9.869092236738894,0,1.6191210245985799,4.634904270684046,1,-0.07407313826067677,-0.5453434461645665,0,27.67211912028089,20.08141618343815,2.61812087875553,34.519858213114986,39.569359874571916
1,2,-1.3618957189088075,67.11954176968418,58.43015749475449,1.8489997276224273,1,0,0,0.9797478645696501,1.7144882230597553,0.97107703848396,1,22.883346372704032,2,1,0.19879727987668971,7.271351906727973,1,53.88035057681126,2.6474248188826923,0,1.4759258681363359,0.6462211282860227,3,55.08344548475351,17.255781120896245,-3.120781299414932,30.801155882501963,57.40372924336795
1,0,-2.1726215958278217,57.62889682202292,11.620137866483754,2.6854287166176602,1,0,0,0.8595235289258505,0.3542587083373434,0.619994564487624,1,17.53052725222053,3,0,7.55308432515001,1.301349400819948,1,43.02500583180254,1.3840742587491928,2,1.9855599323881363,1.104529497807899,2,84.2713615370428,30.43384381377084,-5.851897902245948,9.558448896728798,69.69871831450169
0,1,0.6626324275530455,48.591830015128,44.87583476962635,1.9859489471174259,0,1,1,0.4557659510430322,0.8992200661655676,0.5024068734402598,0,16.753269638659315,0,0,-5.423039426784668,2.4495642478548483,0,69.55862174589936,2.6703521165293496,0,-0.6333714659549288,-0.05779787019751811,2,53.85339668620996,11.486849328458788,-1.1588451616841269,16.708938707935786,31.83794479317838
1,1,0.03691819383991615,44.806648033852184,46.995876984325555,1.7059503014534805,1,1,0,0.46870115316737604,0.9368712602937052,0.5247673268455296,0,22.445094541750894,1,1,-6.141003069612347,5.344435992034594,1,57.780432393901044,2.615641596198004,1,-0.4472664501589686,0.5024227383377435,2,53.266750942861066,9.457903496931472,-1.3255386479914808,11.4584608696883,45.466469611785215
0,0,-1.694564735790698,37.33320505095995,5.634571080269507,1.1779985144579561,1,1,0,0.354547081010397,-0.5058241172946499,7.355519818041945e-05,0,26.18725643186629,3,1,-9.574702367802999,1.9237057145852414,1,26.778872986469363,1.2729494756024764,1,-0.4600310096742854,-1.320477973645657,0,84.27004824459216,11.547433002818202,-0.2588809673443606,7.439267686159812,65.5540819498406
1,0,-0.1688158773874624,43.081693637244086,85.9375263554052,7.797654358749393,1,0,1,0.4852433887065733,-1.897806982406404,0.6446468668273126,0,38.62124973073448,0,0,-4.124548330710642,2.3770024882088334,0,35.75261374660233,3.6322844851859326,1,0.7406049443811931,-1.0582948273589519,2,25.94979711692027,36.56741248671155,-4.2173369795252125,39.556282764414895,26.939325999832818
0,1,1.2459050363904633,34.85779301883348,95.42916062941869,14.485928204862642,0,1,2,0.26879791915766676,-0.6217617760281298,0.9785555287312528,0,79.92445826132517,0,0,-0.986971097708139,5.284984890545559,0,55.91282470113594,16.313082562779954,1,0.6430551140276044,-0.6089585289456021,0,0.8697135198452666,38.55184296521272,9.823040553339336,17.92254759810817,28.82720395800314
1,1,-1.023755255185509,62.40313871527265,18.58534315146823,2.6681422657189713,1,1,0,0.9274301697089655,0.16017707109567644,0.7218331594090449,1,21.72497281846864,2,0,5.055563232433741,1.8392703243279194,0,46.825311080392964,1.4523801273958532,2,0.7428143524255983,-0.30974797791885617,3,74.711613057317,17.80077211742341,-3.8457361459525323,25.216429607192012,43.97302283583203
0,0,0.6119236109245588,37.286426679683466,58.360999215617746,29.952618145755498,0,1,1,0.2264699598609145,-0.9060700909033326,0.15845959429525353,0,79.4797269084851,0,0,-1.640585001182247,2.2069747756410503,1,71.1950400474463,16.795474713538383,2,1.6759609516699254,-0.22503584535504584,0,2.915267580777281,39.984876934242266,9.990797703639217,13.402857223995195,58.52676630224113
0,0,0.41821934232336283,21.211430623699183,87.0751542380237,15.945022156754455,0,1,2,0.17438930752198345,-0.3019863953466222,0.3724541708081988,0,79.52753526397501,0,1,-4.537462389694451,3.0288368196308535,1,41.68465953444313,14.613313814978676,0,1.755789687973308,-0.4689330758743097,0,1.7679105740571521,39.82250358448554,9.849964598430617,19.384815232915752,22.822135504095648
0,1,0.3730994621311331,39.01989484334267,76.43946363796776,0.3081087748036632,0,1,1,0.3116515817168767,-0.41610365511614866,0.6440721705055329,0,33.822409500393746,2,1,2.926305021332478,5.955541542665808,1,27.879850116163283,3.0470639421080405,0,-1.94980319738349,-0.6157992902727549,1,38.08053499798881,13.213001771000625,-0.13988949659251126,14.71639898776574,57.23542153026393
1,2,-1.1337665216042192,59.36270806140546,53.810053047540286,2.319974236853526,1,1,0,0.8319367144587179,-0.19226110919790573,0.5431261758417598,0,27.661235449621934,1,1,-5.527311281334331,4.220911761993099,0,24.22250214281073,2.604188256281899,2,0.35815050734792914,0.2575783502066898,1,54.67551912641099,17.778006281116642,-0.449294114230149,28.95507997993297,50.17380870874177
1,0,-0.8374999149719465,30.713179812674433,38.06725762606557,2.2290790861509215,0,1,1,0.3120154837387331,1.0254020418605156,0.31667000688584357,1,21.2560208500173,1,0,1.5353120119952823,1.4495898649134438,1,60.89076012601154,2.019512571197472,1,-0.1616365323140841,-0.18709637192479775,2,63.437051222229776,18.655849949098457,-0.5686209632056034,15.303008843934844,31.253013694372203
0,0,1.228632307948806,20.3520171742858,91.88208003528567,14.041433246611488,0,1,2,0.10892772583682492,-0.16639106325366915,0.8924228722761451,0,79.63982379152726,0,0,-2.0084450823542346,0.857302176699519,0,7.807752547565023,17.059922147188214,0,2.862534216879942,0.22624803802331667,0,1.4178019643625028,37.65186431951828,9.933771580679402,17.361261450265,26.16800650085984
0,0,1.1241241259476087,29.15856658324944,44.96782290364803,3.1800347383140313,0,0,1,0.12422149160349294,-0.9684333007335101,0.535080754790453,1,21.75365454855687,2,0,3.7344647741926273,0.8541094247681404,0,61.356264802591056,2.2489876663962516,0,0.011030487031999806,0.5954649253165137,1,54.187078851611226,14.675901587304327,-1.1821993224804306,9.730483840304826,26.55553166386227
1,2,-0.5534149494839913,62.519033794595124,17.526121618909396,2.264001392237266,1,0,0,0.8799233980869934,0.7907845719485725,0.2413729894896352,0,23.680447655580107,1,0,1.8345025507588186,3.6291191551153945,1,76.80905329015826,1.5865761647573966,1,0.8071585398644889,0.18461708418007855,3,78.89714368767812,16.021885256957617,-4.287729128912265,18.014386800878306,35.032384478694084
1,0,0.36134997990600265,23.993368212794294,84.57735076982367,1.2845488619992318,0,0,2,0.12504974871262947,0.41548100581155917,0.3724264219975141,1,39.72499545658417,0,1,-3.5415716964832864,1.316097349135278,1,1.5465269891775835,3.0238425750332816,1,-0.8771585483105759,-0.40085541756915877,1,35.87332626742054,16.97484191358819,-4.9259729262696865,39.03666163669086,47.04436497057014
0,2,0.7136864293796833,39.10375336186323,74.76953244210229,4.282592710905348,0,1,1,0.18757101158949557,0.3853131386922916,0.5487459096439824,0,64.12579469677291,0,1,0.14215077901953244,8.746470214641503,0,74.17205476681276,4.743993372453019,0,-0.08263095450899308,-0.5914751495329793,0,21.880797057720976,18.816212395987158,5.3737931260615035,20.717043135908604,48.39914840905306
0,1,0.32773833637126404,20.32275225418534,94.95044309067673,27.485344958995412,0,1,2,0.1557270670506103,-1.4980652070797091,0.6551490583062572,0,79.99292131765819,0,0,-7.030383867487316,4.61431007163221,1,45.25307626069649,30.611235262085685,0,1.8763685176186868,-0.44664662184783516,0,0.051184132166864904,39.90938671187986,9.991893677925077,12.584183674062245,23.155632168297455
1,2,1.3106207384215196,68.0185080275451,8.49469834825564,1.573312100972057,1,1,0,0.953378787773917,-1.0283154089433055,0.5180084793118109,0,19.443446671904667,0,1,-3.888624918765938,4.895903528240964,1,79.99657186766406,1.4583122884612694,2,-0.8473064967527936,-1.0954538230723532,3,85.79870306430712,10.429966189407399,-4.472840340301552,13.68148725409652,23.276043103993835
1,1,-0.8372587259798088,37.20460527393075,74.4224147895736,2.41378817161843,1,0,1,0.42914686700075566,0.5290797391131418,0.673802476688227,1,28.337254119419846,1,0,6.059618158973173,4.691001196275594,1,41.86777918989,2.689585505995625,0,0.7636704276949758,1.3591576332675581,1,47.72069628233315,27.126331403985255,-4.605828090566747,26.719276540645012,46.65486122834403
0,0,-1.2469360743626836,25.280509965501153,96.5937921774097,10.938017065112922,0,1,2,0.2112643323933019,-0.17081883595614536,0.9995090915181878,0,65.61111032937448,3,0,-9.327419232710009,1.0190593402185113,1,55.58123369288513,6.430543476119083,0,1.7072682985323189,0.08882286273917675,1,13.401256703424613,39.712815838442836,-0.9159869664430005,33.269992132033686,46.42770646195456
0,2,1.2934631465053925,45.10973734266941,86.39637425798274,6.857768130956407,0,1,1,0.2589927032408932,0.32897333499822323,0.9267810781382078,0,73.12468586162426,0,1,-7.828879377858393,15.352525100432775,0,40.952175589935116,6.967188386452713,0,0.08427059102964742,-0.18807736321967305,1,8.90160037270779,30.174533950592473,6.125108495962248,16.455081150806322,22.135374636621876
0,1,0.4902333032265388,50.835261003406266,96.50074615513479,3.980089018644778,1,1,2,0.5413068485936878,-1.6682859038522642,0.24239660514472994,0,73.80228684248175,0,1,-8.229602665022396,4.269610774871082,1,9.042513556369274,7.7831709415961186,0,-0.021989725260727355,0.12057267010110158,0,5.6914916400410025,24.365427542135862,7.302524131746651,39.99294675332634,49.44269762035513
0,1,-0.39118227975678116,22.93335258413837,97.77905295140864,8.374605424012325,0,1,2,0.13526066363072997,-0.48477246864191603,0.7517078247541025,0,73.53187556350835,1,1,-2.6512356264009878,4.3098122256122835,1,0.705081418097091,8.50754317004332,2,1.2375393463970545,-2.170954770313006,1,9.588970701641042,37.378614544685185,2.9286447610430226,38.94804082848792,31.065542597566868
1,2,0.7625657831007385,66.81441384975969,67.51813392975735,1.5704900940263484,1,1,0,0.8844529156206975,1.2156182818526289,0.4291764703367959,0,30.21832193141782,1,1,3.639391923682375,17.139811403754052,0,46.35486928935733,3.3502126740210856,0,-0.2285309202072728,-0.5067820008033485,1,40.171097794543336,9.624495165643438,-1.1835980544952633,37.73402287054979,40.00871574433374
1,0,2.2377880545526634,67.35241064468352,8.113026213359126,1.3503485290511565,1,1,0,0.8658790738358255,0.5235536792434005,0.8112368487997701,1,21.070322945489465,2,1,-1.7294155855556212,1.433467196203699,0,76.8010943281633,1.2050025828957902,1,-1.5862652397993116,-0.7308609052205873,2,85.55703195760135,11.410029862170745,-4.550854239844265,3.9270038375044702,66.13446989091393
1,1,1.3167547999787617,61.628992157994205,8.897197182854665,2.062414067458934,1,0,0,0.777480233928588,3.3209831816843582,0.5203720875699656,1,30.538029921546833,3,1,-0.5326377848020218,6.835362276245969,0,29.318902798840472,1.4097114276709233,0,-1.0209209974812394,-0.48855487017329496,4,86.39251126122419,11.870158806829703,-7.1150024615324785,13.343424701401396,46.9488890951439
1,1,1.5835041634723395,47.11542973360012,62.58538652841097,1.993839742411396,0,0,1,0.3203591648173917,-0.446140529168476,0.4997922370127156,0,19.48861890778922,0,1,8.680091358456053,5.233488570274418,0,72.09236003129168,2.755782272118457,1,-1.307491605581045,-0.7172473930944229,1,48.955541773288694,6.772785153252656,-3.86032345266742,33.854824701963565,28.165838206928214
1,0,1.6676978838218577,69.27352368067821,0.6434845166331693,2.399314981168839,1,1,0,0.9811625140588016,0.9068419199696024,0.20852383972072036,1,22.275787436228498,4,0,-8.719969850847654,2.4812126291460084,0,51.1981868133551,0.71290842396474,1,-0.30186674346904463,-0.11848572353285107,3,96.81371893175145,15.316252273566018,-7.326852272221976,18.225531656928684,55.833739987280104
0,1,-1.298587610829921,34.55415239531745,91.63783128503977,1.7016957376249082,0,1,2,0.2844541367647728,-1.0663743109744088,0.9084393586908387,0,52.52995291039592,0,1,-1.5918427874675718,4.925179574508174,1,30.420643083387095,4.648846285849723,1,0.543636673878252,0.3853319529143624,0,20.07452284578034,15.848021027634578,1.6208026009019179,21.481157055489707,63.379798088122534
0,1,1.1505424893047391,41.19030130173344,33.03660104522195,1.298563380490087,0,1,0,0.20939887644494698,-0.9813450737365444,0.021438123044336288,1,21.625808502607594,0,1,-2.328884545384808,2.2868912618217654,0,10.320730828243633,1.8549453089633092,2,-1.1671832360680636,1.1106066610373653,1,64.57505462922339,10.77412649579367,-0.2135601491894672,18.635832359622956,47.7077048023839
0,1,-0.2016185522844872,41.565002480539206,80.50222877609427,3.2529377642445825,0,1,1,0.3910241799848331,0.7780419010320947,0.9942780838522786,0,45.75804104663831,1,0,-3.9780662468429746,3.5986348173259106,0,25.115866099775673,3.5779114556599736,0,0.15539502731869334,-0.08411172846680716,1,32.02161457786104,23.28019513404922,-0.19919174463561617,6.2137674003470345,35.77579779093645
1,2,0.5211625862681202,68.37351228808791,1.6982883033174967,1.6694107711620585,1,0,0,0.9855219324566251,1.3460420702624383,0.6079492886612137,1,23.157042514957283,4,0,-3.7004162240308407,3.7446714302467807,1,58.154667045342656,0.8162451246125754,2,-0.3803929597710773,-0.6753304587353083,4,95.60531288221894,7.456041642297935,-9.507730092981735,19.002476583661828,24.537265031143576
0,1,-0.5062399150065549,46.98349709163344,40.80591226952961,2.188901867574032,1,0,0,0.6065988224665442,0.3092465996909253,0.35322085369403744,1,18.03170128517774,3,0,7.864168323146071,4.681211306707314,0,15.563909061831378,2.128148453563546,1,-1.7073149986460843,-1.9186155294969045,1,65.5284269601004,11.077424820956088,-1.5566863340838957,9.14979984151306,51.97443257910987
0,1,0.21892552805253274,32.33174663328355,86.98669391054608,7.739093224162928,0,1,1,0.24410293530645844,-1.3045880658907845,0.5399993524730373,0,73.73118721952618,0,0,6.613991943336327,3.309992738721649,0,36.877019423537135,9.427662499804079,0,1.5527114860688667,0.09932218801032174,0,6.961101577079693,34.99659155990332,8.712866953848323,18.004766194555295,38.048687885953456
0,2,0.561939441050743,48.83479984564458,64.98798927441256,1.5896865438741874,1,1,1,0.5943391804340037,-1.4999252205804403,0.6316148271070461,0,34.66762475047817,2,1,7.238676178286493,5.661064131051017,0,6.842853526556225,3.0673778443644206,1,-1.6295812643860745,-1.0949658465892718,0,43.55308786304103,15.221305759682691,1.7125460268585968,9.386481656452986,53.946377066782425
1,2,0.9022962301067982,69.75772339596195,31.486788384235055,1.1393595790770992,1,0,0,0.997872030489027,0.9250733367730235,0.5258270056384162,1,18.306396322518054,2,1,-1.9765665221568067,11.272866441739254,0,54.17014646424213,1.7629422951259326,1,-0.9355645871836882,0.19770367216798063,3,71.12810983298272,10.189170905478067,-4.604480715520076,36.557368498114904,63.1115965663287
1,0,0.643274371528517,53.867945811633255,11.669360798644107,2.593826032605557,1,0,0,0.6323262557074077,0.5435806563579714,0.5216434431764957,1,22.582174649822125,1,0,7.112763319279949,1.4410204685016303,0,78.76327826377668,1.328713899058221,1,-0.07028999920427303,0.7118396261071429,1,87.27980560272528,13.46165955515929,-5.334753599191078,2.907591577893409,30.29226054334987
1,0,0.38885414533943813,55.18369029250118,24.560104957195122,1.4117191983318471,1,1,0,0.6861255529962383,0.7617806346673868,0.4935939794889887,1,38.4403865058655,4,1,9.182759089797017,1.674595528554966,0,60.14836865575069,1.7940709866488282,1,-1.313628903953423,-0.7534837376812589,4,67.64134010055861,7.522570869304794,-5.584949204741142,34.17799967381178,29.87624987851301
0,0,-0.3312607477375525,20.62539242089236,41.34824945067153,1.9650053063795176,0,1,2,0.1800455976594611,-0.5590817579144715,0.4833231130046694,0,26.408287636497416,1,1,-3.9126974654391553,1.3184955207506346,1,32.07466424393321,2.623429282185116,0,-0.2797839532183108,-0.27813205415526165,0,54.561899636015475,15.871507213775956,1.2076889153692392,1.5706020413706967,39.32051669560241
0,2,-0.436949448808687,43.25413950127452,71.70841773157879,2.009365717074201,0,0,1,0.39630552262230034,-1.1957851502292662,0.6809011140338936,1,23.90865200462821,1,1,-7.215901387965468,3.305101414896801,1,41.50920515372846,2.5211077903736956,0,-0.49998844883026616,1.8837549170332843,2,50.49562775852689,17.291659134756813,-4.065209350520725,28.35743699793114,52.95301878495068
0,0,1.0500733812583674,40.747394695460436,65.8447436276292,2.41059302761166,0,1,1,0.23888417777430587,-0.6219565108435215,0.4824170940736537,0,31.634718677694163,1,0,-3.7873003688437157,2.934405614461021,1,73.69751158754522,3.0916565759314483,2,-0.5607484845455857,1.6470378121863947,0,42.610967768217456,8.608912884094845,1.057423336535166,10.980642656311934,52.494319729923944
1,2,0.30178493015395846,33.95613988037374,57.60957277682755,1.8343449294911143,0,1,1,0.1351940420737211,-0.08082709747695245,0.7600130172927516,1,23.99248107758874,0,0,8.205375619428182,3.5080340365146734,1,8.950750950090445,2.4725543563516923,2,-0.019197728228632114,0.21307301710130608,0,51.69484360901661,14.27695297140216,-1.5821683066269827,12.43882539451601,38.364434809508055
1,1,-1.4959534801699008,68.65605533261416,1.0338609162086343,1.2028181570245493,1,0,0,0.9937077454483509,2.245727506880033,0.4994303842134847,1,19.72417952787356,4,0,-8.612655105169484,2.1015396380670284,1,44.82458383229207,0.7618484282290137,2,-0.12010614522471624,-0.6226599181845274,4,95.88179319779822,14.526841418948468,-8.808204662784675,9.98273001520457,65.07872542990441
1,1,0.2748192306427829,50.84695369156128,36.421844533935456,2.526490156611488,1,0,0,0.558394590509686,-0.42086981394273226,0.817814608205415,1,19.429219549129538,1,0,-0.6951333380952001,2.2037622729838895,1,77.02679754271706,1.912837718338351,0,-0.4972816197773917,0.00837952726629473,2,77.99720262410486,14.219168509228837,-4.068332091685831,11.00258437878252,29.660257419665044
1,0,-0.164666351550061,25.688502126445744,12.80741983639424,1.2008300947939674,0,0,0,0.18400364114267065,0.41810277473493157,0.31961869062829806,1,32.47274280966462,2,1,3.5171665565854795,0.6519652310990025,1,9.864514066142501,1.1453787904278316,2,-0.7738346183063494,1.2443799160844466,4,88.13556012365284,7.93237585017601,-5.781315907021456,4.539700897365508,29.214780044209462
1,1,0.6188847330531119,49.406944943274766,52.64813144361885,2.4842880725454966,1,1,1,0.5528070615287275,-3.20431138941841,0.505763656578548,0,25.39638248409585,1,0,-4.45163085069909,2.427529943983275,0,62.85775141058956,2.4002637361685912,2,-0.22358366695952248,-1.6052443832778809,2,51.440093226020046,18.5935382428782,-2.6094841798565813,33.02705455461033,23.452775662281656
1,0,1.3548419018889568,44.50637801576563,49.4675824839024,1.8822368385253754,0,0,0,0.2510852024344018,1.2899030579871662,0.44352343822467416,0,29.94706437548718,1,0,-4.568547897459032,3.2630965787548756,1,46.21299768633183,2.5236580056055478,0,-1.1864193412175346,-1.3395215650235819,1,62.35408662107093,8.962714840486203,-2.1418762734595065,18.90395740406761,44.06404783744735
1,0,1.1845250129325855,49.79004797103725,12.631044547946473,2.0674571862494333,0,0,0,0.425137538605155,0.4185425259540301,0.4040942776508045,1,21.747011979572566,2,0,-0.15558390342555306,1.9355323471164954,0,28.59166687852772,1.4538803525129336,0,-1.405724386408562,-0.16581977718035198,0,82.35267460568559,7.23688700609145,-1.5921091784842094,5.931860349608984,44.4149091113575
0,0,-0.36043792978270695,33.1303970132564,50.496486921434816,1.6725854033027696,0,0,0,0.2325687346429986,-0.6129392894381777,0.4195282714208496,1,24.82133677449566,0,1,8.042920656193537,4.161369613079508,0,45.67679924626014,2.3729727700366796,0,0.48965898974087946,-0.21110891271397997,2,60.761342164384644,8.443981128136269,-2.730970022363504,8.32465238364621,25.47074109057356
1,2,1.5959032797376949,62.22927277972271,10.126696188459483,2.0820632846716256,1,0,0,0.6895995565661426,0.9305503839220342,0.05200483670917866,1,20.322514933035908,1,1,5.884776621330698,5.243570393344379,0,26.6533145362988,1.3901423798964234,1,-1.7577463434208171,-0.8564440215199162,2,84.8067780676194,8.2007269369082,-4.945718637660804,14.408186713033842,27.241440294248203
1,0,0.19847650436436717,27.718646223311673,43.20654657904368,1.9438314158991579,0,1,1,0.2008459027648421,0.06697644391821185,0.4227411482901364,1,24.86146608715891,1,0,8.458125601178523,2.5656341310438906,1,6.060169255203034,2.4550803992176213,1,-0.32564884607756484,-0.4291074963862371,3,59.32651606796239,5.652705334568607,-3.204113723962082,16.506689885671435,37.387998407540636
0,1,-0.2232170398427369,28.419396279099537,88.62356429135762,4.989260783048023,0,1,2,0.12546788250731966,-1.5594938177611262,0.28275786416234194,0,78.60158979714271,0,0,-1.4703706414733624,6.6821596906166185,1,67.75950972036568,10.881163812676665,1,-0.27733940178025523,-1.1790404369113605,0,3.442649394809183,30.868381568976613,9.804979303261497,13.27718581493505,53.90857931580821
0,2,-0.10595549042302234,51.270866248447646,92.64911968513996,10.762177746567994,1,1,1,0.65552624861214,-1.0451245205432156,0.849995691999687,0,54.18974798888398,2,1,-6.559576944166952,13.433195864181016,1,76.31511165151895,4.7329070582261,0,1.0751320744154937,-1.4567612383806323,1,19.270155309243847,39.52933416219303,-0.6821857333911332,36.39315586441918,22.216929515027537
0,0,0.6956804989391128,46.084999753200734,51.425220279257914,1.2663892521368518,1,0,0,0.5205932961923015,0.878400735569565,0.3316247145671262,1,24.02783421300324,2,1,5.425236445910196,4.694651752552159,0,61.36214872670004,2.41101024401484,0,-0.7483044267821468,-0.08755080725796163,0,57.67539840747503,8.323040885420305,-1.976378357457925,25.18133422358889,53.828470352258215
0,0,-1.489271645939616,37.279817414741274,36.121810393713446,1.421824502694551,1,0,1,0.4608939113249253,0.09086386161762769,0.3575746345234211,1,23.621509960920047,0,0,-1.2289882557138352,2.106724225596433,1,38.57155016220141,2.1734420598801454,1,0.44240228137071047,0.35730212587502885,1,68.73037756669088,12.062247567790369,2.662814984639329,6.207630191947238,50.453707936942
1,1,0.7858994195122742,67.24476561801823,13.247834799930992,1.4747798411047235,1,0,0,0.9490635997294887,-0.24432057605190732,0.6324787885939815,1,21.251710115630228,3,1,-5.622418380088022,3.740557803144906,0,66.16293508307747,0.9752647177753696,2,-1.2356067478308124,2.263986164371717,3,90.86235573466091,14.044114459491189,-8.23686153927365,29.013923017060613,31.898825573117843
1,0,-0.12235260078006484,27.001348662128443,29.880570207181336,1.748598599715731,0,0,1,0.13257443737925245,0.2704220801893341,0.6594395172863827,1,20.193319923841095,2,0,9.655529031338645,0.7234014787655604,1,27.104453233474164,1.5558398002948064,0,-0.0291774199560403,0.8194216129454224,2,77.82170368912146,16.16775068915305,-5.238316291242339,3.7912998357688954,25.117962907999058
0,0,0.6533666417478059,34.9309270286672,78.17357264822785,1.9605238674787575,0,1,1,0.229733125823263,1.5035093383193638,0.7125442519386707,0,40.39483021839988,2,1,-4.3556643846995495,1.7644731597309045,1,54.374811575750655,3.551321973843912,0,-0.41186051177561583,-1.7026199413709762,0,33.77596111827698,8.218005167127158,1.510511486400521,22.74141701718694,53.12502128256237
0,0,0.8536130287448781,21.360393741661603,80.80849390172101,14.305660788030742,0,1,2,0.1230399004663027,-0.24783909843262675,0.35875865259368195,0,79.76565974353227,0,0,-5.82639767375193,0.900738679292851,1,63.324117432278285,18.643659081888305,1,0.18585418949746646,-1.87062883240384,0,1.1629368073784119,38.93800296111748,9.997854508046782,9.25858910164772,33.24734742912952
0,1,1.4423697021763227,24.96125387036668,73.66059951227206,9.118548348516567,0,1,2,0.15625428531191077,-0.5810038475564023,0.7126309535839069,0,74.49568645351428,0,1,7.524708417063458,1.0581880641427353,1,61.91890247560325,9.846794843920023,1,-0.11335861458760041,-1.3807105237184945,0,6.976563948007475,34.894346948763655,9.659937806699727,6.892447524249404,30.094333881833297
0,0,1.6707451876027468,33.860722120417414,48.043631631244565,1.7846855820961394,0,0,1,0.2230455622869988,-0.3876732239186507,0.2608236949097422,1,24.68634236242114,1,1,9.906389475858987,4.546735585224278,0,29.26581452948391,1.8020166756621545,2,-1.1863950552342777,1.0154431602493115,1,69.03732312238786,9.259928212497773,-3.1595718205370593,7.944501210549378,34.64297683182188
0,2,0.4272719426729219,49.43539758521146,71.59115966529522,2.8598003091341795,0,1,1,0.4425035751931068,-0.762060598959974,0.19502805545726837,1,27.851293476114208,1,0,3.689752795843507,21.22492090033051,0,72.85465275826886,2.8187731049893916,1,-0.39444070398325404,0.2096462232193813,0,37.09214987613975,13.088187734660268,0.18658060376658803,21.586189783144665,35.39333546224723
1,0,0.2874769642577152,57.026560171814246,29.827653127918946,2.2243492687060833,1,0,0,0.6549542749510564,0.23379908776872743,0.5000087445502477,0,25.429697376160956,1,0,0.5578759711291141,3.168596822367825,0,78.6605251072921,1.5736927379020693,0,0.12069249369733447,-1.5988693528027338,3,76.50786930378895,12.86046788971364,-3.4042075769005686,12.660397466369753,26.848006965602426
0,0,-0.17488628499032205,37.29666013792456,68.91664240829492,2.6966532958287606,0,1,1,0.3443936564515729,-0.5286254261073006,0.5180709259108753,0,66.07565117819243,0,1,2.8410236996669482,2.2553554483489626,0,56.5282492887053,6.288688399525156,2,0.25808369786223884,-1.79581092846018,0,14.124249065456706,14.4434218871313,8.537617427866756,14.500329584206856,44.90503955499313
1,0,-0.5600532054584068,26.994766884932748,16.682348305190413,2.0029010642043557,0,0,0,0.14586468702655958,-0.14119112639437872,0.30630613678669805,1,22.245803619197794,3,0,-1.0685582562915634,1.9615237333512294,1,45.16752278382831,1.3654265602609,2,0.1927334803063375,-0.6404512400283794,3,84.9634406291806,12.693723326815029,-7.672908977714482,6.4703213854775505,25.280962183024972
1,2,0.8182470313669457,69.95803196586881,2.0218981324025664,1.2468837425008017,1,0,0,0.9998063480017594,1.7722740620983295,0.41821186796107057,1,22.63727794340283,3,1,-3.2698830573709268,7.281272957851093,0,34.95791703310886,0.9281389793267051,2,0.627146129123392,-0.3821892074117385,4,92.66943666358345,9.828710354875742,-6.470827742495981,20.983045790697844,69.88309906315216
0,2,0.007049804116399095,21.897060343665324,98.92016966539686,31.327931218348006,0,1,2,0.20952206888972041,-0.5521361270080701,0.3267687295469326,0,79.99997853953973,0,0,-2.6039542397317366,12.075914133334448,0,5.86899466639339,54.598150033144236,0,1.9555638215027435,-2.4712950278361983,0,0.003964120353394662,39.99254696713982,9.999935061797455,28.84571773597047,27.14326254987988
1,0,0.9144638826142084,30.38340478641402,35.36527733850969,2.139082305248876,0,1,1,0.19419218731726162,0.45218738700307665,0.30169709295720964,0,21.03345483800263,0,1,3.845062786195248,0.970734600794429,1,31.44029863341626,1.8959877706284838,1,-0.84183347664427,-0.40585285773557,1,64.36785827719714,3.7597169714346568,-0.9450304055879624,13.029092453877045,37.74361106503784
0,0,-1.8378431319237956,23.257382982601996,69.72182004864976,2.6952486598851513,0,1,2,0.23816129944065778,-0.8737387050801162,0.5444639017604719,0,60.55125779242619,0,0,7.296620437934219,1.5731157490320384,1,44.950232918274594,4.365523553581365,1,1.46133345793016,-0.28427917422455595,0,30.354029335159865,31.159788361395044,7.776127780345597,6.245784536164032,55.78483818028016
0,0,-0.37741012762189274,22.193843176885885,76.32581311782569,3.2851272829764433,0,1,2,0.13669423370321043,-0.13296749162698523,0.8045565425935679,0,59.93274142072807,0,0,-7.3709912906319595,0.45902044440702966,1,18.900924436998167,6.02011899719334,0,0.5076891380629899,0.3578767108005448,0,15.527505463031698,23.97895281329214,7.138652261822596,7.0365561757971,49.80577775958399
0,2,-1.5704716319707113,45.474812814922494,90.33429173314732,1.806611228306265,1,0,1,0.6580035541718116,0.2921101637826671,0.8967794398978859,0,46.59116431374877,1,0,4.442836750641899,6.879030520121356,1,24.36483244880762,4.21691146713234,2,0.8371813722164979,1.0733067287649505,1,30.434406950354237,24.188563465568453,-4.045586326262709,34.30662207232929,55.57719514894012
1,1,0.07379436616364647,55.708810790091114,10.918498532005838,3.3655292028061794,1,0,0,0.7723333903687291,-0.6532384110342518,0.2143279505977833,1,21.127177550885037,3,1,5.022480094342519,5.503764108733746,1,7.369252661224959,1.2467919180390887,1,0.7730036094646379,0.2572842985145775,4,85.84035000180849,24.099589766672192,-8.592151340338965,17.448749944534924,58.35237360070427
0,1,0.7489876119018964,27.509400202225542,79.75674630168533,6.5056455260049955,0,1,2,0.2483472983632109,-1.4764619098475307,0.5324149610082548,0,50.39471989146071,1,0,4.003174428069197,4.959251431502488,0,53.19361156566788,5.44425208989277,1,-0.07706778324737246,-1.6192653280322853,0,25.772542487582296,31.085754179759167,5.510933874611048,20.551953664884447,33.28291387367798
1,0,-1.8596782111865848,24.449189595641855,54.62640489177091,2.5661421688300003,0,0,1,0.13873753428550073,-1.0745511209308627,0.704828502995243,1,21.030755987058004,2,0,4.542632030424269,1.6153155972632736,1,14.579253138553296,2.1439399587012606,0,1.2373548243031038,-0.6813601285854043,3,58.93000320060412,28.39194747808211,-6.006941969187423,11.144060311876366,43.327968525107934
0,0,1.748146465520763,30.768782088221336,79.56748445156028,11.29819122341233,0,1,2,0.15234758259475178,0.7386708177546171,0.18009906436356615,0,77.24332578880947,0,0,-9.471846840919666,6.822552474338427,0,55.47710049066562,7.975014206254,0,-0.1397447126671034,-0.4300008138136988,0,8.896966260752205,34.357483442362735,8.647004503601913,20.88989753608498,25.796892157706914
0,1,1.5961388512822825,32.64451543587317,84.1313996448589,4.650967864636255,0,1,2,0.21549053326785877,-0.5803749176128863,0.32099114153208386,0,60.91479136402137,2,0,-5.585879528173711,3.679684653813918,1,39.78716593186165,5.117203508403896,1,-1.1538238850456994,-0.3869563394094865,0,19.295826060525822,26.1575360924698,4.772514781875273,36.80422595455259,31.71852086052732
1,2,-0.4771029993632518,69.21527062995011,13.409427650989587,1.9504217215988178,1,0,0,0.9935404972417329,1.8806674063287656,0.394452818373347,1,24.10591966154689,3,0,-7.930487646013732,10.286998753512012,0,60.49065179762781,1.2705542667949297,1,1.0798636854062644,0.08729736452991303,3,84.77428390362604,10.74759374767336,-4.738615627266707,14.172038588820097,62.61227438568236
0,1,0.6877430794044235,29.774953550656836,92.41076531463706,5.871739847772816,0,1,2,0.23209375291126788,-0.1485016969822841,0.7811850973521421,0,78.23618046128418,0,0,-8.597627885242648,3.458123673630643,0,11.183876368401076,11.44831119281976,0,-0.30093631955790856,-0.40255650456651487,0,2.547211611836575,27.356793712134646,9.580675521493315,20.83039206714332,43.82139353837353
0,1,-0.34829799134559136,40.23630284055169,83.26737126082253,2.641718242020069,0,1,1,0.35793633187822216,-0.16456324035598932,0.9828286743117187,0,51.8982573842252,0,0,0.5421724616579553,1.385157493825257,0,35.80487738395669,4.225480443348824,1,-0.2070286537080607,0.003492689939713798,0,26.54196877883099,15.34576037811066,4.977760830238102,17.31196705256181,49.943251447764254
0,0,-0.0905623024503465,26.995751628876675,34.4708384911512,1.8629217505323914,0,1,1,0.1443414387285764,-0.14261869175252964,0.47171767248807667,0,19.1762628471105,0,0,-0.08429946057725246,0.9728602630734148,1,50.245966566459515,1.885899820591593,1,-0.15096130434690597,0.6348346889890473,1,62.52394848197243,4.6393299185730825,-0.8035742593338977,3.284736596779081,59.40151765748442
1,1,0.15437620214349873,46.215560056618855,34.62424340916716,1.8919630947911867,1,0,0,0.5121965684102858,0.30343701620611124,0.4683428171019521,1,18.892564596840288,2,0,-4.98728353851197,2.2427389630173753,0,56.92844833374807,1.8608273466869327,2,-0.006409921154207822,0.47218279851510103,1,75.21183957486966,10.892711215970937,-5.493292344468549,18.662013335377708,63.99819973690141
0,0,0.1883756283550811,28.745045989490144,36.61320540682902,2.7654092186876147,0,1,1,0.20429876970952665,-1.2573375686818693,0.24402524624370586,0,31.5783113556102,0,0,-5.710064620338877,1.5712860208811865,0,31.917965405849145,2.51794096631108,1,-0.242304222704201,0.3548068658247183,1,54.61180809913506,12.351469209985202,1.688013426638964,5.569132993522219,20.09566817238619
1,0,0.13472162043205851,19.8293522215669,68.30391850984604,2.7115273280090633,0,1,2,0.11731464214095738,-1.6961461828293725,0.4062138786022722,0,30.44851607708575,2,0,-2.732949881061427,1.1589169874348164,1,32.337899478293465,3.1479429689834046,0,1.1587962620534975,-0.09856624819765146,1,37.52729355240276,26.52548797464356,-1.864553078687111,2.207967111650624,28.290497609032244
1,0,-1.9625283725329545,34.31961595944241,15.180871305328186,2.6066580062491274,0,1,0,0.30514369185954837,1.2353647483518837,0.6334262784035858,0,24.404240434224995,2,0,-3.156294102345991,2.9042050264824213,1,21.063699633582047,1.474821174316891,0,1.1382616235881782,-0.4379737934507029,1,78.91971999596278,35.52593090606093,-2.994995317672534,4.868630241377532,52.826766798293654
1,1,-0.1394338963031562,58.41474629940238,38.34328752920258,2.057486191643484,1,0,0,0.8006157199961026,-1.273376362404971,0.6133222859857994,0,24.99597479443885,2,0,2.4434598724953354,4.08139159298611,0,54.864061591488245,1.852064015619136,0,-0.036221735176950154,-0.6483698033394962,1,67.0317868744216,9.483537761839996,-3.8908028623129347,16.847379231587993,54.560653492886395
0,0,-1.3313049461960087,36.454057997064396,33.4665459825074,3.2983369347384546,1,0,0,0.4436240196068161,-2.0456150280127967,0.3421707951176176,1,24.543152980466232,1,0,-5.3017051643257895,3.5222234262414664,1,66.69629658955225,1.6760377833260014,1,0.6825709211447806,-0.9341380735755135,2,70.96639496980335,29.519688211396492,-3.5982074128402903,4.7381962206124655,60.39426414356774
0,2,0.5453841082003456,45.674986957050656,72.18788695929096,2.1996173250181896,0,1,0,0.3483519306544437,0.8427331045713738,0.40302384194027346,0,69.61522710643794,0,0,-4.579894975206323,3.201783243323553,0,17.21634247756631,5.997962099138119,0,-0.421336688114049,-0.01607454873478053,0,19.499984816517728,10.692103350785382,5.7972916959026435,31.19863937892797,39.2334074839639
1,1,0.2716959330463134,53.041003826275144,68.99799325245873,2.307603334003947,1,0,1,0.5640539616804312,-0.19592645974809378,0.5200032098961671,0,25.81019010527126,2,0,4.370453755801954,2.9877015501507427,0,28.669245099320513,2.8167825663482366,0,-0.4579366338481492,0.05393327706258272,1,44.36943190421167,9.824555211166988,-3.288948457241575,37.85969544533816,51.35472459474329
0,0,-1.313945216912275,26.627429512055343,77.9570121284203,2.0759556318530636,0,0,1,0.19581355358779573,0.508936381793449,0.21188465435949655,1,31.576043951242,0,1,5.732022756754795,0.9911881442456791,1,42.317218475281,3.039067483608214,0,0.1475331386348947,1.598419179834234,1,40.350389640975344,12.712202914945472,-1.4058041360070401,38.83651478815979,60.72466742986888
1,0,0.8597744808239216,44.679082589280306,30.941719841063055,2.551856673151457,1,1,0,0.4567891233844651,-1.6036207749586784,0.9078903454391849,0,22.284832092651218,2,0,5.753886423551613,1.0323453461232213,0,68.7912646382411,1.8916115404816767,1,-0.5252524646998845,0.23029269336673405,1,67.85296049857111,11.365901509627712,-2.65590716471144,3.873922363249873,31.648572706912024
0,0,0.2476074006165835,51.75063493515619,84.12615471754674,3.229809393654523,1,0,1,0.7302756267868579,-1.051454323979213,0.4396013166674714,1,45.29415255028172,0,0,-8.177308986649372,3.1156861377855405,1,50.14139284915394,3.8745462678262057,0,0.30511507952729505,-0.1912395425608325,1,30.175856256285382,18.82194070172386,-1.4960711235000588,26.01858393434484,27.804513560317197
0,2,-0.34234242176223195,20.328017649619813,84.7666558626722,9.770382238034573,0,1,2,0.11227961409505938,1.6556597224666507,0.32027462479484375,0,79.04620340827628,0,1,1.4425388142294597,6.082263677525401,1,48.44731113156114,11.369112061468687,0,1.7863888328749784,-0.7004178858716418,0,4.435784939686593,37.99318871806034,9.147412205244251,23.304938086656897,46.75085486321335
0,1,-1.2207532749554386,19.167807620222334,82.00447137371305,2.359439864665032,0,1,2,0.16267859018594677,-0.5583849323527886,0.14854295274379858,0,74.26904715361958,0,0,-0.626488327042928,1.5793269081518788,1,0.858715535918857,8.669335741109498,0,2.540525670972821,-0.2872651231967212,0,7.516429896765847,21.25576484059092,8.944773871789948,11.54030201403728,49.61089796451759
0,0,0.4209049184032352,33.110250133543644,83.28774604212896,6.821384362147721,0,1,2,0.27903591326552024,0.22223892936242454,0.23081281791005875,0,64.71989376171388,2,0,5.573547489167915,2.3912647099710793,1,56.849016173213315,5.332006274908036,0,0.7641973262948077,-0.23874810813823286,1,38.64917806751389,31.77810004565191,3.2416788844333375,39.612388999366274,23.686144913758383
1,1,0.25348884319349685,30.583980882670513,58.43263771054652,2.0769606164914376,0,0,1,0.19092233272842424,-0.17476447121461416,0.4291603491290521,1,41.82792338600916,1,0,-9.10529953156842,2.2285713506603577,1,26.447642852495584,2.105502887126336,1,-0.08961646879817145,-0.30241117019409003,3,55.06723239742365,7.688641798436324,-2.7464205770101113,31.181233975267833,59.94640262543039
1,0,-0.953026487932709,60.09180679374593,1.654274680172474,1.749847701809565,1,0,0,0.8656141982339589,1.8930990849786808,0.36855826983891393,1,23.55799096889133,4,1,6.540966894978105,2.3489844700129607,1,38.800544942016884,0.7608120020890462,2,0.047941053691764456,-0.33776436962431255,4,94.66243132289812,11.747971765643669,-7.978412540960488,6.886797633662278,65.36637524158428
1,0,-0.2982662450479159,54.62387224978294,49.07849554554185,1.7682652147758047,1,0,0,0.7347637593116058,0.08381952469720144,0.6256597856428641,1,25.985989489882336,2,1,-7.308142666966458,10.13825259174595,1,28.019456122028537,1.997932899570686,1,0.7247189418510583,1.0847059434210984,3,67.82176130748664,8.093656990665739,-7.183177125303869,32.42531250704336,34.269626040656604
1,2,0.08095094055627085,37.76483322270043,80.3954192403876,4.2450765736916996,0,0,1,0.21296126431213913,-2.1977613678826446,0.41388141830683906,0,34.57860255610187,1,0,-5.4221382421448485,3.480606279734109,1,31.149539954565,3.783418669597991,0,-0.5011847397102845,0.033997789622890864,1,33.02566871850198,29.200469114617928,-2.066722315953493,37.387018918549025,22.752448478745528
0,0,-0.15744894488805872,39.527777346673076,50.02360635341114,1.5026871751406248,0,0,1,0.28639521315278005,0.2684161304235698,0.023145853360264534,1,23.942953808752776,3,1,8.874217485609599,3.662083804006769,1,71.99630003091758,2.1057699636187364,0,0.2802075333462483,0.7405246529625772,0,63.02841977863085,10.119601794193741,0.010974776410989762,26.280168639439765,52.80536283450426
1,1,0.18324367476061648,65.70951455526756,12.206751886885737,3.1804711763758617,1,0,0,0.9479232149922376,-0.37513339442600663,0.6300187398366661,1,17.98785601760592,1,0,0.5472878128536092,5.208153989511372,1,37.05398143527797,1.3147325348049927,0,-0.44240263909118255,-1.201877462737785,2,85.95785812559727,19.427148516043047,-5.271465979788154,9.666804788683114,61.85044672160524
1,0,-1.343670385392604,56.07470258989897,0.1736922563778054,3.309793916035449,1,1,0,0.8613488714038728,0.10869808685287775,0.005569072105405859,1,20.636470167401665,2,0,3.1846732698332243,2.046680781607385,1,24.731038349300086,0.6636806834695332,2,1.8088172657793025,0.026619967153774637,4,97.81591140790975,25.803497047679112,-7.656096020460785,8.878868164280465,60.25610764011617
1,1,-1.1749633404600535,69.46164535774918,2.720094382118204,2.029652954077483,1,0,0,0.9980822760740808,0.8435975410154111,0.5346745315896291,1,25.106751510901056,4,0,0.5994888686892139,4.08888232022166,1,47.498729380897245,0.8199997053480163,2,0.5692514625462206,-0.8463720854317469,4,92.84134063279042,16.578296570885758,-8.38009396331998,27.037364797571016,69.06765136906314
0,0,-0.24334986366570732,40.338441287573204,33.19058720726732,2.279112882949871,0,1,0,0.2876286562279491,0.7975920865812913,0.5906411624105885,0,35.082615315842204,1,0,-9.596905145339516,0.7860298045288844,1,79.98733233793743,1.8272153680170917,0,-0.4588520626142084,0.6172483443391076,0,61.288072059664565,11.561478720080217,1.8011482910616046,3.424234058303808,50.03358712304449
1,0,0.24560212430489745,27.888199770123094,12.489211426077079,1.2142830478553388,0,0,0,0.13066067120925612,0.4093002221914048,0.2687019052810796,1,17.266151976194575,3,1,-7.439888266044439,0.4750440165079415,0,51.958788745396056,1.3883342789910986,1,-1.9380193417122573,-0.8124713856567534,1,81.84976898447171,9.25441698299334,-2.690052417505897,3.441462689957211,32.86073693895555
1,0,0.7630687483545623,25.914013521888414,6.454448855292822,3.2416285934031883,0,0,0,0.1570763139357989,-0.008937871426202369,0.5571993876263339,1,22.37917561306924,4,0,-4.246743523101869,1.2836772384000357,0,69.69366263516329,1.0435920612535141,2,-0.343120109811906,-0.1285675130055291,3,89.8256577100437,17.17230501063392,-7.943451507106993,0.6348155476728112,25.256163554487166
0,1,0.8512979139840002,58.042672156168905,41.71071446603637,1.4446243126272544,1,1,0,0.7058158611732424,0.24615022557656224,0.791111647742807,0,21.797720578079407,1,1,7.039818943256844,1.9865496939047873,0,78.99402289476339,2.191111097863754,0,-0.9344436617296253,0.0825663795865191,1,65.37819925039274,9.987312327017609,0.08416910527928856,12.516973177327138,29.12234549713773
1,0,1.304425563538476,40.56568977024831,2.680244195782211,2.1433991694818193,0,1,0,0.26441765512955784,0.17402439255833635,1.1893571771337541e-06,0,18.86774449309882,1,0,-4.662303607240171,2.1751646200060666,0,30.75700408645649,1.2538027314723612,0,-1.23914280971236,0.44117612564026565,2,65.28845826644864,8.50229116871148,1.7499095021836446,20.113396668065278,35.1702342226496
1,0,0.27208830489017755,32.596739185638356,49.53105640176147,2.128444723132572,0,0,1,0.27214768502958286,0.14993656834529037,0.43629805784508924,0,21.307375439267638,0,1,-7.834675111342255,1.7547738143021068,0,3.0330639732740083,1.9809297500123755,0,-0.6644097417315727,-0.950011365488567,2,56.332114152632705,9.570119111511179,-0.9056705590655483,19.687082945454243,22.50850752156362
1,1,0.4784070212784518,38.21748655938224,76.529022283473,3.2188764959341625,0,0,1,0.22645761065922732,0.2985908843276089,0.8567803195355483,1,28.1771378641831,0,0,1.8997668771129224,4.452217275546908,1,44.256615763796,2.719237654380282,1,0.5040988134100187,0.382441466339246,2,44.016801276749796,24.848719548239856,-3.5729645043328206,22.65728641921081,29.620144268363752
0,1,0.8145792472271663,61.94172788452184,92.05344359049859,1.1370755836960396,1,0,1,0.8086255899365353,0.5041470394865045,0.9595901268038922,1,49.02220557201233,0,1,1.2033458334474858,2.9278457398068816,0,46.811363321874914,4.113748080896864,0,-1.519558545147048,1.5162262662949837,0,24.64576895711854,7.850793220615859,-2.505981985624855,35.12646406418067,45.105308278811535
0,1,-0.01525087018300353,52.18584090433464,61.62975054078949,2.184837558398233,1,1,0,0.6408732827504136,0.4356338768031664,0.4571179301920153,0,30.73827112797476,0,0,0.931953628341402,6.5510492502925155,1,58.71961261267522,3.1214091482011144,0,-0.2033199476680733,0.23532763524738995,0,38.153493394693825,13.576639540561096,6.116989500265969,9.348485223092345,38.72818850348597
0,2,-0.07793665892320649,63.04917508530249,10.403438978811257,1.6701553929634028,1,0,0,0.8588855337501906,-0.4022197962176581,0.008266000176671284,1,20.891264822345555,1,1,9.766534410081832,3.0769491867753542,0,19.03399833957778,1.0920497333058883,0,-0.3642014542100504,1.3859957036457715,1,88.22400314408803,5.8124036475724195,-3.5625254711625125,17.37830629035621,66.79896923830907
0,1,-1.18084230757072,23.763674571306495,94.73539687391562,14.710640811457855,0,1,2,0.1752377044555603,-1.791247743823426,0.6862576995184022,0,78.93719000587323,0,1,-5.786195815909374,3.595540112072451,1,52.60866025902442,13.296275988547798,1,2.415653423957047,0.5222773256849961,0,1.9635978796182063,39.87979032545372,9.605125609111514,20.885352018262246,56.35411344129322
1,0,1.0440528071778965,28.931347674415733,45.64141718877215,1.4877364584475739,0,0,1,0.26226447279447496,-0.2779674109830517,0.11192322786984216,1,24.204043408112426,2,1,0.2686820685395048,2.2596283280602423,0,13.400613475179664,2.115972783736641,2,-0.6142820189423055,0.5192633015176881,1,65.2668041920351,10.2685699744638,-4.221390672166267,24.94194397894109,21.786195898338008
1,0,0.1366148956155302,28.027591701996528,40.421816712430214,2.383316625860197,0,0,1,0.17564559222293796,1.5553781960194804,0.5151386402945312,1,28.656267074723726,1,0,-2.221761452127854,1.7405774350586873,1,61.40287109320618,1.6000530776416575,0,-0.5026510256536558,0.04378506641353066,1,68.64239443445996,15.072587466249,-5.478394683046802,8.655743436892218,23.558449670336167
1,0,-0.39732347103334587,25.656752374129496,45.96225260691209,1.5081655580474214,0,1,1,0.2142888463663128,-0.7065082981411233,0.6196577568531553,1,21.13513574288454,3,1,-6.670983446876264,0.9054696569851756,1,32.478876632186285,2.20421120884957,2,-0.47980104653917877,-0.07212212864148329,3,57.84617144654368,11.35301602173791,-2.0350173652275094,16.11540252053829,50.48400025249675
0,0,0.5596959777905071,48.35714907652477,48.571063124649534,1.7425905611053656,0,1,1,0.4367220833168089,-1.3350730617121185,0.7857194383134685,0,21.40973452524072,3,1,9.829571636868163,4.921560476271096,1,72.6679906332439,2.2737891511015396,0,-1.6714599123866678,-0.40084400453892494,1,57.83294276630414,10.134066517186069,-0.5574300887219543,4.4983436945239745,37.43985298826165
0,0,0.12694077857425315,27.871484017454883,56.608928514802635,2.691544983491673,0,1,1,0.16810814728400741,0.38412819818788413,0.4743757001319704,0,40.041278400719776,0,0,-5.377954312120602,1.3070063463215913,0,49.431499222665884,3.507364777930952,0,0.4445806348821113,-0.3068751900277453,0,35.33583212804014,18.364761495227697,4.238405729520384,7.875568609757851,34.87102131565621
0,0,0.868001654545808,26.692987666922065,36.00510211654016,2.60243296588693,0,0,1,0.13146461274431065,-0.5764973727801078,0.7238629856550094,1,21.343663975609957,2,1,9.910617230054367,0.5811983872207725,1,45.644449093603896,1.7728276962047111,0,-0.47223696155850786,2.773113868887637,0,78.41050047507085,17.53866016497771,-0.39691454881185706,3.612402978258933,37.834507020345065
0,0,-0.36126530014508057,19.75793268534371,83.0998838216883,6.089530781223832,0,1,2,0.18069559842038457,1.070879016574171,0.9275133365069304,0,57.166178138452615,1,0,2.227401742612784,0.6345735225120652,1,18.010664910655663,3.963737572413788,0,0.3659814226263628,0.16646036019422464,1,40.14300780642152,27.51697668652001,1.6135635964507067,15.331261496561046,32.628627725498646
1,0,1.4662514822632595,45.75867188150643,44.013033634160706,1.8417217179098169,0,0,0,0.344399013208652,0.2237722272953803,0.9008193725629325,1,22.541729545840965,0,1,7.284513972591878,2.640480930509228,0,31.296429807151874,2.2904326002673594,0,-1.1102171820860183,-0.6915310323709821,2,62.926204123913706,6.3740683526106245,-3.5367832095558116,10.020766440171807,48.93459747325192
0,1,-0.8180152133890095,36.36300320301317,52.30216478389672,1.922094297294885,1,0,1,0.48161927374653546,-0.8591481736353944,0.36828854823883106,1,27.50471806084345,1,0,-2.7902135465500155,2.843046142711985,1,44.762460319572675,2.7003211034026613,1,0.5989728522504165,-0.2184230226230088,1,56.334451848893266,14.26573575778331,0.0996711292094723,10.638612536565681,52.985130670496886
1,0,-1.0301833697049556,68.42531729827495,11.749627982988914,2.287757929448038,1,0,0,0.9827564921841794,0.059381859532663776,0.5334135649416981,1,19.942497921424426,1,1,-7.443528094132854,0.821873942232236,0,52.64106993917988,1.6399830026542217,2,1.1782976111923604,-0.838469746411029,3,84.90979969526128,19.59524773403883,-3.9119279204631363,30.675373631418967,69.81549794862909
0,1,0.36014591877128543,30.219372963690702,79.82046528246282,7.843236492400199,0,1,2,0.17658739904616771,-0.17579527097712688,0.5527059700279234,0,42.701990017226365,1,0,-4.322212304517812,4.103302756618909,0,57.39151040350498,3.5161692129914908,0,0.783716654742871,-4.383791634310827,0,28.953478062347994,28.627171755574324,3.712341856405761,12.182123118129788,25.280522333468703
0,2,-0.13985722634724865,32.71122321185392,79.22950967900395,1.8446297616385443,0,1,1,0.24706745884507764,-1.539130967813337,0.7126170382940895,0,33.11182053667419,0,1,-2.0044174999273316,2.362260194702804,1,28.028961263466094,3.597448716322687,2,0.07071237115532135,-0.2869187414728972,0,36.41661207634208,11.890601619314637,2.2319765816754167,28.577462910335598,33.47926054214833
1,1,-0.9142817623259186,42.039222582652094,17.989233499100244,2.2856865555511505,1,1,0,0.5041747278649479,0.5922561289670165,0.24262646002707466,0,23.07848555517478,0,0,-5.996057471120087,2.9732046885500387,1,7.967806336964913,1.554012184642181,2,0.766243222513595,-0.6858978969994036,2,73.11866490530862,11.449257409375733,-1.7565051885919232,17.61606470064457,54.901594074053655
1,2,1.8306320573223815,57.79254034614282,49.038998974722034,1.6032228795921373,1,0,0,0.5719976956827122,-0.3118318725833379,0.46590704057956267,1,22.093301318475067,1,1,2.541594772506805,6.4800497573384295,0,22.493542618661053,2.0129953605004958,0,-1.9863742877999822,-0.18708170883706812,1,65.27215846525571,7.539155141075417,-4.2372932430112265,31.6052705216196,21.983668004167235
1,0,-3.341319617766747,36.81824518120678,52.01219218213162,1.4494373417126831,1,0,1,0.5645305911587609,-0.3027681709667651,0.6855794597169014,1,22.41676821176278,2,0,-0.5124194731363314,4.419065439400431,1,26.156048803649796,2.0143369880726385,2,1.7057826195170818,1.327276542958887,3,63.517929183820534,24.641791282269928,-6.897259511049204,13.350296383895731,68.2240927736166
0,2,-0.43724202397043505,66.620665210761,70.45533730718286,1.7599954325118203,1,1,0,0.9717323045217847,-0.24136222335297897,0.30851481384240387,0,54.13578470383045,1,0,-2.4082642820093136,4.980002430719792,1,64.25789398682008,4.370093763652395,0,-0.02656777304131556,-1.472591717896321,0,30.144260856418715,7.463271854982798,8.067475380840897,30.23535692581431,69.99958050337347
1,2,-0.0247415149544367,62.19649413625233,15.753787106272465,1.8704031329523105,1,0,0,0.8076750448490495,0.09506047338496011,0.14153958553447177,1,22.531848748294173,2,0,-4.9547300221646795,3.1531593018586856,1,60.119430530614075,1.3340795824423315,2,-0.600914720092173,-1.238152491468049,3,71.55107677046824,19.735813107630488,-6.30901105604833,34.04530818862563,37.67657345773847
1,0,0.7607465353664405,22.534589449132564,62.105075800578426,2.1849414001625624,0,0,2,0.12028074713027137,-0.03179891843339195,0.6664786266074476,1,24.56661745346185,0,1,7.589461282666562,3.896198260728309,1,4.524676791060398,2.4522084450144024,0,-0.8471655238412211,-0.5246806832442678,1,52.12725643392731,9.594947860138989,-3.2021693372334203,4.054921924957342,36.73081070337457
1,2,1.089722771971063,49.862670529232844,50.55188554136998,2.5002671326454444,0,0,1,0.38606170839577647,0.26101628781898417,0.5179091935864617,1,20.106506632019602,3,0,-7.359054662984331,8.07796144867949,0,1.4225851635870912,1.8564918388582712,1,-0.8230794094911877,0.012427455999935678,2,63.44324293445133,3.80803202313734,-6.11906076800385,22.292804619130862,28.99012110786442
0,0,-0.5967097286631434,27.33120048959308,62.382763142080464,2.7603321097385085,0,0,1,0.17291022437127335,-2.4540979798261526,0.8445462987573218,0,25.441490497674,2,0,7.840343332805581,0.822789604804388,1,50.481889538774524,2.3367528646309195,2,-0.24437403162174087,0.20605385097851375,1,52.20412302630423,23.807018371653946,-1.058384753188422,14.41129613507253,38.94767059787628
1,2,0.15660457118063165,61.6796149663339,63.61134665532252,2.8326259885145952,1,0,0,0.8749293487672614,0.5096853633752361,0.5550213899071992,0,21.565333399105313,2,0,-1.941370312623075,3.675863838890191,0,16.029241117256948,2.8104844113025,2,0.7479687331131544,0.20591788406650896,2,52.840072507056966,18.162665877074467,-5.00411793922156,39.101297414495846,46.73271486375435
1,2,-0.17776609111154335,51.25112257737505,76.92021242841575,1.8897502965368767,1,1,1,0.5466014905928681,0.3428473353920585,0.35216504949151123,0,34.17175537745499,2,0,-0.8007946873645757,17.107649920793577,1,42.50659866559694,2.75998655096799,2,-0.41445117561538813,-1.1111303193503963,2,37.59439480709019,15.901094942281468,-4.725258338116019,37.98855703847249,32.00146039150391
1,0,-0.2462199542903105,63.32542314461328,40.70430621115335,5.52164843697119,1,0,0,0.9387187019677954,0.9765457213563908,0.7695986464460604,1,25.358318673732818,1,0,-8.857938184895373,1.1834993233099385,1,14.568740770602568,2.137285608056518,2,1.6840515584529958,-0.953162726010951,3,62.766458256433545,33.520431720701474,-6.24539508991604,39.43552422258837,67.70553736442608
0,1,-0.3047672225116747,60.835890955444086,23.696730049521648,2.745729447370793,1,0,0,0.793198776103456,-0.5334736073079529,0.4731986983923299,0,20.48261210937425,2,0,-1.0595566055985302,2.6375833022206625,0,20.112526713283614,1.752913175770793,0,0.2693559320723504,0.07992779452653023,1,77.40079105142212,15.950446710561081,-3.504843599304312,7.021543771987697,63.67372131427277
0,0,-1.5936082541739844,30.673461653102414,84.01372592913707,3.0722721246099542,0,0,2,0.21238717222101094,0.3160908232049567,0.964715967261188,1,40.52364655413422,1,0,-7.468586172168593,3.70221248986405,1,66.60122805263411,3.6696680086870406,0,0.8484429081752937,0.3003531626108277,0,31.775505095338662,28.62627016198288,-1.387784786224838,8.463562796764988,61.6215990021346
1,0,0.2809746844829787,24.387445673505038,63.214263912554905,2.2850391854947434,0,0,1,0.14277498470300815,0.778346614175668,0.5122928075336678,0,17.617136512340434,1,0,1.2404925221421372,4.016767510580785,0,2.995605292548298,2.7542171459609923,0,-1.1068944219793109,-0.35454218974336493,1,50.952437117065884,12.866100914271271,-4.092504498896687,7.668676593058297,22.54434217651999
1,0,-0.19056038941337256,68.52576968664002,0.06741730879423757,1.5432385871661476,1,1,0,0.9915257441392917,1.8900278379261481,0.6002377528216591,1,24.45366691497881,4,1,1.5991578374227942,0.3658311514226761,0,5.311800207444728,0.5166286547137037,1,-1.0117682265068395,0.7570175909980826,4,98.53137114015678,22.759938298833283,-7.574950812283293,3.1564938133676357,68.91212063602595
0,1,-0.30637775363915154,25.689033775973687,95.08446785452175,16.192494844973066,0,1,2,0.18755835074675986,-0.8787262422742068,0.4371264268208418,0,79.7763941785453,0,0,3.388170157185444,8.955631811650687,0,37.2035618366658,14.919145017711344,1,1.9669273219758958,-0.18738045695376393,0,0.9245288907188398,39.632812402709334,9.894007473884294,22.558766331114338,25.49173022022866
0,2,-1.5580391110710563,37.55719515310509,74.43809015010994,4.26762400691709,1,0,2,0.5061120636110148,0.21145602303552022,0.6074245883633167,1,26.62589218797578,2,0,5.351794078646622,4.868757550158612,1,75.13253386648685,2.907376311884601,0,1.5558716241024466,-0.23516482305809377,0,44.771842597754244,34.35246975526995,-2.673279926451415,19.979044311328455,53.31913088767435
1,0,-0.9074098666760739,40.54946305151118,87.38158967359531,6.619244794097707,0,1,1,0.3936346247894653,1.7175938070607024,0.9003482808795281,0,62.776874194351365,1,0,-3.6025123104037826,1.4955893637022561,1,67.80149428664689,5.368349690884984,0,2.0859956977636855,-0.09471345397493794,2,19.129115624546415,36.63492384636485,-0.10829049864214468,37.68364958233826,28.009727828095563
1,2,0.9112131005549986,57.48890490849846,35.154577701744316,1.9868627722920729,1,0,0,0.42331358141391867,-0.9419881753691917,0.6307487973926594,1,23.045365963525228,3,1,-8.860325512225835,8.785176526276677,1,36.78365826951619,1.709468000688708,0,-1.5256446708202838,0.7038514816327126,3,72.68075701916042,10.038764911305694,-7.306486068307642,16.969178951061412,31.952029635262498
1,1,0.9700945989434703,55.705741513470244,36.857066137458915,2.0511497375381773,1,0,0,0.614101765326632,0.1187471002862017,0.490151389758177,1,19.052090938302385,3,0,5.64761960583332,3.7985740966497414,0,44.62882768739516,2.057066842915061,1,-0.7061136203866226,1.2772970552660037,1,68.65352834975182,12.922002560757345,-4.5745645230483065,24.55967810499848,36.80826367677439
1,1,0.5759057123160679,69.08175484393622,7.952181581050461,1.8163865777760126,1,1,0,0.9710991645994742,1.3396169456607512,0.5098816730398998,1,22.578123947913173,4,1,-4.786589126932224,3.4138575135258673,0,73.06641593307047,1.5496778136622267,2,0.11227216819647164,-0.7186264496551978,4,81.82416553369248,11.951241796877222,-7.296414071003555,38.23391096464037,26.111305478600705
0,0,0.1847318371226243,32.38955275748093,46.49511073113519,1.8314817528167195,0,1,1,0.2854269140352145,0.43878945788808527,0.44460013554007854,0,22.575523910084215,2,0,2.5370117570113315,0.7880373378823262,1,60.328747401817246,2.272049353763728,0,-0.1791371109263981,1.3557318050044962,0,58.81354435582029,6.74366349524703,-0.9405354831580564,23.368779564089127,34.09644433069184
1,2,-0.27696308279561543,40.320084921211446,57.57726279871914,0.7841398192090114,0,1,1,0.3688619197514372,-0.6731495875552428,0.5650848284087953,0,25.91885133553162,0,1,2.6512238871891896,5.842521397927656,0,10.236852336376803,2.7531311159773155,1,-0.8984796502332584,0.4385097639197842,1,52.13320198490794,22.761521058720575,-2.3813925321798814,12.648008391820474,30.78352508162736
1,1,0.38251153224829615,59.21220857163483,81.35429280886768,1.8525208243509426,1,0,0,0.786829960072282,1.0678874572883257,0.8085350815328912,1,32.45947054096539,1,0,4.526884871172907,8.539307970660415,1,53.13493179763861,2.981406997580565,2,-1.1740336189176646,0.7081522906507774,3,38.465703553349044,4.1643709329716145,-6.247326801436266,30.98538683672123,46.98218597097063
0,0,0.3974219862396316,28.045795121912256,79.05452864662288,8.3460060206907,0,1,1,0.19260329581810648,-0.36425000543140307,0.6831792685113204,0,62.300157544267414,1,1,3.959958620615593,3.5742062782102724,0,15.407083039463597,5.051549186707702,0,0.7138097510373937,-0.1895633679849158,0,20.22106717091067,36.993431084021005,6.4202913800493455,13.276805108988388,24.97087452043283
0,0,-0.4337007704620737,34.18526545801326,60.92958813794933,1.8630735334600148,0,0,1,0.23425999868301944,-0.4424198632017105,0.4214568853260902,0,20.023040109190976,0,1,2.50230721734912,3.270512291155103,1,42.92449293845075,2.175762187343868,2,0.1755414852833856,0.11040532974463413,1,52.39623134935657,18.412259825580414,-2.561923306555709,19.661931323076978,46.323729097337036
1,0,0.6491458641672504,56.38717817690464,33.21078576794662,1.5904869322173867,1,0,0,0.7532920689790403,0.12990502732168174,0.40506251079068745,1,26.414483910047114,1,1,-7.128047157086268,1.5391505097548046,0,24.513377986872477,2.0466243281778747,0,-0.7613712483763182,-0.12026726646504339,3,69.85660169192003,6.228658591785907,-5.111604487865077,34.3398239174585,57.45467580858923
0,0,-0.6022666793981458,39.129624361945034,55.32041971804593,1.9914184404273463,1,1,1,0.38852472753066725,1.0485923144405669,0.45480262007815336,0,47.63887415848637,1,0,3.1988191055921877,2.3049481621289636,0,9.819536092185622,3.6224016330063313,0,0.7192059022742255,-0.3006987071695015,0,39.73141653773043,24.320626801673324,4.538425795962844,15.167394357711611,44.79127440935162
1,1,-0.5951533807705163,67.78252063462428,5.759057900926479,1.4209156874336946,1,1,0,0.9818271764291551,2.700431884027017,0.5857285623317523,1,21.06075290952407,3,1,-6.867043229991098,4.2212972187981865,1,52.816215648960174,1.3313553773752775,1,-0.11273439763842613,-0.21019816559814017,4,85.93672576168315,7.558494184590208,-7.399050770899196,24.49237238534923,51.544204215797606
0,2,-0.47908227391759445,47.23522577523174,83.2377937653376,3.658066677278118,1,1,1,0.6485133569859874,-2.2843065817744526,0.3234855348854743,0,44.45160040874076,2,0,2.808071941111546,6.816591047464869,1,66.40265013518845,4.278240388263015,1,0.8525817462209745,-0.3520125065056821,1,26.57901178822648,29.462275468892678,0.937337205050369,36.488591287508896,34.488014228634306
1,0,0.034125789634229256,48.97560964774641,14.737140000222748,1.1875207357868691,1,0,0,0.5055613002121763,1.274482890479292,0.596322477529416,1,48.36665288803205,3,1,-8.5972641340073,1.072097482363394,1,64.91575518757227,1.0166776035462708,1,-1.0778637053706441,1.3698553970017395,3,85.97184655899214,10.884392333975239,-7.705290762436636,12.379758212236203,26.055674571825968
0,2,-1.4170829234510962,36.183498653774436,62.264134812822256,1.4965852857340831,1,0,1,0.4288216278046658,-0.8850814314922679,0.14196684529182424,0,34.66542189559679,0,1,-1.7849717057177692,3.995828055490262,1,33.65921034552174,2.9690438117696343,1,0.7306291134516353,-0.24264528956847353,0,47.99476178198254,16.62740515499519,1.5699055234335635,13.79981053961802,67.92633442437938
0,2,-0.3264364309919894,53.10316738602426,56.072621632436125,2.4282976462265324,1,0,0,0.6669011334162434,0.17818120376662422,0.24542874656494962,1,30.73341279622642,1,0,7.139520591307431,5.737650184941865,0,65.95925796572241,2.100798405954205,0,-0.1500112783508183,1.6685583093785923,1,81.50953827608399,11.451300108320577,-3.1273251977146828,24.22716899501925,42.746400197499696
0,2,0.4543902630606983,36.51432288347499,54.670376259121525,2.136414620184823,0,0,1,0.2694121478584924,-2.2450760353514196,0.29206625625394766,1,21.697847368427503,1,1,9.63621188876241,2.893068309270467,1,13.814512242245103,2.2553602869350717,0,-0.2323362066548125,0.08897837570376568,1,62.47206008456403,28.59141295706464,-3.376006903787909,20.12801698779497,29.98658777164372
1,1,-0.16558782581096837,50.09518055525438,42.02572167880724,2.3813856451113296,1,0,0,0.7222371033619608,0.028061711547020057,0.5858182990991363,1,28.350957633733223,1,1,-7.990082094028269,4.476587550693467,0,44.17501341432167,1.8318405890284255,0,0.011077765737040803,-1.1060003924485438,2,67.03400846780201,15.340106070341799,-4.80322899869563,15.685553503598799,21.072891670410357
1,1,-0.033044379679748506,38.66438074874059,74.04452932246228,2.3265309054855856,0,0,2,0.32047790880040483,-0.72447677561467,0.4945270955306564,1,24.797850769995556,2,0,1.5700971074976433,5.627878965006252,1,33.60765706243117,3.3133390423518545,1,-0.3741453628392772,0.4894348211984667,0,44.816345433389856,14.398841405993128,-4.397740562911454,30.368290326185413,31.48260687898435
1,1,1.2372752452806153,57.832722082034785,26.884791806506314,1.746864593503179,1,0,0,0.7119754484883475,-0.4913909128136624,0.412577698322629,1,22.247986442991525,1,1,-7.480003877684388,4.01627371209239,0,75.4032224190218,1.2676256950514917,0,-2.0160332746881355,1.2430578271155548,1,73.56624973698094,14.916949430407932,-1.922138917854726,8.176404939443406,41.992681488411776
1,0,0.03887306966625146,39.08267839504973,32.89393844675777,1.8510026527789458,0,0,0,0.2654199113328666,0.6887076916687436,0.6532348929292593,1,34.353402741927134,1,0,5.611917040321011,1.7640766180333454,1,70.90008006859455,1.6712287651694844,0,-1.1985869668664502,1.153306027680485,3,68.61007657176124,10.105334725869904,-6.096324304909064,13.148340524337364,48.41876677644586
0,0,-0.31512530556915874,44.963952774243026,60.75305999662485,4.44303628157748,1,1,1,0.38375880696509984,0.10893563752229597,0.7704486488112807,0,42.45700717797111,0,0,4.9062282156351955,3.335795235465407,0,73.24793828598845,4.30420493208093,0,0.7298888820381586,-0.22904195178107803,0,30.877754505521303,23.59225480969517,5.781905072020329,11.526554500339598,26.790697082605654
1,1,0.21470313678606295,40.945018427769426,31.046614304942644,2.665780301055644,0,1,0,0.3427261151956112,0.39165734635329574,0.49650459397493335,0,25.2896891811163,0,1,-1.6838045975463523,1.864426193305535,0,65.38623777304326,2.5033930115603686,2,-0.12016888272932123,-0.7401858242979071,1,51.706260796189376,19.569265401153487,0.8461470278130694,8.199449855504039,22.805293746763354
0,1,-0.5001944998003495,56.08162549152715,56.195886908779855,3.1139813401862018,1,1,0,0.7888816089446128,0.21704171546336154,0.38214714592663607,0,39.65738295369368,0,0,-5.0331686491535,6.855722356079684,1,66.7492759647105,3.146772001980507,0,0.7918371008822983,-0.5197830199903459,0,45.317447708529215,21.129988833304687,0.8163734460398473,24.826589550344078,63.446181220620744
0,1,-0.5382680863765449,39.83177586470238,52.372189661032166,1.7780616383238492,0,0,0,0.275664535497436,-0.4498735492567434,0.4220684031684215,1,27.121112848249204,2,0,-4.067590698652123,2.760958623719068,1,71.54137510462712,2.1334779729448683,0,-0.31847094687118793,-1.3049300502436338,1,67.28718180346394,7.577642504913797,-2.87768568561226,15.163567363091897,28.173248141104658
0,0,2.029843362402483,45.87751001142253,34.34593887819569,2.5972651304384677,0,0,0,0.36633527275302524,-1.0797663258521024,0.14471211625517927,1,22.256252423592933,1,0,0.09176986246908392,3.4120990388755916,0,59.91489546930428,1.7417115154464702,2,-1.8029798548444114,-1.2475418028294394,1,71.21350311718722,7.198991130826522,-3.3530562086323457,12.73773100074969,25.873951099054175
1,2,-0.22516247821027371,68.40272076873282,24.983239068083307,2.152528653066064,1,0,0,0.9916358757730973,0.12636031185516833,0.5427667739985731,1,25.30833648919635,3,0,-7.774119623950484,7.774143645023049,1,38.710073026879435,1.567336893497266,0,-0.7067871216172092,0.48171966959427026,2,80.24746005604992,14.72174784723514,-4.905501306157016,23.314463537679707,67.63792088325805
0,0,1.9513421935898358,23.26227423509198,67.08554972352955,5.9094842843445745,0,1,2,0.06674139280004104,-0.00766905579069508,0.34928946821831786,0,62.13836084910818,0,0,-7.7867294763841315,1.1242392660186045,1,59.65162889889589,5.770554970478516,0,-0.32578469434845675,-1.2038865164441719,0,17.220390954272695,23.418606896787235,9.231942231452827,19.521315429903577,26.52674235342346
1,0,-0.6388591492794465,44.57062589333492,20.688702022719596,2.497403854232607,0,0,0,0.3723419524655883,0.595400948225806,0.3864428202885986,1,21.91563289959351,3,1,1.7358508898762874,1.9214129135096627,1,34.7938576014668,1.5209758905101005,1,1.4631110494757966,-0.06006420088821494,2,76.62909428596654,20.534639907930217,-4.445958765812258,12.710827006883001,56.537419121965286
1,0,0.2733439291677714,37.46655384024159,49.97245755782932,1.8672878408510138,0,0,0,0.32625776088732295,0.9264229236540702,0.2378792940687483,1,23.805637955192985,1,1,-6.626145096965707,3.043000248549798,0,32.76512482332301,2.1713270176942383,0,-0.6209326926741847,0.47964856897156394,2,61.67338651670822,10.061101591322892,-3.543147421109218,23.754295790288623,27.57163515526855
1,0,1.311950321973544,68.88040626714312,0.174917508645539,2.4918491932877966,1,1,0,0.9813092599521591,2.0876073815336733,0.052142758042493076,1,21.098894681299882,4,0,0.801672394141475,1.218244417674654,0,22.060956015646404,0.6278273810674656,1,-1.0145974230168189,-1.0834061649610938,4,97.74037179433806,12.30509768087317,-8.742248233461307,21.855672644845548,63.08261981655552
1,0,0.49517109896459544,22.604174397068487,46.03471971559796,2.330480941414238,0,1,1,0.19300306466877126,-0.6032211447066277,0.7898348460514409,1,18.6565557558518,1,1,-6.571708282843253,0.3827490833304522,0,35.01489018104373,2.3330544200523113,0,-0.621637868423882,0.22001270529483236,1,58.652528512232024,6.722818000134909,-3.5303249276870385,12.0274483371692,40.62802331393071
0,0,-0.13346312646425063,22.238995631323576,90.21908973296293,15.478698320637141,0,1,2,0.1657390877778841,-0.49074183168814395,0.29744455224084076,0,79.12431340228625,0,0,0.7767113665763858,2.057825112044988,1,52.08514936273646,11.869670320774084,0,1.4856727035100132,-0.22000698393455123,0,3.3488846425117904,39.23395104115701,9.179986634661965,36.305763300709785,30.132590577327917
1,0,-0.012576405172619064,69.56723780304063,5.437339947481146,3.54350808721103,1,0,0,0.9973465176351792,0.48358904603750624,0.7825401323918503,1,20.249908484108996,4,1,-1.8179848466467643,1.531050726837784,1,49.31592177971909,1.017267557626389,2,0.05632068165110698,-0.24933608195587414,3,92.19999841104591,23.766417249676355,-6.963706425834793,23.81680719255265,69.97205146554634
0,1,1.2828763451627156,39.504361870106564,38.4835839563502,1.3448180625381776,0,1,0,0.3265649694396304,0.3736846793210353,0.32498635665059245,0,23.96963994289336,0,1,-9.489169774606856,3.8946493452301136,0,28.08148137475805,2.2728851576055282,0,-1.1119610602928809,0.3191292098725893,0,64.63591566329498,13.595400226524891,0.39008047078590735,7.763227541137119,22.389132601352557
0,0,0.026940223012116325,28.617620962352376,3.1508841969483226,2.2559387615625797,0,1,0,0.2819797359570596,0.27860119355907054,7.763533487575858e-05,0,21.192236979327348,0,0,-0.5829856981902122,0.6766103949810554,0,52.524266351796875,1.786033393981583,1,-0.05900058685842605,-0.48031049459816294,1,76.27338631780556,15.932470841493577,5.134419368528311,2.427656649795862,32.54001671402025
0,2,0.609500483339955,24.36516557130713,95.08352676534211,14.597258562255757,1,1,2,0.26929214802942897,0.14640524944145755,0.47540954967060023,0,79.99231715581813,0,1,2.2907608365085395,9.085667559739294,1,22.34691526150233,23.95544486686484,0,0.7313917567700501,-0.292990975640509,0,0.1855866512810056,39.415147338013526,9.986654136469202,21.36028890898286,26.43649830009503
0,0,-0.8297196063861819,44.71755531841544,54.61277557205935,1.5704732479357655,1,1,1,0.5982056173430409,1.5546663817137862,0.5633858021721349,0,29.682209137411462,0,1,-0.3255850939064544,2.5565799630624153,0,41.29295627506433,3.2745643705711887,0,0.07114437875013124,0.009201164548907202,0,40.72034619895648,5.998867188602781,4.289983286569438,17.49402440977816,54.64373647694248
0,2,0.5168157763984355,57.191744780042704,48.30010548681288,1.745628646988593,1,0,0,0.7537313049768792,-0.3004682039255888,0.36975825083675185,0,18.16817557765488,2,1,-1.803562652340828,3.8359079507688256,0,19.108275532652105,1.9108338286340205,1,-0.23755244567169753,0.5962473717188908,1,64.60469841608602,10.044760548145542,-1.2863279350625714,19.71463154051545,33.93520164669682
1,0,1.125717088546019,31.889081190192556,43.08990943831438,2.6701261293575027,0,0,1,0.2660062291979898,0.2571181855617625,0.5859422568179496,0,27.798473304287754,3,1,-2.223766926591514,1.7286583427926527,0,50.11710835775187,1.8417897001448962,1,-0.5318026237422304,0.4055681334890973,2,68.63826268139283,11.126254874874544,-4.128944459929331,7.895771129393847,26.62826714081843
1,1,-2.3439936729312545,38.81205236801402,45.44659543948138,1.5285896355579345,1,0,0,0.5705756199221248,-0.14993405712662605,0.554697926995264,1,23.13975576612693,1,1,1.1856190745779287,2.2708672870165643,1,46.45404813282019,2.0253352026919216,1,1.1696978200084898,0.03307627729938116,1,67.7411899874744,17.627666120984355,-5.819724394057247,19.25743735749998,64.05138474422188
0,2,-0.4033311389793338,67.2067638763715,83.97785494482737,1.4590948971423718,1,1,0,0.950853957374517,-0.6613836622733423,0.5988618930379606,0,68.19419679935424,0,0,2.8511251615657685,4.379635821669561,0,56.380390641304515,6.019074765837137,0,-0.9781545744603106,-0.24899779321457582,0,16.103040785106828,5.8121187144930335,7.7149314769820165,37.548755247406774,69.86707662826048
0,0,0.9731771539259017,54.19914824008722,34.979478802485886,2.1485965571519525,1,0,0,0.6018587927989595,-0.6041928312034085,0.3559232559104652,1,22.067131827393208,0,0,-3.546149802155158,3.049804403919959,0,14.789415550460125,1.8866448455243638,0,-1.2812496503143938,0.6216135159805514,1,67.4257637113122,8.69885180085712,1.1507728712346825,6.629420339242936,67.9634620883466
1,1,0.05574136161097011,46.881555589622046,19.341379836733726,2.763461454776559,1,1,0,0.49618635332764205,-1.661558491653031,0.21839732038688953,0,19.330567718867336,1,0,3.0456499147563676,1.8865905535866163,0,63.15674855806844,1.6015887036573222,0,-0.33076151890804667,-0.05425401328412481,1,75.86720094754594,15.216986413948437,-1.3003605810626855,6.865539702922123,37.065505190453614
0,1,1.8806656588183879,64.54480126759007,60.25183741768196,1.8772913677373984,1,0,0,0.7937291003996791,-0.23495526101441278,0.5190169469582946,1,20.487823138196482,2,1,0.35697729899590236,3.0256179588445407,0,38.65766478985657,1.9665687469023707,2,-1.847594257381096,-0.3950044805590714,1,59.91113995541445,20.202483793993224,-1.8450441305825684,33.36209554732601,68.48884596213898
0,2,0.774229626992839,55.53460304854811,78.07829780597405,2.741743679673895,1,0,1,0.6851453043670306,0.9075376903987017,0.5503365083528075,1,28.854720807278625,0,1,-4.424986694860095,11.379087070203033,1,33.22531193477287,2.714578237068625,0,-0.8324652405251344,-0.10248519410679653,2,41.20077985868696,11.03194939836198,-1.3534756158570094,31.2504877037639,50.739097688640655
0,0,0.3337406937596126,40.245112207226455,50.62044392926671,1.4176718769328296,0,0,1,0.3092059951056678,-1.192437845579466,0.3622018681244415,1,23.46711172219827,1,1,9.312403387222204,2.2558954284379866,1,45.14326801457231,1.9296061551258636,2,-0.7212525384017969,-0.5578192598080659,2,63.054668353553645,5.050835253131327,-1.547041019624082,14.797004966171937,51.61050560160165
1,0,2.3883082296028078,55.94573122374727,46.71211487192168,1.3886449560546748,0,0,0,0.4927127152106001,0.22425323976467534,0.6508321779064454,1,19.78482204387862,0,1,-2.7556688201431427,2.1315809293904135,0,75.46769121797414,1.7767043348482794,0,-1.580882566012316,1.3577964323267748,2,69.2312561700538,12.08589345970048,-5.486980547463989,28.50787197021262,29.875438107125923
0,0,-0.4513015967202733,38.72349557798634,43.19015263794619,2.8839290542333917,1,1,1,0.38098723550410274,-0.5465995196284907,0.17230517581879584,0,21.813757532683713,1,1,0.9775124279220577,1.8165378249912882,0,75.22686464893249,2.5709425535651387,1,0.07295207525572728,0.27500036129188515,0,51.36838485913342,13.554819733779395,4.566659945573374,6.081984012919703,26.680189270491343
0,0,0.49262851284068415,31.21506892914406,66.04642577408693,2.762093113474053,0,0,2,0.1754627149442085,-1.6074334782665098,0.4835853109782363,0,29.653568152062498,0,0,-0.4911772960228724,3.1192945661315585,0,8.77254551750864,2.8199802601356843,0,-0.05237328973094926,0.15134589341396393,0,46.39233244773479,14.859588795730133,-1.6232329553363236,13.668711040149761,40.309165326726514
1,1,1.944402395459336,60.820797777372235,38.66292996770963,2.0790837146587187,1,0,0,0.6556662784440759,1.2482668728659079,0.4309081205913082,1,21.624280377824352,2,1,-0.11572585896412235,2.8264397790845788,0,53.4916936126131,2.1511059505666483,0,-1.1929238373556168,-0.4118766641263478,0,65.55049990139864,12.032635745045038,-3.41527650734281,27.401250867303844,35.48353674584986
1,0,-0.49916146439501835,34.95141471816788,25.827057030594947,1.4284450370273218,0,1,0,0.2976529589752233,0.1614547590678861,0.17613636149380657,0,32.0624534147441,0,1,-5.141447623565904,0.8796676211909344,1,38.95229595386093,1.9768612597121438,1,0.03781846066874515,-0.014894060547845268,1,69.49448314653557,17.817947461363815,-2.3462129824888853,23.169203835538585,51.085300652477194
0,0,-0.18793690955364087,24.59329185365782,99.34894489850676,19.93068415637591,0,1,2,0.22900200838438994,-1.4881159153140093,0.9656126801010471,0,79.98829126736739,0,0,2.909455041966975,5.116074431685077,1,29.870054721060537,25.90351391505251,1,2.9574973989233464,-0.4548367416722724,0,0.10642257551704004,39.94661577401445,9.933550252713513,28.783681968587658,61.75258646690076
0,0,-0.7774797138652237,27.814684586317718,57.540957070084275,1.8756663975369068,0,0,1,0.30792588054281367,-0.814028863978198,0.5111729186296678,1,19.491662244190827,3,1,1.6993210854921408,1.8134263056475717,0,5.17021750942229,2.5897800950098886,1,0.5227301048768966,0.4303708422890291,0,50.9178874982763,10.2677702715165,-1.0016784603226068,6.079111975654799,55.50958964241802
1,0,0.18955864999424277,68.57861716043811,2.760507946018753,1.463879842572653,1,0,0,0.9826908048226691,0.8292788897514766,0.8497393248619421,1,21.486652997271392,4,1,3.257552858162537,1.8222650203198636,0,76.7470557387237,1.0117206817675373,2,-0.47956488838492073,0.24979895410887198,4,79.65051866021938,10.470671396661423,-8.19914657301553,13.316043156510965,47.22474657029581
1,0,0.3039992370679624,25.05358877642868,41.69604147547254,2.0532297959388757,0,1,1,0.2975392345959471,0.6361679752400038,0.7646012357904728,0,20.38048601410776,0,1,4.364123465228268,0.9793796268117614,1,49.18659230654124,2.2516204544529557,1,-0.5346889981027064,-0.2446644795274,1,56.90960110654627,13.148373031877586,-1.030890405687824,3.1414312090381458,25.560375197792446
1,1,-0.6571328700739828,21.683054885849412,61.33104755032879,2.6055577011739617,0,0,2,0.13816411043578325,0.3864230571415247,0.7013176798451941,1,19.807851230202374,2,0,-8.60744235467873,5.466345795692513,1,6.127355588984651,2.650588356228638,2,0.7969778122917144,0.5853424079103438,2,36.83309391074007,25.145661936707356,-4.4786955954735745,3.2933530438613734,26.643675770091647
1,2,1.5348778905959437,48.67905347916382,38.31579907455711,1.1755138710149518,0,0,0,0.33242040665879746,-0.2667137673453667,0.11978173262171432,1,20.06013154143435,3,1,2.0621598328949062,4.3905781556523875,0,14.723553319415664,1.6390324655856898,2,-2.1452228004584546,0.02838239019206661,3,71.73194949513206,11.624415443744848,-7.31565083678969,13.436681170393125,21.2900466468272
1,2,-0.8095634153841252,69.77878428038264,5.049023515198398,1.8977098214272716,1,0,0,0.9988268882313989,3.0725662789031247,0.23608929361565317,1,18.820165851325484,2,0,-3.1137450746284356,6.760348598897759,0,48.52317094836148,1.0651686961673625,1,0.937853564178866,-0.35469181245222925,4,74.5488917465737,14.862830273367749,-7.8029242970085395,32.53455642384039,66.88579889643279
0,0,0.4309234393756146,39.796344223654515,28.50034153942494,1.4357627928434258,0,1,0,0.07339057344193656,-0.8309440421861778,0.18279939140374624,0,21.57045058788303,0,1,0.4018338721878312,0.5546254014326911,0,47.22407177764704,2.2488622747542997,0,-0.7177508928326819,-1.0729300894102705,0,62.3006618896696,12.574527696375783,-0.012466384739751035,14.74569740501968,38.903250145306046
1,0,0.5824726812127152,59.75553077998903,16.22351117793649,2.6000442628863527,1,1,0,0.7754798190254852,2.033174527124998,0.7251870304570934,1,23.900762739196164,4,1,1.1423923509731164,3.374930037578093,0,49.32083380771875,1.538815980423387,1,-0.2900271983021843,-0.8622537766416307,3,78.47450410974658,25.036810352241034,-5.539089332667394,13.370069074488779,38.14184436762831
0,1,0.796709377009179,30.949990881377126,92.83775826512439,3.145507919492695,1,1,2,0.43694049621491504,-2.1056858232895834,0.3951703357338061,0,59.74817015526675,0,1,-3.83020942619879,4.017711558635211,0,0.12274881402051019,5.234245200687743,1,-0.39632790981742383,-1.6342152303019961,1,19.8252948161457,18.09197964102517,0.6979269152461924,39.36880125066198,39.968112186289176
1,1,-0.9385057373262339,41.34627809646159,58.168969472372524,1.826182895193026,1,0,1,0.4333591823052861,-1.0300488367898821,0.7786796946287734,1,20.436462664861857,3,1,-1.1243292026481573,4.131416380073597,1,26.883802026058156,2.2781154245213067,0,0.6955476730384633,0.13323849312852895,2,55.70263257583827,17.1899260069023,-4.587465631729656,14.202692235886696,40.93061591464182
1,0,-0.9898650640707347,42.22336502990555,48.634651521391085,1.7086037773670464,1,0,0,0.5424302772459587,-1.7005057636110084,0.63618942182478,1,21.566438359601552,3,1,7.14556695834888,2.0799933882290826,1,61.9369335298608,2.0378477937183104,0,0.3178132066088938,-0.40301180197525943,2,62.28321615997567,24.241303116241152,-2.2914063292149933,15.454350683125453,48.32635932498335
1,0,1.4485661905243932,59.26565538572923,5.995040417504782,3.5327245287052986,1,0,0,0.6125067278337409,0.689634884302703,0.5520806717807297,1,32.31044280408814,2,0,4.967587715906674,0.6419443744375598,0,70.66484694518257,1.0438947134010643,1,-1.1991318552954873,-0.6420413298614877,3,89.82703116961022,12.356077559899232,-4.646501682398171,4.165336187088968,43.2270073226192
0,0,-1.4171738667848313,26.329504717241647,43.57544887034154,1.8807731488965844,0,0,1,0.1523515634299762,-0.6895099219935725,0.3782321978170176,1,25.067894871000497,1,1,8.01286456679684,1.5948053216258025,1,21.897855654485188,1.8129161257609394,2,0.9093533684163926,0.9667235285815251,0,68.54469733050077,18.051660425637078,-2.6639891967667397,6.330096292253677,64.7094663772021
0,0,0.09253068871024653,31.809615549926757,33.89318142499156,1.124873338226772,0,1,0,0.15141965296947746,-1.8423539445007677,0.25646969652002005,0,18.823438736050697,0,1,-1.2781896408151372,1.8738276550040516,1,55.91069243433242,2.401553575072055,2,-0.6851214754265491,0.08264218682201349,1,64.86776967716959,11.931536660912776,-2.2995549480079767,6.880870014849927,42.984063443799684
1,0,-0.6066123486336443,43.6182362611307,28.961121066478025,2.6268871302210814,1,0,0,0.5127296530416965,-1.4405878242947012,0.24964177999340065,1,34.69778903480669,2,1,-6.177902165983591,1.0532968163491825,0,31.901391051651665,1.7155803652704993,2,1.6116935141053579,0.40348271872076674,1,70.29910477030224,11.796557235665492,-0.2513247455697005,27.095009747703852,52.2694457338297
0,2,-1.7724602635498887,45.20546457297321,67.46601572997335,1.9449578888923063,1,0,1,0.57234249842353,0.6778559460042771,0.26891395938144097,0,28.90476224800896,2,1,-4.6565029060835625,5.245617448569321,1,51.03703137763656,2.622632683553969,0,0.6457447178972312,-0.21128833277198936,0,38.96415075546901,17.649590423922096,-0.9925570404631028,28.02473814749726,56.898886497925844
0,0,0.33661380826449433,21.983396271318906,91.1633269003331,14.824194171607687,0,1,2,0.07348679969696859,0.9492371077921017,0.6784300539115878,0,79.70337961879491,0,0,-0.49265408776255626,1.182370245534974,1,26.880753032195987,16.806171336715302,0,1.0505665479740698,-2.2123852129675994,0,0.8808390666811161,35.891173031560456,9.932046556158443,25.936016005097056,31.97678665334027
0,2,0.6211154312389433,25.13827404434454,78.97749265446508,17.522118937765796,0,1,2,0.1208896625639091,-0.16894140866165663,0.09603264354702767,0,73.51526500434268,2,1,-4.147290184929586,6.289978858221889,0,60.060994284158994,7.16460493312082,2,2.0365720529671574,0.36829005179903107,0,8.279697634905197,39.65257055215095,7.28830228119061,33.62428310650795,21.179383489252288
0,0,-0.20090821815333354,32.5642786125617,54.76789478309697,2.5251324148797467,0,0,1,0.2537037415704909,-0.7833229415405855,0.743414933741639,1,21.347956562757812,1,1,-6.4856088230005104,1.2752943246599306,0,39.77817021043248,2.316073250786148,1,0.08144802009301341,-0.6104758486083371,0,52.954256305359316,20.911147107742213,0.9327907194214529,6.449758368845238,30.047380215458983
0,0,0.30097089457361964,26.503729123874557,96.9106736747445,7.99478237694483,0,1,2,0.23105653154025296,0.3210021206311098,0.20433294003689478,0,79.47603206846195,0,1,-0.9368533461446162,3.462629024340223,1,7.669890517009184,15.495073209128279,1,1.337858336879475,1.7791551771263143,0,1.3218678711506116,36.278672292359275,9.258892862073871,39.75407737801022,62.32490407103003
1,0,-0.0300923043789423,44.80113572644405,40.037211520142144,1.8515869936906242,0,0,0,0.4395506416931694,-0.6313624850241469,0.8394319597730586,1,20.298082992783257,2,1,-5.96185418742447,1.0943089537812904,1,18.224798312786866,2.03709434201953,1,0.5382312931849462,-0.1401618795172925,3,67.4662998800462,6.965695586571945,-5.0413255878891015,19.34174943632995,52.62053290805446
1,1,0.1313107401171817,54.89909609223237,29.937408935180994,2.433854197376364,1,1,0,0.7028941089224621,0.12344384822957577,0.7558332856864151,1,23.70767499863982,3,1,7.338369696229119,4.690124420146468,0,17.657926943400994,1.8355647373414348,2,0.21720957341325878,-1.2640434324564471,3,68.76213979781116,10.410373315397958,-4.857692757710099,16.47312971009916,26.32604414491761
0,1,-2.208662950200204,53.41208809241383,84.2725469076465,3.456647132540723,1,1,1,0.866516896312679,0.6053898336910157,0.9977756360611049,0,41.49652179005788,3,0,-7.543373081414605,4.244152518341013,1,79.84849354265612,4.040139232436977,0,2.2162257330939363,-0.36874062045419725,1,31.254932961964865,34.036444274804644,-1.6091453362202746,20.623541997681265,52.6158436635139
1,0,0.41943066888758973,33.21356927962564,99.99999684335936,54.598150033144236,0,0,2,0.20107783069709195,0.06914638381727145,1.0,1,79.99603358781529,3,0,-9.264339060242357,0.8421932266279236,1,54.154970432077256,20.034205752668345,0,3.4794712358714786,-0.6895390713307288,3,0.06895439866692055,39.999999999997826,-5.696634348626484,37.52354954249617,30.196200105896573
0,0,0.15048819884652187,29.575764312928783,81.82854892885925,11.925618847628977,0,1,2,0.2046890443066105,0.753673754675374,0.5755904054402772,0,76.29345549909294,0,1,-6.967010562165107,1.4758280242862651,0,50.82500544717792,9.262457619321113,0,0.8280620722936692,0.09729741425197862,0,5.992131291227764,39.72743217617018,9.172819763381938,22.27110641172274,21.090281903202914
1,0,-0.15573525892174372,41.22417888370634,63.45898220050075,2.3272296259529592,1,1,1,0.4036325106809723,-0.2674215640109713,0.6792210732351318,0,36.4415181592394,1,0,5.169274367900503,1.9033507024935918,0,21.219443693156073,2.9949599758006737,0,-0.9952292836568357,0.8126546426306702,1,45.90024023208805,15.197271497336953,-1.7612028088100864,28.994256812979895,25.14639560437872
1,0,2.917673946779396,68.67719416841142,1.0742401286877146,2.668746392674426,1,0,0,0.9326528054384351,-0.4826791125345084,0.3670644501934237,1,22.38922896378755,3,0,2.5067447633095625,1.213517875433081,0,27.128226181074805,0.7530257525932794,1,-1.6573819476391023,-0.3659817021914415,1,95.93264817447337,16.87052913161812,-4.784476814187548,0.7563345678209732,69.76153777950478
0,0,0.7366211191255925,32.837600597392495,55.09761572388096,3.77189615434248,0,0,1,0.18929365486939725,0.006264741763956865,0.6260580152923664,1,23.22191039025558,2,0,-5.009733940326795,1.3804392477329654,0,37.64442604928433,2.347927678129408,0,0.0560997035704576,0.788683235520536,1,53.81051715012892,24.836780073422,-1.8084114959864106,16.834325299804668,21.979127112056574
1,0,0.8200802945232998,51.6581701566352,9.894869103582455,1.1983695393188423,1,0,0,0.5900221452082078,0.5891775301901253,0.39560305451314376,1,19.8345989838224,3,1,4.415116924422033,1.5358634366308255,1,75.47806102283946,1.116704861790773,2,-1.1734252441094897,-0.3803158175544913,3,86.9342891324816,10.476093570371836,-3.4090543922948573,8.182003651472431,28.29242156751398
0,0,0.49079506265703604,35.12906329076816,62.886893790474716,1.8627744108939062,0,0,1,0.3428777963548442,-0.29738598628643725,0.8442928759967917,1,31.096843400124897,1,1,9.375794286199213,3.365930027194517,1,21.114904508186292,2.520921082870956,0,-0.6294967479719005,0.684320941458488,1,54.53084414345407,12.447619539204506,-4.383078195245198,7.023304484066212,63.687166876884675
1,0,1.9876317518748032,51.0748708088749,32.63969463268936,1.882314836756299,0,1,0,0.4116143377195855,0.06233432014939119,0.49087709024278997,0,20.10108177200383,1,1,-0.1654117521284011,1.8419102449169933,0,44.94225803481859,2.758276812314259,0,-1.682446884260845,-0.21648333676339243,1,62.67808470524303,13.880162536680288,-0.1738560860175724,18.4972157381907,25.054695603666204
0,1,-1.207373222268118,21.24292389647768,93.66926491972004,10.453575799445026,0,1,2,0.09204162499223456,0.48684245333893617,0.5204686270656259,0,79.55346903519015,0,0,-6.650372163976272,5.348555017100452,1,27.341395899027418,12.92679114101318,0,1.0877218173958396,0.1439144404517911,0,0.5471150031071459,39.753875877362034,9.19955748225561,29.990718865161625,30.63710665184756
1,0,-0.3524393140393849,22.70198645181093,42.88036707402996,2.7175680643826476,0,0,2,0.1116374551306129,0.12661821581646956,0.2803751964820184,1,33.28677263920032,1,1,5.5711697674491205,1.955537001023777,1,26.480066389405074,2.278472907329896,1,0.36082810534148674,-0.682980991551742,2,63.20095414861271,20.69999345880464,-5.276469244181474,11.805310174401757,20.7396187862131
1,0,-0.7438670004597425,18.402856409359405,60.15651872517327,6.457584388436155,0,0,2,0.07592108002176662,-0.21459611038670875,0.6198558058949475,1,23.579182091482963,3,0,-9.174969231432948,1.1056446848308192,1,10.689667652780335,2.4786220592192842,2,1.1110935128950117,0.05943800319495011,1,51.49854478411315,36.614722676849425,-2.7612699869407518,4.227428904966026,24.69459677403536
0,0,-0.017218801429007256,23.674900128719838,57.51399136893141,1.4077391152877021,0,0,2,0.17727069107864557,0.37418596316816816,0.4503209094843673,1,18.677116531447652,0,1,8.598346029675938,2.7113109063018053,1,4.399521597448102,1.8169981222608313,0,-0.7851474306573919,2.028767174318662,1,61.20135405261471,14.305015585876726,-4.641784353405088,6.50530263758654,33.66107232462418
1,1,0.42017221313497555,66.60337593201325,12.433302092086318,1.7389438799391506,1,0,0,0.9112282578118605,1.1346098121735018,0.4300965354050126,1,22.765312184341113,2,1,6.615705739051322,4.323432920797354,0,46.55876990679324,1.1815893013338392,0,-0.10621673212835944,0.07051843036690467,3,84.70321225127284,10.261856130805667,-5.462232846137301,19.409014233425314,63.6058109491089
1,0,-1.1903203967134235,56.48636223405959,7.1955935875311186,2.80387968689115,1,0,0,0.8602479187667915,1.2345547034449964,0.16308597018283494,1,22.260160862448526,2,0,-5.7423139277160296,2.1863881828866814,1,48.72829020233225,1.3635334908339742,2,1.0865314409912483,0.28557769852308773,3,86.93841683961703,26.397360516223557,-7.804833597454205,23.200989584866104,36.581078646434705
0,2,-1.1158119846784722,54.32784286395891,73.22964649233074,2.3549190204831,1,1,1,0.81443372525396,-0.11271803648300908,0.24611291332746704,0,38.857799984802114,1,0,-8.71390385817414,5.490326347743202,1,48.75273118361325,3.3006941747297835,2,-0.22234408230040598,-0.5608521521726588,0,41.54926738456716,21.119145460604102,1.9917541599838628,36.57232425791851,62.58079904126354
0,0,-0.03484477808194446,25.522632866089577,64.61891584720925,10.795977585689716,0,1,1,0.2033867361955613,-0.45124893812787675,0.5850577320904182,0,59.31793023764885,0,1,-3.2964580171558,0.5593281318676087,0,72.80426517953848,4.899977538258897,1,1.5255722718856954,2.704727191930009,0,19.883757264907096,38.98043669454913,8.467332456020891,9.93523503497741,22.037228904699035
0,0,0.07880889307195572,31.65260212600122,73.2373038675403,1.7486591911717762,0,0,1,0.25492424331450114,-0.38830110879705604,0.6885838555750698,0,23.348124317300567,3,0,8.767834868109944,2.5080114702756138,0,6.187974197665582,2.783530649099297,0,0.3340304455083091,0.3386686758199998,0,49.1413656308658,9.270635776915991,-0.22972055463974783,11.951530506930897,33.4909169320493
1,2,0.1927207384487785,44.063169910331,79.73791741341209,3.035569387498302,1,0,2,0.41775871782095236,-0.5789184107453577,0.49047819550526767,1,33.53069812800036,3,0,-4.635663378276157,4.040955149318551,1,54.5866472306126,3.34480190193067,2,-0.12750668223777184,-0.04773953878871778,2,36.1532323832354,15.147480894933253,-3.9679513270133153,29.11894673519356,28.903677719035517
1,1,1.1197046048638772,69.19310854934173,3.7533421946800316,2.2385766052686122,1,1,0,0.9860429991515229,2.1575237012491115,0.7244378734210973,1,24.951592927649358,3,0,-1.8322433173827424,2.6924053140579214,0,48.35839973614084,1.1033940128206996,2,-1.625965998110886,-0.5928307389447213,4,97.39534549595518,11.557338012821187,-7.65647499465607,27.09880630542741,29.365340039926963
1,1,0.37551523623568167,27.87233775684993,78.81456392731833,2.770612965888042,0,0,2,0.18382641986996245,-2.153481650714046,0.6490537062243646,1,23.338237178415927,2,1,9.229132414189824,2.47425464522794,1,30.42580347479398,2.22448902755012,0,0.790304762174415,2.5860981809582895,1,49.72093971298945,6.9758627593182565,-5.112169705247574,29.311498230807036,39.952294353011254
1,0,-0.49814472041541147,61.530822879251346,35.69530367143677,1.6674942367098533,1,0,0,0.9014057069025104,1.295091557144545,0.7862974739125655,1,21.61107657270386,3,1,-8.631395588080963,1.5152422118548332,1,4.8584635576862745,1.6721086467375432,2,0.38660507964419055,1.3052504191942749,3,77.87278621296724,10.155150415794111,-7.95716172437915,38.79466399761223,62.44696662888152
0,1,-1.113250907760343,47.15403661341918,89.55046405435701,10.896495506322612,1,1,2,0.618655408505596,-1.5102746058727423,0.6632792985230571,0,72.59724492717999,1,0,-5.32527442113493,6.934500879603883,0,34.10729460653525,7.365491774793788,0,1.9662596476930356,-0.5911223033163931,0,9.917032633208878,39.85925558623361,7.918077913421264,29.79563968691452,48.20905504593987
1,0,0.9377879220753337,56.04395778255873,9.302479842377764,1.9798633933145686,1,1,0,0.5267908754008623,-0.17877591735951054,0.40306012603514757,0,23.041483622739463,2,0,5.872061201000848,1.13000247765996,0,37.73043476664372,1.3724276835964744,0,-1.8771088550107158,-0.3139002366707341,3,82.30922285123903,8.504534076036474,-1.1367915218210083,5.2193530785949305,63.228022998310266
1,1,-0.5343845457040148,57.82733319224344,13.210926804373157,1.5259221533327392,1,0,0,0.814683062318509,1.0748199161291228,0.4143935706944012,1,20.841492007562067,1,0,6.987246842118033,1.8880443097776929,1,54.59278051750261,1.408131825330719,0,-0.2017332249544372,-0.1483620311129548,2,82.40024043049661,23.33251399221073,-5.4245931640692255,13.235782760012178,41.446768416384984
0,1,-0.2993583753247971,39.07985730579573,77.66823667624429,4.769316360644788,0,1,1,0.3716028947322831,-0.6767530731852218,0.3539977685217122,0,67.86175321198144,0,0,6.2321920939917845,3.55216448232538,0,49.43962565864319,6.101575769843822,0,-0.6765496279345874,-1.0712994791683923,0,13.847308775034506,30.078782091987026,7.349669901621656,27.66364307328193,31.959896733192718
1,1,-0.23702275208001958,29.56708947251483,32.27299602458744,1.853457567389578,0,1,1,0.24750402223010326,3.2696202158828127,0.1679232055297425,0,23.26880116363116,1,1,6.678556103680716,2.6725369138659842,1,28.960392049685517,2.2561865490940747,0,-0.23181588185599425,1.4504283528650646,3,51.27530838264401,11.69247544420518,-3.201900607067408,13.005090759287112,41.28134120173522
1,1,-0.5094394739737925,36.07526847331826,52.40996922069478,1.1966807284175094,0,0,1,0.36879639292046584,1.7821627213543487,0.42587713529591803,1,24.321598706996618,2,1,3.293762139854195,1.8334469757045733,1,27.6568887349601,2.4052943492899708,1,-0.1192916344973089,-0.357348789572692,3,68.43825057163293,7.412683856666793,-5.417002058662247,33.804236722579105,42.9067419445871
1,2,-1.2752357049041667,46.108085581952494,78.5695008487184,2.0478015430057495,1,0,1,0.5827707599881784,-1.2117060120548566,0.1988088845101349,1,36.791379616271904,3,0,-6.701272909839408,2.0804828433758518,1,56.18470126243055,3.367661699689779,1,0.9208838769977147,-0.28083806713346365,1,37.47369771674922,22.943637824600227,-3.720789395316501,33.59973343417879,55.142657251603374
0,0,-1.2659408492461666,19.92760676016877,71.65097986558774,3.5137299112348113,0,1,2,0.06345063825211128,-0.40300949611680015,0.23877547055221904,0,69.66411263868723,0,0,1.9180038677144644,2.1668774573007017,1,27.883572864598094,6.147667580803241,0,1.8127583870517192,-0.5563107112901018,0,14.493279439312035,29.997410001167598,8.673734147305655,2.995539884369587,53.631369677294835
1,2,1.698266050653019,65.9552861052959,19.486180324049446,0.41582931868968354,1,1,0,0.8083240406176821,-0.2397484648952957,0.4445529912686378,0,22.054721047374457,2,1,5.840295342782561,2.548717825713829,0,29.23328822238109,1.5436904190409664,1,-2.354453223655786,-0.1366670829898616,1,73.43147486241985,18.933732029933434,-2.2836023545219515,18.582319851760143,38.74547862388428
1,1,-0.10071390123841178,66.329930491087,1.3784058508375885,1.7898515118296774,1,0,0,0.9295478241214966,0.41632205871450406,0.12157803965988756,1,29.11402457469177,0,1,-2.2839264215672213,3.7216978497633315,1,78.14341695703055,0.8123845589989753,1,0.026484860676826344,-0.4363678612369271,2,96.1794006633444,11.93048285168899,-5.5119456625899055,19.089573151981376,37.90359104560726
0,1,-0.5870572870655699,31.755816374201572,53.82219798129717,1.4445670139070321,0,0,1,0.18468313059205643,-0.07476500807706916,0.6961739213690891,1,21.46711321945313,0,1,9.067452096708127,2.458175181426986,1,41.81273614018045,2.1894999094977163,1,-0.2167984029412728,1.800682744767068,0,65.02314359749029,10.509038855240878,-3.0381797761954648,5.27310612736173,31.40115821898641
0,0,-1.9188838315137438,37.620940716348194,53.87373718556477,1.6540979789014947,1,0,1,0.4651992828051413,-0.013725007888157274,0.7307643815409456,0,23.262006199681082,0,0,1.8379668706747125,1.7906307860406734,1,61.794384914931584,2.330789751229299,2,3.1913221704376915,-0.28746753834716515,1,52.314637369662265,17.667538758053,-0.18386860566456242,6.145442916637897,67.14756699974012
0,0,-1.722056900635946,30.720190649999143,26.484446747260144,1.8467383137743492,1,1,1,0.3457813230916062,-1.35198325892791,0.3272889914444098,0,24.67901572916322,1,1,7.806528885566536,0.5993922284867451,0,34.87576865665659,1.7588476620810927,1,1.1553397259559495,0.07810705884016675,0,68.93057301508908,19.000459828406704,0.22546850561917076,2.0109288509845014,55.98943901945481
0,2,0.49193054689658205,51.82778320410926,46.640699865582114,1.6633074330739972,1,0,0,0.6904953862769737,-0.7974618827067566,0.4348054387380965,1,25.34032546516963,1,1,1.7199919914615247,3.5899111730162776,0,76.52997274238588,1.7632322067870543,2,-0.8160676623577059,-0.4835453772770917,1,64.11954568354088,9.922135811995174,0.1815158408625468,15.087777092811178,27.722800382172665
1,1,0.4874820211315923,50.26567656585155,41.357171134636694,1.945719194882606,1,1,0,0.5963404506123432,1.1525410219229486,0.7899653160732012,0,21.72578659061142,2,0,-9.060675784495345,3.8711224840663037,0,29.692453686205646,2.30429394414511,0,-0.2956435206026705,-0.309128549135521,1,61.40868613349406,10.77014393607578,-4.050979611041817,21.41072738356982,32.53156886419423
1,1,-0.9993737105885839,30.231477701621078,63.50426821258567,1.8414073384547365,0,0,1,0.2009096893546285,0.8167330155612573,0.621753637616189,1,18.5822616830024,1,0,-2.182786954496261,3.701222295691051,1,12.238879855701104,2.5658485334992185,1,-0.8065832741110922,-0.5491319124332797,1,51.66648965582004,14.366676565114616,-1.5511267475609856,13.024370290425484,31.896368915051422
0,0,-0.9466344297677749,37.28505938504812,52.61520257310297,1.633631846125164,1,0,1,0.38961296849991645,-2.0142596659144183,0.6176866850174576,1,19.21539826189045,1,0,8.525581809207647,1.1904706514717402,1,71.94948262195327,1.997732858449581,1,0.239363747136548,0.8742999257828897,1,60.63923316648685,11.899454811541993,-2.0900820753725586,13.746551645244871,42.883971503384885
1,2,0.584379168948448,64.26298507941493,71.42194638020626,1.782712181389703,1,1,0,0.8769305870946471,-0.49081327814623354,0.632213951687162,1,26.418511147486367,0,1,-2.11283918678501,8.660072111293994,0,67.29408598844336,2.6774059469210876,0,-0.7373523492180404,0.34955613472398833,1,42.991555693658654,11.92968724219134,-2.453434161189958,39.474694413481984,49.98563741846418
1,0,1.738202492932527,55.01875065046051,6.380936632544332,2.2809413257567512,1,0,0,0.4870616214398793,0.47942954252780307,0.39669090374015215,1,27.757249212167117,2,1,-1.2419047044234564,0.9460564617624699,0,25.986692647144764,1.0600691660517374,1,-1.7031498856951002,0.30306625131848947,2,91.22705531215274,8.573400917804614,-5.752483161109749,2.7754816124387394,35.18620616328725
1,1,-2.152982565380876,36.45424769424196,64.22835066731952,2.2215729047100017,0,0,1,0.3305039773015924,-0.8659662756299421,0.640533522314264,1,22.88989520653681,1,1,-1.6794278506742728,5.776513563105096,1,27.41677266163013,2.1950773128109575,0,1.7518870607903387,-0.7876469473425929,2,50.10262869576045,23.582676720866345,-4.324239848502664,20.07599414239143,57.708458754712936
1,0,-0.4840058366426358,35.11175356308134,61.728786123348115,2.5634902198917087,0,0,1,0.2860593558074886,-1.1520023223319689,0.27662227495305924,1,24.342955688337057,1,0,-3.5802794246450365,0.8070642762960908,1,67.71068619929927,2.181145507220047,1,0.049644125753496214,0.43237047886968133,1,52.94105132633734,20.38953975152113,-3.810776622718678,13.574521791156492,35.52267150578812
0,1,0.9942375517473089,48.15099311517208,64.60873396685074,2.3848608983455164,0,1,1,0.3069108237581305,0.06946430921550557,0.4692688168030416,0,47.33784199709403,1,0,-8.186587840435337,7.075044216886701,0,41.343280489075795,4.207957376129605,0,-1.1086381815733435,-0.19510784519387145,0,33.73535872328042,11.198024067449449,4.914018222769554,10.488794939988521,48.83310938748386
1,0,1.562843980545309,41.90423514121609,16.478941190257295,2.426921906791957,0,1,0,0.22387960139614438,0.21653413352836132,0.12349024372268735,0,22.64475196398866,0,1,-1.170164647470033,0.742380720146447,0,4.599145023179214,1.7177420812476814,1,-1.7222426371404231,-0.10316973715197823,1,76.62096535021739,9.709680046412817,-1.3947452052793885,13.490027609845477,34.21350065401944
1,1,-0.05748226606360438,60.99459581948163,46.13172843688399,1.932834086053148,1,0,0,0.8492149605085006,0.9637697874048676,0.717165352563921,1,20.411392786977576,3,0,1.8496095351477688,5.347609150291664,1,66.86351859719726,2.0433005475372603,1,-0.12245256701884594,-0.7713699625087401,3,65.97725110626133,12.574180791272212,-7.533581711060825,32.811378382841305,34.09182556799513
1,0,-0.7686793942085279,49.47984925887783,19.874593450364518,2.0419511064638605,1,0,0,0.7548860982120376,-0.37194063704455604,0.5581447163491113,1,26.00060464472021,2,0,-5.443453713147829,2.8334368859816665,1,30.107035286438446,1.7355548587268357,2,-0.025493688414052213,0.015177988153151394,3,77.52446025455797,18.9081764912613,-4.466036900174574,9.329395061367782,46.685432512437394
1,0,0.5812447202441061,40.25486286672128,17.183614036936255,2.3208589320037882,0,0,0,0.159729846295653,2.2817217971041956,0.7045178367384508,1,25.731816561170096,1,0,6.5770021447829805,1.7345432358705737,1,61.13929045712577,1.3203669808671314,0,0.16435424621997907,-1.620458002683579,2,81.43100233339237,8.361259761542124,-2.563955326040892,1.3165519499126677,44.12140358618336
0,0,0.22832159158489032,19.19887121128744,67.89950641729514,5.499640645068289,0,1,2,0.0670921211864548,0.519031925668017,0.6894099221732717,0,72.9004489653833,0,0,4.917434616785295,0.8048337851348099,1,8.558528797307844,7.347616246358599,0,0.40953980707932164,1.0368148814562765,0,19.399441873145058,30.878637552428394,9.369418823639606,5.02045200375326,25.523963510924656
1,2,-0.9970577228158737,40.32296956686484,77.54129011473229,1.3061591160787884,1,0,1,0.5647541593569667,-1.0397160311295184,0.3731229125725375,1,23.65833099970018,0,1,-7.310473117481088,4.700554134701772,1,18.170514269813932,2.904458514209057,1,-0.2514369954367859,0.8430392653956236,1,45.63054598286367,9.203077785489926,-4.184273819715603,38.47682859918496,61.07821529698773
0,0,0.1295283099838422,44.42153352798154,55.88771849088039,1.8451113162755977,0,0,1,0.3495276206998398,-0.10912135930412602,0.625045429322678,1,20.313708979643167,1,1,3.5537827031894373,3.7781674090669806,0,30.620816247553726,2.4986883034524854,0,-0.46505122690233613,-0.23658687558603506,1,49.1802240735255,11.70074173718875,-2.5901818445899085,11.89203479993957,56.446426186496154
0,2,0.7605277370387464,50.173068763456726,79.68859125607378,2.254054507845187,1,1,1,0.5455552123049956,1.1069749891517375,0.3046905304346509,0,64.00167899836427,0,0,-9.28302185956399,7.637263792432113,0,41.81329204154464,5.486125119056151,0,-0.35255521122180083,0.10143506457595497,0,15.878848195622897,14.031030579844712,5.535764775102855,35.09132178270886,42.54161229267575
0,2,-0.4049644563936419,40.14430334855374,81.44864322970344,4.417403362874316,1,1,1,0.3784673682935042,-0.9060103822117599,0.5044528869430251,0,66.33534800261829,1,0,3.6573886645854863,2.2969319301012177,1,65.01661920279467,5.662274690452863,0,0.920637915193394,-0.6313429481198666,0,14.069225463906488,29.367593285315078,8.564169683262556,24.816253275576038,66.5359449574082
1,1,0.44984788540998716,43.96323109906845,19.944104498781982,1.9173716952349018,0,1,0,0.2644312103698556,0.3309324216844839,0.10717161640133255,0,24.170962351244626,3,0,4.839147932730736,4.230712920059032,0,30.937783460052675,1.521847503978524,0,1.0157251251505368,-0.24060730673118705,3,74.33694371416384,13.058335114156066,1.7213752066656447,14.240979788115828,26.2064685103634
0,1,-1.2691113725078615,32.708366690007786,65.50517670564444,1.8884484183653722,0,1,1,0.27799946162005235,-0.22940911042609982,0.23777775617475128,0,63.71037764621423,0,0,-9.454703110931899,1.9760945553349483,1,28.8481858765982,5.777597390754509,0,0.38625496126009984,0.07245936389693353,0,19.802377270645994,21.081300056264425,9.801606603490033,12.935908783359995,51.59489670084105
1,2,-0.9040406216727112,54.98153625449822,74.77236118808102,1.86729409503388,1,0,1,0.7996553769168344,-0.33727522084296585,0.7077729637166216,1,31.85928130516796,2,0,9.99795470626497,4.302688445879416,1,54.569162301531975,2.503508610084104,0,0.8169817029588571,3.105578442525751,2,56.54877241369377,14.30505639100387,-4.503193415965016,36.48700063185303,48.68771840954366
1,0,1.0334678935404011,57.89880152770126,17.588119100113637,1.3674355083142877,1,0,0,0.6593955978928124,0.00357685551580244,0.5533430604522525,1,17.43347239485685,2,1,-1.3159369803169696,1.7426951487803235,0,52.710192735944325,1.4800501967676933,0,-1.083537448296177,-0.16191585314151252,2,79.84604860988387,13.297929542613128,-5.45588884991432,17.582322660110016,36.85723270132057
0,2,-0.08190350139678688,56.55819932023119,66.50347032154961,6.51857279653605,1,1,0,0.8014145735255603,1.0282293922073,0.5140210959739844,0,48.95239606360916,2,0,1.4382761554194623,7.955177207697981,0,72.5468916326368,3.7759954896741617,0,1.0354545491419151,-0.9130110707572234,0,10.894532358657493,34.41123905470742,5.00530034499868,21.49373094886473,25.058754108517945
1,0,0.6196111077940699,35.185246686654416,18.876026726942197,2.031989625900843,0,0,0,0.1906937891406259,1.2778379852547008,0.3912222322591944,1,25.80338783555934,0,0,-3.6861487197417153,0.9323505516929198,1,67.57291384580563,1.526730049445035,0,0.6139444334584484,-1.1080372776327518,1,79.82306367879531,10.309385077605494,-3.4245459487666956,5.435941635684931,33.18735671316695
1,0,-1.1354943386709389,29.312108445761545,49.604556389586016,1.4329290043588119,0,1,1,0.13789626555458157,-1.7234542790755605,0.5924015832663748,1,21.244771357634107,1,0,-0.9758811100863145,0.4824815144262754,1,55.56903113092882,2.345740927331502,0,0.21665288264064525,1.9256007868851943,1,56.889797206443134,10.176368750088598,-2.158478222701328,21.46644676521268,66.81911236910541
0,0,2.1705716210504384,56.335613446921755,12.739325659454948,1.8452713203876698,1,0,0,0.46658857315567864,-1.591454456650195,0.4295136633539896,0,25.563868495277404,0,1,1.4430282893134283,1.4989526212699371,0,68.22424172747519,1.3427482248793325,0,-1.852375410458325,0.3576695963714151,1,84.83563909890034,9.003538304640756,-0.28421868462493904,3.445827057680695,53.156600384179164
0,0,1.0672286445009365,46.08256589838907,45.72427859255011,2.8875624452341437,0,0,0,0.2862124517542466,-1.7289201539128367,0.4592935454667043,0,29.618259814186395,0,0,-0.25741553963663577,2.157632373157359,0,78.39480771566417,2.14757239738142,1,-0.6466633637637004,0.6401182506955516,1,65.42985962917265,18.55417648775424,-0.6742418731077304,13.084028433593105,39.832907206854
1,0,-0.5169528460517906,38.37687956503711,47.04249048252893,1.0719918698307285,0,1,0,0.3217536075816736,-0.11351008425379158,0.44759901466678426,1,28.612283536516046,3,1,3.9551950904478517,3.1535839563083674,1,24.062185539182693,2.405060590450711,1,-0.02215527127005603,-1.0317165342765107,1,54.50983995940067,9.383120275511807,-1.896146147988711,13.929948983468389,59.29728034162853
0,1,1.3760119172670549,48.33764775151238,64.50715686553929,1.9981760484601476,0,0,0,0.37531355618221307,0.3016805318285573,0.6066361484612511,1,23.02327988234635,0,1,5.6209756226224314,3.4853080657813194,0,40.273070376890594,2.434132242150407,1,-0.8881218000485716,0.5879741482529695,1,52.11261549255221,11.86142154034156,-1.8929578475243112,21.696433201798456,39.06017438147291
0,0,-0.11108871074349926,44.24567132708773,15.601447607375524,2.1490811229680196,1,1,0,0.28412913567341164,-0.6982447043271838,0.5872285954031501,0,26.41280594466314,0,1,4.80690829359839,0.5239569444995076,0,72.24161764452555,1.6456359459681544,1,-0.867141228130194,0.29476748868108066,0,70.08544357309967,17.364701282375435,3.155197412787148,1.9195365824237287,33.2329484706355
0,1,-0.41497907702685805,18.118042286721955,99.27325547662763,54.598150033144236,0,1,2,0.07273778400819181,-1.6432889437982663,0.43231586745376166,0,79.99999404370323,0,0,-7.137431506076846,3.7410334154989515,1,17.490250037108,54.00363940291002,0,2.6330636558488116,-0.2125417477312311,0,0.004237069595686149,39.99993935086542,9.999951946705593,18.824376581661397,33.92177747635766
1,0,-1.0223073647857435,29.76448884410622,44.82081207395211,1.2708253329823795,0,1,1,0.21470900463144948,0.019077283564892585,0.6229654183488552,1,18.394343502295083,1,1,-0.9729262447594405,4.274964810878549,1,9.394900170175,2.4643380084756514,0,1.1534630682841733,-0.5420237974378805,1,57.536446696984136,11.711971400300886,-0.4542358914786817,3.3883015248002413,45.97258592190511
1,0,1.3294297802938913,68.52780984498335,19.869372161665805,1.7751631649552404,1,0,0,0.9772338429289993,-0.5539479511040192,0.9381267829870111,1,21.63299000343698,4,1,-2.975573775349205,3.1243325405671265,0,33.805971347864194,1.4871024924700604,1,-1.0190051986723552,0.3064084367249476,3,78.94670950310167,9.323994866920987,-6.336847311317247,17.718548903175705,69.78405864825771
1,2,-0.29578372321951757,40.0071544374958,47.45866061962235,1.342273181062647,0,0,1,0.3760102729710071,-1.0763445466193475,0.6762287810578731,1,24.882544197810567,1,1,-3.551469127779205,4.243815403408892,1,13.487525294576743,1.7089344268716449,2,-0.17455325844577108,1.1938629334258235,3,64.63543982077668,13.726674272672721,-6.096779377356681,18.171882088715886,27.045701338749055
0,0,-1.999208352769122,28.789569665084986,38.120442195422214,1.4128862676754175,0,1,1,0.21801264310969587,-0.45159736264985206,0.10141429660798867,0,25.976227263407218,0,1,-0.19436577174777092,1.2617224029951641,1,54.30121878252537,2.343983707492065,2,0.9245714179224275,-1.386118138947825,1,30.3578797249927,14.158664784550137,1.9443302359471364,11.017854915213949,59.520008632941014
1,0,-0.3825600500470463,61.84691749600949,9.527241400182085,1.8274782675305343,1,0,0,0.8349957518700795,-1.5881180045479708,0.443349344984736,1,20.9625025425747,1,1,0.7421488336348219,2.340679033329958,0,28.362462560350576,1.2813991923038255,0,-0.08359686095558538,-0.25880129307473826,4,84.18555862575472,8.565824972415614,-6.622902107498828,15.72601219979668,45.98272157258893
1,0,0.12306284126370624,35.61563899040079,77.2183982895455,6.222488792787283,0,1,1,0.2738245787457716,-0.26206198764782457,0.514510136739044,0,62.36625278155259,0,0,2.481013509087841,3.404957163186889,1,70.05919070626847,5.891184800305891,2,0.2996740684139631,0.037203325750049254,1,16.76417765597808,34.71022589965951,4.441183131669915,32.83137237636774,24.61187347326701
0,0,-0.7491170740091012,26.4809108486276,68.7266204575863,1.8328708354106695,0,0,1,0.20567013800112022,0.9607601738237964,0.7078154882296803,1,19.211784957292373,1,1,8.221232259756977,1.9648455624354033,1,59.59713637553019,2.7046500810587557,0,0.16910256715342212,1.031671172958456,0,51.613341217047356,13.09756738120613,-2.1569783075111175,5.166809278951332,63.874674787730356
1,0,0.8056890705421547,34.959347825431536,11.215200331649655,2.2123536053640738,0,0,0,0.2854873058572762,-1.0081197873906769,0.45092171655400304,1,26.051827500814603,1,1,-0.46283845121116407,0.2501594248788979,1,66.01145188294142,1.225101207942381,2,-0.8557152238366728,0.16245485428166925,2,87.67800141571355,13.904831049216405,-6.83984328150664,8.132470309134149,42.90585885710188
0,2,-0.33184845984385347,32.438187629581165,94.22016716790455,12.495371619726471,0,1,1,0.21596510474528507,0.1957591328272755,0.2932521651691615,0,77.78633284430641,0,0,-6.600122151338893,4.580564711887121,1,41.287355616942236,11.298262705782554,0,1.7184732752719183,0.3321483896432347,1,3.2105995960982012,39.38838656159555,8.894748553237562,39.229785779030934,32.843258599006454
1,0,-3.3733058823764583,41.09883941037393,32.56124529822677,0.978577214281108,1,0,0,0.700327853117543,0.4689476209475751,0.316600409832392,1,27.962513925082817,0,1,9.617388764659118,1.176502684593287,1,33.89740462883831,1.7037251757293221,1,1.3619883616930752,2.5744322726662436,1,76.09803900712409,9.803880520113443,-4.848892957738046,20.611276298211468,66.78739574415921
0,2,-0.07265382720422035,56.18679984330555,34.6330741948117,2.4056345077069112,1,0,0,0.7266527823733423,0.021990597174094694,0.4583078335909384,1,33.1420888260073,1,0,-9.413686340936366,5.190382357132416,0,24.415563524644366,2.052029673093575,1,0.4987166141006015,0.1405831543267705,1,71.26629943975573,13.622206977248547,-0.8655408622733827,18.279019571551224,63.95985641268867
1,0,-0.08478494544000724,56.26188710920832,31.837556234884783,1.8988140819781425,1,0,0,0.8168563163921936,-0.5861942962516302,0.4055287381137282,1,27.029205421997027,3,0,9.12970517957929,1.799744949646795,0,67.75125780493774,1.8770185054995208,0,0.42282573247762395,0.16641951575603853,1,72.41850723222892,7.176680365560824,-3.5459602603921603,26.69874604044534,50.433286515946214
1,0,0.2644086224993186,35.3562782330262,50.35770467050435,1.4635083888518459,0,0,1,0.2269011842937338,-0.7738850060115633,0.5896443665402613,1,17.281809908571724,2,1,5.065353564304322,2.1126458418659784,0,4.021006160552805,2.651341435142949,0,0.2686384101778706,-0.05598655180232312,2,54.44420251316031,12.646263019487654,-1.8796509605260745,8.349900437379734,37.49108207896725
1,0,-0.7286742463665308,48.39426467313632,8.736836078644373,2.135267016869221,1,0,0,0.5904153974903674,0.18296492698016215,0.3471446063281348,1,37.69727070213684,2,1,8.996186722773501,1.3464283546950355,1,37.77974579506167,1.0010240151198875,0,0.15890941920538976,2.3200089824678143,1,91.13054880992254,9.49662409488048,-5.879911848402926,6.928656475308417,67.63757838760962
0,1,0.37810639850348765,18.36330672653187,91.64172016217236,31.765495457110674,0,1,2,0.10704476190470125,-0.9931898260305723,0.35941102668465896,0,77.02092260859389,1,1,-0.23134519517770613,3.0935144999919237,0,6.911538355143798,9.146654253822598,0,1.828192093034546,-0.7869241034639378,1,5.016768136969329,39.981067785462784,7.4637194567851175,22.048613451828594,21.618829141404483
0,1,-0.3237270038161528,24.323248134145288,79.34743832506305,6.42936906203311,0,1,2,0.14304612043162068,-0.7367341061864321,0.6681914929163029,0,49.12536321613631,0,0,-1.2151619912320992,2.691503369696721,1,41.84515037934162,3.7790570851419916,0,1.5693276481415788,0.4929378127598634,0,24.515132299132457,35.15762480910285,5.696921897053123,9.793595438766348,23.962293544588633
1,0,-2.4763941702680454,58.94893466050648,29.80689610044225,2.1805402856570737,1,0,0,0.9670263362773297,3.337584433843415,0.31400209432035153,1,24.738834856606722,2,0,-3.906284026189387,1.0975899445769297,1,78.52446697396927,1.4607422945407054,0,0.8523370225460071,-0.28637902942838867,2,73.0740597925952,32.544998135150266,-4.561060451608411,34.04096508217971,66.4706997737527
1,1,2.5564739502363727,42.09531167447238,50.311989118821145,1.7272456563530427,0,0,0,0.21775411717913568,0.2987631737891839,0.6434319664675767,1,36.51053089635363,1,1,-3.2838695143754943,4.178981091439425,0,38.15544868254865,2.2291084481081063,0,-2.169842103220186,-0.37116435676998527,2,60.23537233564251,9.524942150683202,-4.95916174788944,20.85722209127267,36.65413222763272
0,1,1.5352591624393888,67.91827403611578,44.78766884951993,0.37081843230116635,1,1,0,0.944634121887134,-1.3485911992069068,0.5795133287672802,0,24.14994097798938,1,1,-2.319482186796229,2.980448802351502,0,20.126482408755795,2.3534742363200274,0,-2.5300147281738035,0.2635277638809112,0,60.26261418503012,4.01819738863505,-0.027500627949397227,31.915456346480326,69.80818373714246
0,2,1.6451768257777952,56.04485932588314,38.08226250610946,1.3797186596475552,0,0,0,0.5009385450497055,-1.2231922739935979,0.31383459719719786,0,18.141866669488547,1,1,-4.9980639561463205,4.271906066539643,0,34.20946629587259,2.0054866590642315,0,-1.498034464819548,-0.6428107195377951,2,64.99727088644175,11.57307142079655,-0.11216957420127294,19.320899030580495,30.776647838302946
1,1,-0.20259873693804878,65.77134379598496,26.521892147153352,1.5496948347510242,1,1,0,0.8516265280534725,1.5463442243291043,0.7144848451664396,1,23.516733410326044,1,1,-1.2545555509408288,5.674587822034139,0,56.651226383814574,1.6418745682401072,0,0.6060352665904905,1.5843416054040607,2,72.96900563167968,7.720401745993939,-4.917947171044713,22.235480481145935,47.41234277194683
1,2,2.1721491194817153,57.46723687174588,81.05251854426199,4.364861396063323,1,0,0,0.4966056200679959,1.3565469519034845,0.45420243249830117,1,51.07434220168229,2,1,-4.079764442697876,7.890504111392326,1,78.70038262052121,3.5132853803209954,0,-0.9013768664340118,-0.15604693738831205,2,39.32417644494812,16.55061647972484,-4.987002131473047,39.83406808575329,25.341001564638617
1,0,0.3345364322368469,48.24882087983721,12.027675978897124,2.1413441751369247,1,0,0,0.5672360622108144,-2.438981797551183,0.0448867788420923,1,18.670461989021703,3,1,-1.3152334092403155,1.2508927770336613,0,60.378240371941885,1.1910058296258281,0,-0.26932182799827326,0.08720067433866861,2,86.07051583337844,11.85585513623008,-5.007696976596869,19.468689296113794,30.421033554595788
0,1,0.5107809489168835,23.48599131441383,95.7952794644789,19.16246665490142,0,1,2,0.13456380748003266,-0.8588887507476203,0.6402513825815459,0,79.9996932024095,0,1,-5.9318398938240104,3.2639954660986885,0,29.80537075937738,49.363067958710154,2,0.7661506584788427,0.9221960557056844,0,0.018272176296774134,39.73202980003967,9.999951465731854,22.98694936407155,41.51687471332903
1,0,-0.2999383449003524,47.45630669892378,16.04697861299967,1.9428731563109018,1,0,0,0.529480993501625,1.7896084405147779,0.19287669788411377,1,20.080935911146955,2,0,6.2252307549414,4.695904193555751,1,71.12212199815558,1.4770736455783426,0,-0.17933218842781437,0.1068355969575962,2,84.29694643846565,15.238404964393947,-5.562297703348252,6.221126783366982,28.460452324959803
0,2,0.9945480759897113,63.77290648210634,44.73356818972908,1.8016790238687634,1,0,0,0.827071407146151,-0.4425401227791535,0.18647277099665216,1,24.245985720399943,2,1,-4.434653305071534,11.620230433691763,0,52.85466915945328,1.8769176496903484,0,-0.6037276373189474,0.7101198908225531,2,64.77726031091106,12.273920105967429,-3.1847006818895807,28.7203349219936,31.0957204889602
1,2,-1.0985737418025563,60.35879524910827,40.39037395665811,2.213804910405138,1,1,0,0.8864478097828289,0.2389428330083268,0.4612941038033254,1,19.287381649133494,2,0,-8.379537191005788,2.7836486185129425,1,45.640066065212324,2.0985394358280693,0,0.7336038839167206,-0.3933902622998702,2,61.1204896702513,18.14105025610275,-1.7674613745209236,29.14636631772181,66.15554229343125
1,0,-0.6115931228061475,42.631301179859335,15.68755250335343,2.4281785899127173,1,1,0,0.44013762421082914,-0.16362193544142709,0.8858722434127846,1,22.702585724606834,4,0,-3.0947590394303806,1.5347931321999104,1,27.217752423384702,1.8864365869007822,2,0.6235743183322573,-0.14968646982041128,4,78.69356190088946,21.42910250393856,-5.729160820005869,6.668263484741028,35.32284055017024
1,0,0.3275490406660019,54.31474436947966,21.42810591508919,1.6649700112929608,1,0,0,0.6764088824147342,-0.636703448361742,0.5950424256506274,1,23.850364004007105,2,1,5.027353809794079,1.2007905189903951,0,65.40335305174173,1.2988676921208606,2,-0.0010003400274510316,0.42733836408171616,1,84.03190772744924,7.369305441483817,-3.8958104389038173,8.729816339637996,24.414360326145
1,0,1.0366708000259517,67.774951672943,0.2540663536365395,1.8922033935026255,1,0,0,0.9491526807070081,0.2948316939960627,0.18554924420973634,1,19.463694294459167,3,1,7.851795984902914,0.42306809816375773,0,70.05237530387777,0.6212972313200312,1,-1.4904950934468628,0.4768838887756549,2,98.06914758173248,9.823850567111663,-7.525712040123576,2.2269396666745234,64.20456539697454
1,1,0.7606037442531558,50.514676117312284,7.444160242901049,2.1232751507080563,1,1,0,0.5547697783864926,1.196228679358919,0.0001888308777404646,0,21.6713717822093,1,0,4.187953608850922,4.399177286127067,0,63.14713214649579,1.4123406572379829,0,-0.7175045656117537,-0.09945098332561944,3,82.61779374280272,7.793389870169318,-1.9623800309778172,14.84281403607694,20.13391357206565
1,2,-0.7043081479165568,64.65091401475507,34.48858327332401,3.2831888595458794,1,0,0,0.9440538674802113,1.5492108317104858,0.6332903089638633,1,19.42663970122203,1,0,-9.03210582212697,8.59681335409469,1,14.635009458865937,1.7325234200491986,2,0.5881046125953991,-0.91503838737031,2,71.69888232350463,23.499303430587037,-3.428103090115232,18.9159610987748,49.37299745932036
1,2,-0.33801776613904305,33.17525658021633,81.56307318593505,1.9104149529816896,0,0,1,0.27557901491106385,-0.9458465640961031,0.8778131701286069,1,46.925357846746,2,0,-0.10916293436750557,8.722569879298286,1,5.604067601460478,2.8553500397533464,1,2.0710143502291336,0.31257780815752645,2,35.03015524754653,13.239048719455289,-2.966008059643592,22.02785652610911,40.754283117912934
0,0,-1.2732825507291103,43.84831849145631,52.19527978358134,1.7373314042405221,1,1,1,0.6122313554658421,0.25534830538340103,0.460165158702657,0,41.65902378242441,2,0,-7.069857981823322,2.0360480411786117,1,65.53277393916763,2.974612173068965,0,0.022954075874024763,-0.6547494827567465,1,44.91618078016635,13.068738885176332,2.16008619599085,14.436755887038789,59.614761185825984
1,0,2.0714473689166613,67.8684875474701,74.31543972253934,5.354417621559573,1,0,0,0.9385986579705916,-0.06363958440968218,0.8871293058741301,1,31.43593335863646,1,1,-0.4030179118960717,2.033619109872078,0,12.577742007685991,3.027081689438954,2,-0.5138821373339162,-1.3501469460976068,2,42.4965567143229,20.313668723079125,-5.748411542907185,39.94811903989624,69.81068432487484
0,1,0.8373038941396963,42.89685870709609,75.95808497425966,1.5369080305469731,0,1,1,0.12845771933303574,-1.3646887447491616,0.6672692579741706,1,31.568415955358624,2,1,-2.584783615418589,3.7652228279455158,1,10.86113894452415,3.352119115721621,0,-1.5567382266240142,-0.8567914579878437,1,44.29579301934246,11.92397330420269,-0.2654255324010286,31.16967909586377,58.191580509858035
0,1,2.8239264181167205,69.76233161010224,37.34269707127048,1.298791320969475,1,0,0,0.9930942383705876,-0.08444634155526576,0.816088020082867,1,24.21511340288813,3,1,0.32938007461309127,3.6746781112941282,0,25.107424435951682,1.9915472324334398,1,-2.489673333180253,-0.5742445922543427,0,66.76899410067301,9.002535953120606,-1.5635756267878982,20.644416200971545,69.9526631533292
1,1,3.0458092903318166,20.677476263457162,65.76988133147796,1.6776162762211948,0,0,1,0.11083034290431865,0.026881778545877727,0.7097302125325938,1,25.605191929286182,1,1,8.274103230607,1.0293102836559829,1,4.198714141482012,2.3863912559573333,0,-1.9073197575339642,-0.4841390248330303,1,50.2231153425497,10.716179377246103,-4.620791659471739,17.215569775999718,29.65042773059479
0,0,0.39639888971027926,24.34051969715871,91.32832625064489,28.783206402059154,0,1,2,0.14389391589054457,-0.6186583625027924,0.605435814694625,0,78.9790441051615,0,1,-3.645747461247998,1.0235188526779306,0,40.68287038278893,13.082746058657435,0,1.587556024396948,-0.28750509824141746,0,3.0129876106865074,39.968732419470776,9.50975518619407,36.61411338689141,21.40941803456357
0,0,-1.279435796412738,50.28890698289423,63.63544387228539,1.975080586228521,1,1,1,0.6952209603673642,-0.2898985776055882,0.9905452648402275,0,32.974780368310206,2,1,-5.494760004556467,1.589736398546276,1,73.28185439132439,2.74973209645815,0,0.5311935506500973,0.7009070566180329,1,45.46637470765573,21.739905721453134,0.813637696989737,7.177179255401985,42.869477617164165
0,0,0.1753479067854903,24.38298877908796,35.93492694621335,1.8371200370375078,0,1,1,0.20737340064935228,-0.33125956042678556,0.3212935186220084,0,30.898508419499215,0,1,-3.8810842120766953,1.686125520525956,1,31.137203322140028,2.60242136861412,2,-0.19779109432370304,-0.18413161009988702,1,53.76097095398406,11.916750925597546,4.325593623423183,1.5241250608526657,36.4218944707602
1,2,2.2952668112183052,59.01887001606277,78.76400582430311,1.3207955088860668,1,0,0,0.61424516410946,-0.23324026866962286,0.9794061235657059,1,35.78730664912767,2,1,1.0535173556333532,6.9065509635237525,0,21.660619958740455,3.1484318015443837,1,-1.5567036202387445,-0.014464003551984263,2,38.22436408193608,16.53390821966734,-4.968894620866661,35.04133396052581,20.498226023847767
0,0,0.7380270807313564,23.22712993529,79.44883023055635,9.530950825184016,0,1,2,0.11742665527976615,0.2661260380440328,0.9742736476496933,0,64.51421188314808,0,0,3.105316128836211,1.3693475668823654,0,6.830354531479039,5.920582006240293,0,0.4579739679829971,-0.26218601876308306,0,17.10651348769711,29.902580918989415,5.248550177783375,4.084264903315993,22.778857787657792
1,1,-0.32655086472730444,44.51945475945537,23.164511366942044,2.190528747882391,1,1,0,0.4372262976052424,0.18710764859695794,0.004561693637560482,0,23.860069496862472,1,0,-6.947385022258442,4.24635191785652,1,18.891552844907867,2.1509134701462624,2,-0.5120007915092609,0.10540358404991845,1,62.19885904860152,20.41596400202771,0.5097329298033753,24.855371869606238,53.93376625698596
0,0,-1.4973879403712864,21.142411478325304,55.44926782501395,1.8095840140110038,0,0,2,0.10773753406158104,-0.33468852458936355,0.6496053282008343,1,22.492585989665493,0,0,6.839485916466153,0.93324091123283,1,7.87343222903953,2.4660633180720586,1,0.3377200652938407,0.5130910533835785,2,56.21050247809308,17.361872839296897,-0.06219274512349493,4.981004757387439,42.58744798329585
1,1,-0.3235977172055384,43.848701076462106,46.306015020257526,3.3359256752696282,1,0,1,0.45966194532322957,0.40693252420987736,0.40735337210015665,1,22.595983995057672,2,0,3.5942011399869234,2.4784828914187154,1,63.29455274371277,2.4665908626063215,0,0.5705143500429835,0.15442966047547868,3,61.46916248180049,23.929893651587353,-2.853291633069559,29.547280100068246,25.665955242023262
0,0,1.2905276805814612,19.22214365819594,88.6276863439296,20.49550021443613,0,1,2,0.10164603061036237,0.23104906377024176,0.7273475096176893,0,79.39631629862777,0,0,-7.926612748320084,2.0360965613509876,1,28.24900975497775,12.894451436836647,0,1.2206618893001218,0.5647380541450703,0,2.266742789335152,39.5326468277532,9.71019733216902,7.798912433771001,40.756853836185954
0,0,0.5679260198941702,32.027116356149335,64.83318519922045,2.244056673037749,0,0,1,0.16262899165500483,-3.6212921848996342,0.877685359068174,1,24.329092002238085,1,1,-3.0308508229116793,1.1205413891286138,1,24.462863371909794,2.0895478585077747,1,-0.6616735742772227,0.3385892268096436,0,54.18957724521803,10.411857076392774,-4.944088692225082,18.697410366707995,37.61210992644012
0,1,0.25094102502981075,24.45843240063948,69.93049151671225,6.339917552982637,0,1,1,0.10970885519964813,1.3653654351074402,0.6631586250838909,0,53.89024696948149,0,0,-7.515981109172109,1.7052210684824611,0,29.560009231120084,4.987104254922364,0,1.3005809603382132,-0.02831896392189677,0,22.46057955569957,32.702445032580485,6.187218401564664,21.166891206976807,37.97186469507202
0,0,0.3958676769859613,19.697278618990975,91.26758617800455,29.944218069011615,0,1,2,0.100383523374241,0.3066201417311525,0.24868848007085337,0,79.94380348530078,0,0,-5.983409340542272,5.453237745828033,1,31.086726632935818,18.796333821086755,1,0.594522868206901,0.6538459228301166,0,0.4466183106637378,39.966501939007834,9.997386294567416,3.9871931319072584,25.63075503917191
1,1,-0.5020203776573464,53.507374490664375,64.65899206352675,2.279059402222535,1,0,0,0.6353104473044682,1.1800857839689367,0.8205307566205131,1,20.777721383877488,1,0,9.710931303808227,4.063427144078205,0,44.95438807813826,1.933340723056046,0,0.07440941208062729,2.4484909474529846,3,63.156167646953385,22.987983910425278,-6.636518334659258,32.85369153444827,30.224876794721496
1,1,-0.6931711481577377,19.708281862663945,94.53404911528759,8.102534817093108,0,1,2,0.08912722815019836,0.5527465460897873,0.46671013614016954,0,66.27689079421782,1,0,0.20640108738251328,5.672470574856116,1,0.04559926954288418,5.54315602479466,0,1.1282387253174422,-1.513044273052125,2,13.487946674825501,37.695982846750645,0.3897579491468388,34.574553180459674,23.64237141352121
0,1,1.4654125243846692,54.92351059958073,45.567018027453074,1.932713251127709,1,0,0,0.5223370519027399,-0.9596026906890139,0.23801553254953267,1,23.231179664213858,1,0,2.5027272239564464,4.580075643059162,0,46.503158972444176,2.190331972961472,2,-1.3171032493874775,-0.40495029097094837,1,60.37692678865244,7.9740260093654065,1.1069799425583255,21.96052055403625,59.546347799697834
0,1,0.8434855746636242,42.20039275392038,94.10233993937716,14.594611583011034,0,1,1,0.20825279318542333,-0.4956478610390498,0.9996564539139345,0,78.48410604670276,0,0,-3.276536580975793,1.2686028253398454,1,79.7625800438276,9.028597568879041,2,0.6192026960561228,0.3132215949031121,0,6.483973316675362,39.22045967243332,8.54563000818073,23.171946455007323,24.527790643792155
0,0,0.9771801978821314,21.708509011284956,37.306249330351235,3.015699051747835,0,1,1,0.06889051179448846,-0.1574282598132525,0.2869380948984741,0,18.207967995554178,2,1,-7.003201825926987,0.5627876595762079,0,20.547051714851037,2.0039322433832467,0,-0.5509489284884171,-0.348020359168156,0,84.22997601342463,14.819647682515713,1.7271087983123667,1.3288982921823567,38.089108475587224
0,0,-1.4176549439879038,31.12627697251147,38.536338984667196,1.587514574694955,0,0,1,0.24594490755805282,0.45400797696261175,0.6913434724328746,1,22.204207647254634,2,0,-9.441789181425106,0.8037646346110293,0,54.262577349090655,1.906836932190958,0,0.6960439651858689,-2.0180444538509126,1,67.67293394276541,14.164016705438717,-1.8625813951161732,4.745123596247707,50.28959303326357
1,0,0.2942771335243725,41.67398123099602,5.226500207261154,1.5501995358709495,0,0,0,0.30807218808580367,-1.0623117268707218,0.42103018542851883,1,21.68333135245307,3,1,7.136370122715057,1.5548200175056273,0,40.68361317264571,1.051260282862321,0,-0.08349522372228096,-0.35168715444927895,3,94.25603117231611,10.56196232792388,-7.126307711097794,0.8467603189859085,20.844312256178164
0,0,0.622638952883348,20.5783078160173,76.29358997866245,7.691829275158339,0,1,2,0.08422563146808448,-0.3903434479118076,0.5944456308367089,0,65.07215684613985,0,0,-3.220142197432172,1.6820855075435774,0,2.326864608671646,5.314190618084088,0,0.02269905791356235,0.04161643154479879,0,19.563891208721206,36.973866151757214,7.7936258232341835,3.1315317716374347,26.70180134792991
1,1,-0.328275405296134,42.428023386980016,32.17682480240166,2.0607004627951957,0,1,0,0.4093715213075103,1.4468976972189527,0.5565110243325738,1,20.591663033395086,1,1,-6.852247043311692,2.1057012994648194,1,49.590143308758485,1.767697695218149,2,-0.8598827943664599,0.5924926260420651,3,65.89220834741758,7.231302925999512,-6.48544234940823,26.073164538990792,25.95957211843134
0,0,0.6841849614822755,22.628546960872598,82.32386959410114,5.018981854747418,0,1,2,0.2101845368214068,-1.2334704036385273,0.4050917475077699,0,47.98476265063185,2,1,-8.217760158114398,1.338505424267203,1,18.127991316862563,3.8779725069477387,0,0.2174877181485884,-0.16438659233485342,1,29.8244002009864,25.425636094954392,0.9132952900708435,26.02398178169107,32.11266915578058
0,2,0.3187378015004659,42.56224307431192,39.16413781489052,3.4187438503113903,0,1,0,0.5089289925351398,-0.37112961404826406,0.3531769516511575,0,25.18332155744978,0,0,-3.2183244940863576,6.895934178796121,0,76.07794431178944,2.7830872913417255,1,-1.0564073065007096,-0.4177147353091227,0,47.7704406179177,18.947145195869002,5.534536364430762,22.505662651315742,21.062400996583406
1,2,1.8553376200034815,69.47921396421813,3.144851988786473,2.305891021490498,1,0,0,0.9679489034741773,1.388762872458906,0.071560468414543,1,17.66093477848218,4,1,-9.392478065116617,4.936037688879034,0,34.218086603696946,0.9634463033662582,1,-1.1665577639096454,-0.7232648336728861,4,94.59179849153499,0.5698905175607516,-7.423626127673215,28.412621620294285,40.70267857416147
0,1,-0.20519346943730835,28.377670097682426,78.26660263464133,2.8475407440010376,0,1,2,0.24366964586444184,-0.4045070636717871,0.27399831946324005,0,58.244942274816395,0,1,-5.011487109921193,2.2583801013301255,1,30.92498578388636,5.046620343666672,0,0.32087578025189856,-0.9059732414636426,0,20.192182434080497,20.53732951700922,6.506375675299946,18.5057388901596,44.996509226630025
1,1,0.43416772755061894,68.86423153164309,1.4648531205092852,2.3693140981892773,1,0,0,0.9893630792121656,2.0336995939293616,0.18229431675677776,1,23.012869343457496,2,1,-7.369361621572379,2.8989768957075936,0,51.45954694867782,0.7948419106106229,0,-0.12021205972169607,1.1347673671947855,3,95.22059507433032,10.181592897443675,-5.538097132937457,4.83726628435317,67.49665504660666
1,0,-0.4877147890645084,64.01316121855015,4.398929524036626,4.549255815181097,1,1,0,0.9155945220634878,0.10205159453634181,0.45470721421521026,0,22.002351176605952,4,0,3.237159229684517,2.6636453434189633,1,66.55887624240792,1.158643453445991,2,1.4423758206415638,3.170184704589365,4,85.59134570207081,35.63330621831378,-6.018216028877824,10.900035375088121,41.59871651817248
1,0,-0.628172683553682,39.50263546791602,16.825626779736176,1.8527684419012693,0,0,0,0.44075959589266855,0.2275740019943552,0.5665632865360156,1,26.962556926468828,3,0,0.7423327773133952,4.4355261068677745,1,56.406257300942386,1.454151418319642,1,0.4253746512152402,-0.3325952396624438,3,79.0111386654471,7.3177557417413475,-5.345022443181275,1.4783733618826567,39.29999711339384
0,1,-1.6449146992883341,22.928450347269646,57.18203471260195,2.152128197033261,0,1,1,0.18067496882757106,0.7547039190731766,0.008961028806249827,0,27.66459757395498,0,0,-0.1820809887719239,3.357682884774538,1,3.172751764557322,3.1674793530233325,0,1.0015784095076947,-0.07272060573192621,1,45.74074128188986,24.598007667746327,2.7848707598823808,31.086949306050073,44.398281446947394
0,2,0.17277249994155197,59.524356305617104,48.65589840172929,2.0903901455446765,1,0,0,0.8162875555467046,-0.5633930782635423,0.5572768246485972,1,25.42337836631587,0,1,-6.961010869975742,2.727386277252979,0,47.442132367259056,2.384210853141927,0,0.18590383123941293,0.2247611412575071,1,60.82519951176848,10.80839449130945,-1.0050856509829735,28.331062476444874,45.509188466403145
0,0,-0.7398837144587207,30.403223393279237,40.28565319271576,1.6498984152390848,0,0,0,0.12176362508212185,-1.3357113498588193,0.15379320498970978,0,22.73332511759503,1,0,-3.994328420110387,3.1255853650272636,0,4.50055189010834,2.038512962787979,2,0.14718298185863984,0.03977667643860772,0,57.226507335204914,8.941391813467717,-0.9016702967121955,2.11931591564559,51.69470418976932
1,0,-0.2922503554387263,43.922484515339505,51.65334119520276,1.0014582333306703,1,0,1,0.4669482707206243,-1.106022556849494,0.38388940041344716,0,26.481567242024184,1,1,4.00493311934672,1.1307841821877753,1,10.151896918562908,2.4624669739764813,2,0.0467201399980818,0.3787081505654099,1,54.927437632153286,10.253890244257555,-3.4513212737371273,31.324037935740016,63.878540596839905
1,0,0.12724055409041746,26.77950301217581,27.381224672348193,2.0806200527533276,0,0,1,0.1576824943910331,1.3119270302403987,0.7584650420533392,1,18.741538939988594,4,1,0.4219077969361109,1.0057329124233074,1,14.543598599338763,1.750825274685585,1,0.0916707551182767,1.0894848640239874,3,77.44446723138768,9.519506511089252,-7.43917609571635,5.321365178420523,64.61248448329678
1,1,1.1854066245921309,68.14796846412226,18.348686238450156,3.0056598736559943,1,1,0,0.9569045925373638,0.8758298790438744,0.7693270587007313,1,22.595096491711438,2,0,-7.608688370376042,2.9426607034084307,0,32.06875416105707,2.1500321519004437,1,-0.38448367201584954,0.1109129617314258,2,77.43293508349612,10.885887365241924,-4.521882023830473,14.327281052103409,61.69805918341976
1,1,-0.04193219472331932,18.363224490512156,86.17337928039942,15.217763336868483,0,1,2,0.054355958059136567,-0.265537055043493,0.6151044398962818,0,52.86610857634807,2,0,0.9847026718630048,1.3978028854827267,1,40.12858015397284,4.311045653389727,0,1.5503490429219753,-1.1810121536247393,2,21.042296937695447,39.62609091841745,1.0022680787456757,25.325946374880957,28.598674829485127
1,0,-1.8569101127649918,25.481090285264717,29.048358148137204,2.278285607625944,0,1,0,0.1811372607906137,1.7837559461550927,0.6395508852447415,1,24.927782777157365,3,0,0.8869607565786275,0.7325806808390563,1,13.89030335127256,1.8952134593360295,1,1.07560231620926,0.440569640616072,2,69.22718217313685,25.27607566513715,-4.83098892028074,9.147512380311419,45.71391247043421
0,0,1.0797140097865991,51.67584529048822,62.62827028527846,1.8026947747118494,1,0,1,0.5448692720852688,0.17067056772737163,0.8956784751194105,0,25.52709728511054,0,1,-9.667694602874338,2.71274188025617,0,60.415918443402,2.963496269290863,0,-1.7630826093098144,-0.4774245992203209,2,39.477383138441944,10.244352817519424,-2.072228944136116,15.879296541281525,34.27235394251912
0,0,0.1114108555887609,20.334564162603662,86.56007185246844,29.878856497471,0,1,2,0.07779658053309557,-0.6482862789527482,0.5851401154999704,0,79.65980815373808,0,0,-2.457823830407337,1.5397675149460934,1,63.82334456082158,14.57482594620352,1,1.7744943582694124,0.3209169398759628,0,1.3516732462354741,39.97207814573217,9.950271430658908,15.271816570944852,24.970754553182474
1,0,0.5555062161753891,45.08306001454754,18.416940273299776,1.8765378071742047,0,0,0,0.42197414135237743,0.5588578429027368,0.6176590917402855,1,21.552827732828035,2,1,-1.980694131291676,1.465019618165187,0,4.550200637989659,1.3821522084382438,2,-0.8928244601330884,0.05557519999962092,3,80.28992275710138,10.870887427292534,-6.766845289972601,10.714471788874533,43.579668384443366
0,1,-1.4370148545058279,50.066495704089334,76.82615401671362,1.7279364940041422,1,1,1,0.6418707287729417,0.027772905068844864,0.6357709109306672,0,36.75763693590784,1,1,-4.94889421855525,4.926350206435483,1,56.29283748429175,3.1950198819974336,0,0.755102260345897,-0.45653779157992685,1,34.28040234981563,13.936690147940654,-1.9595107096913633,32.68723664780528,49.897934642347714
1,1,0.9802838889895741,20.832353335538656,61.4284263742635,1.8213934900470055,0,0,2,0.190871267666755,0.42855304659281773,0.385055107071215,1,21.565850123823473,2,1,-7.002241900848051,2.1710506524765454,0,0.00022094218459223214,2.5757364803289438,0,-0.7237340773722928,-0.4077856822655159,2,49.90556412381223,6.809381547031304,-1.0364597794319632,11.401252297138404,22.825519787951524
0,2,0.90779908355701,34.48939335336257,98.20667016287894,13.196777025507691,0,1,2,0.24705548897971186,0.14304405408182083,0.8428309308693915,0,77.26769319796782,2,1,-6.208886594579072,7.46419206049104,0,26.342689536814202,8.658840970816579,0,0.899133780361204,0.0413434770827654,0,4.330415052346304,38.001064443927895,6.233742518507384,37.076518192007875,25.986609737860128
0,0,0.40401002930271096,25.996887218830235,73.57757256097568,8.27188367086411,0,1,2,0.1951503372569089,0.6026313809943887,0.7951921232878651,0,55.711931879337214,2,0,-7.299294954174726,0.4215367669110013,0,7.222029987009808,5.861330785373311,1,0.5928378582350582,0.17613192221946244,1,22.130627966458654,38.340469652060996,5.860690764131512,30.62251591009843,23.563838293055547
0,2,-0.6648607169415534,63.9457621435576,67.4593917531442,1.7247134305988197,1,0,0,0.959785397772846,0.1364376046027623,0.6117069599526834,1,20.795605279221675,1,0,6.967414781572181,11.364084914167949,0,64.68781581485442,2.4994871565046966,1,0.4933797135458614,1.1355779355454607,1,54.54771788957582,6.677609425562061,0.4264497900990545,22.770775817433496,56.46136348441783
1,0,-1.5073349795644422,34.157320746955655,51.4888769948044,2.0415684983705327,1,0,1,0.3430749707575038,0.26319112520265614,0.5648171785904423,1,25.483613469711038,2,1,4.1438002049408755,2.608208146179676,1,42.861867776201194,2.227984084622538,1,0.5313114308443527,0.4858705837459457,2,64.28400482137731,25.842296318525474,-6.214311178889391,22.019906226591416,68.10885167302942
0,0,0.3625105805607709,50.558799222323145,21.12432150343398,4.13502364191028,1,1,0,0.5583159058174331,-0.8053561662981805,0.4182475213802682,0,19.109521662287886,2,1,5.125536413536246,3.1398493203008764,1,79.74905584726244,1.8030662948493685,1,-0.8345673307899802,1.0150004007516558,0,69.55809609823876,26.00368839470951,0.15114159645170488,2.6279152340254286,47.66563724472558
1,0,-0.5313047189593542,39.97924049429545,57.636737648438356,1.7733088597926163,0,0,1,0.31651750155544056,0.057562098593669446,0.9133228291358007,1,22.134078754900383,0,0,4.407340032278384,3.0835269258021274,0,19.22929421423044,2.232196599895137,1,-0.45495727640419065,-1.2679580343874362,0,55.24818577432464,14.902976289025528,-3.1700438655862984,5.585639196916206,33.35100882388477
0,0,-0.774061127870875,38.10541958368913,53.69334528989891,1.5476096565198108,0,0,1,0.3150490631720331,0.9936679486843606,0.5332110886754903,1,20.401497909678845,1,0,8.761373484357861,2.1429948639871985,1,29.789303119326675,1.8194592726743268,0,0.23915277910367452,-0.3350340642020406,1,64.58439459202833,13.414241364008541,-3.177944062618989,12.829311326937791,47.46782138841053
1,2,-0.5834643503273164,65.00177463977235,16.28311264252223,2.630923814263293,1,0,0,0.9359007814965938,1.1800308988031212,0.1014447115945386,1,23.664557046261258,1,0,-6.496200195035826,4.40648422669721,0,67.88231117993601,1.3865093121888266,2,1.0192825070916534,-1.148407601249417,3,82.62814534865592,23.38186280974798,-2.098290234710378,32.39967172406761,41.44483626119748
0,1,-0.7217793460642693,37.815441257689756,80.10005981354321,2.6448391326148775,0,1,1,0.22077855811882685,-0.8893919910147636,0.474336310433241,0,63.02972046873226,0,0,8.737496519795751,5.06049007807159,0,15.503843009940358,6.028810322043492,1,0.9485139779537652,1.446949786853507,0,14.919357413951317,22.44564883856471,6.413389305907643,19.590657432439983,34.65201418604078
0,0,-0.007145242808937702,49.8191869923389,31.59848208332378,4.484226404326014,1,1,0,0.5733320891355767,-0.8665527820056489,0.28643600416250226,0,25.334950007844732,0,1,5.079742010851874,2.5364444963623995,0,79.11696725268861,2.9647193448700326,0,0.9332721899514153,-0.5990661053308068,0,25.833369191143486,29.121274408788977,4.8654333206485205,12.058656706608843,42.9966784949828
0,1,1.9927238167506403,37.078279874044526,80.43409920088264,5.9969629675959455,0,1,1,0.2390951892879435,-1.691114531395349,0.45068718644981925,0,70.89714447976147,0,0,-6.011860004058035,2.674668344807062,0,27.709385140798567,6.917963440862197,1,-0.43808757309190804,-1.103263205278904,0,10.563873412636344,19.325111044598295,9.457753484791457,23.541152594942876,22.657335868459096
0,0,0.139471364225019,18.949166698499923,71.67830159634974,22.536510239475085,0,1,2,0.061159902898431484,0.6168441748052242,0.5470425132448651,0,78.05047547028109,0,0,-7.164502993600932,1.5309085730044438,1,8.465651496085155,10.372817829197201,0,1.8819916168769406,-0.33066678652328263,0,5.422820206310991,39.932444889770665,9.905413677960262,1.4948045199608773,34.96930119894388
0,0,-0.06523038079812646,25.169403462437792,54.02271302932339,1.7954537175356204,0,0,2,0.1416641530938259,-0.7962693946454648,0.592418107880794,0,26.50287276505434,0,1,7.945846504715224,2.2432554955123614,1,1.6313789129411171,2.445944778794489,1,0.7016055395433506,0.3908389542950579,0,57.022556586993076,12.15074136147133,-2.1148443991539656,2.1160650727383445,53.769509453715415
0,0,-0.43973765385530034,23.36619865648431,55.47755454698038,3.4144205750236827,0,0,2,0.1592968167848779,-0.9840567787245106,0.7196033668947719,1,31.172414286329868,3,0,2.316765590456587,1.3372205277174747,1,30.522881565632176,1.8235878870518496,1,0.7398473506739508,2.066013863917262,0,64.15076321023841,22.74274682261762,-4.009279347949304,5.494150406346461,22.505859259216244
1,0,0.4025134894981051,36.27157262586003,20.60284493944063,1.2221310251759343,0,0,0,0.2373586454083843,1.3283942186015154,0.3892025132484934,1,24.423261954592537,4,1,2.461402724983559,3.167663873573243,0,23.337009426510562,1.6781041935036787,1,-1.44319499580121,-1.4976596926683294,3,77.39236097437274,15.613305975284629,-6.01869581036045,5.699727331523943,38.25859363077288
1,0,-0.024383733072517254,44.564903489627746,26.666547413840668,1.2511086991234208,0,0,0,0.41119922713798396,-1.1466824469775678,0.36445786226606336,1,18.940754346922763,1,1,4.9918632582251234,2.8332318404745056,0,66.83877792060815,1.7927313739742812,0,-0.38483042582169896,-0.09358951269860516,1,73.23681595060323,10.532450856643365,-4.118660650293171,6.229589678337355,24.87633692374153
1,2,-1.7257470422349916,45.469188329754886,82.95580963375032,3.1834714067882346,1,0,1,0.6151985583105604,-1.1168520832008004,0.3722967321619808,1,50.576537369516466,3,0,-4.4287755389531105,17.032754284884344,1,62.147395772064144,3.068986902614962,1,1.0453408562331195,-0.47985211792511834,2,34.411946288668716,30.58665085217939,-3.971250271639553,37.77566501995554,56.72358355386809
0,2,-0.32206496214770736,23.43574872240621,68.57486469427465,3.053478910614398,0,1,1,0.1493471315620989,-0.4033247119857798,0.22393739061645396,0,68.11199809243536,0,0,4.716640917996029,3.4109157367642156,1,6.150149109131133,4.667630209011456,0,0.2993414884587657,-1.245835667889208,1,25.89691488951631,29.012409928822784,3.996887398763418,17.027299824494616,21.541240948578533
1,0,0.1203295128850586,42.34663955493372,92.18577230245226,3.9101346558264685,0,0,1,0.4235057196980717,-0.06395815785650798,0.9398350298214788,1,48.746816178754614,1,0,-1.1829104338088126,2.3217381812567224,1,43.469248343772776,4.0737143803750175,0,0.2689339921603275,0.5232837350815751,1,26.80809072393592,26.796083110749276,-4.955046954656018,25.06219230239755,52.19637629470552
0,0,0.13133620093050716,20.04202163874416,96.10171697591284,33.586340509295496,0,1,2,0.09558444539418703,-0.3395422014909803,0.853797179238792,0,79.9914407802359,0,1,-2.0325940772737,1.244872852300235,0,40.02546372028288,27.25428915142003,0,1.6403166846034287,-0.1851206015550091,0,0.9839936603169896,39.672038898334904,9.998401250589097,11.977817083790772,32.38108965842945
1,0,0.03539636374784343,28.963396726310307,23.227153646399586,2.12567298107217,0,0,0,0.1765950958230243,-1.5601722913184781,0.4928793362465637,1,23.08903093258175,1,1,7.730634292755131,0.48223996905157424,1,56.30545443867655,1.6620365242701753,2,-0.31053480885070744,0.7179234782550739,1,79.79004018378126,7.328798900548968,-6.286669973074548,7.90487564631702,22.067163278431153
1,1,0.7859984609055344,62.60729010997444,5.761998065336515,1.8924769397085945,1,1,0,0.773443365220469,2.4970952478588937,0.3593803615098828,1,19.162215737605784,3,1,-8.598813054012817,3.4382769586632134,0,0.22325786961732152,1.3371254223020057,0,-1.2716982516687847,2.2685022999536577,4,86.00763230887229,14.246032366040588,-8.749475404147626,32.73150452224713,36.69948611819625
1,2,0.25124380641693034,52.82600653481132,42.504070130735336,1.4788445222363982,1,0,0,0.6744861275310973,0.8729345568991539,0.37772483279882674,1,24.64418137173279,0,1,-3.4476461728456016,6.099472657125798,0,41.653930811385564,1.95759756201028,1,-0.29058389087143155,-1.3779920541072592,2,66.61976930265028,13.27330408648499,-2.600251088269503,29.63633919109855,21.07284889057391
1,0,-0.6208755441017695,67.36306110724367,14.733712325420779,2.895965519865078,1,0,0,0.97215367166832,-0.9387920365296502,0.9589159503658501,1,25.51988335877833,0,1,4.821433709699594,0.8542709206547313,0,73.71420300133519,1.2401988037017524,2,1.5811837781265277,-0.6496003250593515,3,85.45480682540168,26.6433498836492,-6.2006089805789255,10.779892137873537,67.82998044249466
1,0,0.833198616947595,34.1734525658879,17.201339600525518,2.1548867535932406,0,1,0,0.12177118229857964,-1.0802168899668192,0.09258725608148971,0,35.408011011603094,1,0,-5.334712799401787,1.0372271531378439,0,41.289161356712576,1.7774574227986508,1,-0.5477524397411333,-0.26858463043266234,3,77.50273311058288,11.767856112803695,-3.410506701317982,13.87961107952053,23.79218701307933
0,2,0.3316938317493217,55.39297468891817,92.13772826191301,3.2268756124802134,1,1,1,0.7000186910190163,-0.8567459329912988,0.10314797950589455,0,75.91853268374146,0,1,-9.743750974493079,6.133308589608827,1,12.283440645211385,8.32466801168489,0,-0.6509035438541538,-0.8759264242475486,0,7.365624905969382,12.475063501210828,8.941140774502173,39.61854590738405,69.90345611606713
1,0,0.38544359082543517,32.28661710132898,44.68892470316924,2.499823845578676,0,0,1,0.16334849325530687,-1.4706495937872193,0.23391125688916742,1,19.543470832608673,2,0,-2.672621550709094,4.019145190121443,1,41.823142746464264,1.9455173100835845,1,-0.42544765931124356,-0.3542783669432137,2,60.33535965786603,16.56961467051971,0.8554356371815679,15.034072562274082,38.859052485327055
0,1,2.1205553464315905,45.75321455969204,83.01969649380877,1.1158656647028808,0,1,1,0.19483273256737893,-0.352123300966331,0.45223939106566236,0,42.68610768029738,1,1,-9.138222639973637,3.5121371555220806,0,49.29449663367447,3.4066083439198556,1,-1.0555526011390388,-0.6804067930209362,0,30.270286418848354,8.741701072266359,2.384641896495353,33.01037328244143,63.749255847233876
1,2,1.4127309781099997,29.619256180987186,42.74354794093714,1.9606984812152288,0,0,1,0.2106134798750222,-0.00035976073407485086,0.6109068379260946,1,23.847008337716474,3,1,2.1556572654864663,3.5091376874636535,1,16.13459278208641,2.13095668139087,1,-1.0410159630662732,0.07377540728902748,2,66.39970705193008,13.828294935069785,-3.0328785492133807,24.21559300491255,26.531317816791656
1,0,0.2862443997250235,43.23350487073837,40.779833010446694,1.7566943124905354,1,1,0,0.453258718879839,-0.6115355218871251,0.5392509913240682,1,27.512834440460594,0,1,2.5832524246992232,3.0502794700578764,0,51.07972539563795,2.3391570301009326,2,-0.49081193573452225,-1.2073039979239126,3,66.57672211070052,16.211445371270315,-2.9330520698231872,15.248083079603754,32.37514184523272
1,0,-0.03620948722960777,21.228534933692206,42.314589784506424,3.3402397287751033,0,0,1,0.1236109837902638,0.286085565551651,0.6361344230802211,0,24.115018381149017,1,0,5.105815498339103,0.8661697797636159,0,8.698256539181388,2.0037880047929963,0,-0.5024312682498329,-0.2135045471015994,1,64.53542687740685,22.09923448219605,-2.2613352211522066,2.5574752180824056,23.155747643803323
0,2,-2.1661361198733915,63.621845264292546,90.51185562418429,3.7710615407984984,1,1,1,0.9677739729066649,-0.02466575325653787,0.8521142861573179,0,76.91691127233315,0,0,-1.4447137254118871,16.915157205157357,1,78.17805332595296,9.77726421456723,0,1.4314034243944735,-0.8154486384759714,0,4.5281740786878295,29.031126182671457,9.199036156216497,29.50994814585166,59.82112589109645
0,1,-0.6602647259460293,25.12710632161457,93.49624376720773,5.453480911691655,1,1,2,0.27225129293191463,0.25600831423038983,0.431530842151275,0,77.66321093555797,1,0,-9.068680248950317,8.286647326138285,0,0.0923807517321551,8.989960903462835,1,0.4453507365932457,-1.0467329417910238,0,4.6748465263655,39.48305801991978,7.334584508428481,37.58318470741063,27.662046023900935
1,1,0.5380319939439958,57.198449486856425,43.1654414866732,0.9173637258576003,1,0,0,0.7026867623791373,-0.02753412175231714,0.5371916657557755,1,22.51342283894191,2,1,6.820280358819456,4.7397236463319885,0,53.273606331316984,1.998661127166942,2,-1.4976065676807995,2.334424545962983,1,70.36120713185056,9.900403068092034,-6.302644256299274,23.616871954448627,49.350002526116356
0,1,1.8944318225128938,65.12217991766946,65.89309437383989,0.36741203407537226,1,1,0,0.8008541240971258,0.5379010816036479,0.6771054938000474,0,33.60514022970924,0,1,-6.887337429064536,3.015623866548786,0,60.5439339272149,3.193327497602442,0,-3.325878511705984,0.5736120284147336,1,41.45293614547335,13.82764328243821,0.6785126344037451,37.76390535196982,58.31792875847702
1,2,-1.174706591810184,65.28168858632836,29.009116335397756,4.5024719769308605,1,1,0,0.963707442979918,0.4740429664703943,0.25754805984587636,0,19.533777885829675,2,0,2.548017514590253,5.020821753537125,1,37.81856992355138,1.863951266590241,0,0.8005503929393162,-0.5867700106478769,3,69.79998022595876,26.639129982025757,-3.0920890187368633,33.732610227544995,54.06166894914822
0,2,0.24828925294133328,23.494040732241437,95.04602986940831,18.145221559947828,0,1,2,0.1643811836187205,-0.5886920575212887,0.6407807104764893,0,79.23162660626845,1,0,-6.589366360494113,3.6548570894557475,1,65.59653744167943,13.093522067400105,2,1.546734066393333,-0.16314764024275333,0,1.7304893774611474,39.54945544809171,9.325913661717806,35.63161469399922,51.19102655010456
1,0,1.206522049354877,58.64795543590019,38.37081130508261,3.1808007843596005,1,0,0,0.7851411429208994,-2.1672565284804786,0.35936682483446464,1,24.985890562868363,2,0,5.815308563094899,4.736281952946354,0,73.51404998053073,1.8915694286180067,0,-0.856133543629502,0.572809504988018,3,72.07327062440896,14.667046342932672,-4.491913192284011,29.660408352532258,33.869138223088804
1,2,-0.18736868812327134,62.902656752098046,50.15854821492296,1.0250569578191662,1,0,0,0.8921173047938338,0.21071817172605853,0.531472657705934,1,22.40066440649702,1,1,6.017039500463799,15.235676720050337,0,67.20730022261556,2.2057916107415476,2,0.47332326313861606,0.3330579983774906,2,63.45233513157058,9.5491763097713,-5.430290624728221,19.665429330367935,36.60927938242191
0,0,-1.8373364162797488,51.053607813732455,61.18788844323508,1.4034129643226592,1,1,0,0.7599585688160992,-0.023241280305248274,0.660088349481658,0,47.36327559041382,0,1,-6.076725237080408,3.458449257696228,1,75.82938733072497,3.7923409086310547,0,1.5242875946357883,0.053202076795859914,0,34.26119247132069,18.360868878096262,5.493175340415881,11.263353452156357,63.073760522660606
1,0,-1.2677143586443875,35.673018827720774,12.631294369181184,2.863793296020453,0,0,0,0.37711156606657864,1.5616796150698313,0.1683173284577799,1,25.131161185528835,1,0,-7.105069000848099,1.4515966301222287,1,62.179671388455695,1.174908226220862,0,1.171964502637578,-0.2538507065313027,2,83.8078730850606,26.783938622938244,-1.23088351686547,6.065003850782906,43.96775792372132
1,1,0.0031617701766206508,33.435974146286235,57.33240719656916,2.1685629491715237,0,0,1,0.2470892166435239,0.19648097490049388,0.4700860837858466,0,22.5480479518927,2,0,-3.403786880824021,6.489337312914857,1,5.913190129884818,2.4168495200306146,1,-0.3696263764217246,-0.6626961280392527,2,54.59187392614721,10.01728051659219,-2.153917302459969,9.424346249056805,41.31406087997163
0,0,1.6412844899779957,27.573465562312435,97.41748422818648,14.213010159674521,0,1,2,0.22780064420962487,0.18303788997799936,0.48515481620499673,0,79.9407292978044,0,0,-0.20199216236408546,1.04626359490282,0,19.353564439875612,18.217204597552715,1,0.5128188971836214,-0.204285265291724,0,0.7278581269665518,36.57465401366381,9.475033821076913,35.14665145958048,34.85721894214946
1,0,0.63308162308787,39.09068652790688,11.769849509455904,1.4759084827075184,0,1,0,0.2798142915074739,0.12303627562964635,0.23569948610887026,1,26.636087099141285,0,0,-8.152583401436633,3.2814327497473723,1,0.28618104814154943,1.3084402430730924,1,-0.7488270883199872,0.7224694521370119,2,81.20514338292617,12.14633913432646,-3.898013409271579,1.6584699441428263,68.64081042524553
1,0,1.1029389245583234,67.11786948855305,0.39622766998365644,1.3465345380779827,1,0,0,0.9035964999382409,1.08925009271253,0.5807157278455127,1,23.306398907857954,3,1,-3.126101405749859,7.050019922101631,0,9.311630104699846,0.7380705706724019,2,-1.0810697544723906,-0.11117094730848716,4,97.81454264258196,11.455449981821197,-8.783026214563662,5.906715417744193,45.50757226435627
1,1,0.6592790894281606,66.4797315250402,1.6220571342202783,3.226761824563826,1,0,0,0.9115563863304321,1.62694338343034,0.004881971380190031,1,20.171307259861216,4,0,2.5894951873307566,4.034770113195004,1,36.234062953515426,0.8115038347403633,2,-0.2798170854312248,1.3723506188986523,3,96.64274792298397,19.483260245797215,-7.805093191542591,28.26296273389459,63.01414284169057
0,1,-1.6820794536913972,58.57446529563031,51.008756776373176,2.0121589684661445,1,1,0,0.8415858709207379,-0.35909759530532936,0.5540318341420395,0,27.857556684725083,0,0,-0.3357980595441479,5.6626937582538535,0,74.40242805888579,3.0136003845231794,2,0.8233787727686034,0.28629557850368637,0,45.1362755419693,19.624049082219305,1.8538333220813463,17.357570182830088,52.28182417240048
0,0,-0.21994272959101857,40.72043759646628,13.616038944849674,3.3941413518440724,0,1,0,0.32196720343768837,1.2254436462333995,0.4416651197471369,0,22.861289706051366,2,0,-4.325618607993723,1.7964766751738288,0,39.50922606560177,2.1331763056470168,0,-0.5910725149023266,1.8716342491359943,0,66.64322442978609,19.800180334944134,5.013280474389463,6.212562029461514,34.60911095180681
1,0,-0.42489506180418257,36.7545938811849,48.371158618230254,1.4849846823681243,0,1,1,0.3208524264921151,-0.5544481293946925,0.6332144404397628,0,28.06168209298397,0,0,-1.1021430720808905,1.9852488735220075,0,17.68737948570066,2.360839463794991,1,0.9699555725213871,0.7440421358693001,1,46.948377995351564,15.141867652714872,-1.4412182023899298,12.661717795948082,38.627664186758544
1,2,0.23370194061723304,53.2095117687988,41.548608621372004,2.2364173269618846,1,0,0,0.6370276784924962,0.5106381707734371,0.4712132257697826,0,19.124822613205183,3,0,6.018157594626924,2.857400351150634,0,9.71972692157124,2.088504308745519,2,0.29236583201320726,-1.0274965849484883,1,61.52635739584459,11.657870537508963,-3.8222847376527653,22.10721292523205,25.830268800040997
1,0,-0.1297761568319318,33.73413173521926,40.996586928865916,2.2481303420789778,0,0,1,0.20794674195419321,-1.0677396109382418,0.3401276668814659,1,24.5717128539561,2,0,9.867582576271836,1.965375022901988,0,24.436623845280923,1.7093309150895546,0,-0.49466458139867686,1.593572597544885,1,72.2895950044878,13.531824241878404,-5.547502045808464,14.328743312431133,33.80506126023287
0,1,0.7337985367714565,29.530511348559134,95.64643832506977,7.329602964155885,0,1,2,0.1204668722022717,1.1131069523910662,0.5080616552084777,0,79.9037817038063,0,0,1.1469095222004633,5.340030337370617,0,2.843645815609701,17.802167619260516,0,0.27636583533415077,-0.5415666593974743,0,0.7765545406825114,33.688704795421515,9.922026756760406,38.29038153966061,28.088619481955625
0,0,-0.8076116286074418,45.98853575489177,19.52685639126306,2.26962185623225,1,0,0,0.5188043526463642,1.5837229724400024,0.9091537148057711,1,19.59902670895992,0,0,2.9830513151027205,4.2154848687903925,1,15.194836435930942,1.1888279086828184,0,0.3234437973389685,1.960397439757496,2,82.94285107525543,20.471385161944127,-3.5816325244814387,2.5575649260502398,66.0583436141143
1,2,0.972320753072275,62.88225703709294,11.716448416420466,2.7024676347034937,1,0,0,0.8605936708877977,1.3376162728945,0.21144679466191524,1,19.481589814525954,2,1,-9.295068171200352,3.591131026424356,0,73.15652735632179,1.2845062730721017,0,-1.3159280355189602,1.9962731621419298,2,87.45529060619937,11.209035812928,-2.9830833169106956,8.98464238960089,46.599707115546124
1,2,0.369172373406109,59.767082349762774,62.01868694202519,2.0168912398778933,1,1,0,0.7611779360294588,-1.4114906198040287,0.6498896169639552,0,29.111073083056095,3,1,-7.660829479284541,4.038635481244063,0,75.1120738932883,2.994951307231371,2,-0.4817504816442904,-0.11595647057951644,2,39.87357346157959,15.398854886590943,-1.8885809197490158,33.12543310934064,37.651858663324454
0,1,-0.2387076947490492,55.960120679177905,87.12775633647438,2.0281256218409256,1,1,1,0.7068284722691978,-0.5681297240117588,0.5366159573573109,0,75.27573985247662,0,0,2.2240349157358175,3.030876018880432,0,19.785156995229688,8.551038670942521,1,-0.5078466644467023,-0.043800296373943635,0,9.720442555665903,6.101324243149873,8.106905189477061,19.05506649515313,68.73481065683883
1,0,-0.07403367194797714,57.27442254563714,11.824851168023153,1.6746403631034594,1,0,0,0.6994447178317256,0.08578576127954256,0.09616467358589176,1,21.125551542926928,1,1,4.914728608716699,1.7601328770184552,0,42.30480692611552,1.4017697041272765,0,0.05588477320233745,-1.602369270647987,2,84.32710938388092,9.894674236663125,-4.496811867087969,14.994090247650567,61.728012355934524
0,1,-0.2910073521479851,40.40366512876374,86.90836711325211,2.2263621584188544,1,0,2,0.4774667022228872,0.04810012464392478,0.9317671536650174,1,36.01312290529789,0,0,5.596595845451029,11.995476072385095,1,57.0344252183207,3.35147571139796,0,-0.8439562171490956,0.3283358568893085,1,30.038955155815145,8.828626887092835,-1.4252649652139677,14.668929821833224,60.926574184421334
1,1,-0.3513059416201903,31.81402761589256,70.96956152762402,2.592854239438579,0,1,1,0.1250851130245817,0.1031520458979283,0.34399625787147564,1,37.843112455886605,2,0,-7.235261706414596,2.635165819791389,1,44.11666989423915,3.389347037704641,1,-0.10760266852820281,0.12522202007876135,1,37.94843916849877,16.909792017813615,0.0328520714012015,33.85855692210606,41.02130214083668
0,0,0.5679587912398494,28.586145986146363,96.11923616518045,20.428814172503238,0,1,2,0.14801876410002235,-1.1066991479901207,0.7326046671032624,0,78.88082487201343,1,0,2.491260287785714,2.6702547474816254,1,49.52856324290071,12.434657537182758,0,1.0746497277934024,-0.7322515857479873,0,1.8485984014414814,39.76738521639164,9.588735942429455,10.418415081876837,26.136746517002905
0,0,0.9502284477433627,20.7793181497531,86.59076414561927,9.00982310151375,0,1,2,0.13534258478173283,-0.5355284617144878,0.1270545049183303,0,76.75990996852346,0,1,-6.842256189293343,2.06776415426595,1,22.13639552259234,9.162770752544867,1,0.9014378199887124,1.6246672340211887,0,5.831721145391288,29.449855496193965,9.22558972416067,31.229054541639574,31.068736568063755
0,0,1.4462356933542146,51.010664254142554,69.09952121858332,2.06735800330174,0,1,0,0.41021961660580825,0.5796010999629289,0.6045053964441478,0,30.277862683884997,0,0,-7.303909344570602,3.891729109452109,0,44.328069340639324,3.1403080508979753,0,-1.6181171285969789,-0.07672890258146078,1,41.54478470792448,11.076567783844684,0.2606463226714695,25.592099972050892,43.5201197367947
1,1,1.30678113114975,33.23065720610553,61.715471168423534,2.1274352495251314,0,0,1,0.3049760333803132,0.24299918393013986,0.42531679155231006,1,21.301936005186874,3,1,-8.150783586253386,2.0389901499606125,0,18.046402515016005,2.675375166608913,1,-1.656310791037871,-0.6891897134036372,2,61.245062889841115,9.815742026846877,-3.4987209890770448,33.73294333629036,31.451015306376558
1,2,-1.4008566292274693,56.48861967075248,66.01560633636319,3.5810899341098774,1,1,0,0.864909880553778,0.8908957036007428,0.3324626220509297,0,41.870706020849475,1,0,1.154983630779574,9.048266261262203,1,52.07885326046331,3.30173194584402,0,1.969330675348924,0.25360884436963366,2,24.606813029696855,27.677069956202175,1.619279592881675,37.5430271942252,50.60151715280794
1,2,-0.3500523391748668,68.23948863827532,45.08716328005512,1.9871416433178606,1,1,0,0.9823044751573519,-0.37310131595595186,0.8800177388879854,0,25.478050959472274,3,0,9.28077712459643,9.822068043898478,0,69.06919379322566,2.230934467812444,2,0.3482424021405895,0.32905622610068275,4,55.779741247714554,11.726348802315904,-6.608170946082272,34.692878496974906,29.58360619342092
1,0,-0.14540854647447043,28.47269566821513,24.315524784452315,3.0549306548315847,0,0,0,0.20831959247182624,0.16544866177259798,0.14421388682442432,1,23.803081471340164,2,1,6.560727080729119,1.6179700763478329,1,37.554391309405,1.5138663100843412,1,0.5756761829553201,0.10105654000711183,2,79.3897559870268,23.88695442779991,-3.50909918780423,4.365911744463984,33.90728278439237
1,0,-1.2613863108228596,25.708386819195482,92.2108803163507,5.859714369841457,0,1,2,0.12818441160223026,0.19373201666624182,0.7788169651013901,1,56.024294529793224,1,0,0.6714253150569345,2.939359697426438,1,13.706973540933332,4.253939395862055,1,1.3601639262337788,-1.0170313839645855,1,22.153063107220323,34.981563659501475,-1.9778568952572257,39.48001723543834,36.688525714616006
1,0,-0.16007590337605024,44.87025175913344,39.09518369186818,1.4387371251341496,1,0,0,0.45427292332954006,0.45121768234171533,0.6783909754472676,1,24.64141719653915,0,1,3.9553691561422077,3.5580938403826092,0,71.90889494461955,1.654653169845255,2,-0.2366452783430598,0.6614427921405416,1,74.88150646183615,9.782370560142045,-5.1205977304266455,5.923633365768099,28.22665524636161
1,0,-0.08192634072325264,33.506199804212486,57.535635883142575,2.022699336644972,0,0,1,0.12772130419105465,-0.18803646711296826,0.9918866050742912,1,20.529776379949016,2,0,-4.182189194750137,1.3555363892653916,1,7.498875661090159,2.3817907995410907,1,-0.40281137902711167,-1.0499169124493215,1,55.928578936684644,15.41485812783244,-3.6786634955525424,9.700582866243755,48.939789624040934
0,1,0.08410152461145196,53.50566732431337,81.3466116078361,2.630564306114879,1,1,1,0.7336542279952348,0.8490369543892969,0.4590529021660107,0,54.728557138352954,1,0,4.388359399315414,3.437459480491319,1,30.97551934702,4.125604040535451,0,-0.02699577726859693,-0.49331479597569794,0,25.158914065760314,16.688298558414655,4.641409598078692,34.243981109533706,35.03305931290819
1,1,0.21973941712117856,64.07232169990789,29.930492659986918,1.8354578987761823,1,0,0,0.8526047761211304,1.337831373480557,0.9710954758926986,1,28.009036948185866,4,0,-8.404457682234838,3.322879458627719,0,9.330786922110166,1.658665167695212,1,-1.802853171251808,0.36160228077626366,4,88.8151703843906,10.496932364930666,-8.001777052647634,31.673169364845876,36.54705551392841
0,1,0.3966873543070741,30.57781136305924,90.90948563938659,16.8962035142806,0,1,2,0.2761542977316655,0.21319294934483402,0.7436433334829877,0,76.05905090351794,0,0,-8.201807896836321,4.861323667566879,0,54.312725842661266,9.299989759784257,0,1.2269356284530568,-0.28032379397934964,0,5.8887338204599455,39.86548189165026,8.440562933602358,29.911769267076124,28.678752967751333
1,1,-1.168159120243487,28.514179975310658,68.04214665414261,2.057977183536656,0,0,1,0.19213532713137643,0.447370709365234,0.28881646625215396,1,21.52998528409408,1,1,-7.643944865414868,2.2476250290476125,0,18.92266457269512,2.9905563226931045,1,0.8051162310629953,-0.0456840555436125,2,51.79069535743274,17.108429039222493,-1.0246721116099327,30.844252529563256,47.16971660912128
1,1,-0.46863163262389906,58.07967982847629,29.668865743782895,1.7422023480516147,1,0,0,0.8214929197351972,1.0119677380889505,0.462298264069069,1,17.80791094346455,3,1,-2.4901103674777474,2.4341820001776013,0,25.87843320050385,1.7393303471705255,0,0.25474090188410875,-0.9287469706396463,2,69.4767188473187,13.020344502258023,-4.625292903797606,28.393733161900244,45.36469692622465
0,0,-0.1622084511292178,19.715408253385583,97.53650718651474,54.598150033144236,0,1,2,0.16521625855310962,-0.9509212447494453,0.7337052449304483,0,79.99951587568042,0,0,-0.14942075755026885,1.2820881814818008,1,35.46107178476063,34.10493663418106,1,2.1976150363089104,0.06119860372863128,0,0.048965734260564275,39.999997538111074,9.96952372284921,37.50684804800243,21.781922774368244
0,0,-0.5051882954021711,27.69485534622015,46.35351003527332,2.564677507894376,0,0,1,0.07274954178272075,-0.37839156432512616,0.2088715600171624,0,20.21177781187098,2,0,2.704971733078674,2.2718937466999187,1,62.21585610582105,2.293061154202335,0,0.5026347298461112,-0.39038976039548995,1,59.19761319181613,23.759457155149796,-0.32580786607691437,8.161948247134138,36.816022733287
0,0,1.242850686889946,23.317131380096626,82.55438299229895,37.43427520615059,0,1,2,0.09255414867609618,-0.3842951968557541,0.5787974900703294,0,79.57760550867408,0,1,-0.8390081002380807,2.5028982397714286,0,6.485114763013704,16.642279210285807,1,0.9374147792710779,-0.7340443327036227,1,1.4367624619047892,39.941595671371395,9.870407172429996,19.92795926308249,40.69845372374651
1,0,-2.248984159570268,47.77397698125103,65.7061137386553,1.9201331271426674,1,0,1,0.7364341686150622,-0.020407948991689944,0.7020816081867889,0,35.896168031256664,3,0,-2.6185801607077464,4.068577490149584,1,27.3574305219635,2.9216288445823353,0,1.1112306891905188,-1.7487683157679426,2,47.761917155937304,25.281744886294433,-1.0371690605882673,29.615910560641268,65.96209914587232
1,0,1.2783310660507634,55.45397124290755,14.93952311554031,1.868261147302683,1,0,0,0.5673211860931281,-1.358615110455923,0.6379455682698953,1,20.99198417349333,2,0,-7.16732422732119,0.7846900930425815,0,55.397005579001814,1.610562671931748,1,-2.958973578862461,0.2088141136212856,3,81.23465154071314,12.194404589728867,-5.585290984239853,16.73378843282402,47.70610319994418
1,0,-1.4515868793790456,23.25302043105672,28.200396042549496,2.0284067253934244,0,0,1,0.16325443228507874,-2.2076864990482696,0.5901355024884931,1,19.674007664763025,2,1,-4.601852003041062,1.0458754057576476,1,53.97916732253428,1.9167773405876527,1,0.4544977852403974,0.020589871127809894,3,68.07837222514236,18.29455955434148,-3.9154813257521184,3.272502790388423,25.76250006532033
1,1,-0.18527283650310028,39.825933538691544,30.800077011133613,2.0883183880919773,1,1,0,0.4164468374134719,0.8457628471675492,0.2455767121582394,0,26.977756920996036,1,0,-0.7830520235740916,6.807021405072583,0,0.823188406042048,1.8836705418324695,1,-0.2428369537168762,-0.4850661298244041,3,67.890987393598,15.14263630297842,-4.535609714643999,10.043567315049543,22.21051283348223
0,0,-0.5538011956759002,23.451118920850824,37.72272610992836,1.5174062629921041,0,0,1,0.1748833158985128,-1.6137170798428107,0.2983149731601243,1,24.393834733173016,0,0,-7.79972220150605,1.2069497000761844,1,54.85666817947611,2.0096705206329335,0,-0.3220111241813138,-0.2752118434718833,0,68.25728953688248,15.523187408790754,-2.363035490228299,2.206241464889578,42.45813116939694
0,0,1.0500107283979168,43.7770907677948,46.04064865169421,1.7028445289553285,0,1,1,0.33648117541400835,-1.3938693301873197,0.38223792247502253,0,26.07130522592123,0,1,7.0058811248238015,0.9590416121050618,1,63.26491074213992,2.403429279996657,2,0.04641934544817924,0.12569449478371372,0,56.54816012975642,14.514870221351522,1.5370240404993716,39.180103682513554,56.86462238850436
1,1,-0.1768585639678118,63.77780985440579,1.427439675320169,1.9310398316313098,1,0,0,0.9103286270911923,0.24270062331654546,0.47978571319557,1,24.99824441386883,4,0,7.443572176696502,2.670888933991874,1,49.22226886804004,0.9108995943560564,2,-0.30843829859396543,1.7643987363279434,4,94.13854771329329,14.639277216140897,-8.12705235696336,6.659059270342356,44.23067586400053
0,0,0.3518430166365758,28.920927926275727,89.00524848681363,2.791995273024734,0,1,2,0.27337857275969435,-1.0506179445286736,0.7159300857000994,0,59.57414239288905,0,0,-9.46684720056426,2.5497805525373876,1,39.62744408223675,4.412821764649109,0,0.05206547155000594,-0.4006411782966635,0,20.76720483726806,16.88579706460334,2.553633351828136,31.543935378877737,60.51468150131711
0,1,-1.9816671064104094,36.633598506450966,84.58155626535306,1.8629354215765475,1,1,1,0.45770503119172895,-0.7260430793951007,0.22749959883135057,0,71.35091762047246,0,1,8.89059480552671,4.5103049890380875,1,53.80846372911847,7.450102691003927,0,1.3484309626840005,-0.2777139038604631,0,10.195678892600373,18.770093206813673,8.833631934270056,23.51713798817238,67.36594144272681
1,0,-0.7501019469338756,42.403898226969496,4.542741147547813,2.4960135553293052,1,0,0,0.524366390491613,0.6864845107656994,0.0666766159877974,1,17.442695076383757,2,1,5.907867217856513,2.8688077850705156,1,75.37983060370162,1.2219419685382058,1,-0.09855410089959955,1.760925222722614,3,90.27190788675243,15.622605342079003,-6.759040241266514,2.279311977946228,27.670940572397644
0,0,0.45600304278315695,19.496857174598187,86.86682259478518,19.71023366025876,0,1,2,0.10171462875528614,0.025596198598363942,0.4039331045143185,0,76.9845391773382,1,1,0.6475505229259664,0.6695644339291815,0,7.9416320243097305,9.005042164736068,0,1.129111894698066,0.6781657795338154,1,3.4260274357146567,39.49630580248985,9.369845098876919,30.901848016079796,24.670606168817315
0,0,1.4338361458353568,20.904407034433994,88.64267488370766,17.568711370162145,0,1,2,0.1438112974490055,-1.2641166989147967,0.5461999968612843,0,79.85908799314478,0,0,-2.993848207992169,1.9783463770717913,0,11.482680522526,15.692215908007412,1,0.2386672222121227,-0.4410712530061129,0,2.2488420412577037,38.82410798818625,9.981151331517701,11.701969401148808,26.551542865877792
0,2,0.4387314899515341,60.220420229547436,57.85954652254751,1.9489060554135127,1,1,0,0.7677686050309604,0.5366107281405266,0.5193346388823872,0,26.035843213889272,2,0,-2.9048222409688425,5.2904308027018665,0,55.17074454200138,2.817739939354808,0,-0.4580414575452672,-1.0742977241590745,0,25.655328132527412,10.283713831722494,-0.17078280305598703,24.119138050432856,67.08419334998266
1,1,-0.028910429612147164,68.51283876903173,1.0359176489765365,2.6476725047333867,1,0,0,0.9828356218839889,1.8118944568899806,0.17622696412664807,1,19.283546361400173,4,1,7.156663909303109,3.5142428806913473,0,59.0663731296273,0.8407606736218062,2,-0.3309083540441999,0.33276959017136265,4,96.41212962546408,18.44073069105699,-8.99725192231095,24.12517568010207,40.50128681615665
1,1,-0.5662796317236464,54.05571133922064,42.27285805348473,2.2514305251059468,1,1,0,0.6935323614873263,-0.4193357377805943,0.36141680619523897,0,22.19544005844512,0,0,-9.120044375625238,1.7479048121594514,1,35.50973816642141,2.106543878345293,1,0.2828842551712481,-2.3182842325134456,0,55.370244732548294,17.532431013632635,-1.9334578677667658,31.22099275958675,65.73047535252414
1,2,1.3464444465999514,67.24174125288815,30.727826352857868,2.110059499507169,1,0,0,0.8803677697723236,0.33208681664116535,0.673703119219502,1,23.09355800360937,1,1,-4.027885168924081,5.743213330059345,0,20.331393801854936,1.5612915937904837,0,-0.8517755820298988,0.4342583143320922,1,73.46620348262418,1.4418230143991306,-3.660884685275404,15.771093264335338,69.53994091132313
0,0,-0.6392509034339902,27.169676998214847,68.9281486685726,2.2022759260985674,0,0,2,0.1874663220847268,-0.5858999795115876,0.38500864929605294,0,25.838863131163272,1,1,-2.069478458101049,1.334226933332206,1,47.34576844516912,2.839810962770267,0,-0.4731394965154977,0.11309995806766504,0,47.007624321601185,15.8247003877372,-1.3382305144245024,20.670144466624222,47.285195425999945
1,1,0.032942219840801576,42.756749413508615,57.168261411263735,2.164902217083127,1,1,1,0.4249438596047846,0.5710396941888172,0.8429778595123502,0,38.88226782500068,1,0,-3.2403439350287595,1.2441472111670504,1,33.82243276422537,3.0816893734252657,0,-0.1695246638066034,-0.4053021305004178,1,49.139459748014225,10.035587458522246,0.74151614235792,26.58044566469245,46.535016368591165
1,1,0.7234076985101784,66.31331118154048,11.667266491471434,1.71474408569052,1,0,0,0.853509639058867,1.6720449766619037,0.42525524047200397,1,25.87421048281555,4,1,9.18459294844219,3.568306350184867,0,63.80397888090478,1.0822121382917178,0,-0.26064281336529854,1.6158982525301016,2,90.38930786292568,1.7899085065795828,-7.407243961813094,15.383428752952295,34.99275531317299
0,0,0.21863084996852097,47.28728442090558,9.77929011345402,2.584440760304395,0,0,0,0.3569707169904709,0.4228083276918819,0.21290140202146385,1,23.781886104177453,2,0,9.870953467487482,1.5076928341299511,0,42.85017975372651,1.1017805227954878,0,-0.32163935434045593,0.7253192276065423,1,86.39473828937143,14.767535192259125,-2.640768825556947,5.925285733797681,51.89518463684565
1,2,-1.2935264631752739,65.7434562239979,46.80766463779898,1.9338094825449206,1,0,0,0.9672730870871233,1.1538877728318142,0.3425955319161521,1,36.70317158311925,4,0,2.050210102418287,6.668739099327233,1,74.32427721517405,2.3812728141503845,1,0.8187849333501523,-0.2584047215422993,3,61.2959422455062,19.814448390404085,-4.3529924178147255,39.17089659663151,46.18661904239775
1,0,-0.7845291821711124,62.932820323181176,30.294090760409752,2.9944335034961322,1,0,0,0.9060733433408577,1.0502324789219333,0.6110425693895083,1,19.90745095604734,4,0,-0.13928711555858797,1.9488190845194464,1,14.581651086624866,1.9042080637566654,1,0.7818452833224281,-0.6597574406685495,3,72.81844283807277,27.59049961313314,-7.479275085972907,39.62621303475252,57.74480159858628
0,0,0.8398859109002476,26.801341485520766,67.29742002147651,2.6862163690452596,0,1,2,0.23733403457443625,-1.4837804410927882,0.6034887029339169,0,52.09850632151295,0,1,4.402385950177969,1.4077675015501208,1,51.23452070972366,4.420118851852149,0,-0.5204768544770041,-0.013472258870132271,0,34.93559866980621,8.284739495435083,5.789344772327368,4.250353936414577,56.95824552274881
0,2,-0.9523320127872863,22.779538256352495,97.97112546119513,6.8920293325339905,0,1,2,0.13827864153970099,-0.4623459587479754,0.2766874996599189,0,79.99294467298887,0,0,1.7309217284564067,5.642800740947326,1,1.0374223708155261,23.096458242675737,1,1.8111326900242435,-0.36255895990366727,0,0.2405987403444665,39.17261014421578,9.983385551314573,33.87701610989239,61.72118372161637
1,1,0.9095886330996898,55.6226638772083,27.771110827580536,1.7432876571016318,1,0,0,0.6676319579333648,1.2345408023679159,0.2408564503655482,1,25.324648734977863,2,1,1.9189569128021784,3.5415846862413085,0,0.5103625874922013,1.617648846302811,1,-1.3844262324237604,-0.7895340852569032,3,79.5711281180719,8.616967650445226,-7.650441091160722,37.232275825092856,49.36631924125067
1,0,-0.4769801274969842,36.44361498607684,77.99641146243279,1.9030650799879818,0,0,2,0.23385892966529442,0.14599906166115445,0.970554093609104,1,27.68475314851736,2,1,-0.2506295951734039,4.102114236252903,0,14.555737485420295,2.4046117894648114,1,0.17114612003114493,0.8360044083079254,2,37.73224296028822,12.242728203180384,-2.314648251375634,15.79821682992685,33.04030978074122
1,0,0.30330385521251274,61.636561281789525,0.17043843187679042,1.6492705570254151,1,0,0,0.8715355322359204,1.4998969481812385,0.3253082491266471,1,17.954577378663746,3,1,-6.454881303513533,0.8037552860968569,0,35.66436164107082,0.5259928134061705,2,-0.8418633104594415,0.5955241559532521,4,98.86875670809007,9.78625430074416,-9.375758453083105,4.5821062516745865,24.073620844169916
1,0,-1.3214577735381352,34.36406546522621,46.62276479302472,1.9990025551207962,1,0,1,0.408324818735069,-0.8279076893035141,0.58939442747984,1,23.736950800099734,4,0,-2.0379079212032414,1.698189461499091,1,68.66928860485699,1.9690621411519933,2,0.9765680548198375,1.0047054598831098,2,65.57936337852142,20.859835274574756,-6.6394213433765525,26.604094005769035,30.03428128630523
0,0,0.06117191752803885,32.11261202474576,53.10343282423708,3.1850645175279455,0,1,1,0.23881462633902767,0.10147083341124073,0.3796659424715187,0,61.677321758411054,0,0,-9.053337707000361,2.595973212531483,0,30.07052914567005,4.722480031745078,0,-0.04797657248894357,-0.11781391441023299,0,23.672341407386995,14.846283057248629,8.241117166310705,5.072244190838564,51.50127767032565
1,1,-0.12534411075270557,55.69579527143598,15.246424671458609,1.7793903630629841,1,1,0,0.7104053072853727,0.3384675601692096,0.10705710859359407,0,23.18072735984103,1,1,2.282571256176942,4.100386211646867,0,55.432243650061686,1.4840898820459056,2,-0.1994942457072838,-0.09301457930789576,1,81.55263360937121,12.477284473437436,-3.3531918210778784,12.160238622004353,29.821214685167877
0,1,-0.1352404564843313,32.9495946280594,79.73810841997698,3.749049460775619,0,1,2,0.3527787811594276,-0.3749390202534072,0.5412400436457464,0,49.94045931624161,0,1,6.102929180353691,3.2201313780860814,1,36.38671315210142,4.497051148753085,0,-0.3151195546707329,1.0736971686199446,1,24.276657161717445,26.1022555883837,1.224982737577669,31.433928360204728,36.26732839378985
1,0,0.05965731122149826,62.624225151093185,2.150591500860999,1.1455577744922434,1,0,0,0.8569839725770596,0.4475127279814976,0.21107627934528306,1,23.0554958153056,2,1,2.1448129024964295,0.9303811547137131,0,0.6136904202408466,0.9772292609959682,2,-0.2088701409112507,-0.19916898989091003,3,93.84136723362973,11.616224236385532,-7.405425339314398,10.627932982582093,23.30919333438916
0,2,0.7197146192438137,55.218879766587975,70.90334068025156,2.0103522931832276,1,1,0,0.5071798695802032,1.0308802188201533,0.35575275870215944,0,54.54741219063669,0,0,4.263014015283215,8.166085765106693,0,68.28608580998149,4.309501969623149,0,-0.7406197495822184,-0.5502308805844405,0,23.702638586988456,9.356885091566854,4.739639160083877,27.578668762734353,55.690496449208396
0,0,-0.7230644855192655,67.66243023371155,3.721628903646812,1.5201221636735354,1,0,0,0.9929451906722139,-0.8616675085764971,0.04969796165663065,1,26.982563170834805,1,0,9.72663123538483,1.2818810771967428,0,64.37793219598353,0.6791918324176723,1,-0.2338486767512382,2.2120910904345092,1,96.3902417729181,5.890537544415409,-4.583787648054585,11.469960015736413,47.02743620830334
0,1,-0.19172197444988373,29.40952397843059,68.30490693453697,2.9615018592123303,0,1,1,0.18262103782652345,-0.487639649320737,0.32439867588535826,0,57.78766232352345,0,0,-6.773611753536625,2.392723629760034,0,11.814627495033324,4.731352161617483,1,0.07086359124315292,1.380686119340282,0,23.497035660242243,18.869243625257937,7.749700821797315,11.731388795448797,33.98779378651045
1,0,-0.6319642969818265,37.2059390268554,41.608158378606085,1.6796553598295192,0,0,1,0.2275507043322762,-0.05520884723870922,0.7254232416118078,1,21.413391576494476,3,1,5.09005383267329,1.7552854706317973,1,60.017978710223474,2.1720857397933595,1,0.17131475302710247,-1.2388503638624884,3,65.36444360628131,9.374513565635421,-6.370264555544145,18.39131435466096,28.8543779499121
0,2,0.3475355895252844,45.96265523051059,90.98153245778904,6.076573038052115,0,1,1,0.4209329853036475,-0.3949649226486141,0.3455662757736781,0,77.4753149228706,0,1,-3.8871758113940587,4.828239290661688,0,58.08316289361084,9.088033398361032,0,-0.3459964435025323,-0.5005427063382258,0,4.676617180790149,32.69008185879785,9.437374782309856,35.57666704839419,36.353723121231134
1,1,-0.31304043755623,54.214377130951426,32.41196209637454,2.085289236916253,1,0,0,0.7468885715197997,0.7442194002367939,0.572430299189144,1,26.569372436925967,3,0,-4.426717417302534,1.876285530608794,1,49.42320290662043,1.8952234933064094,2,0.049198343415490634,-1.0762156291530196,3,68.82419082033552,7.992495084492381,-6.267587739203483,34.341488274345494,38.023465727146785
0,2,0.35494401485448496,20.63895511597331,96.53246900598096,22.73837988484098,0,1,2,0.07375798261733785,-0.8444164674288364,0.5683757648583939,0,79.96208709739032,0,0,5.44292648066309,6.7002204117711885,1,2.642191472392308,22.99848417787655,2,1.4567390858658702,-0.6072003946000623,0,0.2936567600614226,39.85535223012844,9.89729482272893,23.09156425703472,23.156807992662685
1,0,0.13042371312030746,63.01527478408557,18.79317857311303,1.7348208406510617,1,0,0,0.8670037013633314,-0.036994147350208756,0.8039975690460983,1,26.74677882166092,2,0,-3.8327792446922953,2.3578844199887663,0,59.7623336127029,1.4062775515097983,2,-0.22149434163803816,0.6808831450386503,3,78.03160726395551,8.302752432779387,-5.594479171625939,10.124403996172887,52.19566881505684
1,2,0.5081901455932494,65.00110565584922,38.61607996574548,1.581671052760627,1,0,0,0.7277474215746234,-0.2824584859981244,0.3917092380455558,1,24.971221086588244,0,1,-5.850814280400237,5.655108114970834,0,52.00918603994491,1.7248186110791262,2,-1.9371752839463685,-0.7097003741516406,2,68.77552637686517,7.9772629441437015,-4.667634747108007,27.336805056684316,45.58048957892323
0,2,4.115239991990236,61.035558460754984,67.02606266425639,2.032758599893942,0,1,0,0.5052188423156931,0.4866314753884166,0.584136512147299,0,50.874687961624886,0,1,7.024178473159385,5.564077739534363,0,0.30148723160398294,3.671670099785936,1,-1.824205779159906,-0.4920887845649007,0,36.10838477966837,16.035606205251295,2.867812428511529,29.387773108184643,52.18855852528151
1,1,0.306697554047087,41.24076976620303,82.58773033637216,2.822518949349998,0,0,1,0.33905821533860037,0.3923125840809878,0.6850485104869161,1,28.882296878506857,2,1,-0.5948812155468737,6.063864162499559,1,57.2044044513282,2.9308216009459453,1,-0.19737718901332102,-0.35260124246964747,1,34.287786135221964,16.186325932572018,-2.261866341457268,37.23965603887068,31.419946448857544
0,2,-0.839812790107233,41.85613405522676,98.98481248904281,5.7760842082096975,0,1,2,0.38293079141244335,0.9530502743591879,0.9566720237545341,0,73.28609972340068,1,0,-7.326429595372993,7.906443558765168,1,43.77084784780939,7.749224588049338,1,1.1483603342907716,0.5899382660973745,2,7.011315927512463,33.937030126765734,-0.01542323376671284,39.84030997922454,51.80074642069903
0,1,-0.42403422201727814,31.112919112879936,87.21067025194965,5.831224396846291,0,1,2,0.21313375168114146,-0.37208335670236997,0.3651145554762123,0,69.9989646971458,1,1,-0.3512345868823221,3.625624292419172,1,62.391950408690384,6.595773702039445,0,1.26754572759863,-0.18529795812776728,0,12.269621644027623,34.32238758996287,6.202164093245919,34.41792678643811,31.737472947918967
1,1,-0.5054178561189856,53.289632072399684,38.47312553914682,2.316665436721931,1,1,0,0.6480986591769627,-2.0540257307824077,0.07828983902704445,0,33.20674422195767,0,0,-0.9271170660103198,4.6458830198672505,0,33.00171770322202,2.140688396405553,0,-0.015901009944530742,-0.07022694656691106,1,64.50530877876655,17.008046310776106,-3.5234873809243545,24.00681418272427,57.78120530494224
0,0,0.02085718317381441,28.10132300759367,64.02010292837981,2.7439245213241956,0,0,2,0.18375048977733072,0.4592369241922285,0.8620081786082121,1,20.51123635743199,2,0,0.2919615494595469,2.3673296016816616,0,39.998839736707936,2.9487640407438813,0,-0.16437310528812446,1.0504242230337202,0,50.08950843546726,20.596413491537486,-1.638486987147207,12.557783249908137,31.026118595641385
0,0,-2.104890026492609,36.80802527165729,99.63069331756414,5.618634589439048,1,1,2,0.5228017337322362,-0.4839602394280531,0.9997881047366994,0,73.99429348736594,0,0,9.278052157741197,1.6309434754972112,1,31.5878721265068,8.174222943285685,0,2.117864110886635,-2.0837182080834573,0,14.442399672448792,37.4853562379331,2.418288900196133,39.167771535937675,69.30433103222587
0,0,-0.5024519464677696,35.086346611515204,69.45022881535556,1.3001270224267334,0,0,1,0.18943769684857265,-1.3752116139761443,0.6591131354299176,0,30.320623981971735,2,1,9.016584108472035,2.982906910787617,1,53.55666125312847,2.7167962557735836,1,-0.873846742204621,-0.638244438772944,1,54.03964149423799,20.557385002608704,1.8399381870334572,8.958275051148025,55.61748703744699
1,1,-1.9919257994544193,54.343882436729075,33.67101633851466,2.2293476736668847,1,0,0,0.842196736438684,-0.5323209245168556,0.3077708372664058,1,20.40007107139012,2,0,1.8386720158537972,2.917663094966803,1,33.15145947397655,1.5344596679965314,1,0.8726972136773924,3.6596724142799184,2,75.3446442470977,24.389365949991692,-5.478926405972761,22.91926785543909,62.2864571361902
1,0,1.4299057852496344,48.414647005923754,10.208643588890826,2.4092905359891468,0,0,0,0.36498046699044767,-1.099853612991609,0.32063641449759495,1,15.210404532900984,1,1,-5.367397970295979,1.1460539549956401,0,31.40057518323953,1.1164516158477091,0,-0.970152420949243,0.4484089667360583,3,88.0827260006399,12.414502743302158,-5.348016799765178,5.096932622322317,59.17752567963732
1,0,1.0684922602060527,67.65509423481707,16.395692168627562,1.9555415852743823,1,0,0,0.9469763191699097,0.0881407410027936,0.5319689805269143,1,27.491077500999303,1,0,-2.1219747569465515,1.4376620544678784,0,43.53214739077857,1.402378663090085,1,-0.9721767174647423,-0.6478191065225987,2,81.62644731760625,5.867187543789594,1.1002994112673363,23.68819173047687,69.35190257372604
0,1,1.3065003414025465,39.72204639770817,75.18032139441631,3.4524323623107733,0,1,1,0.24836955229402496,-0.6919487363748118,0.48504599428371764,0,53.07773595676137,1,0,-1.801934785209685,3.4770850893328804,0,7.397577782552069,3.973905001009284,0,-2.22398679905715,-0.419359501805048,0,34.87359659057172,15.773879838620717,2.5847063963349175,24.81267991716925,30.74465943279496
0,0,-0.5056472149979298,31.06208513666036,21.262734076160843,2.1439704959320043,0,0,0,0.20017911371972602,-0.3153639363435055,0.39892277759181505,1,20.306280663655066,2,0,8.349975278722557,0.4039655677980483,0,36.646200058598374,1.4231803887991696,1,-0.042676261051088606,-0.8813637713193239,0,77.73748915354967,14.064733472442711,-3.310125500269841,3.9881878933956205,39.360539478479076
1,1,-0.963140802965022,28.269834501075447,55.2273618940801,0.8102780879613438,0,0,1,0.19242126341680205,-0.8258225764979038,0.17968660848238321,1,23.64792617094631,2,1,-1.467371859216211,4.795782919297429,1,50.88511737213159,2.352104364428362,1,-0.4220195684478065,0.753735660052191,2,63.607375876430716,10.864162171761196,-3.237280469976663,20.172482060154255,44.71642486557704
0,1,1.096627070252068,39.80645245224631,99.7347242582909,25.853286762020744,0,1,2,0.29853765184955827,-1.1063018547576373,0.8867931631761892,0,79.99870119681448,0,0,-2.2771231291537415,6.019684337360695,0,11.340179821999378,32.68010926363117,2,0.7365883813857903,-0.34885500946206693,0,0.036371409302138336,39.82586031649633,9.919555366363966,39.909730486077976,48.36905886246058
1,2,-0.5695610144589358,66.91064841157448,47.853187213790385,2.056141432923345,1,0,0,0.9534416925970819,0.2459686609261062,0.3595177237653015,1,25.069737629864747,1,0,-9.071448256249848,5.88277429441078,0,68.19240388361183,1.9550335103761216,0,0.11755322806847336,-0.23529795098119405,3,64.91874085140493,14.88851190202472,-5.365958529872705,38.13361511936289,56.74480115787321
1,0,0.2402390928203119,63.346481386132616,11.113230914090117,2.024136009288892,1,0,0,0.9156890424340478,0.9297262575775728,0.3555288342800932,1,24.296430015132714,2,1,-7.6747591179083035,2.590491890242325,0,40.96741858908793,1.3151562277765785,1,0.08551688354337357,0.07890171381792209,3,85.18681284535562,7.187309025274682,-6.722367654916201,25.644893225036405,31.522634285047886
1,2,0.23468479528363498,42.5948666035212,69.53390157244318,2.009751062384911,0,0,1,0.24983253835656594,-0.16407938151740264,0.606998482845492,1,31.423386883531393,2,0,-1.1380387513239416,3.7002274236726547,1,36.814843679827625,2.712853394782,0,-0.5177410289420862,-0.34269526705653824,0,50.02514194835278,10.61824655936662,-1.346733622100201,29.415388828797187,33.20965639589615
0,2,0.5717854361274894,47.85729993021325,69.20554416918438,3.673289886174975,0,1,1,0.4227353274053684,-0.3130691695575016,0.2675785802242767,0,48.81201318753351,0,0,-3.9284647865810474,3.4483706307147366,0,69.2034356021142,4.712880848545984,2,-0.07166231073189705,-0.7787638966968387,1,25.22810621447652,18.658203132007568,4.447530525817257,32.67153819718001,21.714443938232222
1,1,0.43062703877199776,65.64527512951213,15.431472638927367,1.9866781466938725,1,0,0,0.8930921643756795,0.2215982617976313,0.2373439938744159,1,21.230358946366998,3,0,-8.26190609365203,4.693984991857993,0,44.276574947993154,1.453897592891757,1,-0.5751283450524455,0.7637550531697607,2,82.55022970403665,2.878800601673275,-6.646262317040214,26.698797073644243,30.30210089225433
1,1,-0.6499850951617028,35.80177800877658,48.1518700251163,1.8372009899345476,0,1,0,0.2100404496353147,0.9903766360882296,0.04989803312109464,0,35.430519079042675,1,1,-5.385477286002626,9.015084581623935,0,45.34074293727961,2.43592092389112,1,-0.7699166801005561,-0.04469825357660387,2,51.15924095326654,10.457384193325453,-3.4878967683856654,24.55407826478153,60.8500361503892
1,1,0.8273363177438415,55.70578988203356,43.26566306024847,3.350111105190114,1,0,0,0.6877983830612795,-1.0304956284068645,0.17868701022332634,1,26.426771389506598,2,0,-0.580596539993179,4.4178706467252145,0,34.44346776040923,1.645152428651817,0,-0.3279523198816853,0.6852998865759997,1,44.92920927743597,16.173747019818258,-5.53776456208804,31.04159829545597,31.89141786505276
1,2,0.2500691346258106,52.664334676794724,83.601310491044,1.7187100020110504,1,1,1,0.544624548454283,-0.20534027178038625,0.24389148699782487,0,46.30085832235185,1,1,-3.4269517439252777,8.4818486019993,0,8.237244463934994,3.8155189273935908,1,-0.5946178259732985,-0.6726444866716473,2,27.187943946472682,9.825047001235072,-1.2731245897091963,39.97132075996602,35.026191406576686
0,0,-2.611740045210215,48.90848648888163,74.15321355282126,2.097150111486279,1,0,1,0.8153492424440718,0.3204866717986802,0.553861598670866,1,21.01250159741907,1,1,9.301427977147895,2.6044485137353193,1,9.952573627323904,2.4270290735645625,0,1.5014984887191711,1.7341079186157846,1,50.36524501958042,19.562815045220493,-3.3246361692061637,30.649326433101272,69.97565145900589
0,0,1.1610419555464724,29.465172905033928,95.56851492764463,20.148807077417956,0,1,2,0.19463898333138702,-0.08661244899076587,0.25404518570024015,0,79.94544491697243,0,0,0.9491304778056548,2.6469421052738418,0,70.726199176998,16.185470647791526,0,0.9984801905370452,-0.27020694702639225,0,0.7861521814771344,38.05747187827845,9.818926560857129,39.98941481691337,30.456640453764585
1,1,-0.5123128468305886,41.39723318740028,56.196798908423794,2.8097819812578666,0,1,1,0.3627284193805108,0.5723421297305451,0.5475455080353508,0,24.07997756841592,1,1,4.828641958165276,4.812448426358783,0,23.90310044607012,2.791945673307457,1,0.6821771297106918,-0.23728370719696218,1,48.48139322175869,22.60095738122618,-0.812087545833375,14.467677916774813,32.94263455091375
1,0,0.4584524628533574,57.42576292808415,2.6355590169015173,1.6655459264640815,1,0,0,0.7514940091023501,-0.9526011386779077,0.4100042622278962,1,24.936043198719183,2,1,-6.004295081020564,0.5709592555432523,0,14.457767955329786,0.9428103986104537,0,-0.295432489416892,-0.29208894446335576,2,97.43612919756475,9.558097721660115,-4.779303500593192,1.3747346968363816,65.4285175860212
1,1,-0.6308190390290863,55.259762511588775,11.052535067434038,2.0628827135806915,1,0,0,0.7894534289896509,0.25414060224331214,0.7900972404563056,1,23.613348971656663,2,0,2.844893152017203,1.8026548578448367,1,21.172662980114154,1.2987718173126823,0,-0.9782121252933914,0.17000938417422312,3,83.26795833619104,13.340611483609543,-6.280728192584027,11.0377620726428,47.22151198069086
0,2,-0.4977697167671374,18.941540423851993,99.7046930545365,54.598150033144236,0,1,2,0.0937972488038924,-1.667973360906364,0.8515349019325347,0,79.99587071291742,1,1,9.060547335342171,5.246498390126909,1,4.505476579594703,32.566139196384846,0,3.3227132546903384,0.2043280035441728,0,0.040928705941789545,39.99999990234546,9.880759787578288,36.52577877961783,24.228681185264914
0,0,1.4041897267375951,19.190618732427136,71.42577976836525,7.527598323576052,0,1,2,0.09540804625252786,0.6586543584733624,0.2896074384261872,0,67.37960503087847,0,0,2.421819783545459,2.7116716603544,1,37.172865853955784,5.46933994589966,0,0.6271414025212569,0.17747681301074056,0,18.720941398024436,28.336082416222432,6.748228794133013,7.084089922021242,42.80086864679846
0,1,-1.1719286144481929,67.55331270038691,35.33400861788959,2.493282119251471,1,1,0,0.9887693404340007,-0.275509339472393,0.5953501951512918,0,24.574209063650905,3,1,-4.203203604590826,2.0931161171478476,0,37.68715463290074,2.166811506265201,0,0.6769539565776367,-0.2856980629806589,0,65.7819075203258,22.497025324627344,-1.2121044963142644,33.394000309393064,55.7045553808225
1,1,-0.7763126720256173,48.401739089914805,63.73565648656516,1.8192412793421557,1,0,1,0.6077025743239343,1.704416825634579,0.8045375162271207,1,22.2902774765997,2,1,-2.8663763738690022,4.613024952748715,1,14.6023286934438,2.7147623380478443,1,0.41950700454967,-1.1040405997045206,3,47.09324606066985,15.802797364242467,-5.5321141549769095,33.80655678388484,53.01261995633303
0,1,-1.2287407552578133,18.384621311580542,99.8069467558167,11.173926616641618,1,1,2,0.1272337108596754,0.49754201772416556,0.7719926046681796,0,79.96997859371801,0,0,2.8573407823029733,3.633066446381518,1,0.9198736923054662,27.66693518356642,0,1.9403127637899327,-1.205740477828155,0,0.18248754887806862,39.695860056088705,9.792928792824469,37.91811231695121,40.03395417789312
1,0,3.21427057012639,43.87931632869068,10.259079273332583,1.7958562764878927,0,0,0,0.20138424001638938,0.36175971232660714,0.49998654274506416,1,24.457995370791494,1,1,9.086761094284054,0.7821018767180232,0,27.072389538303774,1.0745154326896487,1,-2.379612784639283,-0.09822136051471414,4,84.40234507386504,8.613973281484608,-6.671812280960254,5.770572533292826,27.376002260620822
0,0,0.5617917278834913,22.259190400058245,65.81427587122656,5.821966366353662,0,1,1,0.17249819997707233,-0.6881288066308273,0.585156220584047,0,56.85735527288118,0,0,7.497505056089015,2.3981931758439456,0,12.701621017576414,4.9649887958831025,0,-0.5365360904869991,1.1442452738664923,0,20.018312659073494,29.735351489541483,7.536539278912549,2.6112469996056586,25.42672621912835
0,0,0.40665474977821353,21.03176230774612,64.6138887884055,4.97956644897594,0,1,1,0.152203904940442,0.780150767006228,0.6747322709803139,0,58.296324879748184,1,1,5.615229143681923,1.0459516849834631,1,55.414477252980646,4.548776173798363,0,0.03272430383729599,1.4669409359481644,1,25.55919102693265,28.071537543265215,5.082373928253233,11.593717005453328,29.50624591163337
0,2,-0.6185527493322066,68.63525409677123,96.3442379700982,1.4728314366699884,1,1,1,0.9942640578283621,-0.02290014652300804,0.8578558579293004,0,63.921853678832264,0,1,-2.644109050512564,6.329422840951848,0,58.15037181890105,5.846685447150891,1,0.7114513739837154,-0.011550533366720177,0,15.194623570570604,11.169071652637502,1.4670704516223019,39.68844016825825,67.89902105020911
0,1,-0.6068760594265866,33.885526552239554,77.59539754274422,2.0248398053426153,0,0,1,0.23768049619209364,-0.12398281055862737,0.6300269348089887,1,31.50026838461553,1,0,7.21233379524427,2.7343217200305174,1,27.98925507543228,3.139606445631614,0,-0.17206150820790478,0.7431861342072013,0,43.27399171670499,14.622198924761163,-1.1226176629526208,24.5518784008795,48.93592917994679
0,0,0.15796125754885906,29.605401545177614,28.265199670383495,2.5342681328368517,0,0,0,0.2289065855238097,-0.5337473804638498,0.20893898207481942,1,27.91197285878283,2,0,5.252631895349417,0.5867679082047895,0,24.407230987456305,1.2922106768591328,0,0.18355737818331716,2.271141660577944,1,77.99483292804621,11.57978632462521,-3.533690437890532,12.305161360906386,35.823067564895766
1,2,0.6170314925784587,67.2650681901359,29.231344610390558,1.8231985694460713,1,0,0,0.9161656491506984,-0.21498218407205918,0.34460613424693387,1,32.12147104709495,3,1,-5.196746826510413,5.514641111900113,0,70.16183028851803,1.3339351895402267,0,-0.872700559103996,0.21287809583363537,1,73.52621523576676,10.436209267704681,-5.42891980565237,32.23256415568396,52.78691077112289
1,2,0.004155640933651103,39.3718033478942,54.021227774824276,2.1879193579640663,0,0,1,0.4107596152046267,1.4488716795099976,0.6794606235838887,1,20.196457519218136,3,1,-4.6104377954224045,4.104861679521112,1,8.485021592214395,2.3981470232497504,1,-0.5217562745831446,-0.5636709021559877,3,57.23021332078613,12.272448572303574,-5.787835120734775,23.836300579183607,22.37459888514549
1,1,1.1453951479534654,44.314113393460865,13.519735245651788,1.7301150147418356,0,0,0,0.2622765764222721,1.0204760247841638,0.2370243407429672,1,42.413038132279574,2,1,-4.181694800486923,2.9384567610589873,1,65.3508299702742,1.07798628492337,0,-0.8602825488529987,0.6010031351800912,3,85.54192401917781,7.625592193261845,-6.050956974532936,6.60127815219475,21.32440441680937
1,1,-0.2045134691499212,58.765428825433325,13.448764692634185,2.9338111850342923,1,0,0,0.827610272699717,-0.7711436394977998,0.008964364015615511,1,23.114549682068247,3,0,-1.2831534929949147,4.97757444473835,1,70.74789126399729,1.3004811599367674,0,1.2372107382541913,0.7375444818250962,2,86.42281694583829,23.504239093538544,-6.2581582397628255,22.114003702965753,38.05773402243352
0,1,1.0496300083092767,29.982589679432095,52.233709130583314,2.0808968194747623,0,0,1,0.288036756642314,-1.546594917419835,0.22628946979755216,0,22.379164438814474,0,0,-1.8364286240843022,1.3700096761781542,0,27.91679352642884,2.409638515596705,0,-1.062453598271612,0.7084549571890038,0,57.609575584057495,18.01573992606724,0.6473915106297312,21.618407943261676,21.015907639990402
0,2,0.4478087986285165,27.904892640665707,87.43490923182449,3.3629402421893912,0,1,2,0.15955926701053114,-2.6907092303717444,0.0020361931611639905,0,72.6886499749198,0,0,7.604737408780775,8.5226383560934,0,12.585289852757349,7.509580813051869,1,-0.1021949989141909,-0.2859015242333504,0,9.243250822105741,21.434388678132862,8.433089208328862,38.01770542674796,21.97958726213151
1,1,0.5639969865347103,50.12201536389252,27.586524629134622,4.0042089704772765,1,0,0,0.6117783428453749,-1.2513207170263172,0.21135287815944853,1,24.599252200552584,1,0,-8.2607851836525,7.075577846033537,0,31.000339721811315,1.5443789237246965,0,-0.9290494915019891,-0.28389657455397255,1,72.9122919894012,22.456027351630922,-2.858726319128973,8.097257932512711,34.46443539987666
0,0,0.3199654700039378,41.56169699734837,20.48099998123427,1.6808085848331695,0,1,0,0.34572996514101095,-0.6743951804524608,0.30752437342073907,0,19.773663852266722,2,1,-1.7194751990758768,1.0125144973089433,0,19.82796078745603,1.8284432330094702,1,-0.2740751701052225,0.5760440717420472,0,70.21509603606698,12.028686674614795,-0.5992249306183339,10.115720889142136,35.593168348258544
1,2,0.4125003210525264,69.62889963702085,28.910565714866788,2.1476987535137595,1,0,0,0.9976652593873404,-0.9998406216331857,0.5524931719615652,1,20.462595800173055,2,0,6.113430274236421,6.33417895435584,0,8.257060092496843,1.5957760825217016,0,-1.8583032523224952,0.5062850585329535,3,76.45843870801085,12.404530320706648,-4.161296986734007,29.994391231576095,69.89791694629659
1,0,-0.34881627456078357,66.30085620914882,15.65204241255283,2.2307782200192867,1,0,0,0.9479122175959189,0.1850351658517362,0.49181606493398705,1,27.625804622344635,1,0,-6.302805234137798,3.8497983068152273,1,77.14733054737302,1.0079994588002146,1,1.4389194359855124,1.9498126119255872,3,90.19838942689023,14.837150157522792,-6.558869074464648,15.18051518633413,69.4564361091092
0,0,0.846143328313499,23.729958697880704,68.9678578009702,7.84235777688796,0,1,2,0.13169457359503833,-0.09389667018182159,0.6213926237343054,0,48.396492608805474,1,0,4.7357988502490596,0.5477236402775623,1,62.81970261405954,3.9079087678995634,1,-0.4741651281531572,-0.9957144059686005,1,32.2551515992938,35.738853444051976,2.7232741243443463,5.743321316759237,31.03361189140005
1,0,-0.47734503433030234,55.086254170229445,62.23095406301601,1.9553297650088777,1,0,0,0.7827436363345741,-0.4603586054207556,0.7804637678675086,1,19.08310544492993,2,0,-1.462089500850368,0.5971162500398963,0,14.89524339998634,2.1424688963516996,0,0.16921826788494912,0.16303609643281275,3,48.739128246334204,19.932325418929725,-4.55237601363579,39.49010605902302,65.69694379806816
1,1,1.8113886513685462,48.24490961740531,87.11486312040137,11.868401245474455,0,1,1,0.35363499392881154,-1.9605309973252156,0.6015580907682541,0,58.510434465297145,1,0,2.4338342573329097,3.508096467808648,0,54.948518571250524,4.965958576426014,0,0.34944657245427513,0.30811003663598696,1,20.746556482720656,37.04736174772226,0.930463567446175,39.5496514016207,20.733715454390826
1,0,0.12019421971430792,42.09702847951942,34.54627314001303,1.6893607714750116,1,0,0,0.440460987356666,-0.05389386943485182,0.22275039720497153,1,27.374119558791357,4,1,2.600942092132355,3.5623160101813416,0,48.415845645248595,1.6657511044797808,0,0.031868776812696044,0.4877306055029474,1,70.23118258601248,8.49943991969756,-5.11724858270882,16.486833151555487,33.41004125819975
1,2,-0.22882900240991608,38.58930873776487,55.92946020554793,2.009113485016514,0,1,1,0.3348434461676211,0.908692548985618,0.5397888029173683,1,30.828396219400513,0,0,4.201799799568896,2.1241382246135023,1,32.17553975783221,2.5994117171842452,1,0.0562936385906276,0.06985636009595676,2,55.31416585486376,17.113538052665035,-2.3782993289493204,24.746530428886473,35.93667964856802
1,1,-0.03133230455006502,69.64757449745682,18.962364585895457,1.802467641127583,1,0,0,0.995902859066457,1.303118163414367,0.7049726158891233,1,17.576494155202532,2,1,2.334720615720098,2.267307612647162,0,22.903430607951197,1.6131910392930815,1,-0.09953923051862584,0.7163319408474755,3,81.4136307893198,20.106398068242015,-5.3296142540099645,37.05180743053032,51.74485867019969
1,0,0.3986225423984883,23.017852504497892,61.770925031791315,1.6301941106261562,0,0,2,0.09967974727742623,0.07683612993055604,0.6035368749901393,1,35.52472371780513,1,0,-4.590824411887294,2.4723363213221305,1,11.636586947835411,2.278914838908358,0,-0.7955885458753524,-2.2443663909030653,3,56.52471973465107,8.963817804121135,-5.019534631014501,14.400699720186626,26.95404140252143
1,0,0.13979700123147307,40.13406391179376,67.5680979401808,2.464285993501238,0,0,1,0.3315150448663893,-1.4352041978403005,0.7783066256340009,1,17.870098499256486,3,1,3.614445757096675,2.359751898356407,1,47.30140368395449,1.9885515591187688,2,0.39547901744255065,0.07223028890362604,0,52.75264961127108,18.008345792780393,-4.6358839491547315,28.825454830621034,37.39165324079555
0,0,0.13602142809782414,35.54556238636423,61.05197360584831,2.3978890611608326,0,1,1,0.24443971482529842,-0.7193311337207237,0.5629396004657627,0,28.52840863855935,0,1,-6.520761159428595,2.552336269708782,0,34.34025483995651,2.744469406906952,1,0.34875115602465406,-0.7069734201655911,1,52.64680514438079,10.468253021591067,0.15698868529688603,14.306408027092933,30.14185379428053
1,1,-0.8223364222236395,66.19519297564736,41.222945295499194,1.8379240256704108,1,0,0,0.9703651703594245,0.17950396643703875,0.8434222551041632,1,22.837204966738973,2,0,-4.049957388782469,5.380798288581668,1,34.84002357339536,1.9250871450152311,0,0.5341795352616675,0.0313973789657972,2,70.29281902624483,13.14714890124105,-6.280880675991049,24.485837160943106,45.26739888205462
0,0,0.6115795669591715,33.70386490159922,32.9024276220915,3.66829460099234,0,1,0,0.24889750224491114,0.7459163670750669,0.03364380795065164,0,46.67862282598485,0,0,2.7516069535134964,1.976719912673904,0,11.266843929596249,3.976939857071667,0,-0.29571905837628654,-1.0888493011445841,0,35.226644021622434,27.115199265893484,8.491937282412781,10.40966163354371,49.973160120364795
0,0,0.45732361057630333,30.81895411682701,29.064778952261154,1.5282275794275875,0,1,0,0.1640772887318015,0.898245422768061,0.19738045191207237,0,53.08751034761365,0,1,-9.53089627305571,1.4696007878557695,1,55.400207306267234,2.1938007000949153,0,-0.38675405704739324,0.29003611418465725,1,38.521216798900134,10.977685555485488,2.7425712507556117,1.559565876193283,51.67206596551938
1,1,-0.8125440661851625,52.205264343280575,34.84685801084469,0.7515371099173938,1,1,0,0.7528415689232641,-0.6069939511476721,0.42394997221314124,0,24.822307102343007,1,1,7.185487472203022,2.12718787226246,1,60.70933564281016,2.0154642926003326,0,-0.883549171152048,-3.820252020314742,3,66.73117319152809,11.550813814235962,-3.3811912234013075,33.141328870074574,36.47729715667151
1,1,0.6191085367657994,66.76401663706926,37.760851085530156,2.1523231615809584,1,0,0,0.9580893714809036,1.0272512795985105,0.6266922362683365,1,22.02352118163389,4,0,-3.6396665648350703,4.305906921595354,0,1.6696652265227385,1.6929826042737042,1,-0.6818213142598892,0.038556315928123475,2,68.95786954606402,12.600578877692708,-7.2915983165882405,35.786038347246276,68.72176312923145
1,0,-1.2150381379608062,54.67773547086679,28.192004890612537,1.862689443958595,1,0,0,0.7758274839612065,1.1977047945344397,0.42027036804744533,1,30.07426948854793,1,0,-9.504984162919028,3.3599219020969358,1,31.17723165703093,1.7626538810445826,1,0.5203825958504829,-0.006991726260513398,1,71.98431468183782,15.260295840647636,-4.6901098460591575,17.867340471362272,63.401929896735716
1,1,0.32041635400793006,52.92670863328809,30.945726929008,2.470746993207914,1,0,0,0.6402883800053624,-0.8988065371302044,0.5240156261384779,1,18.908687743529924,4,1,6.518570242422431,3.4898857184906293,1,56.670055152486746,1.976331576473332,0,-0.5017045162108507,-0.2509995869900988,2,75.16758046075284,16.596032249570968,-6.637038430134215,23.325424732631515,25.705636226269753
0,0,-0.7130404202019759,34.914946073665334,87.18721373683188,2.3556667868955947,0,1,1,0.1974630788641385,0.24906837822153705,0.8662299503256565,0,52.58279017885222,0,0,3.0334288240527663,2.188312902249985,1,35.55946063930496,3.7402318301197712,0,0.3947618585310113,0.0011820771965755168,0,27.494854721341987,14.806805161907771,1.8556004307431913,11.939988624446904,69.6281317679308
0,1,-1.1250376859198976,53.00676296176454,51.18367319537217,2.152591349641856,1,1,1,0.6852810181354676,-0.0728810270298623,0.40484991367555884,0,18.225249151063135,0,0,4.815002066824272,2.4631802013908173,0,29.6287321193752,2.529248146782547,0,0.2540631460526042,0.024448979299818863,1,55.97706040740488,18.22103238274852,1.908086287901444,25.968240105717104,44.21903067679075
0,1,-0.6424713008171841,29.500464134644773,80.55582628014149,1.9752773566518123,0,1,2,0.14494916535793245,-0.2708314874597171,0.7976926701709748,0,53.50833248984458,0,1,8.483629833664693,7.000177035040025,1,42.48217541739357,3.5503490888245315,2,0.19212739099133372,-0.03691948219105663,2,29.238761413915526,16.492423145100503,0.26128770776658605,9.46196873937872,58.38539944489536
0,1,0.7096408270512059,42.50648428706447,82.47696837937333,5.455329997958896,0,1,1,0.3172432481141757,-0.06976462064079886,0.34958341810614635,0,76.57799187242088,0,1,4.033492808843802,10.375152983017033,0,49.67526682638878,8.48407840837965,1,-1.1412787870421763,0.16999415227972361,0,4.639623308582119,32.43583233715257,8.83526783801052,27.583773128855043,27.02046585892163
1,1,-0.883220240499115,52.696278932542775,12.493104719010384,1.909796677157501,1,1,0,0.5523090504468339,-0.3855699568989941,0.544911411980979,0,34.42324773332402,0,0,-7.187629753026322,2.4616731479889005,1,31.409601238451383,1.5756580587599573,0,0.034478694922169144,-0.7894794239900174,2,80.2728207199267,15.699462398643512,-0.6402437001086465,15.21873235642756,68.6672351965934
0,2,-0.7538776108103277,26.744908604170718,93.48283778197411,13.424054512774157,0,1,2,0.1647012111601353,-2.128030607758951,0.6854110610119268,0,70.2517732296648,1,1,-1.6875452104761663,3.8578714994986125,1,16.64798067692582,7.252870769861182,0,1.677512255019367,-0.7883171619206362,0,10.973513558377878,39.92289722624068,4.638157176522919,34.072532972546284,30.98401402456741
0,0,-0.3653296855018508,27.55044623511705,75.27237905446715,1.3437852162390524,0,0,1,0.1724986903960264,0.476635240247887,0.5856431121047196,1,26.65685589071237,1,1,6.1471519955921,2.534353623213841,1,1.6278761517573992,2.4931325967608533,2,-0.29890780157099534,1.394839919388849,0,43.6067100581637,10.154044982348465,-1.3606392340554958,13.428423307045794,69.79668653197596
0,0,0.7982533071384177,54.08358920177597,80.61603629193142,4.967580789511927,1,1,1,0.6805846596792682,1.1565070930158576,0.7718322209998403,0,76.31212959533825,0,1,-1.7887769325208183,3.6796110109468785,0,64.93358687359748,7.228510209261451,0,1.4713262950589279,-0.18123012501141916,0,7.191493966742696,29.556285347101003,9.10954490095001,25.105541770000606,38.7527414615947
0,1,2.3263588022634814,36.44021270117272,45.42166032249627,2.2093277774377933,0,1,0,0.2942566441295256,-0.022627467192760122,0.2437041289664909,0,32.63415034806729,0,1,3.4318735330136647,2.7220474148900693,0,8.471647843906975,3.380516343984083,0,-1.7299564066240178,0.20864834370658544,0,39.3599544787542,10.036730644680496,8.269057392508302,7.68147082100445,41.88461900075892
1,2,-0.2357240361004576,64.64130680523215,21.447597366479798,1.0373484831182993,1,0,0,0.8993805986700663,0.016969503998846988,0.45446611074075327,1,21.77296580710098,1,1,8.47995789870301,8.560218708313478,0,35.38414047813098,1.7190426038465607,0,-0.377759261841412,-0.3729535721104054,3,75.0575016480119,8.440865400323256,-5.885132551856714,20.354907997003707,40.18979603207647
1,0,-2.4584343583568624,26.869924408687407,37.71149242898688,1.2530716514209286,0,0,1,0.19038588212577762,0.6646987860551813,0.7049137408518117,1,19.490026182768187,0,1,7.026431482417127,1.8492115826973203,1,34.679290644126304,2.04797182642776,0,0.190696879494802,-0.40533687607172925,2,61.859595480539674,14.533298798554481,-3.9836088547811865,4.541206394129292,49.226403972646494
1,0,-0.6353319512205838,56.65905988705211,17.09561535585718,2.4304055156231423,1,0,0,0.7646832829803576,0.3583605068383537,0.09907689929916619,1,19.311542938834712,3,1,-5.541720564490786,2.2874106925261253,1,61.340239442962385,1.6934678718862084,1,0.3385101685442823,0.12734741152875603,2,80.33382951903783,14.033583229643076,-3.538235411055913,19.027953057946217,61.36936787962068
0,2,0.1250456486468806,47.3198869214245,73.68070382574881,2.0680192099353976,1,0,1,0.576882717462003,-0.9021728392037198,0.5536413617115774,1,31.745881173292297,2,0,8.817150474701059,4.225899978895469,1,53.11082970437777,2.3085382517594364,2,-0.4940739846598382,1.5484921482154415,1,49.11750601394532,17.394767774880467,-4.750368204117771,33.063592988449344,41.060069708060425
0,0,0.8033970911558415,60.7960734772194,52.78483538699626,2.0365415600943737,1,1,0,0.7709025637814646,0.6965245101753159,0.4396647197356918,0,27.40190926021136,0,0,5.876003435552919,3.0130339797658743,0,37.00732376504461,3.4893234468135557,0,-1.3128352613710688,-0.8201910759090644,0,40.80054105434501,10.469398988479611,7.8167163875930115,24.508032380748723,64.51092542901183
0,1,-0.5881185116191552,24.808385886473154,71.4602158155461,1.8165011975577499,0,0,2,0.19241430536402876,0.25049338418152073,0.5669547665472232,1,27.057388867593836,1,0,9.320301223034985,3.442730687398458,1,11.056509195759464,3.0166234161211865,1,0.28873685731665477,1.358870878200422,1,43.73153222544785,5.474100524869147,-3.367355212395972,15.998677792633892,25.436821466017882
1,1,-0.13951743293611674,62.38356435033853,52.22783407387247,1.3409454736734154,1,0,0,0.8746884569157063,-0.877049247213141,0.85178305671556,1,16.993503637475236,3,1,-2.466114241604865,4.21644841097939,1,20.751649681873197,2.08616061801709,0,-0.5374966103451293,-0.37773142826824974,3,60.73755519418722,11.442157628593668,-6.123652129485356,32.70065285474845,66.48383292129705
0,0,-0.14573903724145112,32.18410537716687,74.15030068759803,2.572734306376457,0,1,1,0.23279224799802412,-0.4915518671316359,0.7396668574008474,0,35.894895029953304,0,0,-9.821815183983581,3.437385940397324,1,45.983976411384006,3.1628923035517884,0,0.27427330141430817,-3.435482486452505,0,24.265249370048153,17.766701728107964,1.7404010589120649,15.095568052791133,48.734566503110706
1,1,-0.358752730754275,38.790946871838784,77.3589671035203,1.752529121181522,0,0,1,0.28074310078012105,0.3250172631822112,0.9956110975510669,1,29.28870675546363,0,0,1.1688159198681607,1.3346975005427795,1,41.072704935432554,3.1681063693764764,1,0.2340771976846046,-1.0525103894652956,2,42.476016212644694,8.377928205952594,-3.227304141316787,20.36984400626558,51.930816650378844
0,0,0.41275263484434543,58.30116857059164,65.7674112854377,1.4511468540304062,1,1,0,0.7350102298005773,0.2551250950970709,0.5717133962907349,0,64.54818316128775,0,1,4.148906957593015,2.5226851997823,0,70.74376924591989,5.6515262852407995,1,-0.27436910210768956,0.2372703003240804,0,20.084399880837267,9.644589931638357,9.673331378126907,12.716987568676764,69.6603717013092
0,0,-0.9198193937875071,25.169093313415587,35.124397438554986,4.148030302205843,0,1,1,0.16133090286697654,-0.6224867320116613,0.3487493020991883,0,37.51150465021942,0,0,-5.607233282383458,0.7391294378130786,1,51.44599077126919,3.3589305201495976,0,0.7094328704755907,-0.3670631742378169,0,42.503903708618935,27.03741671138113,7.725492446697526,9.975815589020403,63.12420119077025
1,2,-0.7651315285493715,52.07120888908802,59.73878860006754,1.682997666194226,1,0,0,0.6601109625616459,0.39643849614501414,0.2128820607451029,1,27.15873697994432,2,1,-5.758762250982451,12.750531809972404,1,29.726648288604846,2.428427641809409,1,0.19477378284348065,0.5545517284745753,2,57.78390247683802,8.04560097688727,-6.539886575044671,36.08435277322492,30.34204723133585
0,2,1.1793045964247848,57.07404683239899,87.95498841277727,4.4711528076390845,1,1,1,0.5703841873439051,-1.1459514970486355,0.7864833451239786,0,48.711192479849544,0,1,-5.472811839124001,10.094154516806414,0,45.00013354466225,4.684888274305762,0,0.23306361866371597,-0.037477083857890545,1,23.21615022819176,21.630957293719927,1.203516280108147,34.63569661759813,22.641043143186746
1,0,1.008328431855153,33.866633194790744,6.2673929507477855,2.9253498337338923,0,1,0,0.1643224846212114,-0.8961927086458809,0.018224054981385518,0,25.058569790704116,3,0,3.4214342972167486,0.6786076113241218,0,27.188985515430623,1.1149784753657275,0,-0.48496967273378294,-0.1554165967676837,1,89.1983530027426,10.470006187621498,-2.217142984568781,4.207536450696447,45.8336921835117
0,1,-0.43304549081989396,45.48598918303553,48.44098668544189,2.5858707345492644,1,0,0,0.4977629199833311,-2.7664055582508826,0.26210123990204276,0,30.006198636365077,0,1,2.395030251615811,5.505001398366105,0,47.19415650397936,2.4039545832590132,2,1.088753820812341,-1.018894718325225,1,63.012227156060675,19.638408985635817,-2.8610312156182616,13.726353903106517,40.17870077815289
0,0,0.7664447577910878,20.893517806083985,64.26993640650066,2.2702237083763146,0,0,2,0.1116857134101461,-0.18421444865199316,0.6853079252529815,1,22.791287099955817,0,0,6.844403717422551,0.7289391143763527,1,47.441733605818314,2.422345612612583,0,-0.6251425795264762,-0.329173753792867,0,49.09678214537984,18.481351427442668,0.9038807489940996,12.928735603205766,63.32260869509731
1,1,1.0110663962757884,56.49583551466526,40.554618784638656,1.7966004450510342,0,0,0,0.5046864327063811,0.8587043934160171,0.7229002829343086,1,28.291476821050026,1,1,-9.869505159344541,3.0712677523862792,0,29.681367515509407,1.9191229673364725,2,-1.10640515496447,-0.28705499687408387,2,67.2486615959914,9.888726541802432,-4.800947593487233,25.36977760538604,22.108209685977293
0,0,-0.10788106946016994,38.70180117382961,54.93510680282226,1.1612327036650856,0,0,0,0.3529437715215634,0.640828960914496,0.6501145194668075,0,25.34060259865358,0,1,-0.7310060859734495,2.47384659078465,1,71.9085987263963,2.586784529577504,0,0.27427683904423444,0.6248952036099286,1,51.77692609790084,10.721615957358729,-0.9778060638160344,10.305742383664352,37.66788788315843
0,0,-1.6449198342274525,46.09655650494108,11.574479590918369,2.0015176927100153,1,0,0,0.7000650202042166,-0.28141624416548927,0.17553351765519148,1,25.57149194755666,1,0,-2.010997089523718,1.1156577366918945,1,63.18592923294012,1.3844457977695142,1,1.0017954066152868,-0.21316670849829505,1,84.1310294369521,22.803047991933223,-1.6572654095495984,3.8120387790273003,64.10628152953537
1,1,0.10479862862829609,33.97606822657536,56.73732431524541,1.133987615228171,0,0,1,0.2515792864480746,-0.04946347942961599,0.43967969858364886,1,23.313546624950405,0,1,9.929943124229897,1.6963570895100877,1,21.362886403973462,1.7977726662151494,0,-1.3686155914377476,1.5762360406697016,1,66.38009608748806,15.923816378233697,-6.577898214245279,29.204453647839603,31.312147886676733
0,2,-0.4241051046764065,66.74126241875533,62.3745929153669,1.7148445959442484,1,0,0,0.9506956603620678,-0.31059406564271347,0.6760399808711394,1,21.629727991825636,1,1,-1.7922230550545617,7.266759213113058,0,22.287803996713386,2.803628128527405,0,-1.5088255631126934,-0.40250792379054456,1,48.341626574276084,13.20560672299134,-2.4116695034118774,31.65645553253022,35.75549850931972
1,1,0.06649451117713538,41.22702761952689,25.159603629696157,2.5017098529087614,0,0,0,0.29992338776104643,0.7561826996977157,0.028467196192039745,0,29.87532395993152,2,0,4.210995957095111,3.226565463123039,0,64.50926191168855,1.7910482995385515,0,0.21446786091267087,0.7199484837534083,1,73.87734988054521,10.75904834716248,-3.011440487935878,13.28009750699373,23.533095648714358
1,1,-0.0957602495256274,26.903659877102527,65.22199501482817,7.281451455947471,0,1,1,0.22464748483346159,1.2035411211782416,0.4784122958518765,0,65.14007058444496,2,0,2.597608356632602,4.035782177086252,1,56.69709385501168,5.015571465012274,1,0.11597980117275368,-0.6669693508076134,1,21.75875141146111,35.9847163991219,5.579110206624797,17.028492179583775,25.565900972189198
0,1,1.289204577349505,47.512061997289024,47.37085914640704,1.796154475695248,0,0,0,0.43194977264279105,-0.7193143010330887,0.3459939563193697,0,20.65692604094135,0,1,6.914473561080733,2.733654052473597,0,34.89051028594818,2.3370009459725902,0,-1.1223929061445832,-0.7437503102633768,1,58.434164660674526,13.579786337457623,-3.17589262135702,27.97609443887575,26.9155455556334
0,0,0.35078178113197944,45.37390896372522,34.17343015455231,2.668334543546755,0,1,0,0.4062957294739846,-0.7300045396619319,0.48373318897712647,0,21.385857784052966,3,0,5.072725089874265,1.061885110531068,0,61.435868865130765,1.943843199047599,0,0.026636860697079146,-1.6389954194294163,2,65.57228811942521,14.030393906144987,-2.181976756042568,13.444173148706076,42.01946743753287
1,0,-1.2690647501640313,61.095773984923056,3.9499047108814134,1.9092412528906564,1,1,0,0.9043949546693038,-0.45394595678501365,0.6390518868847473,0,20.33840824499121,3,0,8.073512967332906,0.7207856992578393,1,76.45202503827831,1.2249456621935375,0,0.4072129244779112,-0.3470007448599838,3,84.950040650764,12.381721013416085,-1.915780884154925,2.172072193178669,45.067005803790565
0,1,-0.8434908867565969,21.41765482821539,94.67892360593817,17.436506031674863,0,1,2,0.17826431924471953,-1.1049791041494943,0.6447187259478696,0,79.93611883979396,1,1,-2.5858193827148357,3.1866365039991456,1,53.15100489270491,19.869133916859987,1,0.917266252978967,0.82011235301768,0,0.4709106676065611,39.92035076004022,9.97509380538705,12.514967095332752,36.27240149283797
0,0,-0.7571309021956064,20.305102833691013,55.223221269990354,5.836237652871571,0,1,1,0.15823124830330115,-1.9070002819091147,0.4273563031688727,0,59.53210087655168,0,0,2.596386366387911,4.4864611037356426,1,9.903611506845387,5.030517530757031,1,1.4213218107427734,-0.33926331500392,0,22.543259608022353,31.08814974090314,8.678820428635731,5.65192742009055,26.16917516864796
0,0,2.1434080204938795,30.350914972351088,95.47468991081112,9.37839137212554,0,1,2,0.20398624182851965,-0.2080091316624889,0.43448817827103653,0,79.55854420369111,0,0,-8.07483496253611,4.4054165017446785,0,19.378728329081834,15.683796948165732,0,0.9931954938814449,-0.3554882534785576,0,1.3122298404381838,31.224782051271454,9.360501530110245,36.83255649799158,29.55554814912168
1,0,0.733290730287135,19.98364324580367,13.944175199150449,1.7102112631846484,0,0,1,0.1498664774774186,1.1438358460479687,0.2939611964570177,1,24.38636436236778,2,1,-1.0496901157948972,0.42020448552340456,0,5.455033251092392,1.1489259262459814,0,-1.3799849119814729,1.8322347314813727,2,87.92332410781442,11.473858613666863,-5.487083771447087,0.21011364670181276,25.661311062556713
0,0,0.13158684545851335,20.638001345308467,65.84522009690046,9.878872953770166,0,1,2,0.15260351019278418,-0.8522786668615396,0.3412928796802317,0,76.87330319954695,0,0,4.347269955157763,1.5360663008421085,0,39.097530115865226,12.007411307778382,1,0.653825382508334,-0.27734201027614774,0,6.573052225850651,37.99865489517479,9.883563061986091,0.8896651066613015,25.02806320361834
0,1,0.35741543327797903,29.257070182639897,48.66814591077512,2.9886487493473815,0,1,1,0.24383932389164137,-0.01989506022036436,0.042387469044005865,0,33.075655105592816,1,1,-6.835929564228815,5.681947408584108,0,43.510103087456244,3.0181722283467662,1,-0.34560646754499663,-0.1434143946496197,1,41.655697207164195,19.885277771751063,5.0622184698475525,12.436777696296652,21.380396128443955
0,2,0.18957125493879756,32.96471815249053,62.22168540946136,3.004128891622882,0,1,1,0.17483562753770804,-0.911828430836265,0.3886990004844075,0,46.64539245181953,1,0,-9.46916134642505,8.417132386026951,1,43.475512062281354,3.7946046721515345,1,-0.014625184314682621,-0.4214093239223753,0,30.298276814712754,20.414867443884294,5.659532241260493,33.77551973926153,27.470339224790813
0,0,-0.8090968290711388,64.72084926745211,0.04137786795538334,2.534603480217311,1,1,0,0.9029024293745325,-0.13227298998741682,4.8047343881307825e-11,0,28.582965734233706,1,0,-6.494032648054356,2.086700166684712,0,60.52915949189577,1.394672431314508,2,0.3948332291970244,-1.497154720166036,1,90.12870979791785,18.353914974581194,8.290289109776332,9.154407921346813,69.67424168219029
1,0,-0.14192950203720817,51.06657480145594,29.586975193248875,2.1098046857146673,1,0,0,0.6233264725958065,-0.5287232322219377,0.8680080704221227,1,22.85356795337026,2,1,5.217267140460953,1.817017164776719,0,41.70001059809266,1.3335366989188226,2,-0.27314850260803714,2.4453927934667536,2,78.84682178818203,12.99805146568977,-5.825159264067519,5.701259437711899,31.060856943789787
1,0,0.24147247999207316,61.46364106333648,15.817118990188689,3.828937981806397,1,1,0,0.8426391665985062,0.2923284922491948,0.5280707891333815,1,26.098741203883073,2,0,6.708885946263759,1.9461795298483686,0,33.957740071877836,1.4144192502867026,2,0.04674906016751194,-0.5608463933277441,3,76.15929394167652,25.29711798061516,-5.321611490103009,26.261549265058154,36.931434199545826
1,1,-0.4206569648846336,30.68711642659224,41.108874788152825,2.946993348853691,0,0,1,0.21771013179616766,-0.41670789067001934,0.41207647490865656,0,22.84944022941627,2,1,-8.509904624633444,1.9031366968819983,1,73.4248324566189,2.0568960154497833,2,-0.42213107368889496,0.5123222737721433,2,63.03902543439819,6.890376230642068,-4.842442586101998,20.05764432121996,24.877008647096975
0,1,0.7844546229077478,41.45360515851852,54.02317603098064,1.776045313904021,0,1,0,0.315464341954169,-0.44256177660965407,0.3099624574186466,0,21.67804929580854,3,1,-0.6304344136533349,5.708266355533394,1,46.20927794263196,2.6567128530537674,0,-0.06830009065726625,-0.28944978486283457,2,51.6986802765924,10.276237545300116,-1.7582019623032181,21.5309740833679,43.88680538945604
0,0,0.09893071652830059,23.05437887677702,72.65631925849574,5.812588700447154,0,1,2,0.19129311274374577,0.21422756306529767,0.4485696009190185,0,73.69490121779118,0,0,1.1923853847734005,1.0505674401010847,0,26.889162798806527,8.221995242165915,1,0.5781520445284816,0.6483371095906856,0,9.267270562208573,31.17471624212059,8.997663520730015,6.358007352180282,37.34272152020371
0,1,-0.10471425827493233,37.21821859162506,74.32203683759214,3.3901684357210295,0,0,1,0.23628682298045278,-0.8668646665727081,0.4942360636779123,1,20.070550165521258,2,0,5.208977044106909,5.271796199635957,0,34.45939345088695,2.8447780753368446,2,0.8593432250167827,0.7811702179715478,0,54.68027227142033,25.953490993382097,-4.278509505585548,27.41018937868847,28.321294051539688
0,0,-1.3257799815688296,59.27619965594182,7.599887243360731,1.7824886621239646,1,1,0,0.9211826221697741,0.6102133623883955,3.2538822209438045e-06,0,43.88662526408436,1,1,-0.9276389621638579,4.42392342782695,1,32.153042891756215,3.6537300403646555,0,0.8078230169440596,-0.5782522536567996,0,47.82355593758512,13.368312151438015,9.06068402028237,12.51879802771195,69.9874445466566
0,0,-1.4501780572853868,26.195474672642895,71.33064820398675,2.8170599417183033,0,1,1,0.2139693348480845,0.030207730113384405,0.41179469787404566,0,52.31588043318803,0,0,-4.319977061574784,2.212092411283971,1,29.083236413381623,3.3777804230490434,1,0.10811248047088194,-0.0857684864245379,1,24.229375090776482,29.09135860987414,4.679815995906145,21.53973191417289,46.84114753368123
1,0,-0.9270139836494213,62.89827461457593,5.133800085722939,2.220562159607288,1,0,0,0.8865855745975352,0.8589356740373212,0.049787868939909274,1,22.269669188591294,2,0,1.5108422466263818,4.0570612764601615,1,76.94209844969097,1.0738392268504053,2,0.416608690137847,0.42745000413658707,2,89.51971209737093,17.938937722515856,-4.121601752318512,11.063109759989533,62.87377664998614
0,2,-0.20698531882898594,37.72655855449503,87.75932735042605,4.012042654039083,0,0,1,0.2801955450389786,0.255268846343283,0.8151479324199435,1,42.424864438607344,3,0,7.612893236627375,4.140055942081866,0,20.50494295104214,3.617990875500198,1,1.1950709237995214,-2.8316628680594427,2,27.400583447925758,24.989396166947706,-4.361426319037948,34.177790853662145,29.47224301011481
1,0,-0.8967426607627742,32.605913619203506,16.809463203299472,2.0286421588081756,0,1,0,0.23441674239033794,0.9733002888823117,0.4209621890177252,1,28.70139907154444,2,1,-7.536427270509036,0.5103257206467671,1,26.32192577065667,1.76826731112963,1,0.24043265542394435,-0.0668168102271612,2,79.33044539045999,17.86645841749847,-2.6908284178341813,6.37860251380533,66.1150913341497
1,1,-0.18289536949759377,29.183447330438153,31.134587371566337,2.359635643690487,0,1,0,0.19707897431316573,-1.1461962118122708,0.07325227998102196,0,18.388019459011062,3,1,-8.735504811306415,2.639050464836516,1,33.82161937736893,1.9242343309324155,2,0.146081694465572,-0.36860769518785963,1,65.33405456908024,10.747018987140585,-0.1383717790951806,10.276760319258178,26.306482951929226
1,2,0.24277332456747222,61.94850807844329,31.24925362813822,1.933358912529763,1,1,0,0.7698008593853904,0.5555004707729202,0.4783846894919143,1,31.25618553881433,3,1,9.847193119076827,3.690463562559735,0,15.583448789130525,1.9769993256994678,2,-0.04061406601791429,-1.5491721790307835,3,67.25092642489763,8.022567786081096,-6.835324228580635,32.995569826740436,30.448396890869436
1,1,0.43623519910599534,55.308301513372285,9.149388504777317,2.825531417067849,1,0,0,0.7116795234251954,1.829619642688693,0.688415621304247,1,22.784583477955497,4,0,-8.281251873524853,4.507960476463939,1,44.519918951554615,0.9550893223097062,2,-0.20977191039410198,0.4223499055843171,4,90.38791089455836,16.52774825923207,-9.22198050799227,10.116269119373307,23.863605702497694
1,0,1.8815098308093767,54.2917191236415,24.95298092275155,1.1613568829017007,0,1,0,0.44377248210650094,0.4775086219989029,0.7546456535308665,0,19.706558219205306,1,1,7.554320296094698,1.4459999906730499,0,63.812902417085475,1.7094638830530424,1,-2.4099078709165265,0.6275196625063592,2,68.31322137100378,7.863600723120152,-1.7307600563766492,7.975286443671237,34.774071754025925
0,1,0.2857814644418445,48.45586080227581,59.03291234299031,1.4618111146724424,0,0,0,0.4417179239874628,-0.3929101958254504,0.6107066113737698,0,26.38155649652208,2,1,9.882360669062301,1.4923728459954055,0,26.615791315118944,2.4022531183115783,0,-0.7643272307436662,0.4176504515638243,0,53.60707906756833,10.55207496429821,1.0853247290038084,11.655528263762465,63.891632403551554
1,1,0.26433728442266985,43.271929442141044,25.706577175043254,1.9200073202932004,0,0,0,0.35211081945600564,-0.6920585892757344,0.3153766456243869,1,27.548241653734458,3,0,1.5681277649298053,1.6393907041018811,1,32.303336280078305,1.6095339423551256,2,-0.3029210089154741,1.9390518383294728,1,74.4219812835519,10.365327219558079,-5.015939710552252,11.87543987151062,57.11002396909518
1,2,-0.8224598952602993,48.61103244517432,39.16013177174798,1.8369041194056686,1,1,0,0.625573261096599,0.5129791466024831,0.2892992544828923,0,20.5551933324368,0,0,-0.6455139601522539,4.2027520466511925,1,6.820293587889146,2.342221389712834,1,0.03183429462847344,-0.9912636028233031,1,56.92449020544041,13.930190850783974,2.011740471714834,15.902663197265735,52.61377710249341
1,2,-1.2595862107803377,69.12244685362,19.072860428517746,1.6388934587427035,1,0,0,0.9965364911688493,0.24997851275275393,0.6486960981445217,1,17.28055082446928,3,0,-5.560109530080345,23.14935086769518,1,45.52977049954107,1.4767989444119387,1,0.48347702359931355,-0.16930925024010676,4,77.6851515401648,14.390730768603614,-6.463704056439611,22.096467276466,60.87783272199141
1,0,1.5940654666134582,69.13525065963759,1.3971343834559335,2.1233532655840754,1,0,0,0.983803680783275,1.287067886768625,0.3283641930172626,1,24.26635975437854,4,0,-6.021716125777924,3.2203895192054577,0,62.862332800090556,0.8674657834415651,2,-1.3354173875264255,-0.1533214350023976,3,94.80900980817425,14.636713124839646,-5.7454448301443115,12.333615263209076,46.29491739343311
1,0,1.302005135779226,45.998318365462346,6.219248080460421,1.471587337443525,0,0,0,0.3984363722456923,1.024121137746807,0.605770158459375,1,22.131927516313414,2,1,-6.167315615583461,2.3972973435740252,0,64.35516543707038,1.1709870306779786,0,-1.0297090892366614,0.4775914160419954,1,94.05919319146616,11.039564242059168,-2.678332525659714,2.730485900436419,30.018045165207276
1,0,2.3885463776714193,54.54747892406855,31.801462911077707,3.4734131059478126,1,0,0,0.46686808329998686,0.2787028950395797,0.8466853595272817,1,28.23167947397321,2,0,-7.664169566280728,1.436667922553678,0,2.150121544023884,1.3483779188805265,2,-1.5044390188755687,0.7336401137107194,2,74.78075577321177,9.84411722209748,-3.9591385170934768,9.490759604696981,50.3956879352673
0,0,-0.15949638410568465,21.477051998535693,76.62004067272854,7.157165973048732,0,1,2,0.15666606778781528,-0.6647223644984663,0.7193603294947276,0,67.70811723451347,0,1,0.2959465647492934,0.8956174487853449,1,12.976249876836903,4.439484794889483,0,1.0885530533388517,-0.8665159190895844,0,16.303162162468936,38.34645771862826,7.394131081574859,12.468602410146932,31.51423043025923
0,2,0.22477175727116858,68.98110724698395,9.828452887389988,1.6930145059502157,1,1,0,0.9921254719401914,-0.5031554721524544,0.27327879086131124,0,24.54137559429023,0,1,-4.856784525488303,3.8997825344618438,0,50.359516165270634,1.4970654947524988,0,-0.05540012983039639,-1.0612927558098046,0,79.72811876165515,12.943806985555955,0.3739323328770894,16.670337867869534,54.49372360476384
0,1,-0.15163713749131127,33.845316194159224,65.56596953845855,3.418310874919399,0,1,1,0.18031195152967455,-1.6888700733215156,0.4827925562185384,0,38.10909851518244,0,0,-6.612942243178791,2.381799967321708,1,52.70278867419065,3.218017065829612,1,0.4005362113283916,-0.9630752311218539,1,44.68338810323685,22.04380761102254,0.7793114262445329,20.699842547378108,46.367989772167185
1,1,0.6051061440306963,44.92604128833249,23.67927775386642,2.3762947537528376,1,0,0,0.4320570662738619,0.14008805634735944,0.5453513418586209,1,31.475159617620257,3,0,-5.231721834912731,2.27977469070156,0,41.93335603431079,1.7248228213776817,2,-1.0351728790454757,-0.30041331836908075,3,75.75198976069888,9.366652947529186,-5.190389271786842,8.942844986337146,24.15444076475596
1,2,1.431888729570645,54.820508439408286,34.52167836033561,2.0088951070239864,0,1,0,0.43019443301278254,0.9351163001743745,0.49482365790142535,1,33.41782949684146,1,1,3.4301664954643574,3.728487766141065,0,69.83806152081198,1.9753247418068973,0,-2.055589379554285,-0.9509435215234298,2,64.04871774816519,13.502593530748783,-1.7684478315206071,11.295184604167783,24.93572156449078
0,0,-0.3750510773520509,22.642758333211916,47.0995518536545,2.0534384578448255,0,0,1,0.14083754133457788,-0.652343803245598,0.6486853559042934,0,22.742202886991514,1,0,-2.0763009834579,0.5192045839623527,1,64.6980078729533,2.5230603915343455,1,0.299299854779289,0.3881541434811836,0,61.55654808329746,18.455039427472165,0.7186743181943118,1.7455370355330935,57.532117368853356
0,1,-0.04445932619086367,43.07644544668267,79.00288387472499,1.6669293810236248,0,0,1,0.2867541887059286,1.2125548458515876,0.5300318679505059,1,23.34907039781487,2,1,9.992065958143272,1.676536432793269,0,30.872803199085958,2.5460875522782507,0,-0.40782941490795555,2.8564581295300027,2,48.96244551624959,6.523516556208577,-3.9463770567710332,38.77572869505052,44.23042309893313
1,0,1.2233744925486347,67.35177433291948,3.8462622684906913,1.688815449846661,1,0,0,0.886048896118411,0.5992921632289686,0.9780106894573843,1,19.052000394861544,4,1,-2.812360079038446,1.660649200333949,0,54.52512410170827,1.0251035866906326,2,-1.6975240677631116,-0.8025350595849916,3,89.56099083100635,9.553563279445552,-7.940059187981658,3.0613106989676386,47.11803936522729
0,0,0.16560678885299868,36.80601108140944,65.675310482333,2.0227371764896995,0,1,1,0.2893825562875595,-0.6239892196564808,0.4899452577541646,0,27.327411938481813,1,0,-0.0050172107640893415,2.233587051610966,1,12.812069656859029,3.4233939540961513,1,-0.772211481807609,-0.04902002981559885,0,41.17590150275315,10.81933351677602,4.3270463349417625,13.164216995576963,23.49882188123784
0,0,-0.7892230884861715,19.79310008176677,90.4225052613593,4.730518659589657,0,1,2,0.11568607447941304,-0.045866629327994526,0.4942573075847085,0,52.55650963427129,0,0,-4.046601060273554,3.476946360121464,1,12.065544009127493,5.016211226479796,0,1.2218965636965986,-0.7144123128018927,1,23.126425902299285,36.017962120066876,-0.5766084604393775,32.37422382032502,38.264046744980256
0,0,-0.5746479712321967,55.089104147481926,71.09503872525625,1.6970430136400427,1,0,0,0.745148013795992,-0.3529420846405587,0.799414216178723,0,36.26666307202987,1,0,1.4377234340236242,1.085712355940565,0,53.41013957906676,2.7279564154349787,0,-0.9931385485898521,-0.2609844195137521,0,42.396156354857375,9.680431234905685,-0.5937946172490385,35.35526121620931,69.7881069155026
1,0,0.16068107187464553,48.20368472138625,11.254402651594859,2.7166117602570603,1,0,0,0.5003871769784254,1.3247592413436802,0.21601595935228235,1,21.96221615950943,2,0,8.629711188541698,2.203703836025677,0,73.49077963090735,1.3222601622112848,0,-0.08063089623196179,0.0724809673626198,3,87.38002451480168,16.99080762448235,-4.667895095138427,9.787069552864109,23.759521193549748
0,0,1.6679977676034368,45.53199079785854,40.11527780641529,2.2241551753867537,0,0,0,0.28267966175550896,-0.6015108410324411,0.7093323998889929,1,23.9285315406375,1,1,9.88888187138351,1.1899905668502133,0,67.83602570178516,1.8342462319869475,0,-2.2404343912643303,0.935543767559047,0,67.66242766665974,11.633684935687644,-2.42654448126311,5.081832687446366,46.44495395462572
0,0,-0.1322382954274939,42.80217990731901,38.30779097575121,2.3769888656445635,1,1,1,0.5239623979622726,-0.11858520608115736,0.46992110931885855,0,22.938128030823385,0,1,-1.2145061007381983,2.0052554673957337,0,52.004533267926085,2.2360097021625447,0,-0.9841814889531104,-0.1920943662490242,0,58.68484384564097,17.915943369807902,2.525067280302638,3.503218746806276,26.091864649384497
1,0,-1.1061768617321337,34.79786947992929,21.778910914438438,1.6712590958623414,1,0,0,0.33770741002498605,-0.12531430910634972,0.34376735929111757,1,26.200122669785966,1,0,5.042392896190442,1.214968718548023,1,36.913043695504165,1.4183843070128794,2,0.09168737816732164,-0.20346423589574827,2,79.08389420163982,13.251140022942023,-3.580585815843678,6.909107645274366,33.06566739604609
1,0,-1.1140605892413908,41.54006758846933,14.481911874982206,2.0002546200558395,1,1,0,0.6065755280090813,0.631785341381269,0.5695045123874236,1,23.832715804765883,2,1,-6.891833854824095,0.633005055154961,0,38.73566515797578,1.5446588640919698,1,0.585422441946781,0.19851211451072448,0,78.7929102358618,23.205257135088484,-1.7124876358442283,5.842432308159555,53.62716777996105
1,0,-0.35931997657553455,53.706600648065134,7.910000944419671,2.037073067754215,1,0,0,0.7289825846971599,-0.5820449311796594,0.3791993824945433,1,26.941441892433726,3,1,-5.71125375293779,3.3864648544717886,1,64.88950767177245,1.3926695185844375,2,0.29344020596998416,0.2194187959425916,3,87.15689328821053,13.233263834215418,-7.48841759871696,5.157975572488571,31.828728714060745
0,0,-0.6161342576083484,24.423445397773513,75.14049765158734,0.3356648021977245,0,0,2,0.2127651107866596,-1.0675933073407444,0.7169471155176359,1,29.880545187694523,0,1,7.519980784252947,1.209102737096323,0,40.69581326967928,2.6461919306867787,1,-1.1069583825736578,-0.5897119680567287,0,41.00220017834334,10.728266589936764,1.5708461345290345,8.215764490815719,35.555198665554336
0,2,-0.30873492782295464,49.37420197046794,88.41998559277214,3.73818540193848,1,1,1,0.5778758088795606,0.2196559057452246,0.7565425734156581,0,58.560124973350305,1,0,0.14599169399789247,9.610056092186586,1,29.36021433356645,5.268855970880871,2,0.70105881265775,-0.21798312407329148,1,19.011707266859418,24.122427022749406,-0.6817987324856105,36.28163576885623,38.21585503906665
0,2,-2.79073141344674,54.53256099580088,43.378084277714244,1.6963405995568386,1,0,0,0.9131023836399519,-1.8861729211256395,0.24089016875203023,1,22.74961336290861,0,0,0.605369480751552,3.5587041528314645,1,33.736273201237815,1.8805782890805243,1,1.5618175372306722,0.8438448475099022,0,66.38969690728354,25.162924948117038,-2.905616310079111,24.207154550607186,69.68118356396596
1,1,-0.19430004725209715,47.82950870902009,26.906661868593083,1.4198684292645443,1,0,0,0.569303690031702,-2.317265682549328,0.45706499961478264,1,31.73816205641488,0,1,2.751457149959231,3.567456036350799,1,34.30612616627339,1.7978072214623602,0,-0.6315969803466016,-0.08029181331278844,2,77.0884166223004,20.301363530368157,-5.328646376955184,10.190757488574489,39.69215913375961
0,0,-0.5004462907833914,19.24409306603473,90.57556161162353,10.687165529283837,0,1,2,0.07345051434297045,0.14414839173385577,0.5724911850804097,0,68.60809422274131,2,0,-1.83749945542929,4.156223762459773,1,42.79610907104321,6.28484474912964,1,2.020595129105812,2.125022811803551,1,12.167508623931367,39.07213631910979,5.906825182600976,24.00380408789954,24.785041696849255
0,0,3.092212430952461,22.75100237613801,83.42433332766952,12.04212248911844,0,1,2,0.16137816430545437,-0.436719753382922,0.915111746668541,0,78.5520450839336,0,0,7.545486943348852,0.713271430098601,0,34.6268039132737,10.221440112015667,1,-0.8246061279459248,-0.5077771621639525,0,4.396665759867924,29.450673438629764,9.310350866564445,9.629265212386866,30.35820865785825
0,1,-0.4418248260917366,47.23840720195843,46.67635625659918,1.6333011589480932,1,0,0,0.6123128176284175,-0.30920975602389145,0.2254008723903806,0,22.181723333897857,2,1,5.217657633635675,1.8457760622019879,1,26.461902095724863,1.6913453292399367,1,-1.6508976107226145,1.4512068633562223,0,66.36094721392763,11.653817583266077,-3.260612637945137,25.214904515757183,68.39662571396937
1,1,-0.5757151549801989,65.69120042995067,42.36873754501994,1.9382258544419828,1,0,0,0.9513268573006404,-0.24743281935690906,0.3749230348458681,1,19.71770177964098,0,0,4.626974205878948,9.011153767787054,0,12.825292536905213,2.0285941401301466,2,0.18938980550915477,-0.754956384111437,1,67.58320704765875,4.459384885470272,-4.59510688188357,26.693271069999046,56.68832611950479
0,2,-0.23401166683551242,50.146482223052686,79.20471576460793,1.8310146620899475,1,0,1,0.5379694927116473,-1.7163479551653722,0.5717385456197228,1,31.754973703294112,1,0,7.834632058825218,19.45031425578995,1,31.5127165515095,3.5852218646028744,0,-0.08675592064273906,0.24832353188516307,0,42.80757765588311,9.85928015420825,-0.4328834041239915,14.452000317987117,69.43712458279919
0,1,-0.46161020828635624,25.272588659656137,96.73431482713792,13.478887661927624,0,1,2,0.12214400546569448,-1.188408757206601,0.4460958487353824,0,79.93739215691072,0,1,-7.555401623891687,4.68235718107993,1,40.2391980021964,22.188865178549253,1,1.970035147717059,0.3148079611578166,0,0.3078614784004785,39.51463687056068,9.896085540191585,9.546967973682378,39.717774102340925
0,2,-0.4794698912221634,49.8486903200708,48.20219568450812,0.5620787782733598,1,0,0,0.6481052722875059,-0.04281846660695199,0.04441464856261251,1,30.580777607613765,0,1,2.9912154767658787,7.999810088838937,1,71.12067722010286,2.1269788242947016,1,-0.6588765373682343,-0.8278411950145635,1,59.16500118303437,12.472866167716475,-1.5188360574821989,26.139429014186337,40.29345105329568
0,1,1.2570500950062744,22.82124829910953,91.97750314383045,8.838785570739022,0,1,2,0.18297774744933387,-1.0271909892453006,0.2861772678180374,0,72.95880274284042,0,0,9.16366235000114,3.4430624931509137,1,22.08381105907458,9.165444665916194,1,-0.1781035576568561,0.6202544974184838,1,7.157156050090718,35.175626144084276,5.302063153342315,38.32638591639117,36.269242029276725
1,0,0.518769364905635,65.02720539658584,19.790635509080097,2.199064038920802,1,0,0,0.856381594843524,-0.2846624944302543,0.7987044067552551,1,21.754522466503193,2,1,8.518678710116202,2.0339272823184427,0,77.13498844754578,1.265502346910942,2,-0.8952066132226858,0.16528750273759046,2,82.89057644085764,5.933654267382411,-4.738956321941172,16.769170585850176,29.256842396773422
0,2,0.2475377327298766,44.87858237461428,68.6974935807055,1.7766821631374865,0,0,1,0.3679063529794252,-0.9752680240683085,0.4135235586324259,1,20.29763161663796,0,0,6.616630328910247,7.261370013767037,1,58.6508499923992,2.5879763976882137,0,-0.47870306927095885,-0.056316039533738774,0,52.577817985129215,15.094855019580802,-2.426340060497644,23.983179232811334,32.569965555761684
0,0,0.5665435375432684,42.97888913425301,57.49176314653942,1.4231983317821435,0,0,1,0.3864497174976583,-0.16171307633047585,0.5370629647834135,1,24.864268813413382,0,1,0.10690684016326557,5.645759162948383,1,73.12479060398357,2.2212580848038854,0,-1.8282630423639041,0.17763246173211691,0,56.839106474355994,18.05641792570414,-2.4974493106897633,10.214245633570552,46.34551733313981
0,0,-0.13930746688344192,31.449135423162083,41.75429278055904,3.129536965868276,0,1,1,0.14979780766739115,-2.0941974462998916,0.0715077366727197,0,35.873889469725356,0,0,-6.596357237274288,2.2299866521328724,1,60.65484192267782,3.7005196997551875,0,-0.06673987580356744,-0.3542927453897731,0,41.40293612817022,24.276805774279858,8.531522465555351,6.662218380517865,45.507963721456996
0,2,-0.7315555658554815,24.666236092087317,77.59868400690331,3.972413818440216,0,0,2,0.0956402221762716,-0.25778228321780255,0.4650000724633815,1,27.83832656582554,3,0,9.819717751541187,5.350359051368052,1,15.334249995459448,3.1912925863888,0,0.30282842931293913,0.5007142495521493,2,46.24045518318616,30.611881376273207,-4.375426194548753,21.413645277052368,29.969946938312155
1,1,0.05521058508701872,59.744334215923736,1.9374004810934153,2.3346972034286586,1,0,0,0.8123232537319596,0.5132156592704086,0.044518163520665066,1,20.67511643843085,3,0,6.899853091323944,1.9779577165276658,1,34.46485581985837,0.9927500167339524,2,0.8204448049416521,-0.07315834871672919,3,91.64323077500566,16.408457746467842,-5.789609652620889,11.644207371322711,50.351703271112676
0,0,-0.39418782689186493,43.07655395091513,16.94159501435951,2.0171505199255804,1,1,0,0.45993069295753497,-1.4327053744643958,0.13368864294390514,0,35.59171449454371,1,0,0.7966923625066862,0.6152310793723712,0,39.94402542602591,1.411880330364551,0,-0.35438919497814797,-0.28601519582224055,0,78.04909091580481,6.506187769344005,-1.3926610470288043,8.399806457602494,67.1772348969547
0,1,0.4992793360085432,36.75069338886349,90.11758513069505,9.007917994513994,0,1,2,0.17254683252340475,-0.04341186065664206,0.9976128490895009,0,62.71714452474213,1,1,-6.73572411820259,3.3763335090987807,0,48.887272332863205,4.860723996283415,1,1.1285570042004565,0.5934670705004852,0,17.31693906256354,33.87577931117444,4.526256680716516,19.934778279699948,26.156634131549247
1,1,-1.216157568462868,53.54536795603548,42.99650242485972,2.0509269929458918,1,1,0,0.7800273578992021,-0.39628722507985215,0.6793244053377896,0,19.51758393440556,1,1,-7.735770714048725,3.282148696434825,0,0.6784050253077334,2.2692853384320895,0,0.5513899466433843,0.041258557244280826,2,59.585286784598054,16.106464612748333,-2.090980072190459,15.208016952798996,51.41011556735763
1,2,1.2360426978145251,68.52282369438277,38.51724570474231,2.76008350083237,1,0,0,0.9730687761376589,0.566259680103057,0.6431192446453683,1,21.403874233556152,3,0,-9.557118808737322,16.77878509675023,0,15.052350797428055,1.599566292935947,2,-0.8986373507550969,0.6761343866630107,3,68.36205785573489,11.907712631326346,-6.828102952294259,39.017620233883264,52.39141485242821
0,1,0.2725944236192323,47.902557232304446,46.61683635135096,2.2913619604907005,1,0,0,0.5482033376120596,0.1724711873960461,0.6074840239687183,0,27.360839275883254,1,1,4.882417716997395,3.1809788238743604,0,37.599448493939434,2.34837234199439,1,-0.796828734257314,0.13063716941239628,1,35.70478871236723,11.426585869452484,-1.3418516262195936,6.53440887404842,32.05220160520253
0,0,0.7215155577546976,33.28656318597127,77.63309844461948,5.837950976337657,0,1,2,0.20080756882414408,0.23937823641609943,0.6969520553453352,0,33.437818575353674,2,0,2.2386778010570474,2.7836708915400674,0,58.21365323478355,3.6786700962336423,0,0.22509374294334622,0.011044385867750167,0,32.804893303737636,29.993511527080038,-0.23487258160846736,21.30499770121929,23.242889468177196
0,2,-0.38214215976628135,33.39768345161411,80.4858979866596,3.2732851710870094,0,0,1,0.13090099543000805,0.5833115572396428,0.5088135829581859,1,35.146997776545696,3,0,6.127165703747508,2.2093608433761545,0,10.157923725157643,3.2205664459371164,1,-0.4983736016067621,1.4143786121514814,1,34.00324957040341,24.58975458651754,-2.276839794970882,28.27957966909139,27.53144599039019
1,0,-1.4721725628207372,52.20411099127651,35.295625132556765,2.1957713032027497,1,0,0,0.6441726429131455,1.7525714196754074,0.5877627247017351,1,18.63043288321959,3,0,-2.2422526712006485,2.781974985964387,1,77.34895331211051,1.6421830174561702,1,1.3115060368700604,-0.49452233181133065,3,72.76259456455912,20.279521765000062,-6.492649797184773,22.504717207245562,52.832200991912835
0,2,-0.9240194726191235,30.733915023646624,96.76097871780806,7.691418172216714,0,1,2,0.29201173527962654,0.20130138769341865,0.6928354598099229,0,79.64514736035831,0,1,6.5353080744058225,10.12302596207307,1,7.812396673454383,14.691771527604626,0,2.063214640055502,-0.9148791833144814,0,1.5137553360826894,38.32444064418293,9.397301638850202,36.962178277306464,31.879014058937393
0,0,0.7907021525550577,43.450144692967356,25.30227821670479,2.3329991960271297,0,0,0,0.3804784894990211,-0.15531040692443,0.6112757627571189,1,21.428615135099328,1,0,-7.80890055005454,0.5566294871957719,0,8.645144573401788,1.6071784377599885,1,-0.6736067754160022,0.10462465926706109,1,77.42418159897728,11.57862689153108,-3.678073338054352,9.474971025882146,67.42960295031
0,0,-0.2921725632799166,24.28814406950336,48.42304541603157,2.1854758834081487,0,1,1,0.10922263198756071,-0.8237987926591595,0.2512268587201822,0,19.184942367529842,3,1,-6.381771878322367,0.9908622483958136,1,58.07236097734755,2.362714165966646,1,-0.16885154607549163,-0.20262425522160601,0,56.34908419675839,13.445497610490168,1.451918993298948,7.366689503719446,49.583977214965465
0,1,0.7328197818487593,21.2146308445814,83.33740792971807,4.511893284157741,0,1,2,0.1587760364115286,-0.08118813240547339,0.16200982432642258,0,73.48908749933905,0,0,-1.05151528911194,2.1613844361654606,1,6.944435309336474,6.454879513863019,1,-0.056987618861112685,-2.1816542491651694,0,12.222949234069102,28.688609636490092,5.674840260306018,35.55558261827299,26.861994265906525
1,2,0.09958627631813607,37.36046368807178,50.78267850825724,1.0352573380607877,0,0,1,0.20057280214143253,-1.1797260892971557,0.5127775379019832,0,22.157941441647544,0,1,-3.211492977828449,3.0798019932958574,1,57.15584683827048,2.1148255252572903,0,-0.6880973108163916,0.11389364163815636,2,57.68613102017763,7.342127998134682,-5.314992434017524,25.86978089826878,20.701026633570546
1,0,0.7444812501670642,35.52562479679084,34.19194492890785,2.241809274387759,0,0,1,0.19427786643515133,0.892846634954832,0.5139707595119528,0,22.489136356434358,0,0,-5.562691958166276,1.2897860601427287,0,42.39547760555616,2.0934023889354503,0,0.20077435981652245,0.2879379258929646,0,67.06733144006961,12.614927022649942,-2.0106512531532967,7.386268590248317,21.650904634503654
0,0,-0.7105556305328932,29.970108879878197,54.79198197721826,3.3903340743407213,0,1,1,0.12070763470101809,-0.49217137546974227,0.032231632204257565,0,49.84466012534874,0,0,5.203960143067366,3.4479671413803823,0,48.36439265912385,4.523424458792043,0,0.7930330807219595,-0.7691266544362336,0,31.522573484131488,22.12119968633328,6.387595773500742,20.29294421322467,31.58619718491325
0,0,-1.50802963065864,33.664747551758296,73.38865069302439,1.689198267341335,1,0,1,0.33944216686461026,-1.7080336903769786,0.7739642259122876,1,35.36675740112592,0,0,-8.02528513341296,1.0335413909762514,1,57.192852491223036,2.5072988669898795,0,0.8175213264066399,0.1142508988219002,1,44.82954306247294,13.926836093308735,-0.9569999212649911,31.464029413946683,55.65362006647546
1,2,1.0807478942357935,62.54892224830979,70.31636433658748,2.3761547510503127,1,1,1,0.8257525148879736,0.06206175067016526,0.5026256429776352,1,37.80905922567111,2,0,0.7013848478959179,5.331621197932432,0,4.1069523685070575,3.1936496163203927,2,-0.6723579806001012,0.4454365553858352,3,45.88908460293773,8.22440150448645,-3.8480957192343404,39.97413349462884,30.338804056918498
1,2,0.0011888471903011863,53.82785824938435,70.38598255924452,2.335374039508514,1,0,1,0.6473804648256587,-0.6506537055797433,0.6619823851404908,1,35.400970638992,2,0,-2.9038937048718427,1.5217074822109025,0,35.12266948026351,2.746288436295728,1,-0.4850369674448757,-0.9792273058245765,0,40.32045979430209,15.57574676977977,-3.3161877871263234,39.26741821696298,45.76298924916217
0,1,-0.5811069131606319,52.89647177802973,57.97028245586553,2.1682094243092314,1,0,0,0.739125401622438,-1.879969117794431,0.6135657017399446,1,20.42223038969539,0,0,-6.250155727953891,2.0849357003185154,1,49.84955331466487,2.335024317273189,2,0.23671103666409454,-1.9059489588234246,1,58.609249826501355,11.845642880591383,-2.8301016025109753,27.583039835013906,69.0569028695679
0,2,-1.095412372111147,65.51441617452795,50.89605092747366,1.4670509771589235,1,0,0,0.9506375818277086,0.6472713545285363,0.5518222661783412,1,17.384975431725106,2,0,3.4430065067109705,3.5855857067656762,0,67.59172186993936,1.9428855358307369,1,0.03739520927638256,-0.4124254340524396,0,60.168964144225455,11.141220144954978,-0.9451959736050082,24.23470554462593,66.07392621064571
1,0,-0.13834900740675535,52.286709439971155,33.1163981298959,2.4135264854810226,1,1,0,0.5675242409406138,0.21497131748886505,0.4394507053685411,1,24.350292023762723,3,0,9.702964323066361,2.2715434152640874,0,71.06074034371446,2.055325776478244,1,0.12308971235720628,-0.7475376002258359,2,64.60710603300663,17.172402960099397,-3.187804448317584,16.580627475019966,33.141989940861336
0,2,-0.4325069266081264,36.693096189436986,80.7361720921284,1.8090483743521597,0,0,1,0.29712032542965094,0.3195141423222992,0.5032769853969798,1,31.883212220273187,1,0,3.919113777714678,10.283736081901674,1,15.829211667972816,3.647986381813627,0,-0.16503922676419558,0.06646962529087966,1,36.45780555609988,10.671879587067444,-3.053758367804747,26.968750380730874,62.74715010212908
1,0,0.8930795426556064,41.81529255646642,36.78364960960954,2.053555963416582,0,0,0,0.23311275753890381,1.5290067820024977,0.6786416020158443,1,22.670428533639058,1,1,8.291325302745143,2.0561508693025887,0,27.128797399896012,1.835824759338712,0,-0.9795855764327345,-0.5950531963949267,1,67.76507031406868,10.367003341331266,-4.562929485316268,9.201427197381495,29.997673580022415
0,0,-0.2117324197419927,46.56219945604262,86.62074714757443,1.403495286739256,1,0,1,0.5435457689134482,0.2573501621877074,0.8807857881495194,1,32.67448674947148,1,1,9.994788663239554,2.985247512774854,1,61.30294426790665,3.095837073616145,1,0.09716519999357472,3.2013196889899076,0,36.78660228107915,9.944068160689588,-1.3690603308992486,25.027217775041777,66.6148420566286
0,1,0.2577549646861069,26.900118864238674,71.4139136728114,4.2447210833866,0,1,2,0.15046415233452598,-2.7095367213021864,0.6860447681532762,0,73.9982088062951,0,1,9.0126926133346,0.9469266934133008,0,22.990245814223613,6.108878769092626,0,-0.3173254036602669,0.3632537111379386,0,11.890633344037738,23.945835521842085,9.263583493787685,3.4275775552987153,37.279443427040476
0,1,1.1502623684546078,64.39070219616947,79.05357661192791,1.4066976372703346,1,0,0,0.8540684506047722,-0.3754869241949361,0.7391126687036759,0,50.95460516267407,0,1,-2.3629173850049723,3.8418563131728765,1,71.03780970395457,3.4133505200658103,0,-0.8086699834012977,-0.9494425374807138,0,63.455254482027165,11.215904124331724,-2.3083203878301672,38.973091431327575,67.18101328025281
0,2,-0.38360595864287134,32.427575567549304,96.6405066959752,2.444925431376182,0,1,2,0.24277997132088824,0.11556905146034749,0.3905010347870548,0,74.77880649759769,0,0,-4.111274478178737,14.359665404344616,1,34.94637994883685,7.959276553128709,0,0.47558236424812933,0.15967848535323617,0,5.8753703217279405,21.993849456023288,6.391982472735769,35.287580880628354,52.8518326758902
0,0,-0.426831500675517,23.325634646210197,67.2256342819855,2.870134587999454,0,0,1,0.16932376069027677,-1.1961543743056056,0.6364870705567929,0,25.69071902210724,0,0,5.302497948276786,1.3020436591918783,1,28.391178389223406,2.831367376991466,0,0.3280702516113943,0.008767975394860843,0,45.27704232835118,16.91042062876861,0.12060627514645539,10.370260298873305,32.99908958663132
0,0,-0.835695050383276,26.508527191865454,34.635557999508734,2.4392784158648193,0,1,1,0.1951612975348988,0.7880212776498362,0.39555590718260225,0,22.065753184513348,0,1,-7.445695544916248,1.9211602554158445,1,10.67059158308795,2.440565753797903,1,-0.20223851422911315,-0.38706429347392046,0,57.90675777938148,22.99999067501014,-0.2473427975533511,1.932891928620326,53.411147194714516
0,0,-0.15325177986168728,47.08642342405666,81.19361073123783,2.4860890511770166,1,1,1,0.5130276095722701,0.7836874087876611,0.4964233336751142,0,69.6039143209272,0,0,6.762911261927872,3.9910790488525185,0,36.28311874190841,6.363942210500639,1,0.45216432661899414,-0.054215210711979565,0,12.204995573111516,17.182269899554814,7.7663337089427245,34.783703071351184,56.47328545153175
0,2,1.8870010385151454,63.19110476850507,42.97035969172121,1.8914969414437417,1,1,0,0.7823664200187338,-1.856402792024669,0.13755934134545172,0,32.115196721213664,0,1,2.1194595473861355,11.644229106014972,0,72.03258981186192,1.9930701202509906,0,-1.2301702742968492,-0.12129755869708843,0,65.90087262522528,14.36267026156875,0.316789238273552,24.470286008735727,23.91304611630029
1,1,-0.4855064094058742,20.765813479990534,63.74436237537737,2.066865341559487,0,0,2,0.107551736008629,-0.0870580993934364,0.5367566331102694,1,20.880554932301052,3,1,-0.9164753355172408,3.0380703557985638,1,2.018105371148895,2.876665182521974,1,0.18298352411237098,0.20100193981366837,3,55.4251183462611,18.655614921198797,-6.418414849448065,18.955361533894322,57.003762742668
0,0,-0.2267273445821194,30.523349661576848,75.81990419065365,9.00358794584962,0,0,1,0.15273116472423298,-0.7451824213062788,0.831593545989489,1,31.942094997161256,2,0,5.78833313131981,1.655547470630759,1,43.78943482413227,3.1664111183838863,0,0.8577156043269711,0.1521855524356034,0,40.54774669725413,38.33007805599849,-0.49686567074591004,19.166225683502457,38.65521480159712
1,1,-0.2904037407327875,63.35212498740901,26.59510132378709,2.5264834615355474,1,0,0,0.8910066408405058,0.22223383446755987,0.42039300871787355,1,21.169121496816526,3,1,-7.806452102502051,4.0038615613641335,0,73.81585110988466,1.6547133583639915,1,-0.022779466012290705,0.40460903438357404,2,74.64673857739412,15.371000653444213,-3.3018687138631497,30.91720378145892,29.073790267314685
0,0,1.203495341138429,39.296910677556056,35.87650508081853,2.089291646173026,0,1,0,0.28734999016798934,-0.11851382078191669,0.14854145977927874,0,21.947079838342315,1,1,-3.8969635357062513,3.5373937795267363,1,62.619958579568916,2.309561218076229,0,-0.9103043830489372,0.18521360998156028,1,43.49791690970488,6.815543684860568,-0.4505394892544743,8.48420962121169,30.258038399663473
1,2,-0.5915060544573998,48.625840310116054,55.32963963880724,1.3831043042303768,1,0,0,0.7128602849443625,-1.3031495470225603,0.6668595339932017,1,34.94018101327431,1,1,-2.546163776828749,5.722400063557004,1,12.113416733610629,1.9980587806458465,0,-0.15066653766507368,0.938715452149001,1,60.90261992356536,12.810936918821607,-5.614137065903304,20.01938092655997,49.74307019462502
0,1,0.17863593407875777,41.04166722519025,42.30431847211019,1.1442525667541132,0,0,0,0.2832201991330216,-1.407474279502083,0.023195097233195294,0,23.997086394329198,2,1,-1.896788847929182,2.603054437225438,0,9.789286417620016,2.534865044952428,1,-0.6564439599813562,-0.3234337553297487,0,62.06138334420783,9.988754326546037,-2.5319992196008805,22.91091718808719,22.594533407633005
1,1,0.2983461947508113,68.15269282380598,4.3870050456534635,1.5346623449578327,1,0,0,0.9669587394038728,1.3357829124241074,0.5115247901319946,1,21.84876161564988,3,1,-8.099624771348124,3.644473969699325,1,59.06418240488256,1.1286212779122322,2,-1.9900343242484808,-0.324971648542051,3,92.83444582798151,15.295649215791885,-8.257885948851058,14.713951999554244,57.09987716865035
0,2,-0.01518793795504152,31.677747596413955,94.21443541871918,11.975371224687239,0,1,2,0.29406168576786806,-0.5209892244457397,0.42026796310620607,0,79.9221486895274,0,0,5.63393450050687,5.4951622201612365,1,47.37878270551495,18.977945335536525,1,0.8748144007405334,-0.7397501284555902,0,0.7078138850595161,39.54052581761168,9.92964154656816,35.66423496497278,29.365740195675823
0,2,0.7340982307573309,65.00457979381565,80.78846647539761,1.0516158431669849,1,1,0,0.9005040373865311,-0.1750042487172181,0.6377289431191714,0,35.679382129800594,2,1,-6.986867627864345,13.916304396531551,0,60.523773952322664,4.4466190995134465,2,-2.479471793705594,0.8353943902443879,1,34.23304873623746,9.685474403822052,-1.6983558176100075,36.666536249653056,35.86951585151749
0,0,-0.0062334257322747355,44.548963234797085,27.91823879512402,1.5167080779333022,1,0,1,0.5184692530043082,-1.0004098024320025,0.6909381423015473,1,27.950556757429027,1,1,0.15778631499513374,0.7374252404928623,0,74.54589219388426,1.6668563642910867,0,0.41698599361738187,0.17116746267413693,0,71.41999109658961,10.378589314620221,-3.213995129103864,7.508076091810789,21.77490818845915
0,0,1.6752482587733142,18.117561988605903,98.84353359590312,34.04397360092751,0,1,2,0.04815421111599966,0.306488399260278,0.7989395847889856,0,79.99958013210684,0,0,-1.1981447639127136,2.3099838023237735,1,0.011050633226381557,39.281171658161206,0,1.2608754160697353,-0.15779859186169992,0,0.02504259074978532,39.91872718062535,9.986219029406513,30.981439240374968,44.71722106077755
1,2,0.6194812438628872,50.887062373224765,41.781883782161486,1.432695450654653,1,1,0,0.5702955741878477,-0.40186596115494827,0.1573604901508331,0,27.602286180791744,2,1,-4.749439545447302,4.8265353804349385,0,15.88960359543763,2.301619872362981,0,-0.9894641868486689,-0.009146357564861318,2,56.834430834544655,12.368939055089863,-3.6965420986403705,36.8372309924764,36.07827840829471
0,2,1.5278639910226104,66.5259098369929,41.499764919598306,1.9753477861059163,1,1,0,0.9094575953404223,0.3541128008858368,0.5209229986265808,0,25.79368405000202,1,1,-5.529784765029044,3.2177246113509095,0,54.30399083566119,2.0493324331395137,0,-0.9019628041512927,-1.7849530958907316,0,62.59569165092507,13.784805116536042,0.5157817993666889,23.04067275471487,67.3682022024254
1,1,-3.4610878766839055,42.66608057653024,42.7372468197598,1.697417435065958,1,0,0,0.7344930555477115,1.7840207211035766,0.12988323705763227,1,21.31333028481759,1,1,-7.05039033641583,3.9461683952632147,1,35.70211163836649,1.9900271924137267,0,2.2897428623290614,0.13077695006234127,2,64.35256243412385,23.12106864435289,-3.3054305735285254,18.219070900773488,66.8723412450502
0,2,0.7186409559063504,57.736221484305,56.453518612987665,1.8421017196203138,1,1,0,0.7355581918983026,0.9427087733167046,0.13371115041679238,0,22.911371191612915,2,1,2.37558161101874,5.651475083363758,0,6.790104110933162,3.0773736018169906,0,0.433638005496947,-0.6812169673786812,0,48.83249381870069,9.770544342795537,-1.0935629493577466,35.335939905347715,65.95845920169737
1,1,-2.0446557662390554,62.32593513910574,20.225078228302994,2.057415470602497,1,0,0,0.9409131882581432,-0.16299061392546046,0.2198638275289826,1,26.775012169222375,0,0,-8.275562023896295,2.880012464504191,1,77.37023115523311,1.3185371243013975,0,0.924522989989253,1.3937886890266675,1,82.928429387546,22.437042064870543,-3.7059741497375214,25.007826914112133,67.19918883833289
0,1,0.5632967250978521,28.704585129931274,76.28627169511763,8.030444783855081,0,1,2,0.20079285305301242,0.3223496573579537,0.6296282579722319,0,68.40937549166001,1,1,-6.074312169405246,3.294768597308962,1,76.52535963839026,5.571238794761306,0,-0.13308064928102276,0.6610794230995084,0,18.35396721170488,36.818396801383614,6.894462336497451,8.559556248793482,28.690910526571823
0,0,1.2765729362912763,31.1715009086495,20.026689067759456,1.2240126391868327,0,0,0,0.18137959056269015,0.22789867697108865,0.6942091432705164,1,20.879148274801267,2,1,6.132050015991904,0.6125533919907665,0,48.539649606551734,1.5687153011668187,0,-1.1611124104549373,-0.6591894873633487,2,80.80533169172872,11.658924278378574,-2.0597777972175058,0.9574589855938087,27.663670881988352
0,0,-0.1926118284893312,37.49065333774874,60.354920065812465,3.6573649735762803,0,1,1,0.32399002304356284,1.939326403273521,0.19753931295063681,0,45.630403950947056,0,0,0.6217706273442687,1.9186849484248674,0,74.60516726442825,3.9078233727399807,0,0.5704659645403738,-0.49851018618487325,0,27.747972983853103,23.169677636837434,7.1161452016031745,13.95661748141972,25.626601500531745
1,1,0.9859114003436905,67.58660892066116,12.41068490583974,2.3370566515307805,1,1,0,0.8451725269979502,0.8058432225340181,0.6589925659369548,0,18.63321221047361,2,1,-3.0610036737959723,3.701682844106523,0,43.84409953136257,1.444935346030798,1,-0.47957862587574845,0.5809043158673928,4,81.13801620179542,12.145859537829928,-6.785808300729696,20.16696863958746,49.09500462604159
1,1,-0.33764339134830207,44.82516973416048,30.490895808072498,1.8398964734604197,1,0,0,0.424784223569701,1.8693756058048179,0.5195867730463336,1,26.170228791670162,2,0,-3.9332531068405814,2.9086100235775842,0,26.956491142066877,1.374388446579908,1,0.11355876368032117,1.9117784257295567,3,77.96979885459584,1.6600893653410065,-7.81796194621995,20.645292197345118,25.55850670522542
0,0,0.7329654855742372,43.15876774850058,48.23172819204444,2.815008784149256,0,1,0,0.27502624331426706,-1.3165148462085305,0.22431988903308286,0,25.69619041783441,0,1,1.4226177644677485,1.305342446712742,0,51.83887515132611,2.5812112648941086,0,-0.6735031253769452,1.773788788796178,0,48.96661808255871,9.549621122148393,2.534470347590023,28.68211567202628,30.009704704973245
1,0,0.5393591309104366,68.12851920020857,0.30339434287092737,1.635010237000821,1,0,0,0.9787617038794058,0.6871836006777868,0.199998873314312,1,19.699129645083737,4,1,-6.882642517172972,2.079924885592603,0,48.95881907790443,0.7589246539007394,2,-0.934287280395248,-0.7135611983934974,4,98.48948108868439,10.751687773909818,-7.0664275431747665,3.6145590917810266,47.91759387484764
1,0,0.27903426648703594,22.490386152504588,33.682654902465195,1.6742875776823407,0,1,1,0.12345531308912211,-0.08373789955744186,0.07839127623195008,1,20.2456903717312,1,0,-6.742431539149605,0.47237762475807876,0,0.27050774944445966,2.221613743433024,2,0.08147868506645856,1.5316485225820204,1,64.18536302092028,8.86213297241542,-2.3958389729617977,24.60168546789371,31.937805285488267
1,0,0.8314266681144717,61.07643251607046,5.973652732947987,1.6216905850535812,1,1,0,0.759303623797638,0.34731330999428794,0.8375323625961969,1,24.374944971833425,4,1,-8.089611657970753,2.643489561128944,1,30.094244363783737,1.2806953109390444,2,-0.670508701992834,-0.5027244544514405,4,86.25007062160091,10.867254940761208,-7.869039992752455,8.757542452430195,36.91997538674386
1,2,0.974757850994319,52.3278509263548,90.06934724442759,1.6735289424817086,0,0,1,0.47088486717560624,-0.07314382042052228,0.8636269471184002,1,57.119035483786305,3,1,5.1137770978768025,5.525088362283196,1,11.845836789006444,3.612439405997348,1,-0.5152991939268231,-0.6261587226625501,3,23.899007319022786,13.026564639204272,-4.902507581504032,39.76832589296229,47.98854423854694
1,0,0.3421656786085579,20.37467172766139,11.615968038608926,2.154181279969743,0,0,1,0.1082425786462487,-0.6133867457815031,0.35297963058595594,1,29.140158135250882,2,0,3.4006660359285927,0.5461118357515232,1,6.2693038294199255,1.1222519342254476,2,-0.9124879301664902,-1.6122525560138952,2,84.72907679154615,24.62227825179629,-4.195727335279898,1.6931698601011425,34.693525707954905
0,1,0.46737103962748716,22.099918554879892,77.99231385751926,6.85790215519222,0,1,2,0.14480498652954132,1.62140788030896,0.33857024130358343,0,74.4451576119978,1,1,4.144853011978311,3.397436371862191,1,27.65040101832264,8.232182063456984,0,0.6553733018044529,-0.3004014674392471,0,15.169914149902192,31.30291738694856,8.638951779883385,14.235509875650305,23.314884699452968
1,0,0.16272178820918656,31.32459372243173,29.514995900081264,2.5622562989868416,0,0,0,0.20474147036965512,-0.8394658512646608,0.40866967520166025,1,24.269733085993987,2,0,2.326403446772577,2.6732939227756605,1,13.045836613486976,1.3348492181585665,0,-0.30714040191676045,-0.6757586867543125,1,79.33560839694093,15.161913120074473,-4.386699677340595,2.5977831128097573,41.858372569869196
1,1,-0.3351085821876845,52.45480050764975,5.173689972619755,1.6966861205390493,1,0,0,0.6907910798597717,2.9442135611958986,0.19708580264922487,1,23.848463716765824,4,1,-3.710842113329768,1.1661775145616833,1,59.43599508999548,1.0967083070274117,0,-0.5536830608195772,0.36943932681368247,4,89.3123480439709,15.765151030400988,-7.698262819597916,20.93098116274094,38.639958283501734
1,0,-0.5965835098502079,23.13971407430548,42.31402768627828,2.3458362406337923,0,0,1,0.23526447674126078,-0.3502462038629303,0.189483708396112,0,27.610861388815348,2,1,-0.07260855127936239,0.5999356496599321,1,14.484483147351398,2.0661280058980758,1,-0.19731753846096953,-0.294193919766207,3,64.0429846269929,14.571235012087648,-2.1701306903545596,19.79499433175054,50.47891758037064
1,0,0.0363475826423367,54.935085197245634,5.686238722516018,1.6261535956280526,1,0,0,0.6461422693705325,1.869987080460539,0.320009192256108,1,30.809899514444442,3,0,-9.024712160919462,1.1236533080938609,0,59.75715822487315,1.1146822578014177,1,0.2872669432902883,0.2933621867368729,4,90.74099489068432,11.598787851027874,-7.04441668536012,14.781815947754865,21.206718638854767
1,2,-0.026736874580111033,50.78700529743781,40.21617836280378,2.3829488160592156,1,1,0,0.5561142343581084,0.31185315621658966,0.3796937239451863,0,21.85882316180594,0,1,-8.062780744674015,5.811378991000097,0,7.313375333201844,2.1551128598521534,1,-0.004050866740207185,-0.35297269406978055,3,57.829741617200156,13.193208137953896,-1.05420943313813,21.09021203287986,44.39908477633756
0,1,-1.7417520480698334,35.942057385964674,74.26941098990147,2.187165435572745,1,1,1,0.3865080349448849,0.7646170316971687,0.7259770090358992,0,58.69747764818625,0,0,-8.224849508903787,5.2099083021956325,1,16.336892838039397,4.838885174068964,0,1.1574101366356921,0.1479176478427522,0,18.842620273340245,21.870496313671552,6.686156619431053,8.941376576566311,64.48428034037997
1,0,-0.2722722527518774,47.63903085728687,7.8326032845702445,1.95809995351393,1,0,0,0.4612910777646163,1.0175761854558818,0.10010110046709886,1,20.754935214936545,0,1,-1.064398179168574,1.9357217441458887,1,49.290351384083536,1.0371578060943976,0,-0.2846700331162468,-0.876846345336797,2,88.17335103227138,11.096532253863359,-5.1520022784056385,5.251790783765033,46.44600572205416
0,0,1.0308141658871819,47.72219959499475,69.14802462152767,3.99972835091852,0,0,1,0.3779091396793198,-0.5503382868519923,0.8830183738637978,0,29.636154025735255,0,1,-3.5801916891813423,2.2052270451920455,0,74.5118777206426,3.0057438270205266,0,-0.27813189987638315,-1.8655094596733297,1,44.08756843460361,17.011444363390986,-1.0140024707275455,23.327447680556126,37.81894131079861
1,0,-0.3992397908717882,47.26499002211908,49.63463490268274,2.2781289185535933,1,0,0,0.5526828843639714,0.6216429857041829,0.34147636577067575,0,22.97968534176597,0,1,3.706891126307891,3.883712389429178,0,66.35830721341785,2.290220763611272,1,-0.16912417357773604,-0.828369303815387,2,58.518319883081226,15.47547169018667,-2.600352082284622,21.725602863908144,33.391582882143
0,0,0.608279323769431,50.26274072273401,72.9713496524059,1.4551159781108074,0,1,1,0.4206149489116853,-0.9461953345058636,0.16356442833108487,0,58.991964879019946,0,1,-7.220854627741563,2.376472514619754,0,78.6966915997107,5.0555031715995105,0,-0.8617230601180937,-0.9048168869532328,0,27.447370630403924,11.466188382195458,6.077418772348377,32.38168260533212,67.76387942638415
0,1,0.39952911125248924,23.640962853401142,79.04809198295123,3.62335363743976,0,1,2,0.13141293776287177,0.5139211182580193,0.6795000249774639,0,51.781671108967174,1,1,-3.349156882075947,2.8527689331244224,1,22.951944906152733,3.871536237622212,1,0.1315125086343155,-1.0818099427095358,0,24.00027108823753,23.47338917531797,1.3714262792347665,14.082917262082484,25.134573175088974
0,0,-0.863883276383028,30.541841402148656,94.87948647717232,5.254566511112021,0,1,2,0.10223070720648025,-1.1623396414261957,0.9993128363305538,0,65.11727743679549,1,0,0.07883762394982163,3.802456386000375,1,20.112501858640258,4.568970152752985,2,0.6994946406304667,-0.08099850869836739,0,25.40512494340988,32.305741844216904,2.3543601990381937,5.256594998628124,57.3564006516676
1,0,-0.08697661765623255,31.27914066991989,33.08879732039349,2.084094055196072,0,1,0,0.2626572963136654,0.28483453337552067,0.3823207963849943,0,19.65412099540865,2,1,-4.315062497221447,1.4061627756015052,1,25.923711406501315,2.242731757501004,0,-0.02602646669756719,-0.5382562917863167,1,61.84136442843856,10.742067570952699,-2.0844793295766912,7.600845565352348,53.281974803671744
0,1,1.3995429691976577,49.21376150002232,95.6409757690413,5.037372563648818,0,1,1,0.3569708163956299,-2.0298146353832034,0.9111675727136592,0,79.35131190577317,0,0,-8.923999430892454,1.4003723630984144,0,52.188777160210726,13.46942359774766,1,0.017819504938291646,-0.4842382241825884,0,2.0578333116333503,18.537127234248462,9.800622609108672,37.15023865210605,58.33762947453522
0,0,-0.1398660532855213,21.983990493484207,92.70592441493419,26.550480459464485,0,1,2,0.10171873400121612,-0.42774393716905207,0.7226679127903308,0,79.95904075404711,0,0,5.700748005155365,4.242264022027501,1,51.59592767159447,20.70458212209405,1,2.276236762625941,-0.5735143605460393,0,0.6110299018499799,39.98485548486244,9.949792887299193,13.727532344852209,23.957798297766544
1,1,-1.8011371533775515,48.71359035837475,77.40344800078289,2.174149069388351,1,0,1,0.7406718314500615,-0.7722359886993274,0.7964550398495487,1,22.264384321537616,0,0,9.719160324797937,7.731721959084472,1,22.223355464346675,2.5725437839448,0,0.4906627068017863,1.3006747068900402,2,45.0973182501917,22.89401489158385,-5.177585766743968,32.37962753799364,65.57898161601277
0,1,-0.06254510040984236,25.65533864719087,89.07384344713087,6.529813128938481,0,1,2,0.21092605803664755,-1.5529174062447568,0.5856940446617278,0,70.81882295782667,0,1,6.253151349045105,7.146464450578931,0,5.649664200245614,5.910089913302879,1,0.876269139113369,0.5212330015783231,0,12.368689258818467,33.66744897263346,5.531518259885168,14.289504929607254,38.48890397667209
1,0,-0.9295564907392774,49.59531354700419,35.68815941572346,0.611435758130646,1,0,0,0.6292269336726249,0.3957960247552492,0.6819174694937395,1,18.735271024179816,3,1,6.802297490978777,5.170400688739471,1,56.10263559522391,2.092807415937844,2,-0.8660849258055036,-1.2896983831230997,4,69.01565884602017,7.623748869722789,-6.961518303794312,20.7455225008883,45.62781001631114
1,0,1.6095179149866057,58.61752186839407,44.55249296478845,1.923638456670741,1,1,0,0.5457036962557512,1.3749580116383373,0.5091924255244062,1,26.163615969146203,0,1,9.424659430747138,4.452292368484228,0,52.45321429870238,2.275662957595577,2,-1.4576049572650698,-0.03824934432728093,3,52.969640171980735,11.648331688287708,-1.583949938282906,30.01552081251183,41.583886324599334
1,1,-0.8196985910402946,43.351395170845095,9.819172301781858,2.3003779290863364,1,1,0,0.6198884181058659,-1.1886131265028042,0.36865732988444827,1,25.13874840449531,1,1,-6.9009759577554135,1.7450402900605793,1,49.59076130091031,1.407476696331081,1,0.32431074402837895,0.17897818639109056,2,84.51388742547034,14.770762083486506,-4.390390674805689,20.883817580885463,32.37086573855085
0,1,0.8234969015473657,32.87158886531934,95.5908990675651,2.911133611275162,0,1,2,0.17272754356433967,-0.7983560945523055,0.515463272071195,0,77.08607714016371,0,0,0.011824723267501724,8.005439478836669,0,3.8968203176883565,8.845793234200078,1,-0.4624126231944507,-0.33213240887859713,0,4.863509422515689,14.483356465057486,8.791637479908026,29.261741881135816,65.90993606748526
1,1,0.7373824645110837,49.048863885735045,74.67518735357169,2.512052897549305,0,0,1,0.34530883568254245,-2.073289402418458,0.6071753790498093,1,33.97193514073815,1,1,-9.416187406687635,6.017672193543729,0,26.51612687785989,2.6310994506327097,1,-0.7469786066645993,-0.15863508955171365,1,48.00875117876938,7.55213931823482,-4.755109048908603,36.86651271690515,29.74702054527357
0,1,-0.08325461003291329,30.789171992222112,50.470500648873504,3.249306350139164,0,0,1,0.25288659033126737,0.3279179307719319,0.3052790547536879,1,26.451067242547044,1,0,9.495017709437356,2.3151571659971455,0,63.94015656309392,1.9991637343165014,1,0.02949326799928135,0.3817538092594788,1,58.17859445070901,19.38111159850312,0.5301736949139233,18.52596010776226,22.601496174943264
0,1,1.3107036203852733,27.496119933040823,81.38657203289507,8.648161290756969,0,1,2,0.16413851470249036,-0.2463517913242595,0.32892363063691,0,78.01572124101916,0,1,4.780894065224594,3.2300884100313563,0,23.626924138324547,12.068513057313439,1,-0.046843055285538726,-0.38193097391759673,0,4.440143950947773,33.340915409129025,9.698158299654299,18.16622094784595,25.65102101956315
1,1,0.21226911088380457,56.643895769710234,43.84747062968029,2.60415910190773,1,1,0,0.6717373334738805,0.8612788575642536,0.6648732479253671,1,22.0347518357951,4,0,-3.6282618987838777,6.936930154171236,0,51.84431654230799,2.350852195995694,2,-1.1909478061012864,-1.654066268289709,3,58.55623531040307,10.913847254012538,-4.2682513642124515,21.43813187046318,40.380052156949546
0,0,0.47685372749239685,34.13142396902119,63.84732607727213,3.635468337204085,0,1,1,0.22350312848558973,0.037734918309990234,0.42121501537790673,0,56.466823662342556,1,0,-7.88974576493519,2.110270986326172,0,68.43542019862593,4.728032391551095,1,-0.2247080111988417,-0.46394878904327796,0,26.386188085706262,22.581506711891876,6.765806609560968,16.12622267884468,39.92822422129905
1,0,1.2890903838596266,57.57596540750433,19.90688598055249,1.6922744482339067,1,1,0,0.6383925437781035,2.3194348011126498,0.7752533525501571,1,36.95744504041038,3,1,-5.470861856108912,1.3392283799918328,0,51.172181355593764,1.6968005492747973,0,-1.1510189203589158,-0.3033401009115564,3,75.10961182750121,10.282634599189599,-4.210031357252747,13.678164525723496,50.1724587673365
1,0,1.998543508123419,55.93762340464318,14.112389601254376,2.092970981221377,1,0,0,0.5353971112978878,-0.11231710136014858,0.35306485935383575,1,25.543711625230134,1,1,2.046470939274819,1.1225730177644002,0,70.55541561948462,1.4024165655826637,1,-1.4141805961091183,-0.7136625286280802,2,89.76538486559227,16.061755195138726,-2.857341777607517,6.288941822669334,27.52712464130633
1,1,-0.3716086523783344,41.1445877241199,53.96890906741704,1.5062102684837375,0,1,1,0.29388116406452025,-0.8126548279929722,0.33569349591827746,1,38.50012050019524,3,0,-1.4433889122716579,5.172074448712175,1,13.01869202463636,2.8355425863219943,0,0.26051320487075885,-0.3947489190502418,1,44.51532617337551,12.12094674403497,-2.0096197533353255,26.54600698741276,44.91560301492189
1,2,0.9661393845222708,59.39839176802063,58.54403523542822,1.5306998092039208,1,1,0,0.6789503236313061,-0.6117844860808659,0.24889825733062143,1,22.159714879500587,1,1,6.290828349975701,4.392390820451516,0,47.19898333414973,3.1746490749761618,1,-1.152379328683857,-0.1039053958782346,0,48.52475398574707,6.3949381434144765,-2.4304212683433537,38.0191992360957,32.184750458442124
0,0,1.0701363813064708,39.73478421771806,81.01982244195656,6.545003410932271,0,1,2,0.2676894702549622,0.43884182891889595,0.6602952864523637,0,65.05412148499812,3,1,5.952308857336339,3.0011205336831086,0,48.407857043284814,4.969261558633371,0,0.17110503245114037,-0.27517775293165236,0,24.77949210312811,17.854898124732998,6.943027430605518,27.06251716682502,25.119983976926047
0,1,-1.0185340182793314,20.812573787940167,96.92938444368127,11.046000389980291,0,1,2,0.10625887763295055,-0.5223234676866703,0.9022777598660385,0,75.1701787337613,0,0,7.699644948345824,3.3705052400967737,1,17.985338688107184,8.758958479871087,0,1.4009145084020445,-0.6071418396933215,0,5.474694415987058,39.64889303174651,7.002620423871889,16.173041945576383,43.90823513209089
1,0,0.06646011534364096,68.24934292509388,75.75584456227567,8.947011513772157,1,1,0,0.9794448202990305,-0.08049759730799934,0.9669229219501181,0,42.444822141628784,4,1,-4.6337446866373835,2.6719558100789076,1,42.840600363862045,3.651541292477636,1,0.6053523001061565,-0.4438239898918198,4,37.31219729726028,37.28118002006407,-5.66301567140256,39.97722195314435,64.97875071798877
0,1,0.8710339296360662,24.610975780154043,76.82783888181491,21.016648586802003,0,1,2,0.1628722592739527,0.39719961487603694,0.33298946063962404,0,72.39434946776166,2,1,-2.8852444226598317,2.018666932954862,0,9.95593885851374,6.753378032629278,0,0.49212116752755247,0.02865807417194071,0,9.877657888582652,39.692919622538206,8.252466991149582,26.46189159379962,23.242003570457594
0,2,-0.7152573382107202,33.913172336532995,97.72736476122815,25.273729122047158,0,1,2,0.21445402539097042,-0.6386983118698123,0.754257581142785,0,79.78489631745171,0,1,-1.348932143047218,12.683514854387239,1,70.1212590370701,14.817743680239905,0,3.0005340907843143,-0.2756020530104785,0,0.721341097041106,39.98272100144101,9.833909884320775,30.188487491766544,28.68302476151371
0,0,2.3445117004644995,25.161240216297394,42.88370459353081,1.2484089826336908,0,0,1,0.21214255034865886,0.8118331274768524,0.2948403918725222,0,30.314687251697457,0,1,9.928780789096557,0.8032610512442817,0,0.8212526056441583,1.978251656903072,0,-1.9213339107858942,1.5100169648199557,0,69.3453445885763,16.04079051437743,0.26235016444640813,2.3626197801395166,43.56894724673087
0,0,0.41085373093702504,22.312701243147046,75.11222892678519,7.407117052385796,0,1,2,0.14435175009622808,-1.8252858596871344,0.2996722264639611,0,75.73028552242222,0,1,-6.152798490106094,1.6421678161322266,0,19.774668677059278,7.848600992563731,1,2.135098949658987,-0.7056919346729947,0,10.44858945498357,36.58623151976185,9.011934699147368,13.560060598197337,40.8633320082705
1,1,-0.3084190778468187,57.696429637832416,24.34809023646182,1.869706755612224,1,1,0,0.6859994201714538,1.111574870816789,0.8394821465720148,1,19.81512155054559,4,0,1.7723470911439065,2.145689636000763,1,42.39190319080981,1.7167457089364104,0,-0.02513585922005783,-0.44257819496731265,2,70.96560902768564,23.488044731646195,-6.110074898361929,19.59565580933334,51.28510321459374
0,1,-0.14727317425901978,40.04802352371781,37.45317114427026,2.214618853389086,0,1,0,0.29557398367182985,-0.11923116665531551,0.1025966458293951,0,26.07018366834985,0,0,2.7117796364972016,2.615090960670167,1,17.109289562265445,2.1462706681439134,0,-0.9674785609887001,0.0008624097736689152,1,64.84473614636134,16.366693789280802,-0.2204089005358707,18.042238334512074,44.561529428985615
1,0,-0.007395096572075346,28.70827766077648,17.145524557774785,1.515574827438039,0,0,0,0.21306681550821327,1.3345266815384584,0.3787683537940971,1,20.456869297260752,1,1,1.345409711470305,0.7788162806044897,0,8.444185868735978,1.3929823312697804,1,0.47508380766364516,1.0793633806764533,3,80.13061133728547,13.941032952418794,-4.710475205732143,6.216642699567907,30.517033885070163
1,2,5.016126427895298,69.54092802858625,21.415267966901148,2.060778029053268,1,0,0,0.8461528043761808,0.23287966662455375,0.6279452198026637,1,22.201003556575003,1,1,7.479809290680738,2.8832674371547093,0,59.15896965276521,1.116400454230228,2,-2.8112456562988375,0.8188781609643719,2,84.65634253707479,8.9276732158743,-6.342640216560392,32.52225559644461,39.23311612746655
1,0,-0.3513035909048958,35.443018092306076,67.49692339651051,2.3347575574878214,0,0,1,0.19799132625067273,0.3185617164762549,0.7730999426132905,1,26.508341392262068,1,0,-7.282422168083041,1.2081070377043701,1,65.29524106055133,2.7922127129578063,0,-1.0835456243907249,-1.5633325510318912,2,47.8070440936512,20.637375896610312,-3.571735982882527,30.152774026739472,42.156485761861774
0,2,0.4823340492218411,54.37972538294177,37.6762223508246,1.4805452706535789,1,0,0,0.5934143070200398,-0.38878663342491304,0.3649681519254702,1,24.64200736764857,0,1,6.648713341077201,3.5748467702740383,0,32.34733642180408,1.7838331724641288,1,-0.8272004726449966,1.7944806630943202,1,73.26807379063347,15.667594462043484,-2.2788660926909188,14.377277312025598,60.66014189122484
1,0,0.5395574392989918,54.64268202805363,40.447096167021435,2.0850092514623353,1,0,0,0.6161000293536848,0.9369349023331781,0.5953193621502985,0,24.17701129942648,2,1,-9.384037959371794,6.173779683267702,0,59.65464467252072,1.7856553588221753,1,-0.4651610388320574,-2.156316635054248,2,65.28832913638655,9.5285145343971,-3.522778169020583,10.271338101073809,42.10932178439636
0,2,2.416509738693739,34.2872518057834,88.58784966362062,9.262945540319409,1,1,2,0.3706981893580892,-0.6875531158117036,0.2140117636468592,0,78.22507410033502,0,1,-8.717148385072091,6.835738157718193,0,41.499793243541944,9.851091990853996,0,-1.0130858028492777,-0.600820804265709,0,5.5961657804433464,27.241470582118623,8.36643248172452,36.674036421958085,20.228388105827097
0,0,1.0324500838671715,30.531739797465903,50.26745723888193,2.0787194201685537,0,1,1,0.23521755416463497,-0.793005424012011,0.4167902981858956,0,32.61368984009699,0,1,0.3727679241114288,1.407024442131321,0,27.678490942278646,3.721758989127357,0,-0.8307163962719513,-1.3628059452737131,0,49.407209650334146,10.358042988962094,6.696744622297327,5.97656712575721,51.56825242577205
1,2,0.12230189608332605,63.315185260080725,35.12417354144193,1.6670076029511371,1,1,0,0.8733555181062633,0.7248725259013764,0.8909412508793804,1,20.579680237007693,3,0,3.0514782567576297,4.878211311157169,1,36.24348964397008,1.9568023411114186,1,-0.39056436561188546,0.1661215025518731,4,65.33987182684999,7.66142446728399,-7.6698069099872415,30.499710095667414,36.32540734307074
0,0,0.5690144772842016,19.527908485442616,93.24859936822001,22.226003768091516,0,1,2,0.08819036034872674,1.1270598620110819,0.5634664439106263,0,79.8027983604945,1,0,-2.5643915406078115,1.5480809048055342,1,22.553031279784626,16.201683261438287,0,0.598057265652663,1.6423221967358088,0,0.6125198544455368,39.77671138736349,9.958385340852487,19.45844348856189,34.98671927297322
0,0,1.6773090482840218,21.808013202749493,43.24035130758949,1.1035262873309242,0,1,1,0.1477441328743076,-1.8160935780020009,0.5107937215165329,0,20.116409109823252,0,1,0.3140116643565598,0.4299762588435444,1,18.636158520273348,2.424776417965389,1,-1.6290649153725127,-0.37380930327015793,0,33.68485722077168,9.404592429783438,-0.9132435771783918,5.740867690393916,37.96637676379079
0,2,1.413735665942932,55.985751109727026,65.59397351560307,3.4428962108953045,1,1,0,0.6638195652522845,0.22471387180351687,0.30638740837703654,0,42.03402770787811,2,0,5.374617620475098,12.559324620790388,1,34.39367465218879,2.878485941147823,0,-0.6452448921855564,-0.352514806874305,0,40.8908318799729,23.186056137544412,0.9027231279115,18.18075932807833,54.8122213384793
1,2,-0.34557260664610434,66.93664295610414,3.0050248679455773,1.471498529019566,1,0,0,0.9631919518481644,1.1373271634330027,0.7345113559296182,1,18.25252670250389,3,1,-5.476844533917199,2.298781209691486,0,51.064830985978595,0.9887843295358809,0,0.14388468656125653,0.39894734747611554,3,93.77200063966534,6.409533357429062,-4.780579845092571,8.374773149830679,63.058304603444405
1,0,0.177187887069767,40.41346139717876,17.859934960893792,4.234062951903067,0,1,0,0.3745819203151125,0.19594902379124432,0.28027799257213165,0,23.353463529991405,0,0,-0.10286264062128758,1.2378085081838035,0,20.75071409062793,1.6096772067280471,0,0.6543861680447302,-0.5969431384817484,1,77.5267661309176,29.450781191836917,-2.071693493402229,12.231586979021758,21.143523556232772
0,2,-0.49204075696180405,61.13476423168295,99.57038516565265,5.87453968813083,1,1,2,0.8810946527999287,0.34540059347542346,0.7075781145517694,0,78.70929319385891,0,0,-8.439817398328897,9.744918047215483,0,41.798096119382386,11.084256836959524,0,0.7523274298991673,-0.10037029839331132,1,2.214958910976911,35.131115796338676,3.5002803099720516,39.99999646772089,56.073547807119155
1,0,0.5031140799213036,20.467261592571038,21.200729466946328,1.162775742904212,0,0,1,0.10989524444190141,-0.2246393559206146,0.005411425573869033,1,21.681838654567667,3,1,-5.162780423413648,1.7402264890314334,1,57.87360836682338,1.3201061081533578,0,-1.2984010690869354,0.9556400751228389,1,84.20620153279204,12.3586632050098,-6.634364668522995,15.082477618954297,39.413749372841714
1,1,0.23602061110240916,56.598828392592594,65.05603703838888,1.649915514772234,1,0,0,0.682382678929182,0.1597672203008584,0.8026904635886829,1,30.541847829024128,0,1,9.8648627001614,8.535612475476434,0,41.266112770124636,2.0047580454253486,0,0.07226513023337751,2.5459160900875144,0,62.657311717609396,20.146941126476555,-5.957435784026874,24.6325051691643,48.98849470991364
0,1,-0.2756442821887848,23.808042769889845,90.50219839350824,9.16997457858279,0,1,2,0.20432330611825067,-1.1430352280750737,0.3053357048558757,0,79.98444427835345,0,0,5.485103777357821,3.833274840178824,1,27.399149009292884,20.70379434784402,1,1.1529797307839156,-0.39463975613876046,0,0.35349028454691456,38.42031163522435,9.989646255726878,23.294267706113445,41.870984230060245
1,2,-0.0716340824469768,51.86443509201619,45.00238475329374,1.7538826005742525,1,0,0,0.5559663175520722,0.18986477576095134,0.6979694012177482,1,26.4644921233809,3,1,-7.056727270618578,4.384932912997584,1,62.56533558734331,1.795894472115763,2,-1.0127322574698088,0.15900608814146866,2,76.26863173612587,20.027639143259,-1.1071072682421264,17.6817036322915,46.393618690531184
0,2,-2.0939717267136917,35.21185542458846,87.03445368948164,1.7877478846361137,1,0,2,0.38686548609515314,0.0422194173374613,0.2285978962185114,0,57.71621666898721,0,1,3.685660473047239,6.286036964816574,1,40.826794088069,3.5633871673907693,0,1.1502041229466646,-1.1215714619158668,0,28.57317309778869,22.967329411592125,2.054704110693308,28.095927104132734,62.4941364328867
0,2,0.17813509978899555,51.97845791767326,63.74168127186428,3.1552468237845637,1,1,1,0.5879289326091859,0.42908972396792583,0.14617509083734975,0,57.9590080461906,1,0,5.547021073851424,5.98030376739476,0,15.798577443851137,3.645773506223394,0,-0.05608492650879285,-2.2281259218489566,0,35.73111733594002,20.208111251527754,3.262365687937505,29.41184145558045,57.19055225707132
1,1,-0.4076990462860864,34.0419215732243,0.4931681493444362,1.5856676509141527,0,1,0,0.27861483504370377,0.9878186902504811,5.551115123125783e-16,0,25.52775034138406,2,1,6.946189481522339,4.800822393331365,1,12.034741153206694,1.2533762300562517,0,0.1603950338333522,0.2796764687795512,2,89.32109700948601,8.288497623591109,3.096155289825669,27.962804647588165,32.554949493816714
1,0,-0.29609592112342104,30.91373167828806,58.22375456533899,4.104907556735775,0,1,1,0.22854993384981442,0.11731583839167528,0.8514904217660546,0,27.350440467958407,0,0,-1.5876803967722317,1.9546125059632193,1,46.481403349777544,2.9983270894896807,2,0.40324384651866874,-0.11891461912945725,1,42.215149596269136,30.59278070227464,1.0157358287700458,12.839308288265421,22.22697442926137
1,1,0.8668193336789917,38.86143349981582,44.9424189590556,1.9763297710208116,0,0,1,0.22325548324299632,0.6735274958821834,0.5472840372711238,1,18.391338263114996,3,1,3.080292233482533,4.840338871390853,0,0.7672489951292194,2.032402749220129,0,-1.160179911484088,-0.3263349559545185,2,64.28253737616005,6.285651410651125,-4.90903918787081,11.709241338101604,37.55027883486642
0,2,1.9866337792620659,53.213404160860854,55.711266405275104,4.135759701980969,0,1,1,0.3412208098923051,-0.5633960706373199,0.2817104997844555,0,36.92222862989762,1,1,7.39560501272825,5.343570294536684,0,53.4318467191384,3.4129792405660146,0,-1.3796347784746401,0.08142493180028934,0,43.94136333049444,7.114245910081616,5.371701089416735,13.0519279155302,21.067544471671702
1,0,-0.029819050183558928,21.792768676167587,37.49678948279668,1.807542668359809,0,0,1,0.14058734845503806,-0.036898641183811136,0.5039267422302643,1,18.927134513704388,2,0,8.40589887747468,0.6131803416490061,1,44.23955707581634,1.7051819480062715,0,0.365804143394567,0.34617182627325965,1,72.57144154921872,13.144044163995439,-4.258761912653981,5.577642085116892,64.93709932756987
0,0,-0.6817370065812602,20.632432881779195,65.94071968112317,1.8733472308120214,0,0,2,0.11634936450201777,-0.36850703981864597,0.37287131436901777,1,23.72130140598327,2,1,-1.7972173116796402,3.688550786817029,1,43.11766566284489,3.07323033521143,0,0.6184437471374156,-1.8915058691887001,0,47.82147991214961,11.36947643252129,-1.0336046301635697,4.036388127559918,35.53237669492032
1,0,-0.6118743868835733,26.959792815169664,15.792169200279133,2.2080714197594076,0,0,0,0.22743630389484787,0.776153799523693,0.09671852585634827,1,27.07963272001146,2,0,-7.159817915273068,0.7477324212087122,0,34.37772955873775,1.5160167498901593,0,-0.7613148173196362,1.0435430067979423,1,82.99030452812485,14.986534134938037,-4.826778357142133,6.2818904845273105,24.846607706052836
0,0,-0.8803823364152527,32.68245254948617,56.60870240815172,1.9720674774004427,0,0,1,0.2509611310410256,0.5122853118410925,0.6334467816642937,1,22.999292163307263,1,0,5.880725212176676,2.089659921414696,1,47.550404729027136,2.4279512219736414,0,0.5503156370243427,1.3095229401834132,1,56.24873943030414,14.366630229444286,-0.7855849556929471,8.172118502363098,47.09380189874902
0,2,0.4643574754583859,52.69236646150168,90.98698870290161,1.9315491435060104,1,0,1,0.6781091326952405,-1.004476942693785,0.5604739164961161,0,43.2910459825296,1,1,-2.630407181515075,11.99816946843255,1,47.78969932530339,3.834519267667678,2,-1.0445810958418407,-0.5399390249629874,1,29.493128735776363,16.46183292419382,-3.100049128759186,39.29413099795744,40.4816295379438
0,0,-0.9868191167052589,51.78246096670169,60.9745168430721,1.9233183356185546,1,0,0,0.7655485829315394,-0.22346726909786643,0.8092898466878601,1,24.00937837362828,1,0,-6.433633390671193,0.7179974853220508,1,78.32067420480654,2.039395622665727,0,0.7546427217972731,-0.4503710934979303,2,54.61894327038135,22.955252727000026,-3.3394345574941067,32.17648161751364,62.56600072743534
0,2,-2.2750561716350615,36.64865653461419,24.586153186099175,2.215629324617141,1,0,0,0.3911137292382724,0.08754740546820373,0.00043104035562185894,1,29.65462998129165,3,0,-1.6548745965166738,3.5626006791818137,1,9.488185240754357,1.7100409178433709,0,1.3097003383861947,-0.6521324262910015,1,76.4040375926708,28.477131520635748,-1.9364519601242556,22.72552504750945,55.5629832368397
0,0,-0.760702582475561,26.2827183200875,44.17314253771518,1.7384464783242581,0,0,1,0.23845221663912325,-0.8723689090325603,0.789243663067009,1,22.31597627299802,0,1,8.199568747520903,0.5487864401229292,1,41.999731473472,2.2127461890528686,0,-0.6587126491160616,0.5933669941097006,2,85.18516867080452,10.825132547329432,-1.724708877662387,2.180172288103348,69.25239225124399
1,0,-0.40258241550857965,32.03244381875824,77.70344176423126,1.7514707615182656,0,1,1,0.17520834702967547,0.6014005656053428,0.530846629261659,1,36.35070382338285,2,0,-5.47099428561622,3.056754193261269,1,5.886713672605248,3.3067565591464523,1,0.13936741029791253,-0.4037392991506556,1,38.20047803030553,9.996518711281086,-3.903093963169235,36.066869644525845,50.45778645684594
1,2,0.4343630696417666,63.79659418477917,47.41635963989636,2.092265830880698,1,0,0,0.8603807579070206,-0.5658175576667399,0.40473057586220806,1,27.778910405698692,0,0,9.90486825745225,4.963242740169856,1,12.645930161793103,1.71500478180186,0,-0.9527884133621988,2.7580808863536115,1,70.259374506085,11.247258365569586,-6.490494081566711,28.569833862875782,63.56358692174551
0,1,0.6260490787149705,41.0933178071209,93.50974399734156,2.195519044391514,0,1,2,0.3142645516856599,-0.31951044304600346,0.8189029681769765,0,76.76397078376556,0,1,5.0571191039330525,3.405355501455893,0,33.70518346508349,8.552951249815402,0,-0.7198524282503456,0.05186013018054125,0,5.214390072675945,9.943356011701145,9.26304976528148,21.149469023700487,67.48441099143201
1,0,-1.3183078183414025,54.776238278565074,37.81458163575432,2.053642552152335,1,0,0,0.8646217973550381,1.962059016777782,0.35517156277625683,1,20.43028485371833,1,1,-3.6835109955738936,2.2911276932464313,0,53.20838546577441,1.9981542114890782,1,0.1494121970938195,0.06175275513649162,1,65.96773133910115,14.063659810657654,-5.345271847131646,31.204672208462814,50.748929118397236
1,0,-0.7275189005099592,31.696659223615942,12.95718369809567,2.0588685380508185,0,0,0,0.18034514802400364,0.6083319783200306,0.6151443216387958,0,27.28436496254599,1,1,-8.520431573428716,1.008684673450451,1,42.77861670078536,1.5195361589823753,1,1.0965198407767331,0.1800954527519643,2,83.58308145517678,14.340074840175694,-4.173897729255575,3.0770999724373294,37.148644287888246
1,0,0.125182049464078,19.782037635533836,68.39574220288243,2.654058261633868,0,0,2,0.11708813198407286,-0.9673694797621598,0.7173885433615517,0,31.647075200071857,1,1,-1.1632701567149972,0.8568491427321928,1,0.8211456223944991,2.5351528624605537,0,-0.09110914815847475,0.08148487906290001,1,45.84877207741482,15.44452791421537,-2.6851407059847467,13.349122975061075,32.005624345989496
1,0,0.27958371456956,56.68569380628121,27.157295161261054,2.2832810820135445,1,0,0,0.6885248966135321,1.840723718218485,0.647448122597016,1,17.386185664561317,3,1,-0.7335966122936703,2.13492146060446,0,66.51586205897877,1.6868093673555116,0,-0.8320916270928451,0.6623729345697754,2,66.34069581771176,15.581474413083763,-4.339869251287409,17.694159925713056,26.08636014743297
1,1,-0.6531186668522021,69.05456128264,0.5989166279457225,1.8704274564651,1,1,0,0.994035860014413,0.4584861668357677,0.461576386753932,1,18.376132622385093,4,1,9.025630141213583,2.2899458730733624,0,64.19638249202194,0.7348890472994415,2,0.1077204271492477,-1.8002626400017157,4,97.6762272064079,17.38188961936843,-6.714564116053432,10.382436283690076,58.927976305415356
0,1,0.5652831879085078,29.483673731245013,38.81508913755394,3.4972321792221055,0,0,1,0.2816125073875173,-0.9920230676233314,0.0402538984523616,0,31.68924007938086,2,1,5.786678662644826,5.294550233513078,1,36.240009487249985,1.7876808153392927,0,-0.5267279918212536,-0.06192181373274002,1,62.84786460826478,19.58920202681249,-1.295173137562621,10.511845116551243,44.11740359055147
0,2,-0.7909783760504862,26.39193177584842,99.89574011346373,15.223854746185406,0,1,2,0.11446590419282632,-0.004793747610038434,0.998065738103342,0,79.99963502999688,0,1,2.421270422084369,12.86669300434802,1,12.686712041808125,37.43744537735552,1,3.7207881945274788,-0.15123339978212344,0,0.031211547833148723,39.97169593411453,9.96009549931619,29.393985785632978,65.29835115291374
1,0,-0.18225668695477526,37.85987417299752,23.645223451887365,1.578355079951352,0,0,0,0.3517358726851242,1.0981259131005336,0.7192043597103088,1,24.778139149254514,3,1,-4.097162032422351,0.5771969466095169,0,6.084764542297965,1.426361916228236,2,-0.6456913619837908,-1.3352643743098997,3,80.79785455998714,9.818251732156536,-7.66456495022074,24.690393817423526,23.003362961594675
1,2,0.6460381751141037,69.28037296656339,11.768139965304997,1.6453159167844917,1,0,0,0.9898210461096683,0.8247792953362456,0.1662922669402594,1,21.035018922799004,2,1,1.0565885525920002,3.4646278196995985,0,65.25404102349376,1.1204752165490066,0,-0.7998165923958629,1.233090322238502,2,87.77190378934733,8.978230514298666,-5.84720582475075,27.87265359504942,35.14329244905004
1,2,0.23591088330397328,66.30534032427317,17.05324174375636,1.8418281490901456,1,0,0,0.944502983335334,0.059531881899330175,0.46827278195389666,1,27.339589709038563,0,1,1.5806575309115267,4.722215358155889,0,46.011838053491914,1.3544081159390742,1,-0.1176099260232389,-1.153812502737395,1,79.19649534002387,2.3719619220804677,-2.5059889203347527,12.154726918460732,60.28245894878866
1,2,-0.09191290285105194,58.9842997497265,83.11083177943499,1.2583486348617623,1,0,1,0.7759231296668128,-0.8726617865512706,0.9083280154795657,1,35.32028300217839,3,1,-2.9419757472817825,10.054488434177667,1,4.802008455218343,2.776089197773404,2,-0.8489983657763899,-1.10505486034982,2,39.304876421332615,14.796360712889262,-6.754241392780096,21.371558722120497,50.8860787078716
1,2,0.5472322986835663,66.02691234969691,18.429805807586654,1.667232292357213,1,0,0,0.902206787260625,-0.8072288484579642,0.49025249222866213,1,25.682606156603633,0,1,-5.039710015659079,3.3609641695109915,0,30.484822208911595,1.4629931419480366,0,-1.1369185407531117,0.3996855690724296,2,82.22114874235116,8.313801692489552,-5.162572398676049,9.269593825885142,33.8977908307461
1,0,0.7288851494925191,53.89234507457113,13.804281691219234,2.4028650139905916,1,0,0,0.6209814271851997,0.40123700237860244,0.579810507657456,1,21.232028751263215,3,1,4.009099988996303,2.407833526628081,0,32.52915636624748,1.3401159954591948,2,-0.1693469203537894,0.44910142895505456,4,87.93111762596533,9.471343936355776,-8.035045057556891,15.915379571826406,41.116777322156196
1,0,0.6659603398423437,58.376257615375344,21.139565152886203,1.612679177770763,1,0,0,0.7017234974528107,0.4311032457151301,0.25370451409741157,1,37.57591751116604,2,1,7.159841090519091,1.581008078618138,1,52.41344295597196,1.463377329229577,0,-0.5693009117894916,0.4658729688260281,3,84.70499644842128,10.633922596346011,-4.625028046330613,18.356133085932186,67.66140260818028
0,0,0.7030306710465605,25.268560831936142,51.00775131169798,3.199011361516861,0,1,1,0.17689460981251903,0.40133645096091053,0.2619898047919308,0,33.510682538706256,0,0,-1.3347730012704986,1.1835529427456541,0,22.27939774730153,3.648725707728555,1,-0.488095914548122,-0.919373859406253,0,38.199611357489346,22.576520736594702,6.0791808524205635,17.453718677021623,25.258680760872842
0,0,-1.0233270618345187,36.19432237693755,67.56089230608308,4.447947449302052,1,1,1,0.32585463241803514,-0.08046942030120287,0.2047008906134481,0,51.88135148623962,1,0,3.430193744205006,1.5908362087103254,0,68.84330539881914,5.487593577062524,0,1.1134382379029224,0.7941127597499189,0,26.127593441626473,35.2702707141769,7.823422975283965,20.524842192005515,35.16928909709091
0,0,-0.8096385185370124,38.63182481955809,25.925741182611482,1.5832597999558684,0,0,0,0.30864596395737254,-0.00488728096063593,0.009143871298444683,1,22.589883781753283,2,1,3.6176880174318615,2.535680565713994,0,20.10550601863839,1.5887899515425168,1,0.12558590443419054,-0.4671294086516301,1,74.0779374721812,14.365049411053278,-2.7061956769181723,10.646074697176022,57.98601757402432
1,0,2.5708693563360328,68.72899283375854,9.158667918546865,1.7600663093874878,1,1,0,0.9505075699145968,1.567031182913342,0.30956405355300703,0,22.967141482202436,0,1,0.9595527080867008,6.011395684477124,0,70.70462676399472,1.4947889719187193,0,-2.465387638732532,-0.7262027193556194,1,79.05484446905169,20.740089142721384,-1.6389125031262157,7.9232641857311314,59.77076011056683
1,1,0.5951689861855273,57.10318487362873,34.67014985464202,1.8785804960173176,1,1,0,0.7375918465250955,0.27258231558255336,0.6126189203559839,0,20.08288576616308,1,1,-6.093390529529926,3.7009464356944877,1,25.433690668467626,2.4326264649196427,2,-1.202109015747763,-2.6072288497257468,2,64.02912549769805,10.537401200579415,-2.113853323202779,15.748983002809918,58.35039565529529
1,1,-0.032232667821713856,55.25284130270689,14.998860891881272,1.5871508100794591,1,0,0,0.6483130231743992,0.04044111266138208,0.4044812983178063,1,27.455495230454034,4,1,9.42651380212849,2.7611150493951877,0,11.52536167113745,1.3395159521907247,2,-0.5155984925310599,0.6612979213788335,3,84.09607255006861,8.934069368641609,-8.308994260416323,24.338639300531636,26.77947609936016
0,0,0.3084535326598325,52.106866855114774,80.41231203312475,7.45904713239288,1,1,1,0.6478057323443318,-0.5340014006497439,0.5096618134030162,0,71.17092588857497,0,0,-7.6980646503116805,4.099864687976499,0,78.45377573330823,7.734714891185709,1,0.6094436206675371,-0.4055769664693779,0,11.963758938126261,36.75303548012958,8.17051286132057,34.97852108007628,44.516836003119664
1,2,-0.38957993095900123,67.90786778333529,1.500593348250917,3.0520674718407146,1,0,0,0.9646910595391313,1.359457282169771,0.2948473521788922,1,28.964651392848182,4,0,-6.087697606330091,4.346766773411178,0,39.26066764251242,0.8390459498225264,1,-0.8142091740925465,-0.1535947009922753,3,95.10373632193546,21.700861718308296,-8.051416932446934,6.510686375694032,39.49597652054103
1,1,-0.6963791155259811,62.2112815411243,18.339304166373193,1.7609115149949226,1,1,0,0.8887055507187294,0.0765858315267528,0.393486849722018,1,24.14655144488534,3,1,0.29921103632941204,3.764167585477563,0,23.73203938509702,1.4736911342419707,1,0.6375076039233241,0.006115759960350374,2,76.76471792151847,17.67119173234083,-3.0719325427027417,12.665228391431445,54.14758324155482
0,1,-0.13785969390173192,45.33868487919681,94.07012323466726,6.536539445716399,1,1,2,0.49253261791701153,-0.3187171092135745,0.9627595929496497,0,75.92090606416107,0,1,4.128271061695553,8.059513141516753,0,44.042588514023535,8.787457264839803,1,0.7711557137170114,-1.0371665538941126,0,3.1873717063076237,35.97858513282678,7.751500824376887,24.081175080096497,42.67334243292861
0,0,-0.4308521415442881,67.32553103139921,97.80977715405271,6.759670140872318,1,0,1,0.9730208651869134,-1.906018273530602,0.6813600518616878,1,59.8735994821068,3,0,-0.6491408276420767,2.9079751996976086,0,55.93757918330329,5.43597911759089,0,0.8563998450711531,0.2255873413244454,0,14.634758178370994,34.262696582719904,-2.8401513086034864,39.99999880915601,26.73944028062609
1,1,-0.0671268817761343,61.56704188785508,4.138156338618993,1.9756354974406274,1,0,0,0.8569642356018617,2.7104711982376113,0.7631707163160679,1,21.254164610041233,4,1,1.5164574295574145,4.464534580527649,1,29.094189971078798,1.1905951488863886,2,-0.06637882463809654,-0.32132072136012957,4,90.96511968104714,9.778494884137546,-8.373637365197549,7.9285087540075345,33.717972440129685
1,1,-2.252941683542498,46.98641115654004,41.97536583137048,2.745818255124405,1,0,0,0.7451790510280855,-0.796582966110233,0.356457530023966,1,28.957274370963802,2,0,2.4742303251842497,2.4793548684661393,1,35.018164231667384,1.4916974003817174,1,0.4534985953724145,-0.9679827225837732,1,72.49155135017703,28.487550961535973,-4.410953645008345,20.526412042124317,53.03218349835339
0,0,-0.9513083649686106,31.219979341758282,73.76387405173352,4.786224535735985,0,1,2,0.1734523808588947,-0.26950629934292053,0.03321525591968277,0,71.82616753114434,0,0,-4.81998268725778,1.2457395342832984,0,61.02728189555806,5.899574952620429,1,0.6273954221212079,0.9301517435900123,0,13.317835830389496,34.68073937874807,8.223573616152741,32.32761045744306,38.89236890867548
0,0,-1.0419679350607123,18.258781488923987,86.8420731774316,10.808609705106692,0,1,2,0.07138196042512795,-1.7752038160038361,0.233010599526159,0,72.5455551340304,0,0,-4.6430067694533665,4.708725550262253,1,0.014417280001213229,7.366563008884869,0,1.4634553050694334,-0.1795261804970329,1,9.808686393622478,39.2751983669192,7.5454872281642835,6.549273303442273,24.023682234514837
0,2,-0.3904702296960963,27.843440825919203,84.86045671276267,6.902144656097467,0,1,2,0.16603009216176595,-0.8224315755473967,0.6980739692183082,0,58.07384868694595,0,0,-2.054842064748721,5.200081796355834,1,57.389332333222676,4.444996072513768,1,0.8763825505395242,-0.029447809510385736,1,18.790307191011184,33.76933245315192,2.7187288053645595,20.753643571622323,23.965120538918217
0,1,0.7038841919233908,32.77653744972413,66.90437921587574,1.2670514688284331,0,1,1,0.2143043610797899,1.5756448380112462,0.5878798898575159,0,28.137555550618277,1,1,7.552685682015245,3.133016005375077,0,6.968543699593672,3.1926604920464583,0,-1.434091104479025,-0.8125949572904715,1,47.18644924962384,10.177708101569946,-0.042506382406390486,10.101845455438117,33.58963800509847
0,0,0.7698411762646764,19.62771639461972,99.99999999983069,54.598150033144236,0,1,2,0.09478386109553427,-2.0708947386265444,1.0,0,80.0,0,1,-7.981199754839521,1.674008768149144,1,6.719918950403447,54.598150033144236,1,6.03793773394596,-0.4880817931661525,0,3.535505221918811e-11,40.0,9.999789517340858,30.86405085482646,33.650094380592705
1,2,0.10366423096744105,42.84212719807766,44.98979624993484,1.7382928618771716,0,0,1,0.35340506957204765,0.5660353129485101,0.4767256957632467,1,26.60998642579651,1,1,7.698075627579751,5.408537448411394,0,36.015839858738296,1.7361209177752228,1,-0.49087131794540806,0.3961652216718205,1,70.38905657244214,12.0927247152617,-5.929280345513153,12.495745739191966,27.15821621259082
0,0,0.37323666255759125,22.52483607463816,83.35595199908158,18.044239561398875,0,1,2,0.15558605466161124,0.18208932466807895,0.18899295764898155,0,79.96214475381977,0,1,-4.151060453073335,0.9118220985972388,0,45.6236922329674,19.677027609084963,0,1.2163843920372968,1.0041366563404157,0,0.8065120339670218,39.683819744616784,9.983548437338893,32.27299466983498,38.862397953173186
1,0,0.21271832557216067,24.178522397192005,22.601505228400093,2.8345826758304735,0,1,1,0.1623795022357351,-0.7723617991630592,0.5620734809576825,0,19.431490145251974,0,0,-7.467743936433086,1.0798941597431786,1,17.633979615806897,2.136045866382757,2,-0.44946075825076803,-0.5203455033966327,1,56.63794528081464,17.668423748878812,1.0446516195316953,12.363710549650776,37.10846671167772
0,2,0.5171523542088383,39.218873206778724,66.21449276715167,1.8652875169585033,0,0,1,0.2605582500272222,-0.595969027054442,0.5765843377191525,1,34.397752558826355,2,1,5.66506756443256,5.279843940520344,0,9.412543964365131,2.4133069902774977,0,-0.18182018842303346,0.4500908035469816,1,51.56391197493776,12.045294590070892,-2.977443112498009,13.916531112845849,23.480252505212242
0,1,-1.051290539009402,46.60798482453703,58.56803771108816,4.7921819060018835,1,1,0,0.6141806602806796,-0.3519341467395948,0.45003256031674066,0,49.07041968253243,1,1,-4.91975863261554,2.825983820348654,1,51.9543136655724,5.401579197384473,0,0.41307071180272265,-0.18195078014511545,0,28.137262632980793,32.702623518737454,6.789771761558093,21.173814588900868,65.6689490626562
1,1,-0.541860581318496,66.77112745991502,6.896402728336598,2.0182539487223066,1,0,0,0.9559912266214697,1.6898331535051099,0.31939224600861393,1,32.11953923987751,1,1,-8.503309274415475,4.152469314242475,0,77.89332138468424,1.0505894176146944,2,-0.10670369711848748,2.267089593719316,3,90.65744153078177,11.459625409074988,-6.493813471709158,7.79998104956568,35.01383023746564
0,0,-1.108933543898317,50.932724905593425,58.98856545378963,1.8717405391519975,1,1,0,0.6030170351381318,-0.48092762645299764,0.5968809767183014,0,69.91537648109342,0,0,9.22461224098555,2.9409741222334738,1,0.1172694121153306,4.492251353607938,0,0.31436475748499154,-0.8380746490117469,0,27.488771538444922,12.19933667467294,5.730511984888544,17.847648928733577,67.25252990970046
1,1,-0.06804078808330585,44.67531031713495,45.640704389195086,2.7312181882509288,1,0,1,0.4887936361909735,1.148707616146316,0.3977912151191042,1,22.976227244174257,3,0,-1.9885193983725493,8.915527993214019,0,58.74502308087873,1.9038366589452005,1,0.34318849388579703,0.8964038161535617,3,64.69568393843761,18.133977433068242,-6.864490392781448,23.035884921972148,20.453334307732256
0,0,1.5775679703102778,44.54097808565448,50.84489230135001,1.7556908126964403,0,0,1,0.3604155380412345,-1.221270540684457,0.3864480921802297,1,27.066428649013858,0,1,2.455638117442181,1.8589366352564782,0,33.61242742694498,2.0302413980667886,1,-1.486103109648767,-0.9906900272591047,1,63.25175319019662,6.83102866688804,-1.4177685193875256,27.721455203674616,29.146332066233544
1,0,-1.7521111392867534,30.920570537180396,22.33064975691211,1.524720334888232,0,0,0,0.2196815141208186,1.6428536987993057,0.6505978349537085,1,22.708794141010475,2,1,-0.9327572766617553,1.2017552709873267,1,51.81734824342624,1.4007534397910237,0,0.09375998151487433,0.7780144078154655,2,81.57277162860335,15.711461580214497,-3.842982025949901,6.148156869493489,55.738843001008675
1,0,0.8362271241818178,59.46448094112208,5.251429103392324,1.7463636231619064,1,0,0,0.7006942792659883,0.6943865975444551,0.606165917092687,1,19.678777463466762,3,1,4.098348635747042,1.0266205274851536,0,79.26560574311532,0.8853919094712683,2,-0.1039503090146297,0.4927945432298419,3,92.35188129265886,10.141247964020973,-8.09697754710215,7.2953286873512235,36.87101861588388
1,0,0.5820809726120132,58.411848110236384,20.38205285999361,1.3208714272129556,1,0,0,0.6977448695648105,1.1367600390814516,0.3445486013289373,1,20.87431892703004,2,1,6.2491528669274885,3.718980359958293,0,51.18874982059086,1.4665216271557118,1,-0.4057340413228532,-0.7519224670644217,2,77.93502852344373,6.765203336839183,-5.174482797394898,15.643031122896794,56.38445682557387
0,0,-0.4709757515789261,56.89534382777897,51.16389619643718,2.045118405786845,1,0,0,0.671924868680873,-0.017932478291109298,0.797907020446684,1,42.4818933276987,1,0,0.9083872493142398,3.4576504604215046,1,49.80746986375796,2.2035524289580417,0,-0.6640158257253167,0.7638635856793313,2,61.282384911643184,14.11781156677456,-2.5295826411765105,12.757107933799032,67.94468072676719
0,0,0.526271583712319,30.00970523469683,32.8353517700788,1.5921302880200485,0,1,1,0.3317834229242892,-1.4767868537611408,0.6637734230619874,0,17.833828817820606,0,1,-6.987038946017457,0.4422028149440696,0,76.61320628788869,2.056490040989117,0,-0.4938567624975704,-1.5062156605922954,1,66.67157359581975,11.033964561653328,1.1025051810492847,0.8318769848313767,42.689253993910825
0,0,-0.4334623033675509,22.512712966478095,62.793011454597156,3.2890253668921785,0,1,2,0.11430496799385109,-0.7769583758715135,0.27082142621075145,0,52.659463321065815,0,0,2.1196073604022523,2.0077349960731947,1,40.739259156974896,4.906068797125681,0,0.6038817474054131,-0.5717115675398367,0,26.65710560566309,23.171544923331567,7.304422916907111,6.654173767248284,39.33780440198939
0,0,-1.2490716260225425,20.65059877355954,91.11962810721434,3.838094904349958,0,1,2,0.12580466188786332,0.07073831002754288,0.1670244323838676,0,79.01440801016857,0,1,-7.506417337451271,2.810446880448462,1,16.468777219696577,14.393777715817118,0,1.1705860406965949,0.1919438308199738,0,2.488376887684879,31.71732669366562,9.783945208460704,22.04291687087643,60.39815004386095
1,1,-0.9142657766492415,53.321811554986944,36.33896379697863,2.361325475952378,1,1,0,0.8479617261642063,-0.8855533157075056,0.38302630825605183,1,20.809920709195502,2,0,5.268843160609569,4.476742953166336,1,77.4439479884485,1.866624542160604,2,0.00685837549458841,-0.08910808661997441,1,67.06912898652656,19.64899243254698,-0.0486312670004061,11.94974090702666,52.54248817469168
1,0,-0.5335783146205632,53.24098216141159,20.51913481610746,1.3337542552870527,1,0,0,0.6700345614012919,0.2543755209650313,0.13527992784694565,1,22.92919208893046,3,1,-5.038338173546841,6.413743825818109,0,55.50431758630057,1.554131822884131,1,-0.19922020120688805,0.25777475771777486,1,82.05695929989875,9.665406833986683,-3.297886931354218,6.50596183840483,47.491115618410944
1,0,-0.13348124620952323,36.08515987710666,15.507423985704694,2.421620592389728,0,1,0,0.24297345698158568,2.049999030693703,0.6798612737180281,1,22.98401131931194,1,0,2.9130800255055576,1.4687732078863414,1,18.53143530402943,1.729842813441352,1,0.8144021972142789,-1.0884875968927348,4,78.69917556204308,14.455911409333229,-7.114886883983936,11.878316013911503,28.175056757700904
0,1,0.6203867849846029,23.973633765412572,69.24632031751656,1.39212255763945,0,1,2,0.13158441563019602,0.8414669888497328,0.3628847235088253,0,30.2455503208002,1,1,-7.379435385474846,2.9389931236577884,1,0.4521999641252705,3.050361273381843,1,-1.227889494980673,0.18487477156930912,0,45.9306698806616,10.909250090196805,-0.5966573648464255,23.94584348775263,35.52038343143077
1,2,0.9313807001425891,55.101210947132714,94.13281535619824,3.721101961069015,1,0,1,0.5646050766925615,-1.9569602920668503,0.9605209860609268,1,53.7839457890785,1,1,-4.137920906975018,11.830069217157737,0,29.015066689599863,3.861188038489643,0,0.10276972291765185,0.45306251656857455,2,24.64693274489516,16.525570518158233,-3.956191350279381,38.48602737508572,29.922607604637367
1,2,-0.47031103844933836,51.571126909223125,13.36836948846813,1.6872276250860754,1,0,0,0.7057274454345573,-0.6233160682178451,0.03779091848711008,1,19.418911087352182,3,1,-1.5659241048661645,3.116675821759891,1,44.342578486316775,1.0791266688516195,0,-0.5861071464446327,1.6278638754220824,1,88.53825524933616,12.458858526982048,-6.658395208561072,18.312848741207464,55.87039150880013
0,1,-1.5701792881015295,35.280900195427535,70.97673998206344,1.4410362589813703,1,1,1,0.3737031413317602,0.052518679694492816,0.7801662205409204,0,32.44998011308914,0,1,-1.7629834178180221,3.6467683401034576,1,3.785683118272982,3.3839818103236445,0,0.23840304500209772,-0.4775003898814682,0,63.95282277255851,13.607589449084134,-0.15176074613881774,8.295853745728268,62.23677444812125
0,0,-0.1587263337076025,24.30606636143541,77.55773609040168,4.587176882368926,0,1,2,0.1582971446503446,-0.592845807773424,0.9357306279253406,0,53.31048920210697,0,0,3.7162864845089096,2.480877575117885,1,41.94271467581895,3.9876812869937117,1,-0.5994257202411511,0.3982408474941473,0,21.8915894740659,25.072974259183933,2.423788891807156,3.9756875549905057,34.28446053650965
0,0,1.8960939142284619,40.80188780308926,77.69978572425867,1.9590367182465114,0,0,1,0.33807112163658937,-1.9124444582254227,0.877479722127747,0,33.50551786410085,2,1,4.303887945647414,4.224167006623054,1,78.02631640871333,3.2045919354517265,0,-1.2439766138539143,-0.8465075251768384,0,37.01177498840001,14.224977095749068,-0.007881617498991744,11.63915375562189,54.056235339213615
0,2,-0.9234847794802711,37.22773270423218,63.34834269680447,2.0068693674787035,1,1,1,0.4024564213201258,-1.6889124453375781,0.047276681132429166,0,68.55234599748171,0,1,-4.096460274956737,6.36763103293952,1,72.2402489083156,6.674121243247621,2,-0.2065628584028272,0.0588959592368748,0,13.434495735129303,15.984973786704042,9.227163916057648,12.677409984523923,45.44189748983571
0,2,-0.030996028787659315,66.83638358956874,73.1713881614161,2.7145005576487535,1,0,0,0.9488291257451572,-1.1917495504269986,0.761063557714821,1,35.73483580931291,1,0,5.202855651398027,16.16383687602669,0,57.52205538203877,2.3770291603429112,0,0.34440464345636934,1.1554112359227706,0,46.14425869057828,17.73560891804871,-0.4125040388475849,25.90875585084961,55.64183732590789
0,0,-0.9015373214972642,40.412899484056545,26.54249530954097,2.1956067476085774,1,1,0,0.550178211693305,0.23675731567555647,0.00679529044903171,0,28.62370980323607,0,0,1.6382329178314556,3.604398903559411,1,9.893965105238788,2.7968551686955543,1,0.4023510956664592,-0.5246871351642425,2,48.46692683463679,14.889115844336814,4.975335233602758,20.723677776298896,64.78883019347836
0,1,-0.6958613141662934,51.32423962587973,96.12263126474593,25.773512501334107,1,1,2,0.6997491501640166,0.7624950533036503,0.49958119951196855,0,79.95219860019321,0,1,-1.763964465954043,5.005369087527066,1,79.75308140304735,23.104001025969147,0,2.263530326862086,0.10371015508844061,0,0.44495796470550575,39.97556772606813,9.847521308875034,30.500919878090144,39.5429449754226
0,2,-0.9898068997412666,40.455511098871575,72.67425180833624,2.143313380647167,1,0,1,0.624393943814984,0.6944307613325746,0.5381430295673534,1,22.638183966462442,1,1,8.952161639484821,6.428574872196686,1,28.136874311371596,2.644119345028812,0,0.1570982164497185,0.6729595295111592,0,48.13127307605215,14.976161442423923,-3.4224129184996768,18.86131930180219,47.40618675824572
1,2,0.4351322043781281,41.71565772527413,68.86786038353392,1.212044312067804,0,1,1,0.223703413352057,0.12062412939521756,0.4211206677851336,0,44.93475790314566,1,1,-8.52488090896404,3.076092533904173,0,45.631367257293746,3.3616075681553164,0,-0.7196218132733784,-0.3578506651399092,2,39.58425862157054,11.768509068118922,-2.1189845843394703,34.83427272302065,23.675657022097102
0,0,1.049777125722955,60.76043914816683,55.314971201267106,2.1709270913780467,1,1,0,0.7315677889781608,-0.7778837859505529,0.5867875015409932,0,20.422711024768017,1,1,-0.7530332170435265,2.910220984692823,0,17.590576686288202,2.2759859250952648,1,-1.632049178408697,-0.5770452828409607,0,51.37690899303979,7.186405723495826,0.7075840491381307,32.2763730403087,69.69760590204415
0,2,2.103332749210808,54.60302693505811,80.25718999857392,0.9178921375561575,0,1,0,0.4611205647739835,0.25377175220171927,0.41386314375145994,0,39.652292496829794,1,1,0.7912143396229752,12.977186962498712,0,36.38112938473492,4.060317820621065,0,-2.058851728158811,-0.49744185734266355,0,31.316059582719767,10.774070228542278,-0.9808416495119658,34.13402579307292,42.668504444503924
1,2,0.24947980955029248,64.27967019165501,84.27504207553001,1.629266464289708,1,0,0,0.879896177925205,-0.279312271486063,0.9703684675453583,1,45.736523111057096,0,0,-6.069417846849815,13.227751297336521,0,59.15872446218075,4.228685741451717,2,-0.4542137952001507,-0.21387887319264406,0,32.105322247642384,11.329856966824243,-1.606490984272023,36.59631034276459,36.12578889434516
0,2,-0.5819066054420646,46.992813853415285,67.56492851615153,1.4428665964371734,1,0,1,0.48618152551179683,-0.7416974786416498,0.5132716870282985,0,25.001753865833862,2,1,-5.2778655159763375,2.8848700447015143,1,66.58806883878198,2.9701945916736454,1,-0.26429562348636304,-0.03136958191345857,0,46.04264550298487,13.84855829457933,-2.0805726619563325,28.837904442429018,57.816324990087885
0,0,0.43981902036590914,27.36102439003782,64.72426151267001,3.0579495876315663,0,1,1,0.2089442237210144,-0.08286013148085039,0.474956041818566,0,33.615930898333175,1,1,-7.070135777306172,1.953030353417426,0,32.92234889837816,3.497121764003925,0,-0.2556964116168435,-0.01247906563443179,0,38.232977240932385,17.00188792731842,3.6527447807101687,10.199343575703242,31.561546667742927
1,2,-0.2169993706786002,68.90380465122087,13.707316034000872,2.462649156656308,1,1,0,0.9759800782367516,-0.2862065742573781,0.5528220175614422,0,23.044252987581984,4,1,0.4276354141775336,4.844656941573892,0,62.520630065160105,1.3511474980446558,2,-0.12866915914732335,-0.03970390342593066,3,78.44567097118255,20.370230166110538,-7.35944400738295,33.82565925252881,53.68470415096611
0,1,1.0800824451575417,47.52928413523044,95.93813223801932,10.522973598848415,0,1,2,0.4219701834522539,-0.4167914429231837,0.5146905560955474,0,69.45837285256859,1,0,-9.376099203099248,4.0407968632740525,0,72.37555703441872,6.89436671109213,0,0.7980223207930857,-0.06300130092080067,0,12.895182730737071,36.57431761751591,3.047278661247754,39.9600520153708,30.76303707543819
0,2,-0.4469615680479767,25.93057182605144,78.75920813070192,2.9216569728708213,0,1,2,0.1408301613524009,-2.358520681810015,0.22520023613138102,0,45.70263382943567,1,0,3.4510891297374684,5.800632585629355,1,25.54090279400186,3.7627214501978905,2,0.3591515703009697,-0.4466362269659553,1,31.185260441879826,22.450764519207933,0.3372513391737737,23.503083136989147,32.91547273326391
0,0,0.7191464518518996,27.927007933065468,63.28544526663531,2.703756830484669,0,0,2,0.20116197422296456,-1.755189170893333,0.5206411986002291,1,20.679513087645294,1,0,8.474355948893546,2.602956105552534,0,38.308973257859954,2.295967498997621,0,-0.5968668891374057,-0.43936712503936903,0,51.04603488463268,13.245979583758876,-1.6038921732031355,15.649803336642915,35.08044498245549
0,1,-0.0801235206817681,41.34419286901873,54.23656356567679,1.500801644771321,0,0,0,0.35062544028416875,0.7241803783138115,0.6291339932042499,1,23.36466428683633,0,0,-1.592904826169816,3.873572530163396,1,67.03568131630284,2.334556138587541,0,-0.47289391831574895,-0.7015834895965937,0,56.79394951517729,8.254782706506603,-1.5146447702070382,6.059376751689715,34.10268520154234
0,2,-0.16070436601394136,42.329072822873115,86.63272911550746,1.7255389328854212,0,1,1,0.4037684001702083,-0.30983913653132406,0.11588223701810524,0,78.46157843863398,0,1,-8.93658227502726,15.024802920913974,1,15.405133249272316,9.161203025068845,1,-0.27617343851400816,0.10338630649889079,0,3.6119881525641775,10.354907186114346,8.916329772717408,9.776886190942824,53.65990643395399
1,0,-0.24088348071346347,30.655657011014693,24.957339787438297,2.084850435719023,0,0,0,0.22952371388183723,0.33173415498182157,0.4412581316303331,1,20.166423722469684,2,0,-3.4132345597711637,1.2352199561468091,1,65.9981923767983,1.6709756996420493,1,-1.5812671076861637,1.4721536160233217,0,72.27560059688732,15.345561967910156,-4.119897654219651,4.077780313265378,33.717967690905496
0,0,0.5829683910563707,43.761132953533775,41.911069324092985,1.2278988071101562,0,1,1,0.3138923375381662,-0.38453778321498183,0.44737448479760394,0,18.91407944322737,0,1,3.639966931376339,1.114600246809753,0,56.72009958244278,2.710484647454427,0,-0.39450283956577387,-0.6784203600037618,0,51.45810948480805,7.510077838694298,3.5720281044420403,8.814459181296199,57.81236189844084
1,0,1.4226957156116178,54.16054550242633,7.7788779168564695,1.0797600209330707,1,0,0,0.4891439343244264,0.0665522777557032,0.22157172803200664,1,21.501739495769712,0,1,-3.932699495495859,0.8305800875685868,0,13.637123149635265,0.9951768853540031,0,-2.1469698280254774,0.784187495704395,2,88.77778527676277,10.335647975514139,-1.1490352483963662,3.7051799870145907,52.16141605126795
0,2,-0.5182995709614127,50.79527252117106,93.6056398946718,2.122785492050896,1,0,1,0.5746711428285161,-0.10884826196381293,0.47824717385591087,1,46.68686832389791,0,0,9.96032694164822,5.561824843993528,0,18.51786040174587,4.12177555169662,0,-0.2249755738851821,1.337610978237317,1,30.0876153287037,16.504215098542392,0.3256548650324511,39.657152479322654,54.23054543786653
1,1,-1.1593017829563728,35.01406159875674,83.6794340318596,4.184593762191433,1,0,1,0.4025914069403711,0.24864237266353043,0.8602574667476988,1,34.11794867536457,2,1,-2.387224249873067,11.179483638149156,1,57.16678878239098,3.0426277223012477,1,-0.20759810194480846,0.3192793564403729,1,31.94042933616743,34.403195754499464,-3.172858212498653,17.57249042672189,39.6614654459903
1,0,0.9674823507168543,61.46485161715668,26.929136739362132,2.2194272494878162,1,1,0,0.7942076710323498,-0.9686104133776062,0.5196566514796513,0,25.547220623714992,1,1,-4.405564042720689,1.6591255863915173,0,24.934454906814377,1.6112802086495643,1,-1.4001454813672427,0.31635296171999105,1,69.56181865738587,14.516776289802555,-3.220898628382587,23.208075705926262,60.84555944804229
1,1,0.07684849041544563,37.83970528801217,85.11116329734045,6.075390248688828,0,1,1,0.21728565075845502,-0.3400316143693187,0.17913648254936532,0,65.71052200432895,1,0,6.023642202918282,6.50759053174512,1,53.628079072046106,5.794150148297658,0,0.5105304418116438,-0.18428745007587485,1,16.17410324026971,33.02246897676142,1.9523962414125524,39.27640197464241,26.47633622850239
0,2,-0.17283136173263483,18.326235001459562,90.9967579662322,40.402444555480166,0,1,2,0.06592130748405522,-2.009183578299969,0.1868346721509172,0,79.56122971810049,1,0,-7.726902545271384,3.2430047749852404,1,20.018914794372833,20.541223173573368,1,2.2295439540903557,-0.1366624603888045,0,0.8899170567921499,39.995670298728285,9.944864759031379,18.176756097505525,25.089327116560078
0,0,-2.0919854124013932,33.360811499429744,57.99895767585067,2.642554335317251,1,1,1,0.40338718811229646,0.1847765254284643,0.753655532595275,0,48.40848886195935,0,1,-5.1054513368628305,1.1489082587463941,1,64.35035452521028,4.366491956936443,1,2.1644532583348313,-0.6477158527264298,0,32.54947852839201,29.405876323612517,5.812300453202926,7.461984408415598,47.52726024613263
1,2,-0.15030065024709616,67.7720570747348,37.58391457117484,2.4431866746033024,1,0,0,0.9696513529795159,0.692396373449752,0.6502929153799628,1,18.560813505382985,3,0,-3.706542321460673,20.27034301182155,1,60.51118177370589,1.9670793944412477,2,0.3423716538093522,0.6664377167936909,3,66.93230515300695,14.050817803943364,-7.345179059864781,32.57121651202119,36.34710500974313
0,0,0.5812269509440954,25.962893359729378,87.76654085809074,12.240879106237042,0,1,2,0.10301883576174287,-1.7718204176282584,0.9668072688700823,0,56.49919634118358,0,1,-1.3746228632528918,2.761599608505541,1,57.16163707443572,5.781132985199309,0,0.7932838544800546,0.732929541353435,1,15.33988570595241,38.551787905950775,2.117579048585373,12.776508133736968,22.09620073027441
0,1,-0.10187798089418101,52.01577988739816,45.04967583515913,2.660482186882233,1,1,0,0.5467574811694444,1.2911822859310114,0.5039663243999879,0,31.024226105825164,0,0,-2.633789460144939,3.235647260584293,0,75.97210812151576,2.69755585792594,0,-0.6596213296045088,0.03855398400285499,1,44.54088979405336,15.92880333988617,3.601225797435962,13.995965289998743,37.0481055981
1,1,0.7484402911482246,69.26049506959467,2.0306336020621596,1.954208862825296,1,1,0,0.9877664750344537,0.664809565092283,0.2547893182055482,1,24.207339894545715,3,0,-7.739275125241102,1.9144261860192384,0,47.04816537722327,0.9790497732995312,2,-0.6757310737995598,0.7648151272079983,4,91.54701102979371,12.538517242168293,-4.37710567452362,14.070110220866958,36.73896796030152
0,1,-0.7190379765187626,46.87718552370759,86.2897338718484,1.8523344193160844,1,0,1,0.4836321805637226,-0.5941710054992945,0.3754738073135851,1,36.555510298754946,0,0,0.6988547909653224,7.966408305885785,0,4.252117550287315,3.086540437692188,0,0.3542946345170074,1.1436743534702203,1,37.28842610953757,9.109071092897153,0.2545303624167712,37.602698284951536,65.24510619631465
0,1,-0.4626426493655721,21.96576739114459,96.8331601725697,23.31661702240916,0,1,2,0.23856528964109258,-0.8196012224199178,0.7759239144943397,0,79.99631102441386,0,1,-5.163846666848986,4.581924738125521,1,48.587843871742784,26.039447623901047,1,1.7541942409362958,0.9752025769004643,0,0.17654759751982718,39.97882207784219,9.98325660296912,27.52184844658009,37.49372390300334
1,1,-1.1366538542076743,68.74879439032033,24.286718883161885,1.7815849483630037,1,0,0,0.9971944547364712,-0.5622870148741529,0.6183201495586332,1,26.5125191256531,1,0,2.5130897907958065,3.251199491103285,1,79.24127720524139,1.5082192615840102,2,0.12496461487838693,-0.4312127241165339,3,78.99947038292456,13.069504759475986,-5.690262190390057,23.7985868259057,69.87231625965163
0,1,0.4224806505362779,26.055912700966196,86.59016924540745,4.908875106972648,0,0,2,0.18968030977439448,0.20052860096150604,0.759983312509386,1,43.98740542714311,2,0,6.691782453887235,3.98785868955852,1,39.61494118524219,3.4225320688429592,0,-0.1348970377204422,-0.6542782597856379,1,21.872186963042463,28.11377551858048,2.8408711756681555,16.08844253941829,24.553781904640292
1,2,-1.102045196226062,62.26165371553621,47.591921882024955,2.1161754881880395,1,0,0,0.9473235533753676,0.14823075005196032,0.484962262019957,1,29.44484843823931,3,1,5.790716698621438,4.34238617197543,0,9.523914967967094,1.909402312190539,1,0.7483748131103126,1.1279458787560028,2,67.0287706051352,16.662353952256908,-4.977317079293282,34.72395043583852,60.02554159341189
1,1,-1.611809469529879,59.69459573156258,22.21344808349898,1.8786188739543976,1,0,0,0.8916787416074099,1.1659255020586494,0.7526445021854746,1,20.28539347890539,2,1,-4.496845467926476,1.0898319682892883,1,68.20135475816123,1.382599183746647,1,-0.35300638805145873,-0.667717043302498,3,76.85203568478576,23.057395850772213,-5.390849449180988,28.613685769166572,66.93496517651299
0,2,-0.021531057582667518,50.47476980096677,56.611225968732356,1.7822086753462205,1,0,0,0.5669737232425058,1.9585181468816724,0.17837815216952868,1,25.461428453264674,3,1,6.461569506716771,7.158487486010149,0,39.73240145195982,2.3346781560940997,0,-0.3907580419502921,0.8856137998110626,2,58.94595431945857,12.267208882839675,-3.436667619270133,30.081728730227695,21.495055848559904
0,2,-0.36747421175240946,47.63554949497092,98.89295307763717,12.133559990792177,1,1,2,0.5230596443976467,-0.71451679388761,0.8751824737392269,0,75.87090208743447,1,1,-4.132051615366779,30.61423091427663,1,45.722694242909384,7.837973323276555,0,1.3856337207504894,-1.043415292430885,0,5.753047942770529,39.38229731806984,4.194854646358753,31.565464796708742,44.08748851159514
1,2,-1.03126875471527,53.681282849837295,62.40714722302335,2.0208064141852438,1,0,0,0.7375767110413148,0.20843842334893778,0.449225229259158,0,23.706000671815275,1,1,4.615973987736277,8.37626260229125,1,22.443563365007346,2.851274243478237,0,0.3586723804460987,-0.49418573402168386,1,52.343668626322206,20.97696086342021,-2.043726263359007,31.944582896746276,52.91492266676338
0,0,-0.056290341809596016,25.935254132898823,46.82408544068946,3.3327965057522118,0,1,1,0.1538659224330446,0.009124231363706783,0.6379612345119159,0,33.459061090979986,1,1,1.1552549383454558,0.8532059661694765,0,67.34276248347444,2.783594461321082,0,0.4304137630275023,-0.6989291231639141,0,48.755141075635,22.690626805589034,3.8023605848588495,4.19350230373968,40.04357690613605
1,0,-0.6437433594869639,60.717967252219054,3.830336060111472,2.882273701709109,1,1,0,0.8552303971148238,0.2394496355118668,0.2525602804728426,1,27.96514754040105,4,0,3.8556524351297377,2.334002281337535,1,20.421483687424065,1.0694133017898508,2,-0.05674680665690769,-0.5000856818553464,4,89.86024630091106,20.74542092151233,-6.3936154558870655,9.259208140824121,45.60863579199554
1,1,-0.11735717256647384,54.84959201194678,11.831080723111874,1.7589515909216538,1,0,0,0.6661953451727379,1.9108189895730077,0.4483174887855184,1,25.08954030031279,4,1,5.9705420591204685,4.930447626522642,1,41.5817750768953,0.9899751821935302,1,-0.0011320450542393614,0.9547953180360048,2,94.39660074152076,11.251927055260449,-6.946292140861181,8.744897788242387,39.2932152638013
1,1,0.8423207061533646,31.955946280505643,83.08690473091252,6.542895907927534,0,1,2,0.18301095958688346,-1.0984980064982646,0.6091774540544002,0,59.184912823546725,0,0,-2.325046958673065,9.725672534109727,1,61.51298078990614,5.034073703390403,2,-0.20357124564393994,-1.1752627649387635,1,17.669434790161265,33.81537013174744,3.5116320620059227,20.042057660437386,30.09023849855871
1,0,-0.5893904747288559,54.44256546743658,27.717739188851603,2.2585260835579195,1,0,0,0.6973817556363582,0.13966589146174901,0.19766540514546094,1,19.899514921003586,0,1,-5.483610862672553,3.268237190290168,0,43.353897993340674,1.658638635080868,0,0.3597776452419973,-0.3028728666940609,1,70.84068447749293,17.78383723547187,-2.4421033837585613,14.04268943992674,55.789469267708
1,1,-0.5646967462036415,54.979207646836294,50.59614998144284,2.3150157989309545,1,0,0,0.7841908990378877,-1.5406484626430303,0.49836817921775983,1,23.47533334741297,3,0,-3.904278746437127,5.8775038964371165,1,37.02929423685214,1.883129319811522,0,1.069780130017889,0.7584602067316433,1,57.38816388119595,15.876694783778873,-3.631436695337684,28.81984543077693,61.64112356309871
1,2,-0.548668573917567,51.95681750186295,53.455649070027164,3.265869687458517,1,0,0,0.732244490973796,-0.48406700601875724,0.528641026635114,1,25.172354211367036,3,0,-1.9328366601386122,8.273043980884825,1,28.95752628080836,2.1225344174761016,0,1.1975766961332597,1.962319289259443,2,82.89971190460852,26.116656635133317,-3.068491621996218,22.567291433364783,36.5741463296804
1,0,1.269237890964595,61.36335103391452,18.850390469186696,1.91772222817345,1,1,0,0.6567769934820908,0.3808922469439351,0.5871706377223868,0,27.4262587357022,2,1,0.046686452271210044,3.0500160392046345,0,77.56830873705002,1.5880686257535765,0,-1.1450195067370712,-0.2563223692007404,1,72.15831449808529,10.288076302982788,-2.5046426284224026,4.290770820697261,63.88855954923338
0,0,1.0577788234737981,26.54091533694688,93.3043439449037,28.102043471962673,0,1,2,0.12387616104716093,0.15518237000612078,0.8997499022966726,0,79.9861154561643,0,0,-3.792713751825728,2.2830852593800572,0,53.701552490372286,21.472293346392018,0,1.0549173901381947,-0.5207231479667361,0,0.24923186634503436,39.85186742247559,9.995357326284154,9.507842452120759,29.51254580584473
1,1,1.3981022632713636,27.506026756944756,52.1452301363539,2.193511480368356,0,0,1,0.22973426813372744,-0.5960096995461205,0.5352305551109133,1,22.36664401993434,0,0,-5.581457544734923,2.21350968212624,0,15.860017222796072,2.1332905265701427,1,-0.5489911884400072,-0.11053860764976302,1,57.045443722974355,7.536483211359439,-1.0854971342788637,10.598042752812882,21.41447662620173
1,0,-2.224949406943978,69.23109821626508,0.8455452765966431,2.241272271901642,1,0,0,0.9992011044687594,1.7744349978331684,0.6053452799684296,1,19.390298766208293,3,1,-0.28201421704016383,0.8775880366727083,1,71.8926851202295,0.5759844352743781,2,1.449048535956059,-0.6598531968202799,4,97.40144713401058,24.44708971797376,-9.328954355591364,19.36236007708583,63.62767938336077
0,0,0.34172443408878816,34.27910384423102,93.21076280293497,17.44551580867804,0,1,2,0.26488114299312804,1.1546277759185715,0.3290593472325266,0,79.98739015484284,0,1,1.869015722584809,1.8171555681799076,0,73.68574787267784,23.676229057997507,0,1.3998887402456741,1.2257688607028112,0,0.4191150003170663,39.37052357987209,9.995685754013031,38.774365625128425,32.52742341116894
0,0,1.0178521347574534,23.42994287142027,51.78155056669196,6.433122903151391,0,1,1,0.125424009957409,0.8218417875431188,0.5389549939061676,0,39.59025095788648,2,1,6.507793852662861,1.1615870239389758,0,45.494208214026514,3.31168456633,0,-0.07832408206119446,0.2710087845543822,0,38.83316591328161,28.86669766227373,5.021146976209167,2.4122964916378087,22.159761991081083
1,0,1.482337049683648,34.14342907549728,27.63390706172779,1.9313932171508064,0,0,0,0.20536795863677954,0.023717258292205896,0.04508648035473867,1,32.62690544293417,0,1,7.4233007776053235,2.1925443383319134,0,18.198642492824565,1.7844789336268256,0,-1.2463876543600996,-0.36497947587249213,2,71.3756795442634,10.444667731334507,-4.238209573969596,15.255205284210685,22.9386803393397
1,0,-0.1438310995717464,67.23795827164875,0.5157146594881257,1.9478321306710955,1,0,0,0.971434531484809,0.3743676501293422,0.19336386488282903,1,23.662567054731063,4,1,0.17142293463576053,4.002422495707128,1,31.95986546405554,0.589428399715101,2,-0.3919574656192583,1.6391261769021919,4,93.27234703480202,10.202281758158659,-9.383780006523839,8.91560573831844,66.84991664513254
1,0,0.44011831849731625,27.93586914950831,21.622208897717638,1.7792526789962047,0,0,0,0.14712738955890114,1.1681121757393345,0.1285842190004396,1,25.485850141086132,2,1,-4.837090080226312,3.2738689460707078,1,13.719195920292968,1.4885992835009605,0,-0.5993519154783801,1.0546927503429449,2,80.43885868571022,4.757846191168261,-7.12569476900857,8.283577203635648,33.37171359148516
1,1,-2.6904970697021633,69.47232469949836,17.074665434454385,1.7680433301881877,1,0,0,0.9996904002052475,0.7811887728172453,0.9021514658174559,1,40.64306768244313,0,0,4.598622245573976,3.836834742519175,1,65.52802700153333,1.3345779869594003,2,1.6037948920246254,0.3818966913450913,4,82.34503597012899,20.177477137106536,-6.4121952258006445,23.52746682109398,69.811973304336
1,0,-0.8254323657100798,28.96599335692942,13.063071829961192,2.100031632350446,0,0,0,0.20501142638700803,1.2401668622488515,0.2944700900564874,1,23.100456326783885,1,1,9.304591993725737,0.6340875017041719,1,70.01421482811564,1.0784762333175633,0,0.5214892974701038,1.9595009419231344,1,94.29449679300987,15.349969508847751,-5.812001008917429,2.1835687831945028,44.10078492822939
1,0,0.4709423767532858,52.52836045622726,41.813727238124045,1.7965382318585073,1,0,0,0.5489571937446048,-0.12211300693465217,0.4504135698935885,1,23.282996448551074,3,0,3.9872306157529547,5.973874835783892,1,9.321675722025686,1.5542199495725348,0,-0.6181306731794378,-0.0660253666879225,2,68.21904645591846,16.82973628055375,-4.314858145190643,22.999079196329397,51.81745633113818
0,1,-1.418820321318208,64.47032089391493,76.19938710392756,1.4481275531856057,1,0,0,0.9217283454936199,-1.544669056907357,0.5496229278966804,1,24.26434198139458,1,1,9.251868200731444,5.687342995152693,1,37.126845258974555,2.85630475181937,2,0.12952549150315198,1.2837367122832706,2,46.217597243110795,12.473235139758225,-0.8971477782030508,37.78443893808379,48.81960968095552
1,0,1.0687818180391828,49.84474789021117,16.773480421655933,2.745492971536254,1,0,0,0.4780942701790821,-0.0656262722710718,0.5136026151092976,0,19.30666538951549,0,0,0.9188004639062637,1.8996677790253604,0,23.234554397925635,1.413730934000344,0,-0.45999660363929007,-1.2215891753582668,3,83.14302080938958,10.617568431684132,-1.9533900956435026,5.803116766430119,37.83780866829216
1,0,-1.1415015506564,64.61947260090471,25.16535247085677,2.0025632467219463,1,0,0,0.9762235274125237,-0.8186560926718243,0.5442644612340172,1,31.939731094698622,4,1,-7.140824071793212,2.2302141656937837,1,70.1161947162683,1.647446509320923,2,0.7002308529988724,-0.07679870114446331,1,77.75394221152338,13.543195867653539,-2.703703906828343,16.14083256759632,62.56797744921648
1,0,1.0400505765570376,28.50660772419529,61.78999436116192,2.587107548007868,0,0,1,0.15130224284367005,1.5618290897655964,0.4933861875550163,1,25.089713140506397,3,1,0.11369477849007481,3.9892363949854994,1,33.58196550530215,2.2229028793285788,0,-0.5872298583047283,-0.12389770444279243,2,52.6832925839108,10.052325650789173,-6.303230690310274,26.778591160682126,20.27757071961326
1,0,-0.8874660045687065,49.52105573852477,17.351281247892842,1.8963823116112897,1,0,0,0.5924867537250157,-1.0615742852907406,0.3319405238319414,1,28.28085492830602,3,0,-4.647704452668937,1.6419339514965567,0,19.66286425696694,1.1970775999712187,2,0.49619253438423155,0.5252293114143649,3,84.5809798202772,14.916831156583008,-6.4806708230523045,13.59667075291382,48.809816352749976
0,1,-0.6839470753569419,36.0505691638311,72.13585557525566,3.1208998205770926,0,1,1,0.31719262268388343,-0.5825600923091719,0.45385936644040076,0,42.97450686794783,0,1,4.363321449280182,6.655698640019191,1,52.20993094005952,3.993526253904453,1,0.5246317241873847,0.16618119123416655,1,28.109782469824207,22.666208311763036,4.951823694210917,17.15692196567298,27.831369024509733
0,0,-0.27801579104788354,26.183251324171454,77.33001954017409,3.181024436685954,0,1,2,0.19588856066725957,0.3829669834783594,0.7462329273019987,0,64.6040786594913,0,0,3.9865792889729352,1.5565939113895153,1,22.67915422715256,7.170232660114481,0,0.31444667325555964,1.1232464975599261,0,17.04369068592681,22.435504702788187,8.287143031765048,7.696189350559582,53.00395517031121
1,1,-0.11310646637101564,26.759832158883505,99.83565975208394,54.598150033144236,0,1,2,0.18876092317798449,-0.5115790132910031,0.7212999985182561,0,79.99771341482077,0,0,1.7883135006258435,5.563160955862298,0,1.033626907248748,23.64432051205125,2,1.9775702986775732,-0.1037610658404844,3,0.1073948207854225,39.999946527586765,8.488713813951307,39.97248720745671,26.593009061064457
0,1,-0.7864110004881353,52.50790544221809,62.28587404307635,2.9676264222885536,1,1,1,0.690272076170136,-1.353280795242302,0.7188913189456668,0,33.29038573867671,1,1,-9.244564307897297,3.822298116591381,1,74.41353331812846,2.7736836174739476,2,0.7632084572126834,-0.07224016775588252,0,39.93186615285554,16.083597851449404,4.568051245751851,17.69258593462167,56.65269638736069
0,1,-0.6770866413331592,20.9797571328759,89.24042051282473,7.446098810748504,0,1,2,0.21457444120236052,0.7193752106263261,0.3212701613785528,0,74.26065513976381,1,1,2.568409357352275,5.616886745448863,0,0.2677335784355561,9.107813535872955,1,0.8363586147374386,0.7305299996054433,0,7.121597047815492,37.59045126940427,8.44917735837975,28.880930746889177,29.56727531848923
0,0,0.5775314862547053,56.55611322036628,64.1874767179304,1.9774684305036954,0,1,1,0.49071188490803236,-0.6763287960864605,0.7429201046161094,0,31.955413571386337,0,1,-0.9818822547533159,2.464569566425601,0,46.25164496588478,2.929302585205654,0,-0.1910056537501402,-0.4013801762809145,0,23.819561383859128,11.17561418113044,2.038511387071688,12.880649998213269,45.09523990771167
0,1,-0.25081490064200734,22.736991833386433,96.91727159006868,13.758414487427467,0,1,2,0.1370966251407279,-0.06976929174237678,0.701983718886172,0,79.99125186900692,0,0,-9.536186366481614,5.396008098630762,1,37.543888963461725,26.823057166877145,1,1.5047809662412253,-0.5057939900670411,0,0.1369710700999449,39.38201766259046,9.98961346778242,14.96999489032751,55.79106940107544
1,1,-1.0114015779493464,55.789641490515656,44.31394878638974,2.209530335010331,1,0,0,0.7889280825469906,-0.9209643426858575,0.9535568956936353,1,17.0666348261489,3,0,9.468852833252388,5.905648635662558,1,44.63033988385141,2.191178850208274,0,0.07404790524836574,1.0259663648505832,1,66.29184083751592,20.45893873294152,-5.0759378086342055,13.715614595765853,66.33062013512924
1,2,1.5632395598942859,68.63190372912698,18.75831727708097,1.8235325790839152,1,0,0,0.9880934292791974,0.16193140495574618,0.564674548126439,0,20.25040314073802,0,1,1.5073665546251078,3.0682429407689935,0,75.11181542706777,1.5209234024216456,1,-1.5693386762832746,-0.1757889456155677,2,80.26200755374235,8.333214519143032,-5.141813100163998,14.796320499879174,48.50580615046014
0,1,-0.929407673047759,29.926339725749628,96.59882507215349,15.764217006673531,0,1,2,0.19645658633513075,-0.7573025882173179,0.5458333031603422,0,79.99701195159571,0,0,2.8430327504306874,3.1183217185806904,0,40.753803168303406,34.01048900913927,0,2.6375262621684517,-1.0944267216691494,0,0.06714920618873244,39.896854331553115,9.998602543251138,27.03969514428378,53.33226421748419
0,1,-0.8060966812080201,33.41996916830176,51.37510117068722,2.5595957687160578,1,1,1,0.3209223576317967,-0.8997540144810594,0.13345994746346035,0,34.63397506469705,1,0,-7.286741529015402,2.2515410436628995,1,63.974004642924484,3.349226657102463,2,1.467320041408856,-0.9481226527651055,0,42.604294529544426,26.683341867988833,3.1562976333016923,27.79613346177822,24.455069122070675
0,2,-0.5874689037902983,32.44306105164685,80.79495312468819,2.4326991351913674,0,1,1,0.23341155676291325,-0.29708460967788736,0.18805822530317284,0,51.28205800842878,1,0,1.8274576448216617,4.726680591172981,1,5.69010597502531,3.7111543585972018,0,0.278126449506477,-0.0758426394753978,1,32.36744201100775,19.531354742806567,1.1284775020863513,36.03374995535197,61.43911448780057
0,0,-0.31801260125013525,45.96734858383278,30.67325441242722,1.9122518194319829,1,1,0,0.4357139061994515,-0.14200682823453253,0.23858990988992462,0,34.14403185812659,0,0,-6.662531855085824,1.5987209393647566,1,48.701052193715306,1.6124370007995248,0,-0.05740045107241515,1.3504214426907437,2,69.5731693887892,8.38687194601415,-2.5812105986871074,15.495333017665093,66.7794594835664
1,1,-0.6687863980938921,43.56871284009265,42.35153283567629,1.9561927046228,1,0,0,0.3531325542100634,1.2729468412788572,0.6861035569174339,1,21.767879179553344,1,1,5.695321563733785,3.062045662227381,0,38.161846368140665,2.0257648083718465,0,0.05740947224670108,-0.060942317788627916,1,60.940981922775286,17.411643487334796,-2.6260364527471474,11.791628215050542,33.593994725939766
1,0,-0.46557201608389537,38.41984820259199,33.252474868184486,1.4477434273823047,0,1,0,0.26185580889802224,1.0446644507803817,0.2945968959021089,1,33.187456640902,1,0,2.8487563726568226,2.783579771760241,1,23.310514146423742,1.9587938405024696,0,-0.3637223438949356,0.8621454224387746,2,63.5565800746956,14.18172982788369,-3.485544043515927,12.992968950842112,46.90387760988979
1,1,-0.9164017590843293,58.12260562492541,53.46876077255559,1.7722828171555867,1,0,0,0.8062611270239624,-0.13809043736327525,0.44913326294434613,1,21.50946040778991,4,0,7.8314397986680575,5.170544025936533,1,20.827567004937197,2.3949863390805612,2,-0.15427515620609944,-0.7614358110118686,2,53.59086144961407,17.466544235170506,-4.388276042263488,38.259382719894795,63.10070432405943
1,1,0.5246470960199375,37.98777069064115,27.471899625806028,2.383030566906389,0,1,0,0.18053938694168353,-1.3888033575286007,0.02675810855655747,0,18.90116359330513,1,0,-4.500802740087631,4.273085635247146,1,13.503455192463747,1.7367456462059097,0,-0.4958556815966147,-0.13448442058492407,2,86.94665374305461,11.666870782864553,-3.8083945594432738,22.807750753415,24.951732716790172
0,1,0.6275942128368632,26.071010488005403,89.84585872170152,4.58253275472535,0,1,2,0.2639173063936481,-0.0636154676436961,0.9185054966189319,0,53.40948332128865,2,1,-4.372998994319943,3.307750683413445,0,1.8280604958489421,4.599319182984411,1,-0.6074540150321392,-0.9650474146616511,0,22.28312807776634,28.518349568241735,-0.2646025241519787,18.164877039808754,32.499102723434646
1,0,0.8061476936726268,46.49139832412902,39.21134927566905,1.0738254146060398,1,0,1,0.44272117046388,0.12060543965659862,0.07222089331621745,1,21.976762306048002,3,1,4.555764700168279,2.6114585859881996,0,62.05005740399294,1.8685637355063716,1,-0.25769316696218963,-0.28863873326952577,2,67.80385450295329,8.857532731028313,-4.042518467126575,34.785086786343115,28.986786118418923
1,0,-1.197937200035083,39.01538218412386,18.09998867170537,1.748827634487572,0,1,0,0.3602545990687967,1.5524153284598905,0.7125722292333604,0,21.388138231678617,1,0,2.7674893550082924,1.34284206844617,1,8.625833455209776,1.5106014095443263,0,0.837649024950013,0.1832484649929846,2,77.61574239433963,9.203337866423349,-1.5797322236619333,1.6543046358420943,60.120113681255546
1,1,0.0756202997246969,26.921473330261385,85.1412248379157,6.561405288751923,0,0,2,0.15099481656023195,0.5404446367663744,0.9600966138672877,1,41.035892586896445,1,0,7.614857203123449,3.266769592721465,1,63.63992736042402,3.708519632212355,1,2.189369838007028,-0.38930768781704284,1,33.19056364232824,35.47189172452789,-0.5227679217816021,17.403430714603125,22.79381813426444
0,2,0.20570571429594223,43.44252588516454,66.48422190507583,1.10395609938459,0,0,1,0.27647450438556564,-0.22573518070720472,0.23209470714486946,1,21.580302935497684,0,1,9.045050094202224,10.12262503707736,0,12.857391858224755,2.7742070902705627,0,-1.126648271915985,-0.3541216120114024,1,48.96892177589688,6.30106350524694,-2.6005513707627674,22.3027074256821,35.320835235954256
0,1,0.1327436570764587,34.549924706790414,48.026855327821615,2.0601388320124716,0,1,1,0.2914594218589762,0.47942942330918253,0.3220270532238284,0,29.960000366744932,0,0,4.761306240764757,3.96109401236059,1,33.75319931301797,3.211460990724405,1,-0.6192783260023207,0.2578397666311741,2,50.66935985319003,10.24489399208175,1.3723451931684636,14.38264631453412,33.30482263540202
1,0,0.3492635208045111,52.45275677520766,26.98602870548081,2.8418163515433257,1,1,0,0.726995299481699,-2.7293362797191043,0.3843256919037269,0,27.242519480889335,3,0,3.604040603640545,3.1975869777940935,0,12.928552563922707,1.6391471404557434,2,0.20943609690050924,1.0915609424142974,2,71.22661927391442,17.944232654178514,-1.441572715260195,15.044636542339152,42.05473658193618
0,0,-0.11136245691650039,50.530732753815116,80.68975432159333,1.7119208099677004,1,1,1,0.5214964807951279,-2.042066014602981,0.5898946494526538,0,47.959933695282174,0,1,7.476095683267371,3.36445606199509,0,24.443394011186026,3.717515284601657,1,0.24360079954835703,0.5616089834894487,0,54.83172865014079,8.867411061236227,-0.13491697363414445,35.200651199454384,68.55505665621817
1,0,-0.6710369315389109,57.93091984171867,18.974423191871693,1.8345311604855277,1,0,0,0.8308096955821643,-0.30475564492273827,0.43304835571233624,1,22.007327374647218,1,0,2.310883686955842,2.9931499079373642,1,51.7387203498413,1.5476454344414257,1,0.234202932507439,-0.5153963802486662,2,81.89640781303486,13.763911719390043,-3.0971314070229816,7.273577392071779,65.88632782550636
0,0,0.3103482478326816,43.162012301191936,16.994748071748546,1.6923020917233886,0,0,0,0.3503652400003488,-0.4940829043466323,0.030302214592153487,0,23.731985418081088,2,1,0.5731352248106241,0.8738487261480526,0,49.471391356073454,1.5998927662743836,1,-0.4496083938671186,-1.5309240399295607,0,87.0560144224627,9.78459007009346,1.5809008428585436,12.817274597094304,34.936648932208485
0,0,-1.1718870382626976,25.93523458352098,94.88978121872933,5.22367140758206,0,1,2,0.09444702386299147,-0.1838196134638495,0.7558318970051994,0,76.96849084561272,0,0,-7.861590672302316,7.335186729101115,1,27.029986009484425,9.979823506145227,0,1.2259444524569025,-0.12452505411355581,0,3.7350834306479674,35.84335916622123,9.399726958927825,17.20474220202657,45.28931681391984
0,0,0.5200030713753464,20.50477731083888,69.65914462302104,12.97345326525109,0,1,2,0.07928508470765172,-1.1878401319493872,0.5780385640332854,0,70.61799478917293,0,0,8.425325030079023,0.9504710121765028,0,30.397631304052233,6.671712689220052,2,0.4999849547514528,1.3656331125389665,0,11.90363594749369,38.94262351076876,8.713545805085996,8.287416691175126,27.649430865827505
0,1,0.6022825902770862,44.0305031112865,67.89487245746315,2.138696396954371,0,1,1,0.3517251833752023,0.3528057912206764,0.5712308256363318,0,33.40469232458274,0,1,-0.7123218535920106,2.9805909332001574,0,32.734206631453766,3.7212485225154595,0,-0.503603372880144,0.0922866778349733,0,34.75216744015537,10.583491439784947,1.319660257578196,20.565657845000906,49.71098711143897
0,2,-0.1933654351104771,36.90589202187378,82.72759280209866,3.2732027023151877,0,0,1,0.2981748716135919,0.22094663453940433,0.5812946000691399,1,31.19827632524865,1,1,7.9033675556428875,8.458400833182813,1,32.98873566665341,3.0454131467520473,0,0.6800683714917252,1.972361659642061,2,48.09008598999878,31.04469112167452,-3.1666122374124415,22.979511161623712,38.18423045995141
1,0,-0.16231391883733753,31.82492401410115,58.417265653550466,2.6712983106428743,0,0,1,0.2786441609233742,-0.4261097695535695,0.800913240295148,1,17.67006524866791,2,1,-9.307938761035626,1.4915233287145893,1,19.19436476309992,2.580392183003546,1,0.26799827041291635,-0.3204586680383243,1,54.21026935395334,16.62318831659561,-3.041111282997506,12.594692106611243,48.97201115835626
0,2,-0.27222733580105807,66.37736372265056,46.41534438446651,2.0256274635758706,1,0,0,0.9581127156176017,-0.4417704055486452,0.29589343866132267,1,25.47955336869314,2,1,9.958403344237968,5.106859173858051,1,79.98021953817259,1.902165398349459,1,-0.8703899854606543,3.8684869079332045,2,69.30119699123387,14.405507417562893,-3.2583103863777394,28.57148572751422,37.12904621818599
1,0,-1.0788800982325155,45.08510510487414,31.243391462293634,2.1562136911104197,1,0,0,0.5327921984649758,1.9595717481236963,0.715587700851675,1,26.862979270793595,3,1,-8.803744384291598,3.835087458726199,1,33.419367325550134,1.5245210669720415,1,1.9571807652999582,-0.4494905232391121,4,73.66098035984756,21.309812286025497,-7.106350723725058,21.217840213907753,27.18522974187486
1,0,0.027746017055057654,37.79494509321394,8.820850576074047,2.5884489022400987,0,0,0,0.22166180524856705,0.16533802643178358,0.49597055953812386,1,22.047303333682482,2,0,-1.7953336525271517,0.5702996425791528,1,73.13301332506406,1.4055858353650685,1,0.1489371798562044,0.02528172890738368,2,87.33473242624397,16.51493583689031,-2.8759390556758717,1.313662190849445,54.392784039159345
1,0,-0.7451732064011356,39.23430901760588,25.684156582543373,3.0647212909458186,1,0,0,0.3824837514633915,1.2728583867339092,0.7727283340325181,1,22.6561240914885,4,1,-8.109976271235581,3.042625819457826,1,45.59066450746901,1.290954598834306,0,0.04233238436589565,0.39758108758425165,2,56.692163736240566,21.553561001263347,-5.357546857968119,1.008996711853507,42.98912509158848
1,1,-0.35834335706720943,24.273870638538956,35.66627139553128,1.6035931355357496,0,0,1,0.2599883458988417,0.9343931950128733,0.22638748778170936,1,22.268392676514853,2,1,-8.2966304526209,3.936581630175852,1,0.07777271479035619,1.9060339502168782,2,0.14385220762742704,-0.20440676915972972,3,71.04550307471342,8.208067893782482,-6.85304043962207,14.582008570901417,34.14160435589788
1,0,-0.27117299926824256,60.38774183729529,2.368662382517861,2.217798646500617,1,0,0,0.8099859144528483,1.6279313524277175,0.4082511332712402,1,21.169822420251787,4,0,-0.12780679704038356,3.724867142238537,1,0.14323117622550452,0.7398382233856388,1,0.2521422041560681,-0.159434849779079,4,94.75842752238017,16.46889045035355,-7.429466662509375,9.374995783741909,63.59837160148257
1,1,1.469408495076416,62.74473560743523,22.79150412205471,1.7145926288114297,1,0,0,0.8070821362268057,0.7808118455749823,0.45022085634305553,1,21.081293893298593,2,1,9.833221805490197,2.7299134026002445,0,53.21725367339073,1.5435025664000401,0,-1.417615688671737,-0.1365186496711758,2,80.89732442562925,10.694472809990554,-5.656897267673057,21.319554231305077,40.5018088156997
0,1,-0.2695619208873038,38.40289575912861,86.95196490826243,3.890860366001787,0,1,2,0.36245718673122373,-0.499429569130548,0.6733717458945812,0,64.73173579740201,0,0,4.117484569343489,3.58180235168098,0,28.767734128023726,4.885398921692902,1,0.47271466442645865,-0.9565026449800822,1,16.17026786591772,28.03912905187446,4.787637974323022,31.276797581011586,36.28037348987064
0,1,-0.8691135478168547,57.08929664382408,55.659302322383,1.3324873445769339,1,1,0,0.7853496825479321,-0.574026391178038,0.4949561602650259,0,26.96381805570203,0,1,0.026642286254887182,3.5838720406437763,1,78.76559180854328,2.350985543717105,1,-0.22108680139447698,0.3725634955175669,0,49.40832477982076,12.787863268943925,2.8175863435384123,11.47381521709471,69.83729272517417
0,0,-0.12157377577193704,22.532870244343375,61.498757168900966,8.26799812744516,0,1,1,0.22846316575999182,-0.8553034340737173,0.535190041173044,0,38.01890765800224,2,0,7.253641703621145,1.9487931516932957,1,17.717358522105133,3.896266068119461,2,1.0224536219784228,-0.7256033428880553,1,39.942601521564534,35.125858305439415,4.49694282758378,4.996727476929186,41.69096755698624
0,0,0.07728727338621853,22.703940865783544,45.77136218197029,2.7406900833912777,0,1,1,0.13850761849313376,-1.3800783834884827,0.38635896633587963,0,19.785034392077407,2,1,2.8027752661485295,1.7943872941587515,1,32.54422649178106,2.4886049597734394,0,-0.1989305071043573,-1.5534586750339676,0,55.17644520852816,10.222691150405904,-1.8621718287197648,2.832465203529464,26.502296080817494
1,0,-0.5058890012816938,34.20273646329595,32.328929276474696,1.3519837409298854,0,1,1,0.14763698367666422,1.3689437064800598,0.45210361229304064,0,23.684118725082545,3,1,-6.815563926514638,4.261556121860601,1,73.31215619488097,2.1295120090651847,1,-0.012476642609999918,-0.47867498771918127,3,63.43051116498779,9.57274264302092,-3.321426313322169,9.136218515229872,39.72385848393199
1,0,-0.7200955682148543,63.002370939020075,30.898366656418908,2.6435058045461637,1,1,0,0.8679563206686622,-0.2179290800863281,0.8473814142073461,1,26.38035193876476,3,0,3.659405854519422,1.8285690412441782,0,44.24853850867831,1.884231422265292,2,0.5302402969961195,-0.23035236811297596,2,82.08145680657304,16.648229717823778,-4.61947722984884,30.77069118013459,61.19947634244353
0,2,-0.07281025138006096,48.04781209061648,95.11907142952252,1.7409096838506943,1,1,2,0.5436955129075172,-0.731185797514687,0.9919898997178889,1,64.59882658094834,1,1,0.2983464627767489,11.20467681350934,1,4.118910611679367,3.8806389243987915,1,-0.442600125957128,-0.045773466010773534,1,18.83498223085717,7.6281198506407,-2.281257121767557,29.171882043871776,65.39773903370585
1,2,3.2156076137184875,53.35262245825251,26.335624592928635,1.821938636063885,0,0,0,0.4432311154170212,-0.5337036822737068,0.3334596330274481,1,34.31761310118895,2,1,0.27284669663504957,5.008607515412821,0,20.65808211406571,1.5125697056566345,2,-2.5471188921111083,-1.1930144364261177,4,77.82313057785072,13.265205195439407,-8.222087387323747,31.236339542119048,20.527176355912488
1,0,-0.8632330920243624,67.41472692919523,8.098768980898457,1.9688832950220172,1,0,0,0.9649787406755763,-1.5020270177098236,0.7586159075604657,1,19.762770979723694,1,0,-8.717683289789802,3.523744294237955,0,79.38682566221986,1.054171187196369,0,0.9652813711827717,1.497788441304761,3,87.55538383886447,12.232678985895955,-6.393195244569089,4.616610621313473,54.92593517902243
1,0,-0.846235079503096,36.28609537578656,11.788333549377938,1.0321854164017874,0,1,0,0.3196633162923115,0.4513367372129678,0.13168257778222858,1,23.27661869616316,1,1,9.597437162772014,1.3080285015528528,1,21.826165838019662,1.5991600708979739,1,0.25249493853816846,0.6339118276123008,4,81.26647212092756,8.741584690839675,-1.0104358606716897,11.4336750458675,43.83207154008596
1,0,0.8752868625705621,61.58202922657504,74.15395292601605,2.2895455590156732,1,1,1,0.777406193496077,0.6789637462840142,0.999999968911383,1,32.63465173013781,1,0,-7.341523463859509,0.7751990156075858,0,51.2742724024414,3.986795715459945,2,-0.7757064533028525,-0.4111857447373198,1,38.38664133233846,13.69092614516912,-2.347987718973269,8.842447783269593,48.65396188203293
1,1,0.8229135627192481,43.42393601792382,44.97526828115095,2.1703279919202116,0,0,1,0.26961761994050487,-1.2098286536738276,0.8335416700727204,1,27.104584075359526,3,1,8.291453857794991,2.3548294094357978,1,40.75386177398524,2.4042795340286363,0,-1.036671002509149,0.11994387378314,2,52.23666554902412,9.592815667920537,-5.098611375710531,19.232535231745366,27.921115014646453
1,1,-0.7430531525308792,66.9779265118312,52.731944058096204,2.195565981874115,1,0,0,0.9765004756670923,1.3576523634887732,0.5336659927731693,1,28.380702901817255,4,1,5.29890217120203,7.242292288045728,0,75.38469952349614,2.301090209981663,2,0.49113079618899913,-0.32641382588793527,3,59.54579281922767,23.873340901150883,-3.9731949627588676,29.875970882166733,63.024533033913755
0,0,0.02986087540458519,20.67233148344676,66.90518429235183,4.831648812295849,0,1,2,0.07591919848962259,1.3105117117731246,0.46343390155683134,0,41.259170066891826,2,0,-5.9426978467846485,3.230572216350074,1,32.67359881702501,4.183247233676992,0,-0.3998319441881226,-0.4104194421062695,0,31.886951834975807,27.118005235968063,4.589000755431982,3.5687953816833007,35.5827240474379
1,0,-0.39892367792205086,28.294731887984895,72.85582733348399,2.0160121658356354,0,0,1,0.1477921179342372,0.5489677211122869,0.9242592767997037,1,29.020209561787944,3,0,-2.367710104142253,2.0966689961233085,1,13.962038976552083,2.3453327080260413,2,-0.23293013432355925,0.9008317479888445,1,48.818145080192586,12.48776575938142,-5.595970907824674,17.0353329397591,38.55269559555423
0,1,0.8843168407624101,55.676513124116745,52.5697070119255,1.990487485853635,1,0,0,0.44729931843022314,-0.2959519217549105,0.1813013848415857,1,29.464357193200776,2,1,5.685485705647471,2.675057002878991,0,40.83848456350775,1.9542764631925,0,-0.9918666226910692,1.9615011322034894,0,64.34493724280958,8.539038208439806,-2.312817442026156,27.122308631761918,56.71134736532769
0,2,-0.02448266905760874,43.77050945427705,98.91821660973301,7.606160325145013,1,0,2,0.41511843915791136,0.6874892149489458,0.9441101876598271,0,67.27640690553451,1,0,-4.161205837973288,26.150652314839625,1,13.48759553350352,6.131049437785705,0,1.3027161146499675,-1.276607223393742,1,10.994097458470986,33.53529638037683,-2.01512511613166,39.46033506773126,30.143132330362526
1,1,0.11090622810065386,49.098446767810216,50.64625317792917,2.8136158422257367,1,0,1,0.7028339785396301,0.7721185343504322,0.7197425204111814,1,21.183208271016092,3,0,5.319610476515212,7.659705370732252,0,67.33698749363009,2.0482085513975177,1,1.5724537779780667,0.9831932140561498,2,61.24183865045444,6.232179758246696,-6.185883503254433,11.458702039268264,20.30242902695293
0,1,-1.3564424502162593,21.638990969311365,89.8790693758243,11.000246932385778,0,1,2,0.17593019931176246,-0.0038909581544455366,0.06291359195945334,0,79.17955711104102,2,0,4.457949104587012,4.047222105686759,1,27.932176262214785,12.615734222080569,0,2.1374390837309813,0.16680554646381454,0,1.8495986419617305,39.70256502884715,9.84433198152054,32.96805758948122,40.02508150358584
0,0,0.509331175129776,24.327796662923262,86.6872793498507,9.22451368420334,0,1,2,0.15000037343767147,-0.202546466803575,0.4785759806190685,0,70.15696815511836,1,0,4.322382171999497,3.094303093640069,1,56.89224652830209,5.00160678926335,0,0.7879978803998756,0.3841652796273694,1,19.007813053958472,37.26868891730197,3.70806346720898,29.20979721801991,26.162909720921874
1,0,2.037139289562947,42.382838925841746,38.668566922374005,2.343696760283875,0,1,0,0.2789525088027772,0.2355907119535096,0.7401166004193056,0,22.220726736938843,4,1,-8.250156476535485,2.6182601421914664,0,50.17930500337595,1.8335141010521634,0,-2.3075785665112263,0.753743277533552,3,58.33511982719577,11.628962094324171,-4.261500476983158,15.439571054916863,27.658884444051623
1,0,0.9307926534773403,47.2420865518491,6.239521343800231,2.0435750646124147,1,0,0,0.5595304870396368,0.9886934602990597,0.30291550146394486,1,27.996738555171486,3,1,-1.3784639802022305,1.7869042212014317,0,12.161677845246261,1.0350653648667403,2,-0.5053077455680121,-0.008502592876836437,3,91.11802192309347,12.942884509069113,-7.0703984918311455,5.423963117453785,48.47243657368897
0,2,0.6921205772803578,52.93897532955799,99.6831570681611,15.732738198092385,1,0,2,0.4384475602344507,-0.20195515244246623,0.9999929595059895,0,73.61748136690468,1,0,7.14755078092503,2.6704912762274384,0,30.988683031217896,8.531392046999018,1,0.9797660004509208,0.380029295065118,0,6.094078949509391,39.46403752987045,-1.4098254350258177,39.847334569051206,48.849769901070346
0,0,-0.08655811413020476,19.25898604697137,99.34539525436985,54.598150033144236,0,1,2,0.22854701914029685,0.3356992475839783,0.8116075413144674,0,79.99904446745676,0,0,-3.0830390463678556,6.156726559259466,1,37.67913923559527,34.76214339225367,0,2.3137763219928464,-0.6300701598760181,0,0.022922241357681283,39.99957952979373,9.98206391644031,21.93875172508551,25.876938872646626
0,0,-0.25026892315613325,44.45376169892358,38.91756460377432,2.719375438600852,1,1,0,0.4279506419453426,1.9649102758703458,0.257014552669969,0,33.645233203197535,0,0,-7.264774621001045,1.7384400940492968,1,10.482433454499333,3.133749631912502,0,0.3223429295392759,-0.19691439010155645,1,45.489639378731894,20.891879380426694,6.716265302548578,11.55722587106855,66.50794509598067
1,0,0.15486304334886494,42.70561243511128,9.700948186402664,2.084458379683497,0,1,0,0.2939574643115439,-0.8450362636172837,0.06760263247922249,1,22.615941803634428,0,0,0.8403167474358852,2.1039959134971546,1,37.82331743727168,1.3644397524327974,0,-0.4087126376585242,-1.3243224717665567,3,81.99491134840827,12.920852062045167,-3.1429171268857523,12.767246897012958,33.450631783467024
0,1,1.6514471062210565,49.179623235512786,65.51028983188061,2.5583510893077572,0,1,0,0.4193411950912664,0.7860037490409252,0.874985308808895,0,26.530360067518185,2,1,-3.7578253335880705,5.826568110735509,0,32.39250849072047,2.5868198473376816,0,-1.091953294971579,1.78591936407216,2,45.303237548857844,9.34399104799269,-2.3679115925199117,9.354150315154646,22.260545276730937
0,2,0.025473290143237837,56.94073679225302,36.04399030209855,1.6012293063809193,1,0,0,0.7409464018025558,-0.5035656191377228,0.7796449692319298,1,26.273072990909952,0,1,-1.4570115690403718,9.085992737304814,0,50.66551400647694,1.7857409375350615,0,-0.949261806959839,-0.5103292776596625,0,72.8588835663647,13.43236921707511,-1.9821919247610769,21.13439417394836,24.947659626586635
1,0,-0.434665877262098,20.38189591655221,74.94600921917906,5.975830110139339,0,0,2,0.18994480305190498,0.159811273599537,0.34840397076370494,1,28.418249406151617,1,1,-9.816076914390203,2.3070882906825885,1,40.388443241326506,2.7972551783625605,0,-0.3740078375710985,0.14128920227034877,1,42.24623987506408,36.37125045475557,-3.459968573861392,27.84306819299042,31.021286605013344
0,1,-0.40224714572503617,29.650480221001388,17.333756546711047,2.8477660808483507,0,0,0,0.1503111891105719,0.6810136001417981,0.08034295567373073,1,31.627061228131097,2,0,2.5340473251138302,2.007569841807275,1,21.943561790235677,1.4873608690875257,0,0.9320393327781302,-0.26982266432129054,1,82.6559858607526,26.694963387239486,-1.7103975190982723,20.408853444307514,30.035668843851887
1,0,-1.508247957466263,47.320734865287136,97.44615675403905,7.138240264629356,1,0,2,0.7137184590455331,0.37616404516211727,0.6811464811374018,1,59.523801406685415,4,0,2.51926957006258,1.958026566913363,1,56.7146256235725,4.231133619382363,2,2.7563838187743652,0.8814737907289125,2,26.407797438829217,38.900167946291624,-7.77295250174081,39.99999957495254,68.34455906036192
0,2,-0.3696808070973306,38.1679705773497,70.66722674841289,3.1569665189583316,1,0,1,0.4033102903348673,0.1853047109861014,0.27162805846896226,0,28.505271418373596,1,1,7.4274238539767445,6.579810590112621,1,34.88324848548185,3.0150019832636716,1,0.7657803858880629,-0.6651780677272945,1,42.41488544255246,24.171264904898365,-0.5121306171924083,19.531135083168714,35.035608518377835
0,0,1.1920224418691083,33.78904312586333,74.31953592641014,11.763229854398306,0,1,1,0.23028498549339405,-1.744823489543874,0.3355863656787647,0,71.33945725266598,1,0,0.7796627242731304,1.6109036347530608,0,64.31882330615534,7.112632326939435,1,-0.3265493416052943,0.07944363403806659,0,12.062528206956364,38.21453232702572,9.066323837613233,27.640287451205275,42.769311599868566
0,1,0.438522126369968,45.704324434800874,30.290508336429923,2.871498670349412,0,0,0,0.20499918107629717,0.5342754675006179,0.23280454475923712,1,21.90951807772106,3,0,-0.5047280250169415,3.3006492076822824,0,18.374353655712547,1.654452573213575,1,0.01673944883637373,0.45439906343650566,2,73.46718088173914,9.798894644046483,-1.298674331424273,8.415607096208328,40.65369100868449
0,0,1.2284171720320545,51.17331077500553,55.63797462906375,2.043390692676141,1,0,0,0.4667474972946049,0.21718697522503977,0.5946553450102308,0,28.992012473480415,0,1,0.7368981079715216,1.550185708930102,1,79.49182745218444,2.3868266453771705,0,-2.8373647204751786,-0.2140769345554433,1,60.09694681452359,9.431597880096012,1.2143771935579082,21.263647737418488,65.80074634446832
0,1,0.16919756968404634,44.52502714160729,61.32569819726695,3.1488687536363855,1,1,1,0.4451659113753066,-1.2085459199412514,0.3568715348055569,0,33.763695843122285,0,0,1.4683606085842698,2.5389169358365185,0,73.06829550560084,2.610559579427547,0,-0.06366649827204872,-1.7592783861507177,0,52.484208169245484,21.483369821584763,2.525175258273528,23.15697614218258,33.83854326037305
0,0,0.6579341273686233,22.701463733947453,58.98824885996415,8.167431940823297,0,1,2,0.1457575916827909,-0.04316538575540575,0.5670958270027503,0,60.14496747018255,0,1,-4.9908494660712925,0.5854084834404468,0,68.05967435973061,5.5316955309431926,0,0.30600813614618094,-0.4342965478837346,0,20.31665152523389,34.42050099593327,7.379099892751224,12.664018487786002,22.447833744082125
0,1,-1.5790673564004363,33.75507859415946,38.23697168322878,1.5037961306772898,1,0,1,0.3969799852846846,-0.6035271770821393,0.020155102601609853,1,22.18557652683807,0,1,-1.9951391024781522,5.359156188275454,1,13.006191570956979,1.6054285797908445,1,0.4711022251934728,2.072280154990649,1,75.96780830262148,10.824006759903394,-2.4681068859693642,14.571016031510005,65.27447274204921
0,1,0.8123712059682648,49.35992536572126,54.717025990010804,1.65405040960061,1,1,0,0.5114352249730115,1.4442581284277467,0.2894992229706957,0,51.6322903286367,0,1,4.0116953602238965,3.222201936145121,0,77.09248190589634,5.34903519370883,0,-1.630855265083001,-1.7083927576726659,1,24.97914295870861,13.424588687228344,8.004932935594297,21.574591112583924,32.2956887553836
1,1,-0.30082381560524885,46.45005677251281,84.12258363842814,1.7047257806214853,0,0,1,0.34662082008052647,-0.43686126986023466,0.7427416022869497,1,32.76857155783215,2,1,-7.414635006473542,3.002144022020333,1,37.34557766084792,3.256726492666059,2,-0.019742416854755387,-0.549470266485302,1,36.128227070977445,8.017591834929155,-2.9952975655759593,39.447590823228666,38.42243722909081
1,2,0.5123680375269294,48.531499358055186,52.047391730355706,1.5509232259261045,1,0,0,0.539169010061093,-1.7988596595291308,0.5019431002903565,1,28.58982129787524,2,1,9.770287072531609,9.566532271524231,0,12.270049735787785,1.8970149633324271,2,-0.9912315610245389,4.044943322389867,3,72.31303563920285,10.727831182170606,-7.640363228683285,26.92520438237615,24.005350168638987
1,0,-0.5087358754560465,24.86327979137761,69.68671543992461,4.884180961905556,0,1,1,0.15616251855456126,-0.7629595337042284,0.7912404047286434,0,49.16990554219568,3,1,8.639677350825185,1.878300835662105,0,17.112806441468116,3.461953946133253,0,0.6407465924390898,-2.172964034690759,2,35.67185706188478,34.53814530553134,3.7286991274096533,15.235076746917464,26.213353391412603
0,2,0.5510466288390095,42.795592113158726,71.3063946754731,1.6100030970636567,0,0,1,0.36972803265470344,-0.9838845262409577,0.8397265032615202,0,22.626099806445524,0,1,6.620265248488117,4.207551149620166,1,58.862667981054585,2.4545302396921587,1,-0.971860714564187,0.4995337612129899,0,42.67319529893124,5.394565179782289,-0.18601229457449087,9.19334518931364,41.5237024119194
1,1,-1.321365075184689,65.57939324787603,7.997455376366419,1.4844289860677489,1,0,0,0.9807870387638993,0.19252889979962506,0.2242714655908395,1,18.590876457736123,3,0,-2.0741830215110557,6.586123181818961,0,21.684461475797924,0.8311263343342001,1,0.3445913079529322,-0.0460271519485569,3,92.15328296532282,11.497946918108312,-8.370405758321374,17.851961964812567,59.71122202604071
1,0,0.4521378378395906,42.081489567000176,41.103600239171875,1.9661284678744284,1,1,0,0.4315246549012089,0.7416523517099836,0.5848685069638948,1,20.174834782630946,3,1,0.013745957616780657,3.1521740654131225,0,40.589343131056886,2.1088802543267016,0,-0.5835657006624162,-0.8330585025215745,1,62.43560212793291,7.706126321567739,-2.7885062283378694,16.690016498515895,22.859818074024297
1,1,0.1355455919907627,40.89960290444421,45.89451877103967,1.3894386804204872,0,0,0,0.2797623564671812,0.35537774287942436,0.4118785290665681,1,19.46341724893983,3,1,-8.709479570062548,7.121082465781726,0,27.844066568316876,2.0023770606782616,2,-0.6807447283545467,0.017780839068851823,2,62.62642117432359,12.538668329479808,-6.385366364239049,19.748948023882807,20.02508091120982
0,1,1.6278386212406177,49.88474014973074,80.40594923196005,1.9022211161658342,1,0,1,0.5370392981316647,-1.775639706053077,0.6290962957368478,0,39.13752505917221,1,1,6.210209936139147,6.522338437208926,0,33.639969496374036,2.737992872679604,1,-1.3160141353296473,2.4839732964539443,1,42.04073612080812,12.141202870709504,-3.4552622845086063,30.692400505976583,52.42684452045457
1,1,-0.4410235978684772,65.87557307264608,40.286632799213166,2.5512054232265813,1,0,0,0.9375283200848827,0.15240372624586412,0.1709248396433195,1,20.1199086099359,0,0,0.3715916530143595,4.357088308092687,1,78.19501846854865,1.798590219332195,0,0.35818691351227455,1.0583428140573705,2,67.31936068900592,25.873360648759967,-4.4615147725882505,36.614472342139074,69.60561570071408
0,0,0.6974460677226554,31.68488868987204,53.34991116546958,3.2680359207796355,0,1,1,0.24591366818802507,0.7367070357401238,0.42093272025882994,0,35.42804814531111,0,0,8.510891879994414,5.044165581345977,0,65.42048674014269,2.7044959420328794,0,-0.3936600152906151,0.13525428450127167,1,46.13861124523571,16.207675864677007,5.4609646615471235,14.102773967613222,32.29479886624829
0,1,-2.831212610856041,39.19349888919252,81.05448455583605,1.9675940033500607,1,0,1,0.6013697211393745,-1.5594220349032868,0.41677967587736225,1,29.365935774726726,1,0,-3.0233502740395535,4.538992665009126,1,16.722820058677513,2.857079185754568,0,1.7277386906575498,-0.04296442119653754,0,37.55147314286765,26.626980631977553,-2.333312913251726,34.138462059154605,51.401547022759615
1,0,0.30544039635081527,39.12772801938887,1.9529541888766766,2.2263308989865944,0,0,0,0.3377040474448574,1.8557834120604244,0.4329306749759682,1,19.881147247802986,3,0,-1.2915141053241008,1.2791962015579244,1,23.338715899809117,0.8481690864482629,2,-0.4289536605949847,-0.00406786476267547,4,95.96674114694703,10.174230667058273,-8.886034829984311,21.212949377631986,25.35231839863698
0,0,-1.8777664603018245,38.64447653366241,85.35530589589743,3.4169730570156505,1,1,2,0.49616606331185376,0.2631097700023168,0.5979371700102044,0,74.86117649476363,0,0,5.64088208632363,1.1650907217441993,1,34.44990443446142,7.492973406802955,2,1.5986824793297458,0.7579404694061607,0,11.935992738640222,33.30863806805719,8.346605488728937,36.525739086183115,69.4655066601183
1,2,-0.05118221675776479,61.54582231856277,29.025744185448332,2.234245214681186,1,0,0,0.8175386086024734,1.3565036950677438,0.7597165899613798,1,19.774186255148855,3,0,-1.3813152567394038,9.233899141421649,1,57.960190272449296,1.4281011170736857,2,-0.15077915565119956,1.3562864649842667,4,75.88988136344825,14.104558949257019,-8.198007731239027,25.915146520162843,23.66508098902817
1,1,0.7893756196956226,66.57734653352198,9.328602087927829,2.3774364397026804,1,0,0,0.9463565114921215,1.442847927410593,0.7190463270610372,1,23.82976923615592,3,0,8.587568759059803,2.9799074242235575,0,30.405804084996213,1.177631283927384,1,-0.9882736692460473,-0.11245798235301849,3,86.56976079424261,9.086632076625786,-7.77769985050626,13.489883967478582,50.73733188484345
1,0,-2.259403844809983,40.56844505823075,5.088173100474314,1.8095746482282846,1,0,0,0.5829124869954813,-0.11701976892248983,0.16628526485291995,1,17.587925925477514,1,1,-4.9242461252487635,1.5473546506547837,1,52.7286427340684,1.1016186160786672,1,1.4260230678121244,0.8475676199769823,3,89.97546738470919,22.634801928835575,-5.831621923468764,4.439148463173317,57.603422144957676
0,0,0.25172707484864526,21.014835692185542,60.269964127358996,4.728921198698331,0,1,2,0.09362868333462826,-0.2599954847292789,0.5290810815799826,0,31.49018068830646,1,0,6.032962426488954,1.4871710814358354,1,36.59142563311913,2.901592511589296,0,0.28157620869584193,0.7360475548446963,1,39.85346314362181,27.689367045299527,3.0734302049802142,3.177523256296453,25.503570640619536
0,1,0.24432022338742237,62.81219505680402,27.454087231377155,1.9346480835728292,1,1,0,0.8164749523800993,-1.0313959684895084,0.5950238113147419,0,23.627261626267583,0,1,6.823189510077018,2.575413618360504,0,47.764323586007606,2.0754142539790577,1,-0.8649629220177177,-0.1818532784877827,1,69.54513155125495,8.918596636657302,1.299403895259669,6.959280260757215,63.35447347361265
0,0,0.34240655463482284,35.77453879921842,61.54229178519878,1.8566898273211705,0,0,1,0.31720701115934397,-1.6546482313905897,0.7524691917968471,1,17.412064903368698,2,1,2.4686981836369366,1.9647493305897812,0,19.878728037097208,2.5426304539362583,1,-1.0882094742027844,-0.34330619674082946,1,54.21087030108455,9.266944391443658,-2.682088173842317,16.975094588652365,28.53019331063234
1,1,1.6170158843367222,55.82572744996172,51.70213595867853,3.553374834289184,1,1,1,0.6210039840274071,1.3531598282299822,0.8816861579867821,0,22.804503843502346,0,0,2.012518910229449,2.413694499384559,0,40.863552261840574,2.329910520045748,1,-1.1746978570192252,-0.8185541637080281,2,54.68010502587748,15.46497612006422,-4.419854587044673,25.208742289457152,29.23327234539651
0,0,0.7701894810513661,35.391544832281376,57.161382072614344,1.8574541920224108,0,1,1,0.22093583627678876,0.6412188620778615,0.4460521958004956,0,29.992392000416828,0,1,-5.964723067977405,1.043513222438234,0,9.517588599599813,3.0006361096095397,0,-1.3430888704061836,0.7979764860677291,1,48.95452829535159,11.002773919062122,-1.4830234451847204,28.15034274926002,45.32590887374833
0,1,0.5031944398474479,18.367773116424623,99.94947950976372,54.598150033144236,0,1,2,0.13428963078816913,0.621713544906794,0.9917770642001607,0,79.99999999996014,0,0,-2.2319817239041146,2.6236605356467115,0,43.42520676142347,54.598150033144236,0,1.720090317166121,-0.14306352211901116,0,4.699706046551455e-06,39.99999998627604,9.999999910443748,21.53593997025944,38.212126035723195
0,1,1.0916957962379013,27.925178690134246,88.57849433913188,3.833873907871871,0,1,2,0.19419324218961082,-0.5149875141102153,0.39044118094320107,0,77.46965670718102,0,1,-3.426647008017625,4.192227737150524,0,10.385504817053803,9.808402505829074,1,-0.45177970231573256,-0.4188458510454398,0,5.797971281876835,9.626975884811388,8.963769489098375,19.53396667827026,32.08211818417286
1,2,-0.05993262074209723,65.57355791972054,34.366575791278834,2.5165654136248703,1,0,0,0.8632334691491046,1.1554174569411468,0.6861690106377649,1,24.12092673231703,2,1,4.008249069928709,3.140716287810826,0,49.37972730583675,1.6023693823531706,0,0.13683936680249018,-0.744073257444824,3,68.1854827253389,24.7997197994197,-6.366993289711115,34.16519584199215,32.993563161103275
1,0,0.28997546986095657,53.15195659916506,16.873187268677096,2.287975634119471,1,0,0,0.6579781018170583,3.1446546697869326,0.9956729567984937,1,20.25182496246837,4,1,9.340273420489392,1.8107206288164213,0,19.457159208373472,1.310662601252108,1,-0.37299863135501626,-0.17198036413179535,4,81.59828512804106,5.486352483722623,-9.40316214476438,8.13439839004149,50.8286891053651
0,0,1.6513183615107092,59.435252136469366,30.124677711068838,2.525488946415087,1,1,0,0.5128407838568422,0.9137989889385268,0.1589215252219588,0,35.21478976232713,0,1,6.907237022915602,2.8067056282851346,0,66.01494685430642,3.3914556813200485,1,-1.0103228472775652,-0.3753137139857566,2,44.01614586198439,10.338676840151251,5.809036121744345,16.887098927454957,62.67600201922192
1,0,-0.32697078711805155,26.381527577074067,44.73113791441768,1.4665076531006316,0,0,1,0.14630289450390288,0.1919514411198026,0.7559543665835424,1,30.751562803368373,1,0,-8.006701678830332,1.2204566151722935,1,28.3528516807597,1.9184442701148514,2,-0.573693092009676,0.11026121430742375,3,65.09941095945415,16.434715469492364,-5.6312796565948675,6.992739661776255,28.02186376096228
1,2,1.2923867395299873,61.742321911273784,56.55125997508743,2.280981334617513,1,0,0,0.6706712505886843,-0.3630531209126208,0.33162325391834246,1,23.380171538718024,2,1,-8.380159536339573,14.18372784841201,0,17.70419090759777,2.3133704178757095,2,-0.96609932763727,-0.6508590849375173,2,55.94468778852768,12.810437274747088,-5.699089139011746,36.504787532251804,40.90755622185821
1,0,-0.29130575332157593,28.836399519378638,33.852451398398344,2.4772463919500587,0,0,1,0.1119828263324133,1.0766704716413174,0.30106282735662093,1,23.479006182877367,3,1,-2.09480454897594,1.7531062320595745,1,12.824619522650135,1.5480546680119833,1,0.15093753090871184,0.40878463533345966,3,60.54408945557511,16.828036651709766,-7.93825311856645,31.955146647398927,42.54411618146683
0,0,-0.009278431424481285,26.377960601058625,74.11421283101127,5.539630636605993,0,1,2,0.18703198833960472,1.535076978128032,0.3704948463607925,0,74.16841034116914,1,0,3.1349427876307256,3.509636705872264,1,52.53389470399681,9.163778397251189,0,0.43524900100708264,-1.0621728374898247,0,9.287903646624807,33.169483103690666,9.353437236114413,10.475456066336605,28.9417343384086
1,2,-0.6761823182212248,24.70987201724906,83.38313143423228,9.22143492616688,0,1,2,0.2524441177233878,-0.14316428514345703,0.47159752344828715,1,51.47327908790529,3,1,-4.694261157622686,19.61948576889377,1,16.14157425035121,3.5313860328893885,2,1.3025295995116672,-0.37202239723538316,3,56.781700642065125,38.18065382678008,-6.2734438834228925,35.721646573439045,28.83225036127894
0,0,-1.4413525626171184,37.82567280200641,36.38003823339481,2.4926957587150382,1,1,0,0.43193471587764437,-0.31505193262569237,0.26117954976069147,0,24.97430594671176,0,1,-6.991466477962513,1.8859642550632887,1,35.399644564811126,2.635670077009215,1,1.4174665299942277,0.8622847651961707,0,58.881358833823846,29.341136492407422,3.713753253340764,9.257826522411545,68.29256987082631
0,0,1.0658925111868338,29.61706819764683,55.21720201116812,3.6098586294480595,0,1,1,0.18728715636932514,-0.30275123867222914,0.28930177613837316,0,21.191985906640525,3,1,1.700503018278031,1.945545172833363,0,29.889501110421598,2.7572818901527065,1,-0.3604140045102437,-0.5647667284425484,0,51.28640642310349,14.548078347481324,0.8703590716380365,8.06845641918419,22.66699551750847
1,2,-1.7989806329847131,67.14533320604181,63.52149400743101,1.5339702732100045,1,0,0,0.9850980052241151,1.3806540242177328,0.473475004079309,1,22.334843932314467,3,0,5.012091828257091,6.716823710752814,1,36.880939021939305,2.4319165653059778,1,0.9266911285508255,-0.1362331568132859,3,53.48664280696135,14.570925343530202,-6.7726540744615,39.92061337093092,58.48640550421823
1,1,-0.8796635244399807,42.63509606836719,49.86016188785838,1.5649852365402555,1,0,1,0.4391084967120571,-0.45648623439347635,0.7330189632294689,1,24.58162262148436,1,1,2.1093907629221285,2.625271289985623,1,63.73886090865817,1.9942063695962944,0,0.6365783489356612,-0.3979173164547176,1,60.9084375401564,8.613983786866763,-4.318864488746195,13.600693582183458,47.295433389317395
1,0,-0.07049750678728313,47.600567569521104,12.927995469109065,2.2592777037732077,1,0,0,0.5193556535108593,0.8403743019601444,0.4543074488602596,1,30.82444827364901,2,1,6.126003317186385,2.4359890826844115,0,59.62362019177725,1.4014020479922418,2,-1.0349950616529016,-0.29520637803413946,3,83.42836496960817,17.42530453316675,-5.0616965047089915,1.9827373571531304,25.13721904123569
1,0,0.774829170295907,18.69523232752393,79.31272444272875,19.119276353050513,0,1,2,0.11122285307385882,-1.6209633806268957,0.72643490721542,0,65.69504587714819,1,0,-5.9852104728775934,2.136260133711803,0,33.51951771319386,5.503013538289707,2,1.2294649638309938,2.729915813959521,2,14.516378847101896,39.456111202626836,6.3050354001447,10.163689183518088,21.156606217676398
1,1,0.5343159749994595,48.756929485894396,40.75952444234483,0.44636478572433996,1,0,0,0.512277362560446,-0.6854495732821004,0.5271120042928424,1,21.351223359116688,0,1,-1.3439752634485664,4.719064273282367,0,19.073156624576622,1.92562130410657,1,-2.000520690320842,0.47352682033819127,2,60.782275317298804,10.827086436592037,-5.755402871180052,15.903817230367546,47.600316509953515
1,0,0.5083239735911044,63.08404798254928,19.022239557866317,1.6589261153995696,1,0,0,0.8830095610498068,0.9032419345262854,0.3030524426547669,1,27.092917518280615,3,1,8.287118902734044,5.627785130461461,0,59.292363242499384,1.4004145883435553,1,-1.1568603522000085,-0.4936463713569784,4,81.6920440923154,13.390569964043292,-7.835730364474715,32.79470456015992,35.306810468008784
0,2,0.5674438581031982,40.61091044892062,87.60870895962431,13.173990284187118,0,1,1,0.3689121972926279,-2.466714193879888,0.5349261449864374,0,68.29762699037533,1,1,8.713967936886995,5.025213258295207,0,28.080451053362232,6.449398010522871,1,0.6188518579668733,0.29328319821179094,0,3.4830644282032033,39.16727820372622,6.395214524368562,36.45721331049137,33.15022175627991
0,1,0.4541265921423799,28.813037776917028,79.2493015752464,2.3315637101629285,0,1,2,0.20053346872941047,-1.4075307526182628,0.7548819339710612,0,65.0215485196201,0,1,5.848209719448331,4.8104620780042495,1,45.876072273113266,5.694554365683244,1,-0.17794288020694843,1.3170868178886928,0,17.04789888470647,13.731535606728404,5.917426147410062,2.8810006253112563,57.622070303234594
0,1,1.1942143971515382,39.763802911725435,42.28917746671131,2.0058589453536797,0,1,0,0.261038668352214,-0.32867530235759707,0.2554673839529831,0,40.157631545323625,0,1,0.2679051879770107,1.9192934108351278,0,5.316762759903231,3.091098228033802,1,-0.9893120667790573,-0.25106097543532035,0,39.36839388187919,13.845235537148127,5.80788988875695,10.175461819944607,25.85688058740125
0,0,-0.4386512592453533,26.011435533320636,68.00170142115047,4.088976102869828,0,1,1,0.25261560622892626,0.05491707074349856,0.5137056457817258,0,31.378067145625643,0,0,-0.8401271935069943,1.3310532205678993,0,30.532570344736275,2.8607332697401375,1,0.6130432166427954,0.0038831509280399224,1,40.55358481339447,31.951735811039704,1.8364370501090317,19.062544670881472,32.0732998894473
1,2,0.76088912301654,49.67426590853208,24.077204722664636,3.0960076356656874,1,0,0,0.5428259241623224,0.994598093142847,0.4247761898418948,1,28.78927332200459,3,0,-1.6597727172631096,3.685350269176574,1,62.96632637682211,1.382138692912472,1,-0.40060192014794815,2.7050799442892615,3,79.77176974776619,12.599018326197005,-5.895546139556405,17.301652298392227,53.93632795856322
0,0,-0.34624271059344797,28.731326074652884,42.29999509255252,1.5899892028915874,0,0,1,0.2423868496211508,-3.340164145131307,0.3324111621996817,1,22.3718801369333,0,1,3.634297650186241,2.452460793538519,1,24.737564358098545,2.0032957293954445,0,0.049702025493873064,0.8063140471186728,0,61.366785576126816,15.429922386749524,-2.5499465397802634,7.073176751790495,34.65089381626842
1,0,-0.1496418106544197,39.55863158749382,15.400759482871695,1.8687779087103147,0,1,0,0.3236578702128827,0.1189214862108793,0.5501351998759726,0,22.10776791831654,0,1,6.977006944019028,0.9799372577648371,1,61.57408359488974,2.184662367443013,2,0.0369050640064015,-1.5280405783034032,1,72.76056099217429,14.474812617149697,-2.5422737012141186,3.945508146376482,36.326460320009375
0,0,0.02303244046006236,47.97938584105452,27.065076859121863,1.3935180259405102,0,0,0,0.3811241556030978,-0.1658295599358579,0.05235813485175772,1,19.145513566429457,2,1,4.416600536828012,2.2393711321831433,0,75.2470105822729,1.7573932009182684,0,-0.4090172614502588,-0.5119440981353891,1,72.30545235360594,10.63523707444574,-1.1379688334578937,23.306223357146813,32.98341151772653
1,0,0.05934229405801641,19.41453903692263,52.103724937331165,2.497507500488135,0,0,2,0.16588153279447865,1.2060070062844035,0.6088713927513506,0,20.989963919866284,2,1,2.6830745654663914,0.3996533101214234,1,47.18649185024971,2.2244017723182488,0,-0.498846114398469,-0.8223720417304025,2,56.57780113617649,14.86972682483338,-2.5173888841322256,10.409828820489121,42.401756337382594
1,0,-1.186944909182884,44.54556688999358,6.394136399699474,1.2457236970356642,1,0,0,0.6725154944797116,1.6406411712564768,0.6009038519658588,1,18.567796183996826,2,1,7.918239987860819,3.0291477098224684,1,34.95049117844573,1.180808504254456,0,0.1789911867975429,-0.7923214286489932,4,91.04276761054754,19.38095362405252,-8.090432156075435,2.5991011706120215,36.30053840341787
1,1,0.3709356825324283,54.47860702633122,99.99998480806251,54.598150033144236,1,1,2,0.8135726248749693,0.3349271495677199,1.0,0,79.99578009938155,0,1,2.5154424434709313,4.1185023060229495,0,30.305182157727465,28.051369868634026,0,2.8069620099997654,-0.7353687635868819,0,0.04507255392535714,39.9999978446271,0.6151631571682064,38.10990620856945,52.69357172342599
0,0,1.843561910580631,58.879037226253224,48.788490499295534,3.3596347178430195,1,0,0,0.5344620495422331,-0.6338836376750291,0.8798876890791765,1,18.60961639819575,0,1,1.3441775522746617,2.5692058328933762,0,58.23074177658417,2.5321432784283684,2,-1.0701266901981263,-1.4617900076313475,1,62.61389071256841,13.544009402210847,-0.141603493024121,5.702318125390658,50.91066790739355
0,2,-1.46018476463046,32.4021108617146,93.32410315697761,2.422940167634852,0,0,2,0.24489848128224706,-0.2927968748544218,0.48859039210640126,0,59.26961116413453,0,0,6.76167863239489,15.880937968314887,1,7.23694010528241,4.556278405176913,0,0.8760022233324082,-0.4359355922453737,0,22.838961098904537,23.47863119348002,3.3512152085474334,29.120939564406765,55.54844604088142
0,2,-0.4184486672395293,52.37142516520555,31.33213567251638,1.2831166438067576,1,1,0,0.6220473653608648,0.6718314529159101,0.10451415930422114,0,20.625206708827793,1,1,6.40421428988525,1.1699419498884809,1,47.49617003130599,2.1924696533781116,2,-0.05526949381094323,0.10266869632207222,1,60.22295771426855,11.230114275593536,5.852836648124331,17.975262275137908,65.34509905436508
1,1,0.12752845821455278,60.63964167617032,38.522933301526486,1.9939962066012726,1,0,0,0.74370437814911,0.9385414984102923,0.737393609465458,1,18.61437032625059,1,0,-7.96006796219806,2.8159808368211716,0,50.90147085384814,2.0619458409713287,0,-0.7138767951416894,-1.0474103677113944,2,64.08921570543396,10.564922412935992,-3.9936457720945695,16.80723969204525,36.07597391094721
0,2,-0.2996191161404247,68.95420709150935,35.30643863223354,2.2236516212557227,1,1,0,0.9863040884728067,0.26355235051302817,0.3265408957259184,0,23.009159014525512,1,1,-5.841558269233007,9.822059205104262,0,22.963413590891044,2.382804310259446,2,0.1512139913473862,-0.16191503709535165,1,62.48708216175388,14.414779340159694,-1.3445553118158742,26.563978567576086,69.93115119882992
1,1,-1.4247645670804814,62.409509009652844,11.384629212827713,0.5422454579178686,1,0,0,0.9218406027910921,1.0750826837151868,0.6628210847034588,1,30.898126486848597,3,1,3.5744211540510484,1.6377148106086672,1,61.65914095396198,1.1528033978897883,2,0.5552948373912415,-1.045727290633972,3,88.67525914859311,10.315434529997766,-6.460818862358088,23.71821383860803,64.81694650055319
0,0,-0.47679761502116225,23.718015883525265,70.06374349649445,3.7059240537658744,0,1,2,0.11873537287034241,-0.5150128820897615,0.4962613564492935,0,51.22976110539831,0,0,-9.523803521253228,1.8752746747407447,1,23.216726606199334,3.911741787781461,1,0.4138713196038028,0.45108353791743594,0,22.58110519769666,27.8944728428184,6.774041627070638,6.036900345589055,37.71220790915356
1,0,-1.1260442768234324,65.28029237167651,0.2119367194662991,2.175087550538057,1,1,0,0.9724966657636954,0.6014235953845554,0.11148225688131158,1,20.6255521848423,4,1,0.9324451383045744,0.8147503987588977,1,6.346017116929312,0.8022498665496788,2,0.5880605178539726,0.4601596435743803,3,97.9760783599533,12.160899456692249,-7.719330291914746,7.977009256371012,69.66639696435672
1,0,-0.2719919632215532,38.424277685955715,35.40611140215961,2.0083171537359052,0,0,0,0.2305896460446346,-1.1531171195391459,0.6656279503542051,1,21.983808047884867,3,0,7.166392677605323,1.8846397868523745,0,42.35595762396589,1.6426761914073182,0,0.03631923400513254,1.8669252647452355,2,77.18936656571971,13.976111013809572,-7.142186647625084,9.153829549302001,26.96474041107997
0,0,-0.06958519080430779,40.69793343423021,76.00442035713738,2.236583083553384,0,1,1,0.27465994123313603,-0.25869366022259593,0.5284296224459598,0,54.98573464422073,0,0,7.049005530104026,0.5948946471447706,1,60.147454205687055,4.515189885896826,2,-0.07942073743519776,-1.5475237626263747,1,23.415082998129478,12.111758346353216,5.640336681198432,11.0654150814641,68.07968534400615
1,0,-0.3265173744621189,31.36608717223557,67.66116275043926,4.893883970831697,0,0,1,0.35287952224538166,0.42303609330852615,0.5223654531944578,1,19.6890308678555,2,1,0.6539817538181261,2.9695042329758126,1,37.107805800809444,2.587427376714868,1,0.6048237093190659,-0.34663004528682007,2,48.89479010845598,30.340989279751103,-4.895172244542864,23.45441639859682,40.863551100268545
0,2,-1.1089248125160696,53.99023186743086,92.58784180491126,2.8061713454211596,1,0,1,0.7252194720615843,0.6754338322562896,0.5385544703928586,0,53.21737084528826,1,1,-3.318240106721495,10.773698458889582,1,62.38829914263362,4.723487613955603,0,0.6234901290411684,-0.6674498611364862,2,24.024288706399904,29.35172815897427,-0.7185404283015622,36.56117479038283,64.43525980927545
1,0,-0.44329845816553975,27.169906677148624,21.895390933647825,2.2582938681600866,0,1,1,0.11876510068245216,-1.0833919746405276,0.24587643472456383,0,21.85614440335386,1,0,-5.337338653640774,0.9749558130742877,1,32.8627847237318,2.1642591470814256,2,0.9893327964930794,-1.1997461283130666,0,65.5690748404002,31.95176320455751,2.036028722936461,3.1248006684990015,33.222970670836396
0,1,-0.5854042234622002,44.663380706463485,64.34879174521542,1.4041071487863594,1,0,1,0.6565671726611793,0.640142380588654,0.3814185713192696,1,21.33246610667682,1,1,3.572008619891051,9.979693429140282,1,43.74013049725814,2.2746280789760958,0,0.08693466481885587,-1.1063941430457396,0,50.999104573019984,10.17904629426507,3.00163813204078,14.939732690770944,51.64957584838211
1,2,-0.188470682482851,57.93275912211905,59.53231833458092,1.680663708049887,1,1,0,0.7672278111058435,0.36542994329404843,0.4549059231306962,1,22.582689568399815,3,1,6.910592607400385,4.907795239249595,0,21.933349200219556,2.7471909502858587,0,-0.47835313667372453,-2.7797611096533053,2,48.41989533271611,7.396604972582779,-1.0446257852394005,36.13395746727771,33.95276229452989
0,1,1.0682124653561627,53.35021001039001,38.92646735049271,2.116455254831899,1,1,0,0.5130516624540207,-0.1817359261194378,0.7883666899051427,0,27.301474313857277,0,1,-4.5753639921075955,6.171630200658302,1,59.511299526874325,2.7582851340662566,2,-0.8451149075147161,-0.24155769564659943,0,53.767548075708994,13.539558238533136,2.2954650561953365,5.608231392429188,25.03002422284952
1,0,0.195974180401983,38.03643702334347,35.09747209524603,1.9095403086574694,0,0,0,0.2618053071098159,-0.7059254423168738,0.6469688392599455,1,19.762143241742038,1,1,2.7032637627078024,0.8611152204095023,0,23.82290009750127,1.757096276873246,1,0.33692629286893483,0.6949739392809001,1,69.2394114401178,11.655851912972267,-4.715848293804057,12.251232398334215,30.333081363773722
1,2,2.2797378677468143,69.64049072235555,24.94946029837714,1.6260425040907702,1,0,0,0.9784533688188815,0.5799448619993449,0.025869836888137154,1,21.771697348162583,1,1,1.824327743461005,8.992586670040419,0,11.592812931717567,1.3883502063420905,1,-2.0419988158254174,-0.14737420539560767,0,89.73341419330472,12.881641867015542,-3.9908427973493854,37.774219009252285,62.21373126405859
1,0,2.4836124202751453,60.255172911018725,42.06783599834515,1.4569116362817018,0,0,0,0.41473582006946386,0.28720383397331206,0.6207749005485615,1,24.392677150066113,3,1,9.891705388516744,2.977872608957325,0,76.24351136613473,1.7101837660138717,1,-1.862110627161885,0.8486460343121628,2,73.49274306703984,7.152103574233674,-5.6247408858022165,26.62617157011657,32.40863356180815
0,1,1.0566097017335276,48.62861564366695,61.84080399154005,2.234431536026406,0,1,0,0.293857987777157,0.7647632994795517,0.885606245344134,0,30.415437107743855,0,0,-2.3570375727024597,3.5250537026233064,0,32.89193223033295,3.0488043812872094,0,-1.3196335748150692,-0.3711087167108052,1,40.759410736095546,7.063840854340526,-0.4263915493319175,16.842794393705105,45.05243762596173
0,0,1.2883965278576126,18.507914151538195,62.21172135219638,6.920341953237724,0,1,2,0.07759188003928236,0.29676848598539507,0.534200987425049,0,65.72486963030487,0,0,6.269957122809203,1.2169625182991588,1,2.7770099372341805,5.9829451218947876,0,0.20960816373240207,-0.6392498426530376,0,20.273513888047805,30.897360846926873,7.842098110875888,4.090376882039362,26.059851782016185
1,2,-0.8501891918738684,41.21653842852929,98.51417785027074,6.411036862336436,0,1,2,0.3056997795587536,-0.910883449423955,0.4268570489039889,0,66.66149231613666,0,0,0.770651560313496,6.95654616644657,1,24.480090488343226,6.411121621058826,0,1.0311222538909808,0.5503927249162585,2,9.234357183342167,35.0302862355589,0.3043205453933382,39.999890190780995,32.322022252771234
0,0,0.846655228303861,43.444870950874915,64.5575161014703,2.3279287448844608,1,0,1,0.47184194451104733,-0.9697431213592179,0.9467428043712306,0,27.160522452958958,2,0,-8.227306417370249,1.5986964736828149,1,37.39010934717561,2.869187848474737,0,-0.7051787652872319,-2.2397757780496526,0,46.92047520620575,11.055922030118243,-1.4095667816880066,7.464724879491474,62.33202711542195
1,0,2.4508412796608052,50.0937238448058,34.448645910258726,2.442254083499695,0,0,0,0.3013759751230662,-0.18931136107139787,0.4014922494841068,1,20.352911365401077,1,1,9.810566304030502,1.6047134361107063,0,36.83209706272556,1.3765619903003126,1,-2.309885253164997,2.97147417971375,3,81.01284707834677,11.347869127146282,-6.871120458379991,12.14320127617393,38.50717939120796
0,1,-1.0394762020148074,21.54358833876955,98.67532866998882,12.959071364843357,0,1,2,0.05576612633597339,0.1896477094659686,0.5534165077476528,0,79.95214426539957,0,1,-9.050414841156556,4.755075567486525,1,7.218442424428626,23.343222534723157,0,2.033683417029045,-0.22939360699041716,0,0.33395000737881375,39.569344420124885,9.90756046211338,23.797968703700676,55.51307155696988
1,1,0.9963408098058306,23.430486799717002,66.8551600794201,2.4310674030115127,0,0,2,0.1375508258266338,-0.14060192038722782,0.5354896433686095,1,28.26895558138262,1,0,8.65973711951591,4.585940436903063,1,1.84868074922933,2.9488419542389535,0,-1.0356882725392098,-0.1377370951428841,1,47.278483965582296,8.162259425982745,-2.55906546763738,11.04046360301652,25.588239343922943
1,0,0.3673255707903834,30.704796430491868,42.829359223223186,1.7800502249639687,0,0,1,0.15229382692022592,-0.42296668861991615,0.7778545680223883,1,24.000128460880397,2,1,4.239398884381529,1.9227884273265932,1,37.01260173947099,2.4598111775132727,2,-0.9283858640416323,-0.39722751923747884,3,62.933853887471756,7.678565311258114,-5.147289933711948,12.389608996904576,45.58713586931043
1,1,1.4279143282452667,61.166846643660094,32.22281210539681,2.0598772591280965,1,0,0,0.8200375738997336,-0.5542664242060809,0.14565155698384163,1,20.620465984421497,1,0,-8.583916837778785,3.4722522063735064,0,43.70756634638364,1.9185739494149705,2,-0.8525856662909379,-0.5341588621295386,3,70.00954004985786,9.001555217173813,-3.800166586302356,18.883118372228733,40.825991109274895
1,2,-0.19856309094634184,49.19720701552143,42.43419640999754,1.7457766909946308,1,1,0,0.5979173449470392,-0.5459165486222713,0.542139148632075,0,21.31171953591152,0,1,-9.521845830312856,2.978068417709829,1,34.301315920035094,2.6739465733966776,2,-0.404867288583309,-0.25557533779226366,1,55.5407543685172,8.48004621675588,0.5903121265776416,14.356039687483811,49.94766497952496
0,0,0.6735119901343161,47.40117371163594,33.12043832669559,0.9789117999728177,1,0,0,0.5253950888529149,-0.5225869594624148,0.5509919325561209,1,16.900967424671038,2,1,8.657636507369425,4.604032226764027,0,8.564907014730029,1.5823392800922518,0,-1.1792093765627514,1.9696624750787517,1,73.19790381839006,13.36142334960801,-3.118696631183873,3.3003340200414777,41.656669308969136
1,2,0.49629142361378503,58.40409646889715,30.040095578117615,2.2605109194817916,1,0,0,0.7557048615661359,3.0150114197373243,0.31923203572041137,1,22.43352753032344,2,0,7.587893367865977,5.45712539632436,0,2.198220578303336,1.7952675755589993,0,0.591904243320377,-0.6934965640339882,2,70.70398583252488,5.806313871471014,-5.021709351832388,29.076288134070776,52.91873381539686
1,2,-0.1974214221390157,58.775650681071625,71.5273410945157,1.6798018864507875,1,1,0,0.742001726709079,-1.705269345195164,0.7129835630523321,0,33.33590366372371,0,1,-6.6771528150491015,4.813184163690406,0,48.77979526789825,2.395178974633479,0,0.05432236306767985,0.0996077690778713,0,41.65948382594833,9.672859144182453,-2.913124274736269,35.87001704572699,31.652782727772863
0,0,-1.5020757521174748,22.03444017947696,70.8949047005243,1.79228491149485,0,1,2,0.1517568866107985,-0.6353215388166237,0.6287071011883862,0,43.25243218275877,0,0,7.446276288899178,1.0915485501392277,1,14.272923203059115,3.5797260444872165,1,0.6099770974715341,-0.04531947034161958,0,38.528335175959846,14.438574482796081,2.1178199713669255,5.647920224522562,65.47273224459656
1,2,-0.690570532099235,38.17991058345974,37.28485184904665,2.435759866915742,0,0,0,0.34925210914862864,0.264873241618332,0.12235014376799491,1,20.37361823456478,2,0,-1.3140212447107142,4.291640006997592,1,3.4960113105736967,2.2328445395520946,0,0.4178365124487222,1.4111079220251084,3,67.06993611409307,15.116514851166443,-3.6708449984265297,24.11479463182435,42.9361209055165
1,1,1.429090087266389,61.48210345277798,27.758444594809507,3.693168936079261,1,1,0,0.7964521599717311,0.20809070891824294,0.23491199883035346,0,19.451637174659346,1,0,1.1547405222444738,3.80636931194617,0,29.712134998731,3.0262935784381573,2,-0.8041264935043743,0.8028903924001648,1,69.58006324195264,8.71092316033886,3.3377942224359174,21.319744957606602,59.52004686080299
1,2,0.05363458752006048,65.24267325938575,13.801855996032508,1.818200867342291,1,0,0,0.9150126663835119,0.27916279098853136,0.33636914396960516,1,23.40472149760486,4,1,7.317093971503343,4.777671024810779,0,33.326767798144516,1.241326929714573,2,0.6187609966641512,-0.3721587508594788,4,81.62482042414916,16.861372341500058,-5.884188032826888,34.65872323802478,31.6655404037769
0,1,-0.5055049512772558,32.28161264720861,86.78816310930222,1.4170210048292462,0,0,1,0.32541135613012545,0.4923595539885895,0.7353380773239684,1,43.98758854882378,1,1,-8.358010691733188,3.436880230444092,1,1.5715392556348107,4.070516789315587,1,0.3443066499048765,-0.43210953440269595,0,31.002914471055735,10.00382127156174,-0.5899838748627069,23.676645966630907,63.32147017372623
1,0,-1.107573218725382,66.13890363639408,18.03293978285202,1.739673750755272,1,0,0,0.9769909769549654,-0.16320844678574936,0.7991808160045359,1,22.919377553688008,2,1,-1.998731114101444,0.6537910768622686,0,57.81093162168892,1.2189050771710208,1,0.33158437273684105,-0.18985230221557817,3,84.03116393494865,16.025655400254585,-4.027989890570839,20.36561404698419,69.26507237937747
0,0,1.3243765755438504,22.815005514724398,79.27219838491088,2.7074242471221193,0,1,2,0.1459582827780332,-0.13584649761446285,0.7182787716282137,0,68.2943869590317,1,1,-2.562563019013253,1.0910126345571003,0,0.6423935735961894,5.242975364757576,1,-1.015542827876539,-0.8747806971154614,0,28.48125268227276,10.114309141935873,6.330799334204656,2.2022458392028565,53.40901399063208
0,2,-0.9768467732753955,54.32748604764656,98.64341648075343,5.261749295649868,1,1,2,0.7648599594683352,0.8397521587731225,0.6378581883605396,0,79.99573712253766,0,0,-2.0868354148756074,19.092036531767715,0,19.64779978499166,28.75910042715865,1,0.9139590878309236,-1.5405170104155668,0,0.05592428765138213,38.01149024071455,9.922095161131786,39.95240658273477,49.97404842782254
1,1,-1.2883033453844208,64.42835501877198,7.429596361004576,2.157450105684331,1,0,0,0.973191731447208,1.9696106525354122,0.35866009310286906,1,23.320532302979444,4,0,-8.900780589581283,2.178025279664401,1,67.72748754248896,1.133972682447285,1,0.8174406855587577,-0.13068108268766665,4,88.51294621454397,20.168735119548504,-7.155892669043412,31.3854422864567,34.117807250780594
0,0,-2.3415763971284895,33.27050198223502,79.33024473985203,3.157821894240022,1,1,1,0.3632281923560753,0.9797626296217686,0.8664453581574592,0,46.85377998047273,0,0,-5.398802262940694,1.7461654388546555,1,79.17036604467141,4.224794548509303,0,2.0800831409141853,-1.012643521738694,0,27.926412269495177,32.260055363377376,3.0071816745534363,12.560804997954929,63.71912411535439
1,0,0.8075469874948001,56.807545557603675,16.677001648662394,2.0941939345938154,0,0,0,0.5471582966595728,-0.07422582257466631,0.5180846788469231,1,21.906604878728704,0,1,-3.3234854869742145,3.1149242816243152,0,73.70340913160996,1.3484736780407496,2,-0.6054544723755476,-1.8857953240416059,3,84.22129800909141,13.142900317117121,-2.6868511068960244,5.639564906085641,28.26690597740657
0,0,-0.14786866611885188,54.001644507588225,42.5370431463988,2.2981633026061004,1,1,0,0.7104953057061616,0.9549854189702138,0.3698375590484392,0,32.31005028686285,0,1,-3.0166573335646687,2.7061454232177837,0,53.29847531254359,2.979392863140401,0,0.5938416901800204,0.24344937325918561,0,46.165642407332406,10.23636691751002,5.430645966239355,13.104875628857947,60.55149844638133
1,0,0.9834531043376457,36.21318060885886,15.568402713421726,1.2183558294965808,0,1,0,0.24482317556052485,-2.5235132957311546,0.4598470872276255,0,20.98992484018818,2,1,-9.584017932370543,0.7755366416842058,1,67.60203934394565,1.3531348329199449,2,-1.9715793362264353,0.27377914874231424,1,76.28290058258122,12.666207144128956,-1.5588749543012828,5.567196200936346,25.719496699879638
0,0,0.7735522294678661,48.26927767916942,30.542644855070968,2.221783883506889,1,0,0,0.4507110575053896,-1.5608624864702798,0.5037976536060329,1,18.417908310349137,1,1,9.960733653810479,1.7473161807444275,0,54.72225057749516,1.7460777908588263,0,-0.15200306603157354,0.5814286846991789,2,76.3446165411919,12.515944937670882,-4.20335501574796,8.54074287017523,44.75681531365136
0,2,0.7434513792965721,23.017685197284255,99.28832793959435,48.3913679981718,0,1,2,0.11931132709190956,0.6158131531151634,0.6301023430539415,0,79.99999569002185,0,1,6.800517297460626,10.037401143534312,0,21.819513649040346,54.598150033144236,0,1.6333072216657276,1.3219893105363052,0,0.001546028930704546,39.98784815988496,9.999964658740076,27.488268289164246,25.58554542282024
1,1,-0.25561029131548174,52.132383451006646,30.103869076065564,1.775489912770156,1,0,0,0.6793962817191342,1.369830909071214,0.5193705226312954,0,17.734226246473842,1,1,4.773434704935735,5.363325521400309,1,31.621861734243094,1.7169307145739714,0,-1.4097401594859293,-0.2507601828475246,2,70.58319039861651,4.087347462798561,-3.612026777007264,4.304008634517256,52.84858449113997
0,1,-0.7351766859949053,31.64365743082061,64.27535385037831,2.2288453460368487,0,1,1,0.22511496607501158,0.06881147123002213,0.6128083514497329,0,67.01880707215543,0,0,7.874033308535065,2.6620217772536923,1,29.23752425725705,6.233129152908823,1,0.3744860641684847,1.0942247222804231,0,17.615549680365778,17.153657707220628,8.133467516350095,9.224965733166975,39.16007248535682
0,0,1.3618706437814316,60.61967261941687,80.49868476001669,0.6749620606366861,1,0,1,0.7642471713798864,0.29523670646347333,0.872652678037088,1,26.256414347992376,1,1,9.787305054662617,1.1844631673287758,0,44.46664090007579,3.0473810103244077,0,-2.618910806426688,1.145977664088945,1,38.9418615456872,10.850951149388807,-3.213877816869905,36.575455795197975,44.337406990529395
1,0,0.7113413742150656,58.48694475820561,8.004150363663449,2.4465452816095454,1,0,0,0.7397746956526995,1.6028826127602778,0.42836578729121166,1,19.615312426709124,3,1,-1.4676733585013366,5.1430923137592695,0,74.28089449050644,1.315238058069983,0,-1.0668298084537535,0.04691279466781661,2,87.7012320271334,12.211090471541564,-4.910992450168681,18.466717893429934,30.523118920159217
0,2,1.5060436041647882,31.52140381086887,88.93075208581843,7.844164427080328,0,1,2,0.18515717012863153,0.344792238547933,0.2964373414940672,0,79.7476369256257,0,1,8.942766273984201,5.059090541508133,0,52.54606362216058,15.987456531891644,0,-1.6714639557880484,-0.7929614704554017,0,1.2754584752877385,32.80561077482455,9.935076451892531,18.432272484218903,30.944495743399468
1,2,0.6858344712319903,47.407966317547746,48.85341461861325,2.0224220411907234,1,1,0,0.4905614302163211,-0.32834180053847595,0.6621018036411491,0,19.08768583767359,3,1,-1.361604402965984,4.211878287467191,1,64.91148271447227,2.4406153632245298,2,-0.9427452282307106,-0.4347649779188718,1,52.40227925052221,11.345057869842261,-2.65252043493863,18.438258836217873,26.119937390711215
0,0,0.2162866391944465,35.197625341035845,3.8083046475524576,1.6097997996280224,0,0,0,0.31019296175964395,-1.6023590595127835,0.0026814447509900807,1,23.650344336107967,1,1,-6.491571248253659,1.023667737954218,0,67.26962439262942,1.013250941867724,0,-0.4992053122097001,-0.04114367293797651,1,90.8551376924217,11.754598752825896,-1.5905768402153697,2.776500808466178,26.66800128285493
0,2,-0.1224812418251366,23.878979610096064,82.39418479262812,2.0126464227145098,0,0,2,0.26033510383014435,-1.8623431663660548,0.5495301659176135,1,40.40911835879908,3,1,-4.04352564449346,2.376536928784704,1,26.938548023965147,3.4936976899630463,0,0.18033685106710245,0.48135651039484795,1,36.78374541178783,10.234063540395425,-1.1911849664435916,22.46912335808021,50.03070518544025
0,0,0.4701284771353103,56.88440118017854,25.34672150740268,2.2024379384394783,1,1,0,0.7805651586338889,0.2987275813364606,0.40224871799908724,0,23.424596430120886,1,0,-4.508517592490994,0.94146630800551,0,52.1563233354741,2.154574318899026,0,0.2786978363304229,-0.25512801807886804,0,68.10679545273781,10.027388433452344,1.6806606347265625,8.468074193414203,66.27897258985593
0,1,2.7068249283095414,69.04625419907987,16.71774113989832,1.541689006916769,1,0,0,0.9624010075348282,-0.12568118095977715,0.5047499930950429,1,21.365595722487107,0,1,0.7324444320828611,3.7717614407053626,0,49.043836740502265,1.2201914013044826,0,-2.075844049548884,-0.5418277901379421,1,89.15596084609973,11.691832817081096,-2.207846756735724,12.832928683128761,68.9558961558698
1,2,-0.42741801803977486,69.56138017107389,1.4551752446486932,2.764837920978772,1,0,0,0.9971580578459323,5.199385527635701,0.5789397334130918,1,20.72960839296201,3,0,-0.7311275517293208,2.8937432934001865,0,65.96834505152441,0.8368660519524898,0,0.8558142260002841,-0.883965738039664,4,95.40464896276602,24.848883082837318,-7.828903036389212,14.147939487906502,25.010877971558642
0,1,0.4021335750359619,25.463776517074827,84.89739636526086,13.145523586124993,0,1,2,0.26327472579891004,-1.9685699982773996,0.49371396021915953,0,68.32340446956175,2,0,-5.862910660203031,4.609110715792102,0,31.655157951425448,5.474088544585421,0,1.457722275403523,0.8838925375740161,0,14.793461420936731,38.87525243700178,6.399459603169241,15.451037222029626,20.15767107769561
0,2,-2.127337943541274,25.613381881698835,96.89426186273167,3.7760302863439765,0,1,2,0.2236722304533224,-1.0869044114607511,0.6953441023221746,0,78.4105295689608,0,0,-5.872012558389069,7.236105271580005,1,9.477998823890399,9.906068282881243,2,1.6000032019468042,-0.9117083651309585,0,3.7751169322227662,35.779759294352814,8.664514762729244,27.73415640449866,60.719549296869125
0,0,-0.009771467869713496,25.197927063862217,59.03737823005676,3.913917394644131,0,1,1,0.14998409074232233,-0.18753796613221854,0.25662023404721146,0,57.11732075291012,0,0,3.605688035636378,1.3558140409302974,0,26.758490324880306,4.592508426383429,0,0.15038263267223678,-0.2992219001131074,0,26.62688197874309,25.283425471039322,8.275538897622514,13.791474165903088,21.233148421183024
1,1,-1.9239177112673984,31.35008572760512,41.88813719027316,1.70001950280514,0,0,1,0.26118158578203093,-0.15802897994649556,0.4259066834266002,1,21.914852328905702,2,0,-2.5192303201435156,3.5953489660688174,1,4.842473353747789,1.7563731613075533,1,0.9426685217390705,-1.0873376610150272,1,65.13897144627295,19.373940860898227,-4.786661286253169,11.105786827103007,67.93558120196708
0,1,0.06667972183540193,52.452150607234294,70.20459189615673,1.9154088023275073,1,0,1,0.5142559558254971,-1.3598155810811658,0.9365194302109412,1,21.439147854582366,3,1,9.552483506176603,1.9037610375572012,0,46.31771643804788,2.16368428460151,0,-0.809230373411718,1.0984437114139058,0,48.02222968446763,11.561212849981333,-2.669780518501849,20.33927755537208,52.16844615528131
0,2,-2.6093605675316853,63.10635328715745,38.89096871736868,1.8675806248541251,1,1,0,0.9729011045128699,-1.0368548582264927,0.06670394806666213,0,25.504832974259966,1,0,6.770762444719647,3.129993902101021,1,27.986122637258415,2.2324319081582686,1,0.4871576747351749,0.29082317569597926,0,59.58196474565602,20.925610661606385,2.8684976088981013,28.935413857162963,68.48437825893834
0,1,0.4400508617981739,24.028153876625957,97.76061111961279,28.130034350311057,0,1,2,0.3130937041968243,-0.5831842586652268,0.8744805065272436,0,79.96402638893008,1,0,5.157826148253353,4.350958873528225,1,43.624468141444495,21.886476674101083,0,0.6816362892185379,-0.21584261423132706,0,0.37301992892476155,39.96802108556032,9.813476259568642,30.16853855749487,25.231182213203347
0,0,0.43046346147591746,36.464636744823224,75.2193519721987,2.762632549340794,0,1,1,0.2382422938201939,-1.0912768027199515,0.28117928438395134,0,45.834227905137055,0,0,-4.92637992325089,3.7198995790980365,0,27.36551348247787,4.415328548048423,0,-0.3011233019729078,-1.0290045050038528,0,30.413004074409294,18.042512477626943,5.160833064231145,23.262935520913146,41.08670333910324
0,0,-1.3840726360691047,41.35258862006021,67.30015389422303,2.305180910817963,1,1,1,0.4742180996924968,1.336502432380946,0.734439760931022,0,42.237148514316026,0,1,6.109627457877384,3.748546452166249,0,50.487728727187985,3.9880728233738774,0,0.0012878124033150293,0.5807119650329787,1,35.894010465160534,18.316732552760836,4.075108672942884,11.125148307089123,54.190729533146246
0,1,-1.8597132394012812,39.56535862668661,49.80677718061759,2.1941285562118207,1,0,1,0.5156859153986662,-0.895386247448296,0.6018619213049392,1,33.10628356404904,0,0,1.4548073723311177,1.7811092009297522,1,9.086211590637859,2.4053372674085356,1,0.8566454098116998,-0.30824707614999936,1,57.75131972291888,26.841909341583467,-0.6454095110149431,9.206116702073095,69.60536364464582
0,0,-0.16220418967991776,18.20250070593333,75.31598614281562,11.098697994971397,0,1,2,0.10265519795777539,-1.257338946567665,0.7665234463693069,0,70.1572484732408,0,1,1.1551797338420187,2.313283962014647,1,8.06510543423923,6.668261321262656,0,1.104608612043581,-0.514627058813064,1,10.67977920702335,38.644370220706456,5.701394396265055,3.6414822901744293,40.02254650084323
1,1,1.0266776406956526,44.70493317298991,57.543160029736605,1.8677784583712216,0,0,0,0.3017961681277599,1.3041846661730052,0.9382983632265678,1,25.604837075327893,2,1,-6.306956247288335,2.0490287985927353,0,55.71251603676066,2.653752193614522,0,-1.085604284354654,-0.19935837965517866,1,52.50116985597859,11.182886519590724,-3.912470054264494,15.124009090170603,26.181552384559772
1,1,-4.106743634640724,41.51503422550822,39.07161788864367,2.3096065566145154,1,0,0,0.6887928378683653,0.9047888723183533,0.24829655193977623,1,24.325872303736116,3,0,7.782984619880139,4.171223733079947,1,62.201246243424904,1.879018859529318,0,2.2387807321409166,0.37373294099570564,3,64.04011473339035,36.080944525883154,-4.023564577560313,22.767538804489934,66.53818113124208
0,0,1.5521845594182748,64.07004632607577,24.339438821407704,1.9073071138186262,1,1,0,0.8282334649531411,0.8611246193129813,0.5983443352060661,0,26.154814129313984,0,1,5.7876725059095,0.8210249689288986,0,73.30054403817138,2.528596009543437,0,-1.2606984980325873,-0.3906394323883354,0,47.059494266178454,10.851608662694725,7.2550012727960755,5.3917542651036365,64.4504843548076
0,1,-0.7338385253972579,27.76114974152454,77.6463844350175,3.3146501860778455,0,1,2,0.19819215901090942,-0.3835702283123671,0.27317890794199806,0,52.7335200301124,0,0,0.495230471447881,3.3036382919143374,1,18.7076816822521,3.720856371301319,0,0.6144922379346249,-0.7979471180344054,0,32.606510673441534,26.620849235025837,1.1750178565360851,28.870599049759548,34.72134641207215
0,0,0.1267890498695639,29.32475787363479,75.02038020305409,4.6252197564995265,0,1,2,0.24801645145601842,-0.21173162754819191,0.33544988638133066,0,41.64768162654316,2,1,-0.23516644270268472,4.177545767744183,0,21.8086706553921,3.4543078805824248,0,0.3937235589451414,-1.3533984773933374,1,33.07487099203017,32.87876002677335,-0.42492315183813645,27.77696810988941,27.736788976627885
0,0,0.4269856346765367,24.417718210469417,90.87610839170121,6.728394086940392,0,1,2,0.13544995177876334,-0.9334682418430493,0.9197340714147987,0,60.7247297279026,1,1,-2.1925742784606044,0.794820723456028,0,13.241870532657325,4.902052499750592,1,0.33587971252221,0.6308995030151321,0,14.444209103512517,37.0148951820267,3.9538619619879523,31.39013283524867,55.10755771284508
1,1,0.6304536362038342,49.02378197172759,41.901287644216985,1.9091546315032317,0,1,1,0.40143300769957535,-0.4636543982834268,0.39821830713277834,0,21.896736696445863,1,1,1.3952748839261666,5.370494065400292,0,47.846379355140904,2.2433542987266057,0,-0.07034348281216515,-0.6037497167156178,2,59.40909066157527,8.217214241421766,-2.4376224169605205,12.637260030743324,28.55618971762486
1,0,0.5752511600969173,49.963487786530514,1.6447867203121913,1.9680550286601524,1,0,0,0.5781813352367849,1.1945702370198086,0.4285686789933617,1,19.460426508622042,3,1,-3.969181621151497,0.5873656524564497,0,55.236824419944256,0.7239700707680332,0,-0.9881910401686912,0.8514010863598037,3,96.42510447984533,12.703633349956256,-8.149326585861392,3.145013076922931,29.658375866522967
1,2,0.12286601184452424,52.871917486708824,54.08165067900435,2.001128811854991,1,1,0,0.5597692961497329,-0.8532112244477515,0.7524396870190084,0,25.879509967458873,3,0,0.1747823082059341,2.7416759947392686,1,24.593843384595587,2.8222777537768615,2,-0.4149960565143819,-0.23547287755971386,1,44.468380419266744,14.38881777593842,-1.5374080250108424,30.95347563579553,27.9084602415075
0,0,-0.5442191806295902,34.772848604192134,58.09471701216498,1.870530952940663,0,1,1,0.1564462345261925,1.132628436531865,0.4620785043687325,0,67.49665744789935,0,1,6.142825288746806,1.4424428538888285,1,59.23025399463092,5.718119262065056,0,0.16390432716594638,-0.6552255859608447,0,17.509769092660743,13.983717695586076,8.043747070864121,20.049077892773663,45.606728565895004
0,1,0.07176386925568004,29.425375310425835,74.42248101930903,3.7254148638460354,0,0,1,0.2768127878283493,-1.4299411512586977,0.43287199612571137,1,25.475317513401563,3,0,0.27231559711852604,3.1997519876798126,1,26.541713332216528,2.6724906287991335,1,-0.40548483630784926,0.14142190380530775,2,45.399946398165035,24.1806635944575,-3.014287689459678,26.56414189971838,26.609953635929116
1,1,0.11080522685176186,51.43825782896685,26.4477722335271,2.1727427379604887,1,1,0,0.756656125073067,1.6659159385649884,0.6224410333262915,1,22.065628418955193,2,1,-2.9476307323693423,4.295460328825713,0,37.190409509816874,1.7736544663100582,0,-0.6663395988945695,0.3992737831164752,3,69.93599961317807,12.556902942644905,-6.421090237611998,15.669209793876075,25.008442076917717
0,0,0.8302528162235189,32.146623467506735,21.99304950676423,2.1833315562082034,0,1,0,0.30684526018454555,0.6550023164177136,0.16296232600937077,0,21.46131577594824,0,1,-8.85205163605671,1.7363590209132598,1,78.86742219986414,2.2485239607947114,0,-0.2469922512510814,-0.7615753545581178,0,55.00508166097426,11.612872627336175,5.766128409141915,2.7941921491548127,37.45105776204868
0,0,-2.0277055680401643,30.475928357370545,39.05087615185893,2.046239747015208,0,0,1,0.2626243176535341,-1.0378050490311657,0.5542908769464596,1,19.28835013340986,2,1,8.352013024649082,0.8722003299936385,1,76.46439593856853,1.8520002978429655,0,1.3280544389179523,-0.3182976314922113,1,66.36465531011422,20.883253550376075,-1.8069271281393071,27.132201763074015,46.09958524799035
1,0,-0.39317954304341646,51.4068020326327,4.21256794038119,1.3745045094954143,1,0,0,0.6105878428588529,0.8156144350154467,0.44156644860183714,1,19.711564520204288,2,1,0.38555655346694984,5.186563287997342,1,72.24771823249284,1.0963822607445017,2,-0.3002250333613362,-0.43623251939937185,3,92.54594002856426,9.580099166246317,-7.289205927120586,8.31909991995212,24.759731702707096
1,2,-0.2844323469961429,57.99236192689579,48.293860854291594,1.981777805033531,1,1,0,0.8247550814838196,0.7291878423718506,0.2261128658636231,0,37.491339753230584,2,0,-1.8096672034673595,6.67447499988381,0,58.03213786252996,2.2823300792952024,1,0.025917753857689466,0.04948577091953248,1,54.50572422608868,14.376015075901174,-2.766790114704567,32.61527360375701,29.206882153707447
0,0,-0.03614926728652183,28.83860634580973,47.023328158040414,2.7354918911498363,0,1,1,0.17966777828739933,-0.48812507924074117,0.09672518246783463,0,26.15508364199799,0,0,-2.019402065752887,2.7978336577922636,0,33.80589448075892,2.7845558058825177,0,0.3430955469975989,-0.6918215699113558,0,48.73928082743344,12.391576154877146,3.3228225979892194,15.75975165170113,19.835601161370448
1,0,1.451572361183669,59.53213034243038,7.4071606410979705,1.929092597570344,1,0,0,0.7702993134624685,0.4772553839241095,0.5755243137252507,1,21.312609394178303,3,1,-7.348540397645494,1.4748242130108944,0,68.64324138433449,0.9455367023417036,2,-0.6540670425253072,1.2170700663551361,3,90.11076926414239,10.387762663987221,-7.162180425148117,9.807605671100166,22.260751378074843
1,1,-0.9274299062859318,20.06804830001455,75.7412212027438,3.746419793519048,0,0,2,0.1143138869649874,0.487346259532203,0.683304488784244,1,23.79946035301704,3,1,-1.0325829232987171,1.3939319373717143,1,5.570098519399824,2.445399715351367,2,-0.042709320963461195,0.14365358757257374,2,44.20422725233103,30.598222533301225,-4.761114550111099,33.58294727349865,32.9189106406028
1,0,0.23932038681087947,52.002466616473406,2.1135862565273222,2.322941244836763,1,0,0,0.6107322404555953,-1.1206893977107413,0.03906790296150919,1,27.766431732192824,2,1,-6.415936963411216,0.40226230714163397,0,33.44295454688175,0.947385184681431,0,-1.3044522761029216,-0.7623645709646152,3,92.27432780722773,11.963950879336704,-6.04983207720744,25.687779596464544,35.72605228982719
0,2,0.003124160155525371,28.265083673900055,94.67502821090764,5.100335342182643,0,1,2,0.23795109934725323,-1.6707995686126833,0.8257981942353645,0,71.71895399874286,0,1,-5.52462058308897,2.181572736427479,1,4.2150871155599745,7.313914112750472,0,0.7533842288334769,-3.0040433726131623,0,7.49772550206878,33.684551033792374,7.318290704209211,29.720886107089623,46.706884175748925
0,0,0.507130302533734,30.09995380296319,94.33818149405472,29.117794860934193,0,1,2,0.2061752079071676,-1.5337953497164785,0.4351640771197764,0,79.97757675707356,1,0,-3.597513815045841,1.1361639297429136,0,59.44059862361817,25.5850247211225,2,1.1337445031467264,-0.43165767749678985,0,0.20999175676380544,39.96109662297991,9.983857221327906,28.80004792601968,24.35963711897078
0,1,1.3386380081220508,26.301245101676606,76.16618165464817,9.54469846552073,0,1,2,0.17151518439234492,-1.5840168233065226,0.35525746432398875,0,73.8398563384726,0,0,-0.4207073960500871,2.5563785347326013,0,35.56972907035745,8.59527408165931,2,-0.15554591245437177,-0.790246454816492,0,8.333109647102166,37.456477693896694,8.647523890808955,19.196902326724015,24.237532662794337
1,1,-2.0129258355991495,36.418881094397825,14.312084541761926,1.855165531933493,1,1,0,0.4737288993698714,0.18026064254509294,0.5759535150453234,0,17.679522761438736,3,0,-7.463199960498558,4.179780549663451,1,4.940557004326349,1.7176085941542523,1,1.0025254112228141,1.1396427836940788,3,75.76185379107723,21.073525977725286,-5.356734937136766,3.3223815586525696,44.11360135519452
0,0,0.02124311649206816,29.800990529533696,80.0014141078002,5.4553275197940545,0,1,1,0.19521330473431903,-1.0193823724801179,0.5617783692506345,0,59.81635454744351,1,1,7.971351256417552,2.274328533104446,0,5.5561337048387704,5.560421960615105,1,0.33795132323798743,-0.6266816560208825,0,20.820335112871817,30.56777819650124,4.2477277235176825,27.707640937659228,27.71058407235223
0,0,0.5602137982935494,25.380211067576774,70.2468826279707,11.200134625870337,1,1,2,0.31175901000105555,0.35782000613389,0.5395899539440929,0,71.86593015111741,0,0,0.4564986238341753,3.7683626304269286,0,53.31596722735034,6.991816099999676,0,0.5077719447809803,0.9493564988286636,0,9.890265188429575,37.4461450378534,9.184319177595256,4.193324815746912,22.26390573250286
0,0,2.8757341360758937,22.25428896486624,66.07882936061837,8.54861890065851,0,1,1,0.12413611532968571,0.30577820953276824,0.4165141598186281,0,67.91791994545628,0,0,2.021186909292238,2.798750636171468,0,11.489712473247277,7.4530503394404155,1,-0.9905789855799108,-0.01581213187961555,0,14.739490909376652,24.753783059069228,8.270155150092805,6.493039787636188,24.43028563614224
0,0,-0.6580703232259412,19.53043018474644,51.1226465607761,1.8834587298239172,0,0,2,0.13077756177644828,0.4247837206132178,0.455865647637494,1,17.053301584238582,1,0,-1.363645028900308,2.1538102666360017,1,7.167353057218189,2.542846438742657,0,-0.047733915622536614,-0.053971059111507555,0,46.51140428175027,16.82973780167626,-0.35961359115573366,13.197391246520695,46.629210020858295
0,0,0.4597952976596689,24.518883375441725,69.28365303129685,3.2806929883767073,0,1,1,0.17099851008086414,-1.3761506187309513,1.338797327637975e-05,0,74.85308965769852,0,0,-6.255845348098093,1.984931807642323,1,33.450565084723614,7.865452695482489,1,-0.43267924721062856,-0.6839501828602457,0,4.714051147702081,21.004704346104035,9.295066538680391,39.836849601383776,48.96427575022067
0,1,0.3586653319355568,19.95157763000785,90.59289063257829,9.995865489797994,0,1,2,0.10689185563459197,0.5068532640418342,0.47618282176554827,0,79.41470594179654,0,0,8.691653260130078,4.336566797713649,0,30.52314669591462,12.077887754088575,0,1.248648011207464,-1.4845398622153723,0,2.031033603647392,39.331788309902606,9.841689512892646,7.378403595076128,64.37504673854127
1,0,0.6176386347915943,49.8225379028176,10.463836737527421,2.493672350204082,1,0,0,0.5449033684937007,2.2646421598347866,0.47704445980568233,1,28.913447213009505,1,0,-1.8320320818801328,1.616126906420423,1,54.723696523308085,1.1847718303544859,0,-1.1815886137149845,0.5386118871363105,3,85.67731335341016,11.766675725116844,-5.7324934175760776,5.046702112437506,32.56728350471606
1,1,-0.3042431313169743,58.87571088737526,56.89210665582157,54.598150033144236,1,1,0,0.7908933477594586,-0.33213383892331005,0.8511021654809396,0,79.34545791370887,2,0,-7.455284152934418,2.9505904167356585,0,62.3718634693303,15.942248240776305,1,4.161412887875616,0.6897310320917749,1,2.248510735880843,39.99999999930204,9.949382374240685,25.735545727329008,32.71941087109556
1,1,1.1048413289058259,67.64515166110102,27.100782974239678,1.9025155617534792,1,0,0,0.9561273157266359,0.544725239908395,0.827294059822405,1,23.97967546598114,2,1,-4.803253924500941,4.013520456952653,0,52.71706933632152,1.6384427452148558,2,-1.245864458852827,-2.8394355476703637,3,72.66920808935936,14.992580480211949,-3.913977213894581,16.947098975115118,53.88513427300784
1,0,-1.6770879434429493,56.180847811913864,25.308499918638795,2.6074113533733283,1,0,0,0.8870510674126036,0.2963947316917443,0.7796768738110809,1,30.470258333915346,1,0,9.268948666037762,2.5922417768336956,0,58.84293467420268,1.5008764610202245,2,0.8976024928756869,4.73017228203972,3,81.05853903857763,28.20085640932893,-3.2149181834155467,3.1128439805602293,61.827005766728064
1,0,5.859816039872197,67.10426521586835,0.9622543236769199,1.8446780776811602,0,0,0,0.5541850012561271,0.7796449315351007,0.5062244548849,1,23.553087342692468,2,1,-8.54994452363174,1.5345867041817924,0,21.57000150833295,0.6893864295893137,2,-3.755982476147792,0.6314252492695281,3,96.98915829294603,8.772972257186266,-6.685780487595036,0.6380316450586943,37.26514352224072
1,0,-0.48784936149582797,24.988613682899604,43.30193440430938,2.245532207786093,0,0,1,0.12647339326088708,0.5100935292150678,0.11857129071715655,0,21.59198678122875,2,0,-6.4920939309456305,1.3872807796501245,1,31.974883261672353,2.2792179158994808,1,0.4714212902492341,-0.17990331288024008,2,59.01996239893476,16.42058594811232,-1.2894982727327502,19.465818512604404,24.168258927285752
1,0,0.4785476061356402,32.084697484775155,87.51984757110827,2.951072495186196,1,1,1,0.31973582041752807,-0.008617020287367534,0.7250423278785899,0,48.68631854554259,2,0,7.803849120934849,3.0100379442000844,1,19.72966367998707,4.948645186747914,2,0.4457547668630446,-0.20713253181133326,2,23.868234704711703,14.344043639032911,0.9005003900479824,39.09428892797504,40.00525538515876
1,1,0.314932044612286,46.0477098665786,31.2225862735642,2.2136964832404438,0,1,0,0.31638428433455734,-1.2350750613094084,0.41980688865405513,0,18.58634034151521,1,0,-7.319733934138598,2.786424997334612,0,28.607459167055154,1.771297677536761,1,0.042178537147760715,0.29570454117120804,2,65.05882705496846,6.998158151119062,-5.1182710412206065,25.019672108511205,27.54325058028598
1,0,2.804251723632616,62.73146971735622,28.131557687855814,2.203218293305707,1,1,0,0.6801015957908909,1.494471421807036,0.744018092410951,1,20.722629196931123,2,1,6.799527674415412,2.9983541332482107,0,65.35162943785417,1.8982162891102867,0,-2.459924604055867,-0.7813312368269852,3,69.45293496812178,15.508268461647818,-2.995984939330693,13.642123161813382,21.050544072843614
1,0,1.0533604624598705,30.800813707393317,29.461847288488745,1.2469401710505934,0,0,1,0.22433370795675955,-2.171146889647096,0.3324589390360908,1,21.378163393948853,2,1,-5.761078720640675,1.2993335458296442,0,66.36073000716203,1.56868721629331,1,-1.4169992865117649,-0.3251061874328285,1,76.81895273919999,9.760035499104006,-4.412268280650158,7.725513416975415,31.05099056746618
0,1,1.200512134306615,55.580532690172596,47.028522893876165,2.518824657484955,1,1,0,0.6100261324182021,-0.8190644514637188,0.47065296310365307,0,29.061598726217277,0,0,-1.0465571639714852,5.8104915414113405,0,51.74017172421494,2.981719406915077,2,-1.125939314725538,-0.5543656268308885,0,48.06801878178068,11.339355329297698,1.7432167631175677,16.048995460682303,44.27232849399055
0,2,0.5802035765437603,21.693627726252032,93.95274642831782,11.130354341611698,0,1,2,0.16958524628327076,-0.48163124556658,0.6404791566192356,0,78.84480315502225,0,0,1.3228221305440613,3.2810398400181313,1,19.660304795963675,11.278052476426158,0,1.219530222153393,0.0314794680352585,0,3.274308822902061,37.568652598143416,9.368235725504196,27.7936386831669,30.344495109093558
0,2,0.5330006656209934,61.53061595119312,69.7442196306714,1.9682391489774222,1,1,0,0.8089885464800332,1.1807792275886084,0.355788084894158,0,29.49078918190221,1,1,4.929296961169722,22.464838323170717,0,47.95795300192921,3.4141538406471272,0,-0.2171994216462427,-0.17862688287920478,1,41.22497219698376,9.187827883476514,-0.025131884922299008,27.91976410711081,29.92989415454788
1,2,-0.13078202669551459,65.03782737304589,31.14203996995918,0.556222296982537,1,0,0,0.8342140690264912,1.6521096449527206,0.6307537446075129,1,22.369972582072933,2,1,-1.1340933504502004,9.853107243607644,1,57.73144552269229,1.7942003022069402,0,-1.8468673286063853,-0.26963550897470034,2,67.49189763619509,9.675751500340928,-5.457745914075616,17.90105882088549,50.365839074653685
1,0,-2.315834927613064,42.121243137068106,15.744181567113353,2.620677083730613,1,1,0,0.6119747767607945,0.20447734506370746,0.3039311486563417,0,22.76763760811569,1,1,2.241627480390097,0.8777959856695547,1,10.430160227832484,1.6260396344230186,2,1.1402154149506065,-0.05085380405287118,2,74.88081828927612,30.72482434155202,0.7017122811969898,4.080158648357621,69.78551318681514
1,2,-0.45062107703015203,69.32341721250663,6.567606874952286,1.912827807066028,1,0,0,0.9960897458807223,3.411101097259315,0.3844182164335692,1,19.91657470805559,3,0,0.37699132470058316,6.540484912196786,1,59.15465910918164,1.141075924884107,2,-0.060162025456344685,0.2033616779512197,4,90.10537058306323,9.076694952203844,-9.399270841188134,36.816097129765495,34.12360224506429
1,0,0.5352951812278544,36.30744190313698,33.8778196583728,1.5690767417741125,0,1,0,0.25925476128597846,0.20829300777162674,0.6818882063879317,0,22.978200989106845,1,1,4.141171659298088,1.6932999178978763,1,15.368310462673742,2.1202991327023577,1,-0.3945285016801969,-0.4908907631158799,1,61.64844877277328,10.052554751837706,-1.1864381091401022,9.213804693728225,41.20094231512822
0,0,0.9242302578658025,36.51494947767604,60.264892726916784,2.113227500520209,0,0,1,0.21868051042561865,-0.9322955820477385,0.6399006908562211,1,24.305298319170305,1,0,4.184273999073682,4.829726217227733,0,42.94234802055079,2.5907851944538773,1,-0.4397163817890641,0.8318844380849154,0,56.91391084616794,11.794351207170388,-0.8117917530294516,6.132192614209131,35.47539242497723
0,0,-0.5772816158218724,24.004789440421945,27.072173707855857,2.629720528610204,0,1,1,0.21040483452651249,-0.9972257691212277,0.253727786675506,0,26.041811210371677,1,0,-5.916287648202768,1.0265137387278835,0,0.06998153401778229,1.8805430646507957,0,0.619322556613752,0.9052977240628332,0,70.67784092148682,18.1178681770305,-0.9322537946308707,3.2847696298241957,37.45273315829914
0,1,1.63354015343978,46.84955099225283,96.21921263996849,13.13366988211416,0,1,2,0.2683009211689914,-0.29357069566776217,0.7852599942943769,0,78.90435076049899,0,0,1.4999473915565371,5.800106451939835,0,28.54107936776963,12.533875793656229,0,0.2739955208960567,-0.4099880582435644,0,2.685645541078191,36.87534693309286,7.740001932304153,39.29493291518532,24.054293833316553
0,2,1.3099363417124426,50.20351634433531,94.50863860388495,8.957381078217281,0,1,2,0.456192162046385,-1.2955320739134903,0.17297503078554327,0,69.9166821979521,2,1,-7.08080987831943,9.109694773408235,0,36.789710450513795,7.153387349648071,1,0.6540069401007151,0.43178557735191303,0,9.185118475891668,33.804348677676906,6.43869318840251,39.95709864764665,28.308746482560526
0,2,-1.4577648786817756,69.06723395532781,99.14274347020525,1.5346143776504968,1,1,1,0.9976624127712659,-0.3093833132966744,0.9999998387892648,0,72.1259080300803,0,0,-3.0725423059580192,8.627216538577425,0,73.14447631547782,6.442503524225215,2,1.0341566491212038,-0.5592652888328036,0,6.565708480097637,13.362195277356061,-0.6615107437263852,22.156653446252722,69.6186474916354
0,0,0.883408279555438,35.54486783201734,49.6301644161543,2.456251302993652,0,0,1,0.34272654411429704,-0.4283424362668313,0.1521674987828192,1,19.067395587053625,1,0,0.8776185014434095,2.987289872056568,0,46.82735678613197,2.3083111701929875,2,-0.2900896549501966,-0.16576162957952334,1,58.79699974983408,14.512503459232438,-1.8902730673617256,17.84213431037272,27.857348842874593
0,0,0.4485424456031437,20.568800859361982,92.15907008843163,14.09465880824389,0,1,2,0.08819698068608706,-0.9062931652010005,0.16954778145024912,0,78.83804423344438,0,1,-4.2622694155666885,1.5003542973183095,0,4.787959531813333,15.155681306459417,1,0.9055720303948955,0.6015605638675036,1,2.3135547058042105,39.629642216871126,9.432721614647605,19.809531639249577,26.228424117798532
0,1,1.665103009377142,50.06280273027173,65.97300313388284,2.938002131100831,1,1,1,0.5039388212694048,-0.4849479813590635,0.48787454470636105,0,52.22437504608689,0,1,-8.311601245282764,4.709468927384352,0,39.32882876464734,4.201208701775981,2,-1.1990889889950094,-2.7983160786303136,0,26.241299308409356,8.761609521948163,4.958239764143887,22.229280898657127,50.02487635256915
0,1,-0.39892540656602354,28.593119789367307,96.09592738857032,19.31278352140415,0,1,2,0.312313015328558,-0.3150247134251565,0.5541031384225439,0,79.5735902776614,0,0,5.81881976238755,2.8143039213794006,0,48.48494907849493,18.774283970212434,0,2.2172050399755667,0.425503211681778,0,1.037350617819005,39.89121241935784,9.801944035796687,36.84701520173083,28.79900568491123
0,0,0.9696549900985254,32.713216822109075,96.47978500997556,20.754715595894062,0,1,2,0.23103723251387653,-0.39074488848747146,0.4716806239567458,0,79.84548005871288,1,0,-0.18095472097337506,3.7154739379329875,0,51.435709656054016,17.451163733397284,1,0.9070134252249679,-0.013709274568177499,0,0.568065223737374,39.602953406547684,9.793146260050168,39.59023736178565,29.15527762069855
0,0,0.3157792582192539,35.10849011803348,76.88469815852473,3.7761250580149697,0,1,1,0.2792116180635546,-1.2244025966315952,0.8148531342803438,1,30.31853743922862,2,0,3.7304887176247608,2.7252230137705036,1,53.75027947181566,3.7071200195510885,0,0.18419760073725436,0.9064345170405619,0,34.802039494393675,24.69481173492078,-1.69176404376309,25.660324909202963,27.108433518527978
0,1,-0.6594716650458137,43.525742000968336,46.87832342457768,1.6927562043451054,1,0,0,0.5586577848525169,-0.612364863807464,0.6932732443165587,1,24.8047479113082,0,0,9.99703555424539,1.9577010087955942,0,23.35181926574645,1.6304226495043894,1,0.03075116370275785,2.608789009106204,1,69.8883523557572,14.581806330128009,-3.1992576355257762,6.644958166675037,60.887342147707535
0,1,-0.46126191006336026,59.48021719888129,72.87809801248855,1.4610650917724202,1,0,0,0.9268669996734105,0.7709380831074314,0.7160487473390243,1,29.797484958708516,1,1,-8.527368155848363,2.812255271292547,0,21.58091730523757,2.795787431832082,0,-0.28909876248524,-0.19848964503299601,0,43.750343474719585,10.756170149950528,0.6719400065416039,32.94511505884486,66.74860017073216
0,0,1.1772346275640366,38.271903938475404,59.92027975057875,3.64788692486015,0,0,1,0.22667294682012473,0.2419387968614782,0.9814040330826768,0,17.603910096587207,1,0,3.1172849153777804,2.92099074113796,0,45.71659144598687,2.788198361396435,1,-1.2481917964949194,-0.0008560256420207332,1,52.583479074799456,16.766091888348548,-0.5040800717424201,1.0212092534159756,31.87224538466574
0,0,-1.0486681475403112,63.204366569339335,42.3636115111363,2.2847624943030644,1,1,0,0.9165431592850162,1.283027710801946,0.7913320184633662,0,20.356059867168426,1,0,-4.971451466989365,3.396505298369414,1,72.41760916982541,2.398433686511322,0,0.24944178254868646,0.31493134043717896,0,43.87871105367656,17.846477819853607,1.5196801613377158,14.68892767528381,69.35129478325752
0,0,-1.0533515718344226,25.66082485632122,80.31129023487105,6.152003941767776,0,1,1,0.19679344808778026,-0.265277699051325,0.360475490455356,0,47.62725968278917,1,1,8.436723011927953,3.083247152382488,1,54.65564945507451,3.8712600844740495,0,1.4864101506039111,0.6376634591492599,0,28.645653497640943,37.71762886796597,1.8499901066631725,21.19070622221304,39.725276738432456
1,0,0.07025710192604583,28.879042566129904,20.008484309372847,1.5347203873989184,0,0,0,0.07993618247828049,-2.0093629197618603,0.3977312657035692,1,18.776727717818073,2,1,-7.351545383768714,1.893671136917435,1,16.64694208258123,1.6219653040322315,2,-0.49649154657071043,0.1007224592193685,3,77.42566594181662,8.925315674723102,-4.816370004231669,27.130092887043578,28.962187607640047
1,1,0.3379083297672947,62.554880936828766,29.597683604187957,1.942254857832245,1,0,0,0.7808000712826575,0.2750911419971272,0.3360316151823286,1,20.203913331219752,2,1,0.6071145626085546,5.500483525716978,0,43.16701439014486,1.9338962216165947,1,-0.4089104792706862,-0.2274656342728321,3,72.20032112800945,8.635469245488505,-5.048973545057022,26.556281827093613,48.179378089365926
0,0,0.08504916900333133,39.993302457600166,50.16015049136564,1.8049001886805411,0,0,1,0.2990875900616321,1.5246147512476123,0.7170737765890116,1,21.684809529355753,1,0,9.89422419216329,1.6177477581685102,0,5.6697558633694545,1.877857709581525,0,-0.19355134831999204,2.3961176852217796,1,70.9388030501021,8.163471671176751,-3.0361163036844516,13.648108708015316,47.71670611522059
0,1,1.6563714741378415,55.107787219089964,60.048178395365504,1.7977412524218175,1,0,0,0.6411089951876068,0.19042465612292456,0.7885512399710187,0,22.18088129256092,0,1,-5.167608117431534,2.784246603099305,0,24.383903729241535,2.494313511948037,0,-1.9935962915316159,-1.1048479473213146,1,51.31523499376478,10.577042526095697,-1.8768162711589937,21.83863054291067,25.61276547059503
1,0,1.7041950699800112,45.99693272820291,32.88422322996294,1.0904573952763346,0,0,0,0.322432445994246,0.24795986238131393,0.27539876842806493,0,20.497838328352543,0,1,-7.070990909478829,1.1904217407723157,0,38.28085194877925,1.8909623117208085,0,-1.799953855587617,0.1140303076118197,2,69.74327820892134,9.633564056037507,-2.8205288347405766,23.31262000843636,43.151270252800465
0,2,0.06504673408607786,37.00013762364952,90.72752703070248,2.684998028340493,0,0,2,0.2954444012261458,1.0162279762384665,0.7159740598903718,0,48.67279368877047,1,1,-8.440846848729366,9.192472960183716,1,4.389023756358985,4.620396955157596,0,0.6234456932234211,0.07245594337694376,0,26.217806446128332,17.795099251202537,1.999011572237917,31.603247565475318,37.82786196888434
1,0,-0.052311639286038485,29.477141070395277,38.72526785442077,2.2517654331597563,0,0,1,0.24229460343049386,1.674157185861458,0.286315718838265,1,20.1508808868514,0,1,-1.61394355208831,1.641954975343023,1,22.313887677083187,1.881482551380226,0,-0.10288377269848134,-0.6486657169841231,2,66.96596290011962,2.82051504382385,-4.165095093529935,20.817019713563848,30.497827464823278
0,1,0.09198134727292699,69.9039939362853,7.143760602461857,2.104235228252364,1,1,0,0.9992657027310639,-0.6345801819261044,0.555238797895243,0,22.621012726557357,1,1,5.415340526836259,2.639636519174579,1,68.47788649840467,1.2675426435238641,0,0.16624949463817318,-0.3931392660897759,1,85.97024931511413,10.965495984670204,0.7223112864811441,14.321339600914483,69.99864735540399
0,0,-1.425847622862495,22.815259379883212,70.33880103936616,2.6675151947389937,0,1,2,0.1576964770786038,-1.337978462715841,0.26152268486262814,0,65.20581586223332,0,0,-3.145750459701267,1.7286662662935577,0,27.13628131723361,5.7125222349989935,1,1.0163090494872475,-0.1606124788588522,0,15.971426606338119,24.200046887024772,9.209023439278724,3.512642584579364,57.61983032352829
0,0,-0.44998060146543806,43.387480388748635,37.12056482878678,1.7396624973519603,1,1,0,0.46421490412825805,-1.2506786603589775,0.7160536251588664,0,18.77005814187597,2,0,-7.171010679852352,1.8798244498006844,0,41.501925530264444,2.0803951660606184,2,0.35490962879488397,-0.36084617191164114,1,71.10552126950451,9.263290368172113,-1.4583579292941273,4.603598729202114,44.56845640438754
1,1,-2.7671471043416567,63.286992408200526,31.477864708522972,2.0695662068984815,1,0,0,0.9828653394357483,1.9795546443827061,0.4074784226268202,1,18.608709699480205,3,0,2.76824348522066,4.779724197184378,1,10.526118791729452,1.6714427978640936,0,0.6876656642986042,0.0014000290281025768,3,71.53822337198899,27.777857625672656,-6.143900692058846,29.980358368626803,69.75984090411359
0,0,1.482921431904232,57.86275640938745,33.92253139120246,1.725228975269293,1,0,0,0.6369048601326849,-1.1548005846056149,0.5950957567406295,1,25.504408846881187,2,1,-3.5523149738717352,2.81126703376729,0,77.89068896469479,2.0484011636644803,1,-1.8333681138329712,-0.11147670879620268,0,70.75485597742589,11.592007719313347,-1.5251312008740374,5.627718243080199,26.539581425703282
1,2,-1.3045358084341745,62.508568959763686,78.67523954959965,2.608072355338276,1,0,1,0.9306117383165033,0.19903934151701244,0.5246687612249213,1,33.35342546478454,4,0,-2.2874872806622157,11.79104794286023,1,65.5839220177476,2.8883529992820285,1,0.5114918092262103,-0.17204983308741958,3,36.70380758164513,28.395738734412834,-2.8285707483890388,39.68363826475144,47.17334192011695
0,0,0.32832462059726963,27.000999260032202,59.12114236096397,3.1938330286965386,0,1,1,0.16982926506327073,0.1805129084341073,0.5669035644809881,0,27.861806388056756,1,1,-8.78860275120125,2.714726259694896,0,43.20819632037938,2.9002374583915462,0,-0.10036469285841994,0.44235864155918714,0,45.59226932898288,19.01239927587539,-0.76765525917099,19.024995379069132,21.16620124146015
1,0,-0.40019381968055107,52.05001689362716,21.006152881802926,1.8894254269277924,1,0,0,0.6441715506118408,-0.9118695725038063,0.047903387051293045,1,20.58151456721852,2,0,-5.460108573855427,2.2809670942916176,0,28.24284083987116,1.3893266905443067,0,0.026323148103186228,-1.634936325905619,3,77.54494671792934,14.791403380873401,-5.144082649157014,25.973485829485288,60.61342659410839
1,2,0.4633115830447619,54.614110437557905,32.983510799536596,1.7205307845248747,1,0,0,0.46936912303775535,-2.5063076990659194,0.15838682686037237,1,22.347755631184086,1,1,-8.747969224771161,4.409610419345214,0,44.69483268377034,1.753242104807931,0,-0.5543006220489669,0.6581574052639354,3,71.51762555754976,9.139935359416288,-5.391210022831837,30.31996593767645,27.82509578999221
1,1,0.8869330620597808,38.55802450722878,31.563966657854614,0.843746679846622,0,0,0,0.1907389799108386,1.361098612113333,0.4011840977839854,1,24.343399335984262,1,1,-7.264036490567714,3.0819014415376347,0,45.1734640261803,1.6957702562997876,1,-1.0580550913759355,-0.3756105176377425,2,72.814324315691,11.61894274187286,-6.104593640774172,12.13687313730923,36.83769424262878
1,1,-0.0014446001279376248,65.73600647815798,8.816079871983845,2.008787894531879,1,1,0,0.9290445446773188,0.5780303738847417,0.33935595022652554,0,19.952684828765626,0,0,-7.432843330495613,3.8647441223597028,0,44.743331888719666,1.2584925784182786,1,-0.3005790799740836,-0.7139266439737564,3,85.61635167714276,10.206084524375454,-6.087444956901357,16.079101542849877,41.13336510208915
0,0,0.0015244285991120876,40.94957627925697,82.88774081093658,3.459946110616842,0,0,1,0.2539868130581575,-1.9548654388125466,0.5178933812856208,0,30.851946340736536,2,1,1.9610141813377169,2.0063683528236713,0,10.074026934179754,3.1727052917025063,1,-0.561899363709402,0.9553818528605822,0,35.598457627457044,22.15822373808671,-2.964044604586028,39.310612988843125,47.88628878947155
0,0,-1.0696641499615431,51.379919961525765,26.17901635165082,1.791127910685081,1,1,0,0.6907523822929864,-0.9819137193912879,0.43487439464950056,1,24.937149622546613,0,0,6.459296363072863,1.6438381738357395,1,79.53470753278707,1.6476158434751649,1,-0.16482569540501185,-1.7587791103047403,2,67.21470038220771,9.770275848316638,0.8168594868836898,7.679018513546156,61.39361584451118
1,0,0.15344385247062048,37.70975759451441,52.5306749646122,6.836087044015272,0,1,1,0.15654863989165224,-0.2202252249738258,0.01017557765342575,0,40.609087518851446,2,0,-7.1024054955149705,6.7525900736105955,0,29.965663574446847,3.4453350278145702,0,0.11110857708270397,0.4684119614763407,2,19.477338969832587,32.652259163814,1.4978448079811315,35.64086653144716,33.566570442528295
0,2,-2.122235408031232,47.09892183177159,83.53500057022278,1.576687190916288,1,0,1,0.6934043823318117,0.04977199707254518,0.9461184564150292,1,54.706857051406445,2,0,-9.895067349601192,4.229547796163602,1,24.982203042122983,3.2017193836191593,0,0.8828928142160174,-0.19972318367910027,2,33.203517946454284,15.28043945341568,-0.7702911327569204,29.139107241717767,61.90433074980951
1,0,-0.3570745564513734,33.03458420460528,62.25639152924959,1.8493125302838271,0,0,1,0.24723727419235592,-0.17902213637179726,0.8583817273641662,1,23.568926513977114,3,0,-5.247457929164256,1.228533309071198,1,20.603310170852197,2.0713937213562406,2,-0.42770933897739616,1.4078563565281819,3,59.41794591875501,27.825744745002527,-6.38153257918481,29.034401945345056,37.08513841548938
1,1,-0.04801060497006841,65.26733100138291,23.48914888472394,1.814552381572021,1,0,0,0.8987620055015925,-0.025161456000249317,0.2752597466141214,1,18.037664123564753,3,1,0.46280102042721083,7.091563348575044,1,39.16220961467896,1.7074085299387802,1,-0.23674483699866022,-0.23130102787908235,2,74.45951826138617,15.52330701082197,-3.9117539052730974,24.25339587531542,68.68676693221352
0,0,-0.40436277801032855,18.523840570718473,28.735311799107777,2.0830844243694995,0,1,2,0.03387976917997271,-0.12679380441219673,0.46862922330961704,0,22.41266745781654,1,0,2.772508398094038,0.3503444232274975,1,12.577204572554862,1.748933776584568,1,-0.041760481337683404,-0.6921655829284514,0,65.24408002824451,12.014923559608803,0.37831090913931575,0.802550874052752,30.941175287149875
1,0,-1.3075217261046987,34.43122393991903,55.79243202492542,1.7677714727424505,0,0,1,0.33098697618560624,-0.3160555609014792,0.28078423205517505,1,21.390503021671,0,0,1.2335413624127547,2.1985066883112205,1,26.021088954437023,2.5784343828418774,1,0.6147934031397544,0.20371389739542722,1,57.698212276592685,12.67478164944487,-3.653493175484668,31.01568463637374,58.12135151140798
1,0,-1.5048508004447687,57.20188697610212,4.624810469503238,1.4495843455474802,1,0,0,0.8752730780249478,0.8391219587929133,0.2847695658115881,1,24.25806738379674,3,1,0.7645904312265941,1.5471915526821878,1,12.980890231450925,1.0375282911387222,1,0.6012469822943993,0.823451551323715,3,92.5933756404652,30.966222609667852,-4.297861509304809,4.135778721330463,68.65017643250631
0,2,1.2011071376935691,42.57010520020434,90.86913119739013,4.849798549504439,0,1,1,0.3375409800610465,0.323013318175793,0.8089344204208735,0,59.79055839475569,1,1,-3.3138698432488027,10.436405205472171,1,61.92198942386391,5.18211877435999,1,-0.48027255506095656,-0.7232251713139496,1,20.961118000991767,17.03085301501444,-0.07704142519201085,29.8130230419474,43.002737875951965
1,0,-0.6963429434172498,51.07749690895897,50.706276081010614,3.068537135773083,1,1,0,0.6269671068666123,0.46021034696477553,0.7594882034289208,0,22.182501715145083,2,0,-4.821743190012155,2.7356890803472202,1,27.16819621561113,2.6340846680062864,1,0.6476417903877296,-0.6228768180270685,2,53.62577539222423,27.99570652617931,-5.037194049958332,28.03536104595446,63.60352550186221
1,0,0.552318676116184,46.648554373752006,9.2368727857499,2.2392446870778047,0,0,0,0.4214433846410019,1.9467236579245792,0.8228020800086981,1,19.584890306231785,2,0,3.5379256687312655,1.005210765935186,0,30.866433193213417,1.118383938258907,2,-1.0736385956342789,-0.7688005156250872,3,89.42245367833094,8.914338295799343,-5.483984086558885,3.156018762563766,44.46181074025048
1,0,0.35478029522260024,46.96812390944858,44.79558711941111,1.3999139357877672,1,0,0,0.5233701091041361,0.5563123399424518,0.4347712770613562,1,34.11655544987052,1,0,-4.288914198560477,2.893806242791008,0,17.476271279362145,1.897104133199796,2,-0.3972281708610412,-1.6035932336007788,2,68.0632095269425,11.12040545965629,-2.868124783741033,23.70226098644118,30.126868096003044
0,2,2.5904164424850413,64.28323588173444,60.94458198273156,1.3355370197811625,1,0,0,0.7292825861005492,-0.2856965167602649,0.2705334746994562,1,17.361545034603072,0,1,-5.843843387408139,8.313080752451224,0,48.51959251167473,2.4371721682481495,0,-1.6719757674560305,0.7836912249867758,1,53.2137715508188,10.439695045536247,-3.6736137620660836,23.17179925828343,31.970124557984494
1,0,-1.5825845174764088,49.31186199676992,23.040342140899668,1.626225112672502,1,0,0,0.6761705949904513,-0.3703741719550544,0.6857692998493526,1,27.18441019320987,2,0,1.192176204825623,0.5882654213482053,0,38.106970001182,1.564070005699115,0,0.8301588378706968,-0.36653559985499534,2,77.40079226332614,13.706458220644745,-3.8742395555820526,7.807094429163072,64.59721730089086
0,0,-0.6426936283027701,20.0448641931138,74.24313299922551,8.021386839045755,0,1,2,0.1065227570210962,0.24040754277218634,0.5951662217141979,0,53.19170191068443,1,0,2.0683787617812293,4.217982004385012,1,5.668652047586895,4.254327987065716,1,-0.8002172410290664,-0.3537176457828587,0,26.511069024209398,38.59078685784387,4.271501076084112,4.636625346514663,30.649294338863715
0,0,0.15177072953125795,24.365730710102007,24.421061861192317,1.718145124497647,0,1,1,0.19931964002689395,-1.7494404324558377,0.006615893465666101,0,29.310700759286714,0,1,-7.331667729637735,1.046074399022818,0,0.4791911901711643,3.0334129250696193,1,-0.3436960025099342,-0.2583384444016773,0,37.33016415062957,9.210141234780222,7.749161530839569,6.839015390805612,36.162598997304855
0,2,-0.9998834445656029,66.9193880847024,48.234668460123665,1.6130621445715698,1,0,0,0.9597865050308686,-0.7026726252532248,0.46507537594751014,1,21.624441546284636,1,0,9.602573477202807,3.6701513969664434,0,70.64529282010395,1.743152771874478,0,0.8539334428085206,2.2826073068681496,1,66.22661260346966,12.287573579942874,-2.4837062511097274,29.976866879827977,65.86778351048451
1,2,-0.25565084707800195,66.33103784579983,12.475825149108866,1.362574244611291,1,1,0,0.9148531912778781,-0.13098704301219957,0.3839702028084727,0,19.425344995147505,1,1,6.149686710442701,1.4997408287061536,1,69.00019970403368,1.4826971562237339,2,-0.548635668571024,-0.844052616258119,2,80.94193028597014,10.015322419052337,-3.0010751819073986,14.740539983823615,26.765996931040355
0,0,-0.49234014617623467,25.573913413474763,56.74920563592343,3.6325039443999563,0,1,1,0.13616942034604135,-1.015695712761231,0.1032251489092269,0,74.75812390829648,0,1,-5.906472268561864,1.188754179554004,1,74.7912407967421,8.87209222843003,0,0.4587623082805672,-0.2522305852292272,0,7.536234640238748,21.51320973338359,9.877947490657771,3.7452855998706647,50.58170280936179
1,0,0.030007929626218642,52.61632618064869,23.239057919016403,0.194497583491844,1,0,0,0.6124423841614514,0.47764178867103163,0.7328849183296064,1,22.77104056351289,1,1,0.22415462018012278,2.1515192202910525,0,63.55930570607947,1.6272123280766788,1,-2.0896696369174603,0.6448128315397135,2,55.36148150060512,4.689002029410925,-5.874444191549335,11.43518649445397,33.35228848213391
0,1,0.8251013617806555,38.301694303724865,93.69566332639285,11.48241465596199,0,1,2,0.23988430670091437,-0.9492650624966213,0.997131253246186,0,74.03395825797647,1,0,-6.512382210080335,4.938667618189647,0,62.701244577625665,7.512872357187883,1,0.5644963580624802,-0.2945215026959632,0,7.416573605216353,39.22476255365336,6.4166670835151685,15.584227508627508,45.298336375820604
1,1,0.44370561448371104,57.09486210981294,39.120921221001645,1.8039371008771106,1,1,0,0.7726119747377207,-0.31599573299878486,0.5879280525442754,0,23.712514213787816,1,1,-4.489134331234334,3.3403687823974906,1,58.87508454176014,2.2366953646273444,1,-0.9530158080561077,-2.104026105378837,3,63.04445265770682,7.996532382096158,-4.849984655589359,28.438774266656623,43.56459927181435
1,1,1.2638197007057548,51.473409801842756,70.38703981368506,1.9755066204512304,1,0,0,0.5013710342999198,-0.48431400583173745,0.32897012151937216,1,21.318929475573533,2,1,-2.5015440684341863,2.26498019641282,0,29.081029614194847,2.583757509105395,0,-2.248747830509002,-1.8901479992388155,3,42.428747589069516,10.799006587914008,-4.171034211796604,39.900056008391104,28.1651624527493
0,0,0.031718215680097694,40.9751158963642,29.445848928910245,1.8039146776296435,0,1,0,0.3740863671365334,-0.6191127810439695,0.19109060258021376,1,21.907401656611896,0,0,5.407865551098263,0.6105969051871426,1,7.4596699114804155,2.048011000842519,2,-0.020909618203960333,0.03908231585876756,2,71.34144704158005,12.593934000522973,-2.6592527017401935,16.92266297346091,48.46231878970168
1,2,0.4965020517150122,54.12274988151069,27.04210448773297,2.362317011271234,1,0,0,0.5976718126567772,1.5048550595583778,0.4965562174374516,1,25.683799356441625,2,1,-4.25193782999143,4.3370445016930175,0,25.769676009065954,1.8090924679649996,0,-0.6344892712044696,-1.1353661375420703,1,76.33095510236808,13.512067241556277,-3.899337031045058,13.208607723715959,32.976054404290785
1,2,1.5781602630222975,53.76997021439978,51.01509113351298,1.2696165414132925,1,0,0,0.4812183526095837,1.4472681856102925,0.46197524536842294,1,19.91925265674064,2,1,-8.335357079784472,6.381965917913183,1,60.356609999722025,2.0586439640433265,2,-0.8135000477531084,0.010054698818106046,3,57.01011786350805,12.645845475394317,-5.529760908552052,33.90160559410266,24.59067901455964
0,0,-0.5186022429179854,50.479266096667615,42.38887702202305,2.186875942108745,1,1,0,0.6593286713093442,1.1850344238820856,0.9859881347510205,0,24.397228009426595,0,0,1.2201392187574793,2.0828801466946283,1,28.217708574150365,2.16560481212648,0,0.3329562026400635,-0.3923620643658908,0,54.580963578799214,13.305555370629992,0.6324485106436271,1.2061469402428049,69.5307443209616
1,1,0.2852608624043015,64.52372350773385,49.32943310234752,1.9352349094161019,1,1,0,0.914500019435758,-0.9843472554062841,0.5181894072490287,0,22.34296368724823,0,0,-6.669429397991017,4.551097438699516,0,56.14916307426605,2.843853737081787,0,-0.3810079300941551,-3.3639356329387597,1,54.20015991461439,13.369784256832054,0.09434478476866559,30.652688584960856,51.56085565901884
0,0,-0.4612195019788248,68.51298775490791,40.76383893704792,1.8430809915418258,1,0,0,0.9836916875207942,0.0349769530544438,0.9929742847686633,1,21.398390986889044,1,0,9.892877568249617,3.145543907391439,0,43.570209890799916,1.5728281746091048,1,-0.42744584645074235,3.4384816915604173,1,74.83501021466594,6.048158532538832,-5.813309726443797,7.9864940986752835,69.81456873027113
0,1,-1.2551922465057301,56.57542549173385,46.93928527315522,1.7373729918323575,1,1,0,0.8459621208308998,0.8782320589760305,0.5016462141300098,0,34.86026717712688,1,1,5.36616597644988,2.515902840229918,1,69.13646061806335,2.203345919811034,0,-0.026542573096885177,-0.8374451582853267,1,56.30178358148796,18.189696810213075,-0.2809479308237144,20.025718573104456,66.64559398230094
0,0,0.5362933755969697,23.0914954723192,40.67036677192906,1.8602820666736621,1,1,1,0.24641977369466878,-0.46507156805081873,0.45185441623813827,0,25.606967663683623,0,1,5.568125293874445,1.6332015423219692,1,5.379016778231174,2.467312092089045,0,0.04891312932561442,0.048127297528607074,0,56.41459331794365,9.761085792897802,2.844439605292134,10.702895255481765,51.47965382372105
0,0,-0.28037883338447667,60.198886489195814,30.771298269662594,2.022237983251676,1,1,0,0.7265351000612167,-1.401107272666183,0.19371070639700116,0,20.910200606785175,1,1,1.108757063407138,4.154225156739829,0,79.91405228559404,2.1266120711074348,2,-0.07005542671706129,-0.6256449302198427,0,62.21848513569456,12.276397689196816,2.986389677285551,8.454231204586486,53.51106267495534
0,0,1.2953435821147234,19.525971312784126,77.4965552921622,6.452908639141776,0,1,2,0.09952264918080139,-1.6792301135629017,0.1787286532601604,0,76.74715907030496,0,0,5.262946881355731,1.112459072097138,1,15.023578496427499,10.123493117594558,1,0.44748521640898287,-0.37621784764404936,0,4.969949301111553,28.82823548946865,9.817931222612145,9.263792645096476,38.73249635145943
1,1,0.8308567713600692,62.33686443734974,5.057310394721382,1.4711657683800554,1,0,0,0.7980749001321656,3.20730235954657,0.232306774276699,1,21.91778448641184,1,1,-2.2185275916299343,5.298716685549106,1,62.063623056216315,1.1886621416162033,0,-0.6892312403072707,0.07601296142046332,4,89.90218696612415,10.883625244912896,-5.28091404391306,12.34079843772722,23.026660900378445
1,1,-0.4013089457087831,51.468047524893215,41.61903821174445,2.019115541876626,1,0,0,0.6070522584752839,-1.169669417343131,0.22012729382288165,1,25.904795602357197,2,0,6.340660683794063,1.4866047971461664,0,42.16072929103114,2.0918313234327446,2,-0.33933303605991466,-1.2129175247364077,0,64.95556322626936,13.143449648812545,-2.317394807582156,32.95193916884428,46.46629664561277
1,2,-0.6708645457911872,47.308570095273936,58.840398998339396,2.0463384334261945,1,0,1,0.5843619616124639,-0.8887401330169917,0.7304826610419435,1,28.011023227708975,0,1,0.3964769738751812,4.074015294978815,0,19.788767075888956,2.5447783161722386,1,0.20396803216848594,0.32916324548429365,0,50.74604952055353,16.090394124922234,-2.475792734607804,15.613507258925658,30.471851091444826
0,0,-2.080074441834053,38.70451049131838,4.390127557393381,1.822181985511042,1,1,0,0.60553611894151,1.0459951060773216,0.07886525506802178,0,20.15200927474134,1,0,-9.728842801801624,0.9135889154036081,1,45.0702044154241,1.341722473463276,1,1.2249632871221205,1.7329126142822204,1,82.23467187400284,18.441551821179836,6.074553244899221,0.6937790710170266,69.20344880282654
0,1,-0.49943090863963563,43.40396316111142,68.05959482265209,3.1360661354754438,1,1,1,0.6271420164128295,-0.8487046534567175,0.45081331347103687,0,35.38955810031843,1,1,-1.9318102399226387,3.3207513467734615,0,78.33218004019912,4.4585982079012005,1,-0.10007065343360433,-0.2508477072351841,0,32.54712913332526,22.69154517475581,5.660563813208377,19.626756437496397,33.72223055040867
1,0,-0.6995463124352942,44.852123156974386,15.41726602530183,2.3249792256278448,1,0,0,0.5004527989039284,-0.04455502858483278,0.17555904515559678,1,23.02153154015295,3,0,2.560633267251351,3.467860091273483,1,73.15870527399954,1.155266055143859,2,1.251600807184022,-0.28531702283782023,3,85.41326765920867,19.179216839662946,-7.38798424200664,14.897821907985207,49.36491219866019
1,1,1.725184661690271,69.03309762011747,12.543419913776349,1.5878001140337072,1,0,0,0.9691418510561042,1.4510441421870013,0.9711899120427377,1,21.952445625444888,4,0,0.7065881323646312,4.5038655489472275,0,65.52219556971832,1.3342371782618583,1,-1.6357436731761517,-0.5478266529961746,4,85.86524543253884,10.33075880869841,-6.996588292566054,15.599389186179726,28.157739586533147
1,0,-0.6607471007037901,43.759489468764954,48.06822040184494,1.6585434073075518,1,0,1,0.6200938476594267,-0.3521933229266117,0.4451965322244026,1,20.105131392206292,1,0,7.102501406968713,2.390978094289715,1,5.560617263323215,2.2477847720301,0,-0.023813740145791445,-0.3037904700813814,2,58.21886551254014,16.876551200359593,-3.238363730832776,28.865517974396838,57.99554689413656
1,0,-0.36433045548104265,50.68984037042036,28.31380829809761,1.462869542407084,1,0,0,0.4931444105497848,1.2621436344702195,0.329243431663359,1,24.235294361563618,4,1,3.319470108539912,2.254429904827454,1,52.24234519864233,1.4744526278823125,0,-0.6091817199923932,2.242027801453653,1,81.54281784558209,10.876379821249378,-6.197065947018029,27.881720657363125,49.38104943403005
0,0,-0.7222641722612594,34.43740855825249,32.066041013579834,1.4933349326787748,0,1,0,0.2576890183795159,-0.989287903357891,0.46978809532687993,0,29.933515383645563,1,1,0.8578239453264143,1.4244649369336018,1,65.89785201309282,1.9147182439765649,1,0.02381405934957432,-0.8312588247907605,2,64.81349328564467,7.4366487679336775,-0.13075866787564827,3.6931051573104567,39.24026496332776
1,0,0.5023559179782755,46.79619247315675,38.63744951191046,1.8878919768696336,0,0,0,0.3874653166522205,0.33716276150339614,0.8523695112180538,1,23.001593796558446,0,1,9.004931617597293,1.4460473932626323,0,69.73178381884077,1.6304685822286644,1,-0.3238359174615036,-0.62810647528183,1,75.42066947249357,12.017535279309623,-3.4062914360809575,7.83850327721364,32.96760017371006
0,0,-0.1622384939492905,19.0527925237984,75.64285765582733,2.1827887247406768,0,0,2,0.10250340743445324,-1.460357759948308,0.427294450047106,0,41.43869096593707,3,1,7.926355978016161,1.744033396401274,1,11.742664433823865,2.9688781735961984,0,0.1997907291612718,0.30510055957066495,0,54.18501468514489,16.389845101478343,2.816458084860338,3.689523279165101,55.79561302605055
0,0,0.16293308128601594,31.592652325937195,31.535344181398607,1.9701451245844344,0,0,1,0.13683969825600129,-0.47858806234061446,0.43697058826041657,1,21.771341965679323,0,1,-8.164635272846821,2.444688549466692,0,38.44022808461055,1.6940275875693227,0,-0.14094834506879625,-0.21829693628006677,0,69.60092209470365,11.519375802219649,-1.2390668653566443,20.30250028939337,24.761506989562303
1,0,1.283323589581864,61.198571087185435,0.5999822834418522,1.5169360795334774,1,0,0,0.7470743971064667,2.394429964682382,0.6589792126954007,1,19.673759330716685,3,1,4.07808086552463,1.0696632560962767,0,35.79236272608091,0.7450321647889349,1,-0.9149654506973537,-0.23713514366184965,3,96.29901560521476,12.38600582123299,-8.219419705638728,13.478123814549129,26.716054976512375
0,1,0.6715701522449324,54.91736978084732,68.61405094688983,3.56998098841658,1,0,1,0.5148273395250643,-0.03877420054323079,0.4952420294347136,1,23.426115681908165,2,0,6.475977784366677,1.7935650607787805,0,58.87180150515745,2.8085325661366594,0,-1.0776313257612773,0.2569141751481614,0,49.0728393918271,18.663613912742584,0.46298308341909333,13.032570051870021,23.442098703041967
0,1,-0.6501695622899184,40.45110245863381,11.543875780372137,3.248232627279881,1,1,0,0.45207465558891313,-0.7720912555280001,0.37427314376862103,1,21.35438964133676,2,0,3.836601702761655,3.6604164401560766,1,72.81775388702074,1.5318917851045473,2,-0.6691103907570478,0.19483130879704036,0,77.95391472940597,25.96912890920926,-0.26565365399463126,4.52365627479443,54.443026729888
1,1,0.17374148021442257,45.11613710592311,70.73822537288737,2.5360619356901686,1,0,1,0.46235877367002404,0.875864985343644,0.9551078417140471,1,21.395464438099886,3,1,-7.581537364514864,3.73414898466304,0,20.8456941514644,2.7066159027856154,2,-0.004899890737528777,0.023929859233720235,1,47.853107282304364,10.378316486173112,-5.2176232220304595,24.602648053452167,25.013370422369004
0,0,0.014137522013796049,25.707141996505747,81.7466774078752,10.743400341687686,0,1,2,0.14858789193979444,-0.7698492722777703,0.20040644552800452,0,79.01966402911407,0,0,-1.2020768722009763,1.2028076958943845,0,48.601270743530385,12.126001715316566,2,1.12069845892931,-0.7813320507551766,0,2.1452435562398566,38.67883545451189,9.890879968056904,33.13091996372174,24.49874303716672
1,0,-0.2841989765726626,60.924596216112604,8.549264580990062,1.44720800370098,1,0,0,0.8696252339630888,1.1181355251629803,0.49735521821989725,1,24.65125434347052,2,1,-7.938948691914352,0.8323947174477474,0,48.2816544253237,1.279994010492258,0,-0.5089267391641665,-0.23258254483416496,2,88.03101236172425,14.808944792516915,-6.093053083416688,14.435956846311477,45.35962234569084
1,0,-0.4293831269968685,33.18845100623737,27.792385997020432,2.007805073866663,0,0,0,0.1968672089618424,0.7387735473197251,0.8290140870962943,1,22.244949617424787,2,0,6.089144863346789,0.9546389843493865,1,25.90778991841419,1.527573878748854,0,-0.1476361464195353,1.7329182633986648,2,70.11845825457694,13.912653232934954,-3.9357822795168786,4.116726375895712,47.7744819534762
1,0,-1.6455491169600531,57.23091515385584,1.1734132787851237,1.8425608916963598,1,0,0,0.8212346626884015,0.9089283287538067,1.1531043246915118e-06,1,26.194992392074433,3,0,0.6791449656756896,1.912525263763048,1,70.41192757774526,0.8161063996990703,1,0.7655770709925529,-0.1714872607756799,3,97.4229879471206,25.401270689206008,-5.45927512762767,24.593324323094713,69.18831038878344
0,2,0.1384759943287212,32.56163762889798,92.75383559864451,15.039785106119204,0,1,2,0.29168730250512953,0.1269321914023408,0.6748664549199389,0,79.9831817752877,0,0,1.2681862358173053,6.438623801043518,0,46.80590459160628,25.722052912887055,1,1.142233673353907,-0.6067822496392125,0,0.3135005475961794,39.504565909403254,9.996861705432888,21.302045844441064,22.517842480272797
1,0,-0.4244786051728075,22.805776948151966,66.20551924090749,3.9567079189363796,0,0,1,0.18064532949055723,-1.3322458314772958,0.5434190957298644,1,30.26960979630679,2,1,-4.344507217707423,1.8563530318729355,0,6.502107353932551,2.763085307771118,1,0.9060929337056398,0.11244308011058078,1,46.38477610785525,26.30209429428273,-4.405696074277289,14.681365902259863,28.92890763782428
0,0,-0.24790770213252955,40.41753704013431,47.861709040813274,1.9970298194247695,0,1,1,0.29498759872795527,-0.19478173022969747,0.011130890178808861,0,70.95526041530505,0,0,-5.367268332602184,2.3951684481342594,1,79.8962957380223,8.229982064525213,0,0.12702023232432844,0.3076710288927746,0,15.010391502336972,6.190632641111935,9.619453389470813,25.314405145610937,39.35019550307473
1,1,0.08199812556979144,58.656759135772454,11.005331164421944,0.6594634917581874,1,0,0,0.7070714891673464,-0.45885586400848655,0.05791527565853688,1,18.666192422308455,4,1,3.45915783111899,2.903236709299931,0,24.983903122225772,1.2996319540892889,2,-1.4792730847824909,-0.698745305691542,3,84.59059902212063,7.6216996683110345,-6.280444782420437,26.093682810237937,45.92374134352886
0,0,-1.4351190860390621,44.37295496193285,74.62346449357513,1.0674856955455698,1,0,1,0.5337844929192634,-1.4035917327384224,0.6541006623395826,0,27.40987972127509,3,1,-4.7614417379423015,1.938720401048352,1,54.224630360375414,2.8368149781415695,1,0.9937768924112481,-0.2207840376197128,0,39.90242051699243,9.119135096304522,-0.5976955269304653,33.38735194051853,63.83341763098706
1,1,0.04577099391279966,64.34470441520497,2.8355144972771806,1.9469921343600223,1,1,0,0.9320115839948884,1.346047993461187,0.6105348831963359,1,23.406127072702137,3,0,-3.9142879753027593,4.066789935118834,0,30.557680248888303,0.8967560886744858,2,-0.5820451046284433,-0.5032356058388723,4,91.93879794276033,10.956614830276337,-7.154832335624629,5.542946281878589,43.59399356730133
1,1,-1.125615419290319,47.467327177181076,28.98780486571627,2.317504914467928,1,0,0,0.5264428620127902,-0.19768243508710473,0.0908008165717119,1,19.47661640465978,4,0,6.570128941603805,5.434283715698297,1,17.82628456137649,1.6687101957616801,2,0.6250284331728732,-0.21032076686779866,3,74.32293886418225,21.057547747325444,-3.470911017142921,25.319993025025894,53.769850419101964
0,0,0.4411697749047025,21.003906753386353,63.20894561049266,3.1837144439890133,0,1,2,0.2116553122252151,0.09210034614506563,0.45376598322154765,0,53.609570243568434,0,0,-4.778673553680212,1.0749751425104075,0,15.049366889314232,4.707297351516279,0,-0.37459195185712224,-0.17628031639855607,0,27.629220639257383,8.954408231180635,8.034990390528314,4.1414080435435885,54.34334612874668
0,0,0.5745433407978244,66.97631187093504,8.610137536131706,2.3496658679920253,1,1,0,0.9567200466607504,1.559455642251958,0.09232221053386364,0,23.50195402855359,1,1,6.378976818928571,4.605471356754251,0,29.820824347175243,1.6955524966735194,0,-0.6810554936489516,2.685813933899227,1,80.15799150325209,12.01580972481715,4.610665407788648,3.136767792718058,69.92960505199171
0,0,0.31410774065010577,18.53013277794352,82.71613965025146,29.587086762333776,0,1,2,0.12187050981405667,0.755161188913106,0.5971640714324549,0,78.57215087602307,1,0,-4.091495522418844,2.1966390793173245,0,23.508307604393693,12.036810504525127,0,1.299999720981809,-0.5758267284506927,0,2.8272861129732707,39.987392298176104,9.773993005503762,5.8850716788616335,25.373959167381926
0,0,0.043272173288613956,25.68927447190655,71.0863036691876,0.7651140621948226,0,0,1,0.15477153583783038,-1.3351052298987791,0.5530381041171086,0,31.80518153738945,0,1,-7.106429260538739,1.2275032976150617,1,26.272073776440735,3.011839942467307,2,-1.0259982945470567,-0.7930897417521938,0,43.26280104656695,11.165063822038118,0.6185299811340776,16.51137315678539,47.38155540163811
1,0,0.13707194387385446,24.96678109113216,7.620939884455286,2.4507632789319183,0,0,0,0.11786379768288802,1.1200174798571838,0.5271834249728583,1,28.03211466497463,1,0,3.2635598882237478,0.3924978165164056,1,24.36022936664005,1.2616316708478719,0,-0.21851043235465295,1.1791740028325104,2,93.13927729308695,14.87538101496635,-6.559528663935591,1.3874566474266459,20.928389006628883
1,2,-0.09856929173755327,67.70193050400039,40.063523592287126,1.9585815692613862,1,1,0,0.9609801170056522,2.0700940355874526,0.49147228685143124,0,21.82818157769056,3,0,-2.3695831838261157,10.671476402983396,1,36.11836655421292,2.201895384340154,0,-0.21312822932201558,0.8322164907071631,1,57.71004155742929,12.437995531295822,-1.8457716638276,30.094525066016942,69.49089814131989
0,1,0.1291866067765844,59.41755863968002,40.58213647214123,1.0748428370169385,1,0,0,0.8970362549609538,-0.17573586516070086,0.2821323272587748,1,22.82694496187755,0,1,8.011573406062439,3.1175086117590465,0,50.30457278756191,1.8299349810651213,0,-0.2581776510371758,1.4966594670125726,0,70.47855047752046,9.302724737944917,-2.545187848484785,20.933381739225677,21.07751124154942
1,2,0.3488872374996286,51.539115770808706,55.241433224541545,1.9773686041823344,1,1,0,0.6165220611352504,1.1100206674322435,0.2771209414909729,0,19.64147053281634,0,0,2.5945204222215335,8.282855997104345,1,74.29015858931143,2.517767003477752,0,-0.797904069663739,0.052599261695542084,2,50.46016115829528,11.44579614892427,-2.833940757671158,33.024856018511024,49.83437484976908
1,1,0.692851290972361,30.693796210937435,77.89498689164715,5.0602007546037635,0,0,1,0.2054063461425512,-0.7721846117320575,0.8236125298419628,1,19.915402540642923,1,0,8.605918638295567,3.295293113403677,0,11.284818855859168,2.380555305108717,1,-0.6657889780395362,3.2081055766605604,2,49.03726868818891,25.077440989127872,-6.722484327477963,25.160462305086906,21.92891372248338
0,2,-0.5713025125023534,26.871093277753904,75.75239048851796,2.8344797967885547,0,1,2,0.10272568748830385,-0.5551410361260927,0.3739872972886802,0,40.04516416539717,1,0,-4.009902327514134,2.2424272035395725,1,20.652379210588276,3.1671177135726136,1,1.2378090896352643,-1.3424080390602051,2,37.799853807513436,17.29536495912206,2.256988230571139,28.49715534218838,29.76612326590729
0,0,0.599345028358744,22.371314862423723,40.35598377795991,2.1001113792674984,0,1,1,0.15194040197375064,-0.8528765440278897,0.2355477704104456,0,20.985862040901296,2,0,-2.9332382099171497,1.3288586796091388,1,24.110776422658518,2.333322348627673,0,-0.7320094910365563,-0.24775994219086675,0,61.93210522610764,7.935559218559492,-1.1526226976803748,6.054690568659975,47.22713945789443
0,1,0.7468832405061273,44.95478167743343,71.62607714479894,3.8130686461576353,0,1,1,0.28924492664066515,0.33168017264904914,0.3944556262815697,0,66.51629677902777,1,1,5.417038765930471,3.860867428531127,0,36.7581706714988,5.9364598986693835,1,-0.1948004216764407,1.0732141059707883,0,15.457227105336152,22.067859421458714,7.2587872335956405,31.69108786410056,27.515192602608995
0,0,0.6920447355171656,47.9493227112216,63.4016429371439,2.900234814991913,0,0,1,0.4606382668150554,-0.06119531147641873,0.9657572401067658,1,18.303999385425847,1,0,7.5793906192369,1.393032229005525,0,76.60200831738231,2.5612861866428744,1,-1.3710291145148135,0.0029797661477755713,1,50.3136138736827,10.15623673668796,-0.6884462424851634,12.337907630303903,33.421652106968324
1,0,-0.6364486582945222,48.86823215791529,50.97943699783685,1.9970487076376904,1,1,0,0.7273600467398958,0.0420288084390445,0.6936662412375804,1,21.221137221081356,1,1,0.3124329883126187,2.5801216786451673,1,79.42965193741466,2.182944042381536,1,1.0261412786069983,-0.8736060512186217,2,56.525996076828186,13.910609067449275,-3.1615925758422243,24.95245525802277,29.024117563136887
0,0,-0.13427919469873717,38.20020985830828,54.25437962979925,1.9512584227197927,0,0,1,0.23425750183975808,-0.1818364157543353,0.3890640256648583,1,21.742753395068533,0,0,9.050655300941386,2.750360309888826,0,28.37604991242582,2.0024116101720235,0,0.20528393152080332,1.4903118058697966,1,61.29872657835419,9.938053984348361,-3.1057931910225314,30.41943661753365,30.009599202371078
0,1,0.026083769021205794,48.18141386764991,54.75406294589921,2.016056481795773,0,0,0,0.4356120140959506,-0.8637339520937328,0.7282442073534512,1,22.66335367459903,1,1,-6.256625069608454,1.557372410544527,1,50.7258683681585,2.314903715631141,1,-1.0344674727942866,-2.2651284635683213,1,54.31521259740067,10.991423285149855,-1.576641884053295,15.451405541933507,57.11254423933047
1,1,-1.0361588901238719,49.66301868165844,61.6796546490013,2.0561805925246746,1,0,0,0.6339109931419534,0.12068652400575526,0.5923640280955678,1,16.891064362754527,2,1,1.9029625813486426,4.806909077324599,0,0.9266733728166532,2.225737138382279,2,0.5362188426226072,0.13824196350793502,3,53.754647135002756,15.984439304481377,-6.878071081297421,38.095015205718724,47.670564066872004
1,0,1.0929316451380844,27.593236977374026,17.04109066461878,3.513441714776086,0,0,0,0.22192900493276657,1.550856304308617,0.7460578239816632,1,24.148127337731058,1,0,4.973605319828902,1.1696544576416121,0,60.011860769849946,1.4510188022118424,1,-0.08754751789447728,-0.27537891743741294,3,79.86815051705133,18.973189579650295,-5.649310595862432,1.0083569049387653,40.762970416151646
1,1,0.8206874953238169,63.440044313707446,78.01149204856142,1.0989226670123728,1,1,1,0.8879899288497787,-0.5639387180712114,0.18375423888160147,0,34.70840514957244,0,1,-5.382652536776602,4.293464739831326,0,75.43887794586963,3.2993193958894613,0,-1.8817182787674782,-1.8687212935742081,2,34.12147833615877,9.056519871376356,-0.8291333725654724,39.99467783730048,53.71112439131562
0,2,-0.21235055569845848,31.218823397237475,98.85507559221016,13.078296102036322,0,1,2,0.19466335520347183,-1.6547731398946748,0.40158133276595304,0,79.53768816278439,0,0,-8.12103804583434,3.156838655186525,1,34.99710833012116,15.072508268407544,1,0.9482325972630709,0.5578374999137108,0,1.1731735234281726,39.509628766568056,8.660269022539673,39.880096392874,36.19379568120266
0,2,-0.013749470487568145,54.03305836407396,61.037481518566494,1.724353017012827,0,0,1,0.45930317607660354,-0.1726555427644478,0.7030696798880649,1,20.88611288135204,0,1,8.219415891971309,2.4806355397592954,0,17.71906807724737,2.2925282802181175,1,0.0405199748333837,-0.31707305664782776,1,62.437601423129806,11.712989968503148,-2.911529454628483,26.46449879045175,58.336132894923644
1,0,-0.7069641757250723,38.29134055285729,25.92078025207305,1.400297543813852,0,0,0,0.39189573815491957,0.6978741219980646,0.6207951673813061,1,22.6768026089176,3,1,1.7541454182648266,0.732933741376547,1,28.258712724104846,1.6939335639001754,0,0.1307508124777656,-0.12143541942609587,2,80.79998260597554,14.87057736896579,-3.2600848218284195,9.865201222045364,53.77218387610668
1,2,-1.2431913577551699,69.43417493141472,68.54100679584117,3.156752895970566,1,0,0,0.9969456227859801,-0.2133322113047912,0.9999281963601906,0,21.94525816334432,3,0,-8.280771338866153,3.378187226831779,1,8.564883255233688,2.6024229155754064,2,0.8793164933002905,0.0911616216645937,1,48.92174182859653,28.934015094091077,-4.211764732735828,25.545458900090146,69.99758518149235
0,1,1.8844558806895675,53.19794689538772,54.04570781375981,1.9768902244827808,0,1,0,0.40502222314865494,-1.740998565495359,0.03087501786561725,0,43.296623230241316,0,1,-7.411498444266158,13.906366542565618,0,45.01379088282151,3.5420975164733544,0,-1.4182282815631508,-1.5488079124395093,0,37.70884344011406,7.621809373754347,7.696976061878832,10.95080806691081,62.01586058285898
1,0,1.4756169220366324,63.975288209052295,4.652067427097312,2.4921836190335567,1,0,0,0.7772021334140369,0.5493231183880569,0.38004835927913727,1,25.980615759894622,4,1,-9.395781249847518,2.7426703708788094,0,44.525669966033945,0.9795557709813144,1,-0.2836543778294358,-0.25146965430897705,2,92.93220204720754,10.197867339513053,-5.732053064132074,10.1304906159694,51.744790885936204
0,1,-1.9329570043957482,28.43220482104796,69.45392989373275,1.9331722312315744,0,0,2,0.29199994138061425,0.25333082082608577,0.6896135814928342,0,27.55339737660077,2,1,-7.263697340122768,1.6225468877105778,1,34.90539142071607,3.2190776291575056,1,1.1819566310034058,-0.13364562836805655,1,43.9849401506318,30.462513432515912,-0.28170755346136644,15.722736063121497,69.22282595030124
0,2,-0.7919562580704506,35.27528152668309,89.90802774526888,4.3946343079710575,1,1,2,0.3892036262082547,0.6200698316929504,0.4456320216509571,0,78.47164284865832,0,0,2.5907068911073416,3.9179368982889096,1,45.9248435852363,13.269098853714747,0,1.644464519237628,-0.03608638335892401,0,3.4359621429259137,30.07629082897151,9.573748301803775,27.39027155381212,44.26468110490593
0,0,1.104715286243505,21.826489918228607,35.390297067930234,2.319274590059305,0,0,1,0.12448919051438917,-0.15170062667047712,0.5533517722556933,1,28.0171418233083,2,1,-5.1516456248025655,0.4058673190143908,0,20.88364613002326,1.813755574480715,1,-0.9054040505139633,1.2316898304167936,1,72.25632752541688,12.841928740600634,-2.3595174976573183,3.02378420812748,29.549876516545318
0,0,-1.025055962527687,25.652243628500294,50.10697325196153,2.019537601402558,0,0,1,0.17819595548385375,0.16798638545670547,0.4226245060994158,1,21.545902531469473,2,1,5.757404023273679,1.7088235172363873,1,14.802882380370646,2.061640054763617,1,0.26963066215198506,-0.26426095975471176,1,64.22584985494818,18.012515497686174,-2.121748268209843,5.7666811657169,53.889335945641875
0,2,0.18168160696701177,48.52762629617111,57.963761154787555,1.9027177010954672,1,1,1,0.5708219085979102,0.3245826067104821,0.5632497950804509,1,22.470417467580376,1,1,-1.591931917769898,2.734566862809593,0,32.951514382251894,2.3690637445786087,0,-0.9329813049651099,-0.5553504990827726,0,73.27228804643624,6.9634412134308254,0.3095720165518028,17.46390081582874,33.13437496521256
0,0,0.7008134423999142,25.857304594590627,93.2249869608378,10.328384531094288,0,1,2,0.1323225536493421,0.6456934943104555,0.5660930712315927,0,78.08804474692407,1,1,-3.744012600150704,1.1128063955688905,0,16.43775643006483,10.78510743767083,0,1.4752937867319946,0.7422034272896093,0,4.510634471046815,37.06054322856315,8.851906281660398,12.940964708812054,39.72138857116123
1,0,-2.1397626231687883,65.8543718710791,3.61550007693992,2.3217857113465765,1,0,0,0.9704738410426401,0.7189651803790461,0.5088219884242533,1,20.185331336347918,2,1,-0.02296042587133229,1.43038315263877,1,24.48545010965898,1.0275719331291662,2,2.0795489688129405,-0.07657744791758744,4,92.44209823476537,23.934792543267722,-8.25135706393875,22.17194170092901,66.74647517576653
1,0,-0.9047235155582612,54.8817852836849,0.5137733850486936,1.8592964394862137,1,0,0,0.7658452105843709,0.9281709038304435,0.2510906432682296,1,23.52809481376111,3,0,9.664197448239133,1.5465215344777505,1,15.27070708348365,0.7047502611224515,2,0.46687669164429,0.4226924450195719,3,96.98911331053066,13.335719108491237,-6.131298154108781,5.619627902084947,68.25916151302899
0,1,0.3983870107279308,20.107719379478294,96.51786779343308,19.908592347884447,0,1,2,0.0776951155754943,-2.0451980535233254,0.828615069786812,0,79.68804867592247,0,0,0.16318196232420767,8.379607190065004,1,3.4896324502816567,12.263537854442347,0,0.9352115357533012,-0.22522498980349784,0,1.3609794813224274,39.551565353119,8.948761952006585,13.721093225536656,39.25756762129835
1,1,0.5680637144788598,63.42218694421413,61.255466973105044,4.018683725922232,1,0,0,0.8370442616443102,-0.3780419468675552,0.9890182225488835,1,21.654482131711656,2,1,-4.3306635774365425,1.613435899544566,0,73.42397247375452,2.4036430776717057,2,0.3575216336182996,-0.8197677680825851,2,51.18662959444901,22.5948655718001,-3.7162717293980663,27.093986617880418,45.28997184860535
0,1,0.08423051665030928,42.10238424513301,70.2846683822604,2.075536102411271,1,0,1,0.43668365654762964,0.5787333444505702,0.39264901093474747,1,21.43228048277156,2,1,-0.4726769112222904,3.4930644450940647,1,49.85121981284657,2.6001399478977785,0,0.6482268139919592,1.0572597702187907,1,59.22753214158541,14.523116032899054,-4.42782433164071,34.632265345468994,39.836254710858896
0,2,0.4844401487194015,57.61427299838377,98.4829191900536,4.728026705238792,1,1,1,0.7539301560097688,0.6155370850381829,0.3785340054350547,0,79.94479687806397,0,1,4.563790128933169,4.816148242909591,1,68.64375097930744,20.872016801933587,0,0.28023595879891655,-0.006668001833759738,0,0.3371852738838166,27.462958528770464,9.947966061387934,37.31678008896011,67.62034021078532
0,1,0.4542762699879976,24.25112797835299,51.39251329591848,2.5984249007182134,0,0,1,0.2770571762663735,-1.3992513582529529,0.4217078561243026,1,27.77212111432826,0,1,-0.2568557728470253,1.175441063898891,1,1.7756049921239958,2.173496055801848,0,0.2359165184926873,-0.5406098882697452,1,56.79542774400448,17.189284880018935,-1.4275186289757418,11.249701442513034,30.916405133724133
1,0,-2.078154006905204,45.0496342609475,26.06072888005917,1.496790789922538,1,1,0,0.7076192219871533,-0.8427021208218005,0.47467682502597697,1,18.618573366742567,0,0,-0.975564911209478,3.435627456875888,1,68.30899096917817,1.7287777818203136,0,1.7525173135768284,0.6195396028759654,1,71.53145254269081,18.193577826225848,-1.3931631776739462,6.7239400644134895,47.751049975357276
1,0,1.7009791025090761,68.42687145908917,24.74346275780076,2.9511990677146813,1,0,0,0.8862492833456023,-0.7934245264625155,0.5025581996126681,1,21.333587623531187,1,0,9.265634678523327,3.055543891275281,0,23.17415612072118,1.3331142061800956,0,-2.3147900987660033,-0.4415874606557017,3,80.33749975474034,10.330708789154578,-5.281456856750252,19.15189467824763,47.430196067938994
0,1,-0.2691858271863035,34.689127352116486,80.0871611488979,1.702939929430685,0,0,1,0.26817823928826745,0.3706923717153697,0.44104921117588297,1,32.181469612902745,2,0,5.831276412243058,5.655434621436219,1,30.82113020186435,2.9457351603419215,1,-0.1589460294083534,-0.40990933949857916,0,35.01271854917268,9.773690837847266,-2.2694713275693568,26.747839341349287,64.511665613393
1,0,-0.03305499014245114,52.372150237794955,28.610622112406368,2.0401738343230558,1,1,0,0.5040058168566598,0.47671529617034086,0.8381385545923151,1,26.687625253346813,3,0,-6.855280955378098,2.174532665455448,1,48.79214341215682,1.8791667390853593,1,-0.4239150616861091,-0.12029728489817688,3,70.2698949826003,12.446892206522495,-3.9616863616430393,12.706872209842778,53.90998940894617
1,1,0.9023435580050907,61.124616128858506,35.37081903324178,1.9269941427214305,1,1,0,0.7950314075459795,0.6434540209169791,0.4911515000287625,0,23.207243750872397,3,1,5.68391114576929,3.324960386241849,0,76.92832272993057,2.339618819116229,0,-0.62751165175136,-1.1308865378239161,2,61.67366111394747,10.634919793860643,-2.2727236571709506,24.155708509807337,42.57373280088651
1,0,0.8432168784754484,46.43499347945446,55.14620507261283,2.8870789573278475,1,0,0,0.545016795924896,0.6140305631086276,0.4059528344318911,1,22.021828427345262,1,0,-5.841348909493904,3.700778547490124,0,17.690291659607812,1.7182649046040817,0,0.009266283497287678,0.6352141646703491,2,56.2504483560956,11.156430803771988,-2.92527998590481,29.24122553722296,42.33318936835239
1,0,0.6242061201798543,54.81980835812305,23.113143322518674,2.1593682776727956,1,0,0,0.6704536824157222,-0.745026858347741,0.3427883672721229,0,23.888884531502114,2,0,-4.853456416973221,1.532100800076308,0,48.01585403971937,1.4659643270725056,1,-0.4033095804060973,1.5018130484294023,1,74.44961379292005,14.710218589747143,-1.9695447344276893,23.49574828015136,43.727126602007445
0,0,0.27590123719600074,29.324635849080444,31.786584641805394,2.0340624280744257,0,0,1,0.2560330416317703,-0.9423466812800622,0.6753602694740093,1,27.806618108681313,0,1,5.150526328548937,1.2406680609159153,0,75.35129270545896,1.3535746598999645,0,-0.43724976375737834,1.0950542406096935,1,67.57490468725541,13.75741352864889,-1.9052876537163606,0.6817446025076279,24.329564404382758
0,2,-0.6552187622798122,34.3214178267809,98.78755473333763,7.411013195297289,1,1,2,0.35668490384625684,-0.4046628303405879,0.29538011354196425,0,79.89928781434912,0,0,-7.096360129684454,10.426043020184256,1,32.335826306665616,17.429579981832735,0,1.2118857986912477,0.7811388283350875,0,0.3502422885954537,37.53254700214744,9.763805719671797,38.47908811939063,67.57743747139216
1,1,-0.30728878821913985,58.3254393676508,43.573717994310144,1.3873548326139127,1,0,0,0.6735271269536762,0.7285358355483608,0.29746887992359594,1,22.91696771152365,1,1,7.420844409478615,3.6546363383238667,1,45.438758451866576,2.332942362186985,0,-0.13257939920377934,-0.1629865036371096,1,68.9530578284236,2.8242501262334585,-3.1943480065352077,31.523571352101033,69.21156653176465
1,0,0.8141663511601379,29.854750841707727,41.185586966718304,1.2956522748018269,1,0,1,0.31735448144794715,1.109532276083847,0.22007319551390064,0,21.96721827253394,1,1,-1.9300509703415827,3.0931255023898143,0,38.36125507489915,2.131878822616335,0,-2.284494304622651,-0.3943188255676643,1,67.80835366250423,10.266698183150032,-3.302932148581032,12.160727095405129,26.43934837712516
0,1,-0.848059157605077,35.37965059039574,80.47432965092769,5.130997525534114,0,1,2,0.30140221250509913,-0.53074199926199,0.9283762008064904,0,52.9850129112335,0,0,-2.933384293856161,5.367874698176877,1,56.12511520045089,4.368303175360523,2,1.3483763662019737,-0.810113431408379,1,23.77718522659388,33.442129708926316,0.4904233749711153,12.138024877949585,29.256155797657456
1,0,0.47351674839876456,46.93465831971524,53.36714207316711,1.5186222881296534,1,0,0,0.4588755176543335,0.08619423183317185,0.5075829007023606,1,23.736107937061824,2,0,8.940805936381608,2.584547263091008,0,71.33393989951,2.319768831616792,0,-0.5727516007174741,1.0009710637010558,1,61.59622647290553,3.589954102399824,-3.9985834998906444,26.302533068587852,31.47848603940911
1,1,-0.47812585072663233,35.994025990784365,44.80192349091878,1.6354435065957975,0,0,1,0.2853509887641301,0.6056370194931318,0.7465249500158587,0,20.936300004674564,3,1,6.047642298845108,3.0028484713812436,1,23.290632769215478,2.3358436059881864,0,-0.16315408655210026,-0.11118589524033197,2,63.05306007689473,7.125349254020675,-5.393630791815843,13.091597787360065,27.007486583636997
1,1,-0.31795028406614995,62.1019092076727,21.15973946958202,1.9616783352349068,1,0,0,0.8856597787949095,-0.6698870362636473,0.6459713187554434,1,20.41075481216364,2,1,-9.576731518379416,5.507849141190349,0,14.657259064689935,1.4390053782064283,2,0.30264886186991347,0.03467817905269301,2,83.07387092841054,12.730292656420898,-6.117570051759121,10.02016764675597,46.743984400833824
0,0,-0.8140881444809324,26.70874794455066,33.779285632898606,1.5707656248900403,0,1,1,0.18109394143735746,-0.3199986424590946,0.2655620470639836,0,28.81560488663835,2,1,-4.73605890479377,1.9056463559645427,1,79.98462129831475,2.215841408200373,0,-0.18903777896493126,0.25284276583758786,0,61.786033745460735,7.339696331677288,-0.4697575059089445,4.265328232646192,62.045228316546364
0,1,0.8430774754919044,48.3591189465623,74.77256166100435,1.9673347446437257,0,1,1,0.30175365116441294,1.5651581539863906,0.6763533987146537,0,42.48096823884437,0,0,-2.3329552333636316,6.2526383610695815,0,67.42026727167969,3.266156321681737,0,-0.4878476459590184,-0.5861393954977293,0,34.63236354017978,10.583526463157447,0.2798330241535467,21.09590876770984,47.19462555943008
1,2,-0.03112751102228694,52.2025870395196,45.621561783953524,3.478876099681788,1,1,0,0.599714181111469,0.6992776412838999,0.28220580922857397,0,41.09452464708448,2,1,-4.853560219591323,5.48743231561598,0,45.84073231263669,2.7328463329918833,0,0.8466242049675372,-0.8102883075251552,0,43.205929682737285,23.83599061299778,0.544888989017803,22.111550964489574,39.216375282419534
0,1,-0.28241507175727004,29.519777118942002,85.86342129703424,4.348648231775374,0,1,2,0.34543802622301756,0.5249113077803526,0.5135444478370679,0,64.99424099778439,1,0,-8.381850757570518,5.89802584337103,1,61.25836409516844,6.428510634125686,0,1.085374868356178,-3.718691115965486,0,11.968285882273195,31.73562188929134,4.642485685000025,29.25577070752357,32.183902852956635
0,0,0.08499191900365265,30.630672712638727,51.259594775931106,1.8760805713281554,0,1,1,0.2759167040385359,-0.7313627182710787,0.1245468741804075,0,25.04448394062254,1,0,3.9171031746837173,0.8844910892151947,0,17.97771312551,2.614363908241137,0,-0.08805669800968467,-0.4210241674262792,0,54.69794370119323,4.900772024533961,0.3657433208713883,25.541867931899766,28.3964845275583
1,0,0.23098882548015628,35.21674708926044,13.313814999205986,2.0545236483012137,0,0,0,0.25315903486514,0.1505895276579088,0.013172828813510062,0,25.095415490923394,1,0,2.7352286155441607,1.3206033261513346,0,12.785942488404478,1.2278971172460842,0,-0.6481937201069717,-1.818219834088259,2,81.87126921513543,11.394915812539834,-3.855055463032273,20.231894875142796,33.1290256790629
1,2,0.029411624878955326,65.46005457171712,49.75796997628038,1.6086194165212946,1,0,0,0.9200089988352034,-0.2791564825757453,0.40467715413409566,0,20.53196293325709,1,1,-9.331494482499785,6.672374793279221,0,46.75997213751682,2.321138846146054,0,-0.8464819077481759,-0.3159715509490139,1,57.58077077069533,10.329315958763537,-3.458282390432883,34.95794702262715,60.24582033484622
1,1,1.8734924150513965,68.2440555554732,16.913288719345577,1.9859629043164553,1,0,0,0.9261891517454529,0.08488925533945862,0.47091218054628897,1,24.100155735716847,1,1,7.874290336986842,1.4663490031559394,0,79.96132267254806,1.330501847943925,2,-1.0789037107779933,0.37877806337613495,2,80.05864167426908,10.684004620126672,-4.9671864988786645,28.12373666028122,51.24564874399733
0,1,2.1197733467116895,61.55917181209203,54.596218612581204,2.4755503667245127,1,1,0,0.7110322645613019,-0.5857894617128555,0.400196197130622,0,36.64666146470504,0,1,-1.7689143505862397,2.7368563670016592,0,50.19495054331205,2.8847674077726175,1,-0.6651287642407132,-2.056747622055552,0,43.91975104733794,10.863163793240545,4.495945786844512,34.34228740744113,35.87817966462749
1,2,-0.7871544613060737,52.81504211220312,68.14242576348974,1.686936644825462,1,0,1,0.7514843216247489,-1.3132491100222812,0.28022806020720337,1,24.727007161702822,1,1,1.4329501709012842,3.2434009919333326,1,46.27428025365724,2.299589567135804,2,0.9420856695544428,-2.8231519477819433,2,49.13327467274325,14.521456454503866,-4.069703535742998,39.12126872418456,26.669895499337102
0,0,-0.34948388151919846,29.4900774711166,75.75386407135817,1.3688295867442255,0,1,2,0.2267873518407817,-3.0558528730570744,0.43928077348413336,0,35.00066409481014,2,1,4.739209922899956,0.8364859831587782,0,14.273155077007962,3.3456317465864327,2,-0.12713512356831297,-0.36912103653084255,0,34.625842212320194,10.902587581012835,1.8661484364840657,9.238024698224782,57.83735177882407
1,0,0.2647639068693035,56.862508257575975,13.566543910886203,2.569618608862152,1,1,0,0.5413633286360543,2.9691657915146954,0.423492825463165,0,24.32492631854504,0,1,4.550677716198223,0.9857893903891283,0,43.17283769976575,1.7341895996584944,0,0.9287391062338054,-0.1890381989943397,1,78.84841811665719,14.625304762140846,-1.6616768532826498,14.054575098260623,60.85340805010308
0,0,-0.4729581230687716,32.04599106146659,83.85904522558171,3.116044377306816,0,1,1,0.249184043498832,0.9394637023602571,0.5937499955613037,0,54.77776859571907,0,1,-1.3650389870638282,2.87044084080758,1,11.197635405718565,4.701715925328095,0,0.3128647406221975,-0.248674342546968,1,22.799265063538915,25.279542365145016,3.2192170419361883,37.74577922682398,46.646889016711114
0,0,-0.6470167495331153,41.962179965116114,14.116402111010496,2.3800607890505425,1,1,0,0.4097908688119872,-0.29534499984069734,0.0013775053888676614,0,19.486477620789206,0,0,8.877439211491549,1.180177675590464,0,48.66979993216462,1.76420580143358,0,0.6049094640500041,-0.8184599901805469,1,70.7598041427351,11.634174697767694,2.6577425532240007,18.111053908568675,56.11621104527332
1,0,-1.5729982404732947,63.420412354409486,3.7804073508406644,1.150636512367365,1,0,0,0.9193721224148947,1.3903227158200986,0.4324423542995955,1,24.748087161909634,0,1,-0.3432920412635383,1.7210260705874596,1,52.41697547749985,0.9929407163692506,0,0.6382969929553453,0.5954691366521341,1,96.25296411099728,7.843308929037052,-2.72653961750669,15.668989753360707,69.97631300683267
1,0,-0.7843954288987854,50.544920282533226,31.274096788385762,2.090578961493735,1,0,0,0.6728960109998458,-0.8791532713179756,0.6502064256804957,1,23.82355081182024,1,0,-8.80245892765405,2.1378966051262425,1,70.96286959060362,1.7724191768238096,0,0.29986717121135265,0.49737053099088074,1,72.9489257667456,14.61284187198501,-2.8175704770211087,7.654516134064274,41.19297684423496
1,0,-0.3136208788765203,61.98379107898732,3.2585444114800244,2.407116448988655,1,0,0,0.8715941411266224,0.41805574606230206,0.8098945151219203,1,23.103427516967123,3,0,0.07336493039262137,0.9190598158524613,1,65.97375479369381,1.05722953176846,2,0.49339867200707066,-0.33251293398143583,3,91.44319890098542,25.01107467326417,-7.529751101400652,6.052376963884685,62.40345036473363
1,1,0.3115807286162789,48.726871158031436,52.68418317653219,1.81953013203085,0,0,0,0.41602556358596415,0.9377994392918789,0.5386451549956316,1,20.175642971763608,3,1,8.445796485535215,4.743316017285825,0,33.89786567168746,2.184107643417083,1,-0.3279459693521122,-0.3929368079766743,3,61.15894491476163,8.04255461452033,-6.0210890850137435,26.696771916807215,23.06845522467734
0,0,0.08352396858628329,34.57031597081131,73.07641925877826,3.9854344254006002,0,0,1,0.24529993915334347,0.9662458597368895,0.730186426660466,1,24.86870629151088,2,1,7.305626841834908,2.8539097465331333,0,26.6555710380295,2.7392524726971166,0,-0.02062208538971206,0.06789228641905191,1,46.21307822450764,26.356447538755127,-4.274539952433756,23.974391743344547,26.466251118823294
1,0,-0.12053586166474739,61.7575225959686,17.9230169686707,1.8401289150255824,1,0,0,0.8149142736416994,1.374400596652634,0.10874435171034613,1,21.912514778212213,0,0,-2.2743189433847384,0.7945219275122796,1,51.510266131098334,1.4776502140864363,1,-0.46440592253292484,-0.34792364837121864,2,80.4460917550557,8.679982196632672,-5.402280585589052,37.39179817298399,69.09395831070721
1,0,0.680228229707616,23.608208949321487,79.19809484899466,1.7515015100463367,0,0,2,0.15997439639426575,1.038457291595524,0.5605853767320829,1,27.01685800300502,1,1,5.509301418106254,1.809494701359375,1,0.15308155664912615,3.06404458472947,1,-0.6045512349736452,0.6161674096404971,3,45.200992996652985,11.800406756467716,-4.783966179325749,11.740131698894032,50.73977419060636
1,1,1.6853409897902811,63.348207247728396,47.38823213643953,3.5775284727358363,1,1,0,0.6654124148022771,-0.8997055183499589,0.7568008287189956,0,22.614883874500443,1,0,4.193300482135122,2.8560059730567757,0,73.28654984177426,1.9928962073629832,0,-1.0768759076872874,0.004963033120327383,2,57.43339552392966,12.909648160496632,-2.4669493842883785,20.572028777332214,63.50286603440746
1,0,0.1759744094993311,33.11400049135515,59.17206486775596,2.3189427574744577,0,0,1,0.19054858439423922,-0.8180219499461147,0.2849999733607451,1,24.859729822569648,3,1,6.319733710687402,1.1943660416141761,1,24.99238122050866,2.439797144279969,2,-0.163094509906899,0.7783637190794298,2,58.56131801270219,13.3548939338344,-5.81816502491773,37.34187525323981,38.80239567734654
1,0,2.1229801609949317,65.50338845046835,3.6050803501394335,2.1567066434670914,1,0,0,0.8617526793508286,-0.8429303183788497,0.3765293530091097,1,29.63439206186115,2,0,0.6696828382150333,2.145458703962072,0,69.04355064797184,1.01866878545625,0,-1.799660094266232,0.13817931106650314,3,90.5820417379426,5.238857703738928,-6.4002090202389095,9.776538538483043,40.99295573635345
0,2,-1.0039210145708333,58.77942644456844,34.78208953094299,1.3921357396253145,1,1,0,0.7916735763715352,0.31378450806720776,0.03760494864542907,1,28.225742405813875,1,1,0.934524750166192,6.413072974491529,1,40.399074163299815,2.1444963987758103,0,1.1997843162106485,-0.6270979470676773,0,63.51637397190488,18.535624559535748,0.9567425792252227,22.438623266655412,67.54471526261547
1,2,-0.31496241407178477,61.39811961754333,52.26237971754132,0.9283338205836713,1,0,0,0.882408900778896,0.31150265811608674,0.7256512497672369,0,22.55037229956079,2,1,7.697061586116995,4.448352470134923,0,65.55957763303738,2.360705101850035,0,-2.023147768526082,1.8297947327381752,1,57.34333871312194,10.580777514298113,-3.428896719653183,23.713733011350598,42.26455276809401
1,2,0.5103523550045486,23.59307906550866,57.43823788713649,6.545011211645784,1,0,2,0.28427263878807446,-0.9489497751445938,0.32774773860527917,1,20.168750612928864,2,1,-3.4835248048142837,4.731924012148896,0,46.0179455952834,2.165134461699028,1,0.5521390159468337,2.046683196477847,1,53.048451067028864,32.54420795363163,-3.158857532593493,31.870968079610932,21.573929252783802
0,2,1.5634715560491028,40.015594578840165,94.44530346979369,6.129714817005955,0,1,2,0.27153033981639657,-0.9920161326620154,0.9587508424186844,0,69.72748536226784,0,1,-2.967059151612361,9.47710993909428,0,21.483291659637203,6.700760254835907,0,0.4332049806821527,-1.6219636293159316,0,11.05196220092931,28.902642328890362,5.885994821141768,13.610012586000941,40.85374956431565
0,1,0.3870565296591913,23.42402850876021,94.97797377868935,7.373517365826069,0,1,2,0.1592219987194175,0.6368756138614046,0.5648756164990377,0,77.29757865647758,0,1,2.1258748315869447,3.0820977557430296,1,10.33377922481761,11.454941573475125,0,0.5286169349138384,-0.7551858326052938,0,3.2770506685046605,34.08984345788082,7.411819233662133,38.34443041870998,32.66942143348636
1,0,0.8977889384485875,60.598420472680104,34.242829537958045,2.2203941594770793,1,0,0,0.7163163827812511,0.6177117671419048,0.7107136678560284,1,19.660653564886708,1,0,-6.741337514585105,3.025690853071141,0,45.50892348513961,1.6952907771459527,1,-1.985069625929871,0.907010307315351,1,74.14948818635625,9.66955768232171,-2.521323874854435,18.3868516615,32.720939160182155
1,2,0.31620514529980226,53.632816194601396,52.936793878659884,2.517210387985184,1,0,1,0.653495038113125,0.6282507915390326,0.48583797703476694,1,27.943431552456374,1,0,-6.463988089414117,7.586443640803373,1,14.983746168858803,2.318838252746258,1,-0.48024860393869023,0.5044783151790497,3,77.26212504059491,12.899487247686421,-3.9152591131803494,26.428022181810135,67.25472848441656
0,0,0.812844394387966,52.01836443069711,66.21493662869422,2.111547607022583,0,0,1,0.3531439028831833,-0.02300135495534027,0.9364248074472126,1,25.60059625784553,1,0,-2.422095328256445,3.8622023314677736,0,39.504212692928476,2.8361001730097595,1,-0.49023759733749495,-0.6619912696860453,1,47.4046567577542,8.92001854156906,-2.550631582487364,16.09883902568675,63.42149720795982
1,0,1.8251280481088938,64.18671730513424,7.820796418682479,2.3975081749932787,1,1,0,0.8116790349231922,1.8138854340773007,0.8290404610937696,1,19.870728017030398,3,1,-8.950889921716744,2.4924242672578254,1,77.77012470101943,1.2780840797695388,0,-0.35307217728235957,0.7888285114157285,3,84.42523362672387,11.229150390719374,-0.8340207742307726,3.190496272623813,55.15603740930559
1,1,-0.5685156689444824,30.930544819420142,68.57242850076618,2.3545552597768555,0,1,1,0.12296225650825504,-0.11271781033082787,0.34739687440217626,1,37.214616796759174,0,0,3.9091299495035585,3.3952830558614413,1,23.04442281859973,2.598799657762573,0,-0.12738176827517303,-0.20600741213743634,1,42.56720538223855,15.62165411852578,-2.1063089422956507,30.41543155661251,42.46809121633542
0,1,0.980557994257609,20.836525995868822,93.81533848909041,6.697100270664776,0,1,2,0.10831730781635274,-0.6095453291800095,0.24339976054401158,0,77.78610355788788,0,0,-2.4401656826197,6.795394049531762,1,6.863406879195568,11.610004385259199,0,0.33280162314990575,-0.786824746695727,0,1.7816727771033936,31.974288873388627,9.585704730173166,18.680068430174124,35.46512931689094
0,1,-0.2661486119986588,47.67585313139513,42.92913701638019,2.143600619399996,1,0,0,0.5273915146325748,0.09157538638360706,0.26908651920191584,1,17.614788548260645,0,1,6.6089218512702494,2.935086730676929,1,43.49473900095788,2.115190964340711,0,-0.22947999593875676,0.35266348950789583,1,65.75143189092451,22.986309491043237,-3.398503063978991,20.145660042201676,50.65836617437991
1,2,0.3411241467559075,52.821353287642424,32.868132770940726,1.6799849436749243,1,0,0,0.6533216174560361,-0.10053653590020906,0.34198219999792784,1,19.516034983060035,3,1,0.47926978370896123,9.500376811969984,0,7.487524107806265,1.6153662728963578,0,-0.5817196830065,1.025838745300543,3,78.82367065045901,10.054500519630762,-7.847221294048817,36.029515342528164,28.887474625155136
0,0,-0.40788383139162765,29.098086080275515,76.91605128356517,1.83766270074667,0,0,1,0.26860680843855084,1.046424980685224,0.3826115657998338,1,28.08631653790705,1,1,7.605986768199827,1.9716047314152065,1,11.895155588007746,3.0556736047361763,0,-0.18463699843928047,0.7768966752943787,2,44.19714800714685,2.929377964212021,-3.4474412600672224,35.38259807664586,57.93996185955518
0,0,0.12902271437458585,26.846436905597137,53.27546906212607,1.6063650321429197,0,1,1,0.1902622602867528,-0.5343468596841969,0.3735566534331474,0,38.17788376103604,0,1,-0.13302044141497404,1.1960980860191746,1,26.88796723972468,3.3139660552731685,2,-0.6131510315619615,-0.18777822146441978,0,36.314772055688806,8.574142718534247,5.155484493090572,8.801729475834692,58.58384839824816
1,1,0.1222975961984483,43.75924088980497,26.90295597375401,1.4181251678576299,1,0,0,0.49737532673432694,0.16641825277067235,0.5741803036190065,1,17.78790265169359,3,1,-5.387219302918873,1.1045261088729879,0,18.16186707699093,1.6793706878857084,1,-1.1043692369928289,0.33014214850431917,3,88.5214237969981,10.384641941372344,-6.689477789744457,23.341514573155084,20.992330989867558
1,1,1.7326109449374996,47.04803108418618,56.55076545158403,1.641920973022896,0,0,1,0.36701384766310036,0.42388829950295254,0.5837730642913088,1,27.92391976297953,3,1,-8.108486577061928,3.9877752300327747,0,32.67868534840265,2.149089727531408,1,-1.8127851214931014,-0.22929567079521243,2,55.76304220073356,9.76981076255925,-4.005585680202223,23.028384565821938,24.701649256870734
0,0,-0.23272341397922974,22.119912603142893,84.88925682766192,1.504152974500194,0,1,2,0.1090145115319941,-0.2348337059234178,0.32695853929542806,0,57.51145789575952,0,1,0.036980857761136576,1.6162293645527568,1,11.358110168711839,5.25929956609712,1,-0.22903296206031107,-1.4568132502402038,0,24.38205012408881,10.250161614619264,6.499555332698215,29.235585083922967,57.543271313525494
1,1,-0.9016093687684384,31.37431250192892,45.43135364307269,2.2153608528356075,0,1,1,0.19838959635127035,-0.016115768545702607,0.4757739821419146,0,21.247489600330283,1,0,9.204057024861658,2.6914158796457355,1,56.1662946875859,2.175184711897615,1,0.9385598016745816,0.08185803330794328,1,55.5141007528812,19.096983289239354,-1.5256968317722208,8.427093204994296,60.957355493475745
0,2,0.20788192319718513,49.418089901800286,97.79907294847584,8.92611096000848,1,1,2,0.5907293302270165,0.07874292582133491,0.6964728387046303,0,68.86542052831888,3,0,-6.926972761570819,10.75627563949952,0,17.24825370551955,7.58926171710363,0,0.7868152680335713,-0.6168318871689977,0,10.626334067713628,39.15342661113636,3.4850526801051647,39.414787370650195,44.186095821648294
1,0,-0.8609677713588209,19.543538549596576,58.6471112533568,2.4704326306106195,0,0,2,0.1900355119130943,-0.3079487214182711,0.6635473033652431,1,24.962719031538484,2,0,5.123178936353984,1.3204805414721055,1,22.37110258909616,2.3491835979111055,1,0.6230618259035134,0.07899961322615698,2,54.11439027556195,18.985545258447548,-4.149965428361771,9.024459555982032,32.11569333897728
0,1,-0.7451174599853646,64.46744934754372,69.99899032583352,1.8951651882867453,1,0,0,0.9511190262924354,-1.3069605681977337,0.5895089862918834,1,23.835008626078576,1,1,9.148410014761431,11.939654073785368,0,44.38616498486628,2.4480433659403356,0,0.17955825758284363,0.5445544512220658,0,58.23358761592412,21.260809546698198,-1.0506225282615755,30.15188115319428,69.33419094801167
1,0,-0.3540256626269991,60.6548996888887,14.890625286242276,1.5349884852033853,1,1,0,0.7042390695230485,0.477557039000026,0.3537195739009221,0,18.19556471124432,4,1,-6.148157213089628,3.160238710737868,1,26.047676766430115,1.5459107984699074,2,-1.8212590513507014,-0.949675069367401,3,77.89688234255104,10.564868855399027,-3.3140488020579735,12.094866525539095,46.779408388502866
0,2,-0.5819049383762618,51.925684050174,65.73232423100193,2.162594329063119,1,0,1,0.6258018135014005,-2.051673518351094,0.45291013262451735,1,25.947988477915036,0,1,0.6115493153278013,5.214860745626786,1,26.100083600140167,3.3871969373302946,2,-0.4152343048117734,0.13311569481385932,0,46.99060671910665,16.3967687941143,-1.420877473878452,29.444651203114212,56.05925416631324
1,2,0.6648152018648963,61.39792443129747,12.015965886931928,1.2119402037605425,1,0,0,0.835329398887259,0.4897453349006659,0.2737695991158259,1,21.139867699302176,1,1,-6.05468599912415,2.0029097422647055,0,46.28051526658613,1.205362338166392,1,-0.991029991444007,0.9421343761924024,2,87.33729857680714,8.907083427462958,-5.500750758056956,15.961518538625572,44.9148747162174
1,0,0.2846648322130688,30.492176231312452,38.876786285394296,1.9074297793511628,0,1,1,0.1359681241470998,-0.7156010623674922,0.4868949731069339,0,19.043954422132163,3,1,8.070044059491536,1.8410810973693936,1,3.8097280561657865,2.061864234588327,0,-0.4485335654731963,-0.8298536834564566,3,58.230949344373606,23.06920152719082,-2.526598719961566,19.177445064318984,32.25950245518743
1,2,-0.6409003442520779,59.97038383653287,52.199249093074165,1.2892343381327738,1,0,0,0.8721177058397387,-0.43992343410456497,0.2454954275981333,1,22.746719010732306,1,1,-1.689988990356957,10.324544826214067,1,8.928160936631837,1.8432273393280405,1,-0.08602300479884499,0.25438767083260877,3,57.540653772396944,18.511702063974308,-6.070503261819854,35.409603274448116,51.43161634463617
0,2,-0.012679477035923169,21.166924574775194,98.0497620915094,18.651007405879724,0,1,2,0.155839819094928,-0.7749953084741543,0.8267775840128915,0,79.24012978442845,0,1,-0.21187992115415355,6.749102520297804,1,3.618542986083102,12.084703697047122,1,1.7282957044518337,0.04802467258507131,0,1.5153795951265203,39.926791388523704,8.50468702231954,31.789865824271487,21.575064606089104
1,1,1.0496086228267307,53.07313312245788,66.9573521713386,1.717731685209286,1,1,1,0.4747766967698434,0.3608445851145723,0.32684628025442547,0,43.10630650600714,0,1,0.9465255795847405,11.775903547005436,0,44.4739016518014,3.830189711373801,1,-0.9974688051758301,-0.667300555336911,0,31.10672963788256,8.942046836583966,0.7673073031460333,31.87944378956946,35.18011415837728
0,1,1.1103360472872141,48.27854395591497,47.082968482103354,2.1893237600758155,0,1,0,0.40926188946104985,-0.8441142331712554,0.1837568794371482,0,43.84490358401217,0,0,1.6701664310780284,2.831444046977745,0,67.1386312510429,3.8684472775212604,2,-0.5579652330845494,0.08636805011706637,0,31.19642578072861,14.263982505591741,6.867582673992729,12.646770391992458,31.291291516112516
1,0,-0.15990233369724746,32.141219312625466,7.669972871830083,1.4500620585735615,0,0,0,0.17902653915918,1.5675989122927019,0.19320507573842627,1,20.113776550782305,1,1,5.0260280037005565,3.695710150407882,0,42.27871950223329,1.3269255397884592,0,-0.3377579670753255,0.24354188654761028,3,86.54056243147534,7.070721367008376,-5.303405338981408,8.985166441098482,20.069816687093496
1,2,-0.09311431623791336,69.15906089212572,17.043128557909636,1.5481393748737458,1,1,0,0.9892031513488051,3.2833464016042258,0.3176412287523225,1,24.978076709499682,4,1,9.167486368403672,4.237025110975528,1,55.002509027703574,1.7872744715820497,1,-0.7471349423578854,-0.20130298737451277,4,78.58577785442546,15.303096305155092,-7.118090266595706,31.459961094299214,64.26914843289498
0,2,1.4157294803889744,48.208932600711876,57.45447490674809,1.812433709191943,0,0,0,0.3070588205963003,0.5479224275121027,0.7428422745889829,1,20.7864110634311,2,1,9.43483359822028,5.040855419616946,0,30.224258549018785,2.354877716465244,0,-1.8315881925055242,0.24637088935184273,1,60.762355738389765,13.77450241445124,-2.693868175113497,13.644285785158177,32.92905042317169
1,0,0.23619216834796708,44.167362522386895,27.46175860841612,1.7822685610191917,1,0,0,0.41937922990598836,0.48261769836592777,0.6274875401171965,1,24.893386231912515,1,0,-4.69560554628044,4.77555910043363,1,67.82311286240517,1.6830382180484578,1,-0.40688502331237214,0.3989017384056355,3,75.93451598354422,10.005143670258237,-6.470970205601968,9.8174835010917,21.012369156739094
1,2,0.5044136576463146,52.640918861665945,58.509253987423236,2.055266169514586,1,0,0,0.561605671941623,0.361547615757959,0.27536182448392454,1,23.138387620126622,0,0,7.339897671379578,10.005749715105367,0,17.089769669932643,1.6683690079479694,0,-1.0694385447655383,1.69809138595145,1,58.56960639906512,12.045103566045729,-4.342423139569698,26.897671739998202,29.942324135467633
0,0,1.4008190022470468,51.467987882470844,82.14846740911035,5.483270237431254,1,1,1,0.5050458656804875,-0.6369667386883996,0.9842899383468751,0,44.56582136600638,0,1,-6.722138201698283,1.287740157278084,0,74.20665987045872,4.007010805853272,0,-0.2359716344705116,0.1577366161164982,1,22.811309281291337,25.013621255465438,1.4190173579558607,31.154431135739465,44.595706320814074
0,1,0.8586949287766266,35.05418204597078,60.43942640491405,2.351403563278052,0,1,1,0.31051529206449924,-0.47890798716811095,0.289970554034078,0,23.65740934364051,2,0,3.416019910919662,4.794772836254489,0,0.14319782705295658,2.5182691926765624,0,-0.9293213176679113,0.8382182374905627,2,48.65762688913482,9.33371904460526,-1.2263179829545798,18.729252893605313,52.721966397051254
0,1,-1.007139159073356,43.80012359564299,91.40219661665593,3.4075639502213537,1,1,2,0.45185091742749395,-0.7126649897170423,0.5337579266012816,0,78.14157404894743,0,0,0.02365097374837255,5.776239134705902,1,40.22164635603297,11.212268857268601,0,1.4325135135820148,-0.5190549750617285,0,3.4658793781812136,20.73472034644866,9.754142624255902,30.800220741570765,41.570539928203615
1,2,-0.6122812624640738,64.94688091962063,47.42343081618222,2.8131711128050374,1,1,0,0.9397321101274758,0.4479583422119808,0.7992730283020482,1,27.37625926771522,3,0,-5.417072129939192,8.543682067076363,0,63.44024458428849,2.2844396216439704,1,0.7666537193328926,0.1268359887591568,3,57.36749579096648,23.939868858840487,-5.131633725296472,26.700338877306187,34.26076635936134
0,1,-0.34084684259000286,61.89090780198687,28.270276619606282,1.9077637155533718,1,0,0,0.8730299988719037,0.6658070560759791,0.18171705556036716,1,21.35374973944151,0,0,9.446709347593373,5.675828695991314,0,54.78117605519812,1.7549527495738828,0,-0.3437294666277348,0.928718219676302,0,79.66140269317195,6.524590499052401,-4.481110974913632,13.484848106819287,34.80678860752164
1,1,0.14637550574033784,67.07512228700452,1.9079083747407355,2.1559677563356385,1,0,0,0.9450602317918363,2.243777351097116,0.8334622237888606,1,21.631214268962697,4,0,6.69153375453994,2.8875104023377367,1,23.679494335824426,0.9718598420170507,2,-0.7410026535800728,-0.12532855573856735,4,94.98269162768793,9.340552859205236,-9.203335586288969,12.370622842377161,37.669232659911614
1,0,-0.43545927783172483,57.10767195562274,9.925255245905085,1.5491910719776172,1,0,0,0.7710003908478154,-0.60516553528705,0.4337899946449744,1,21.727752470818924,0,0,-5.521789015375225,1.8047470876481824,1,74.76371393803961,1.074498923124414,0,-0.1144521592427964,1.042722439417217,2,89.0885161383476,9.376414528568214,-2.541845106055975,8.569651571429521,37.05320462306331
1,1,-2.6621351438663368,55.56556678857942,73.10727873665815,1.5338162461966238,1,0,0,0.7869177081605794,-0.12432684717593957,0.42463513393792157,1,30.84646501593003,2,0,-1.7893443264752342,5.279502202929977,1,35.91245554669024,3.117492000782595,0,1.3096607325863228,0.02003172722848561,2,23.002948219643354,15.2857676810496,-2.81321818660765,31.575014758638513,66.02300638210639
0,0,0.5016023052721034,20.4431003139698,51.56765411099868,5.7997982429731945,0,1,2,0.05844134652651989,-0.8821982869668136,0.23092555489965938,0,43.775369476769015,1,0,-4.545951681444849,1.6216139209085414,0,52.075929474082244,3.7199308038168937,0,-0.00045758214952480367,-0.33636122221274206,0,31.305742136631142,30.35660404588416,7.818405523688217,0.7984042399571845,29.68285738613723
1,0,0.7003280968514556,58.39233712955491,19.733266523033947,3.724798955224692,1,0,0,0.6175476292284892,-0.3406950295855562,0.6043296536749345,1,21.31443110802307,1,1,2.8197328310533347,2.8363269174987487,0,72.28352087002108,1.4991059111117229,0,0.6437540961753923,-1.228583177194078,2,79.13164748962743,13.200449230420858,-1.85122365955346,4.597288102883226,32.39737684549286
0,0,-1.52400965773671,28.62233244866046,70.5468440974392,3.230318916750971,0,0,1,0.2357249065670155,0.5675548537793638,0.4370398304219359,1,29.872443279149454,1,0,9.999887518491313,1.1598004802942923,1,37.25577025678394,1.9760816718002507,0,1.359427563478735,2.862252364563568,1,54.497106947478045,27.712915722812014,-3.9289754352634256,21.98044708077032,44.302566799605046
1,1,0.23507700277001148,24.570035185370912,69.58181439801558,3.1088734589027016,0,0,1,0.15899534338079552,-0.12181832001316734,0.7189988284218932,1,27.18698310451139,0,0,9.509226574910357,2.7351019952301163,1,15.070074643614104,2.0519144651929437,1,0.35280188084584313,1.1173033504859307,2,53.775060611745104,17.969226415623353,-3.8098196063725105,20.181614659462067,23.084442125282816
1,0,2.2950203439320025,57.89967591744873,11.178105133686516,2.051357924879614,0,0,0,0.36342818295234036,0.42842070296224466,0.4351792483965937,0,24.279087647068394,4,1,8.825036889793196,1.8122023552931428,0,0.46788148890530845,1.3618348794788133,0,-1.8084342738880559,0.1711814817459308,2,84.71746909559246,9.174422009332627,-3.661400869235364,5.173584954619608,66.17297313827396
0,0,-1.1625896529397228,43.499164517614034,58.02525069302777,1.9347286767027405,1,0,1,0.5762272263038289,0.04139192929524071,0.5246035181464849,0,23.120038246041766,0,0,-6.882149720962195,3.476636506216271,1,30.796647888227916,2.576212029655184,0,1.1727561822201178,-0.7016126551855588,2,54.84003762808506,18.20002876542219,-3.252816168912954,21.255777774032563,65.12737259816635
0,0,0.7377903578715068,23.21074556092806,92.73941975515237,15.522589491163163,0,1,2,0.1037981883781528,0.11144872583345866,0.6230117252964554,0,77.83754290371591,0,1,-8.065702903507471,3.388599292650582,1,50.294246174351485,10.785697946272213,0,1.055799131158227,-0.4487953686268662,0,3.0521914772622005,39.418793534510755,8.835234369628921,23.898170607143385,29.996734966030665
0,1,-1.108127493794105,45.198654260485156,47.62704301747938,1.4248593474607492,1,1,0,0.5174317284586244,-0.9124995157312423,0.6667337486859594,0,24.233086530314587,0,1,-6.240562211988942,2.733013429538116,1,68.14016442181858,2.5482480368345923,2,0.2949422166331628,-0.5277143661161341,0,49.5257413600422,12.190858596199089,3.73933738550072,6.079592599921957,45.76303803554777
1,0,0.4666877059683042,62.318441652101654,6.134744506022244,1.5423292640260517,1,0,0,0.8500940579976471,1.1303937989780612,0.29536464429652076,1,34.021997956675726,3,1,6.585193751393401,2.3859579809582567,0,70.96822678810888,1.2511749039449578,1,-0.8855801870198697,-0.3467786509368059,1,89.3858377526796,7.314863009289425,-3.6083900731644754,3.239741434129735,34.91161299904682
0,0,0.613921830675271,19.597565687011784,84.63395207084861,20.058584203307895,0,1,2,0.06525521785304261,-0.3020737439930468,0.4697974959801993,0,76.43192546577615,0,1,-9.17263857250072,1.0164064654815466,1,54.42534680603405,9.291849552914206,1,1.499968876284702,-0.957178884679098,1,9.911288176786309,39.874327279674446,8.673717958678232,27.9584190869799,26.244967017489138
0,2,-0.33322918164406484,30.615549039937573,83.20061201126265,2.9412832038232937,0,0,2,0.1634811426322395,0.58381877940479,0.535799880709671,1,37.22701765671725,1,0,-3.324974113958808,3.162592373201471,1,17.42125161619329,3.167329393168991,1,0.6980595733499656,-0.010336015547758964,2,33.935882111116776,20.336459312016487,-0.58201030016542,29.634976330793922,37.31787343546445
1,0,0.9830561082527928,45.62161284636572,17.80587877700595,2.4016451261191,0,0,0,0.4067421584436677,-0.2552649609225155,0.25952202358863474,0,28.213423088727623,2,1,1.9721719377466762,2.255122662646947,0,37.46349868296625,1.4715096506740413,1,-0.9303795592454825,-1.9672943998779844,2,79.7667442839211,9.51970826505216,-4.508362230876189,8.561097483885469,20.71874641890541
1,0,0.9091345634082404,39.593240400149114,27.329490901373077,2.297684494715306,0,0,0,0.3576276721572623,0.09467423973240534,0.8817546909279907,1,20.831039847031462,4,1,-9.28679886099429,1.8944074389440697,0,5.029988561756533,1.6755904824696926,2,-0.39801249712539755,1.846415367116386,4,77.41861519533232,10.242432895819684,-7.980487761208133,9.108406819891034,22.11802210526691
0,0,-0.19127589671993261,20.223168038102013,30.14791948559525,1.850377141421997,0,1,1,0.106583179894713,-1.1100792749694217,0.199971919813687,0,18.46306580201864,0,1,6.125972576480812,0.7942546888826821,1,25.814589236711093,2.3779685934967882,1,0.03236974215731019,-0.17079403461724346,0,59.02005578652365,10.745521737745767,2.6594641186772012,0.5384633091933622,31.246558061096323
1,0,-2.313749528415939,32.327088903529734,30.951425083367123,2.8425092471154594,0,0,1,0.33174357711834357,-0.4181322140793959,0.27722440029942974,1,19.497577749046876,2,0,1.2779845380609558,3.55083719278391,1,0.7110858179832036,1.5354993145925282,1,1.716819182702242,0.8164863503837121,3,70.65958102321783,32.69554749387324,-6.497742577638061,18.08642864379648,67.52412334296287
0,1,0.0074681664605269656,26.685226219701992,86.84376128910836,12.551822558287789,0,1,2,0.18042922337287987,-0.24587345038333383,0.35117308189242985,0,79.39964904119249,0,0,2.703420937057146,5.90850675288708,0,38.966845178828486,11.264262843311647,0,1.144220904048379,-0.34998385532899573,0,2.2257261385595695,39.36281006933647,9.682318089150222,16.01524044493294,23.901883273376253
0,1,-0.6102968076752826,44.08830232188721,87.5541519982146,6.85755490953058,1,1,1,0.41123056382503176,-0.2745636778418401,0.35197620883044706,0,57.96218896071812,2,0,-0.5336836004228953,3.0507301604000414,0,48.21212346860118,4.6456105478509055,0,1.0977556762055973,-0.3594074803655283,1,17.851265052703152,33.495707871612254,0.8621362461521507,38.808861537255154,26.98387331924836
1,2,-0.43102109529437743,50.58627313749044,76.27798356376287,1.9614381834117316,1,0,1,0.6202956716403096,-0.47934781914066216,0.6185833107315228,1,34.02241184076041,3,1,7.0849638509800315,9.740450172661943,0,41.25383579515193,2.5464158409949103,1,0.5619256907733645,1.1678560420045423,2,43.337434737202145,12.256404387707093,-1.5432996735383497,32.43726507406911,22.562346342782003
1,0,-0.6832664700764106,47.8086836145843,27.01395625656598,1.7780094376293278,1,0,0,0.7175896390539052,-0.35960574746197244,0.6226645641234279,1,21.913752445910774,2,0,3.1011066235815967,2.42436028337471,0,55.659184815255045,1.9279674034426513,2,1.4882019139972775,-0.7188757173233202,1,81.37707217393843,13.536290735414207,-4.309460682623497,4.875361870605277,29.441750974994207
1,0,-0.3896816420679761,56.84343625918773,0.9242156400115109,1.641399213947577,1,0,0,0.7167044991581214,-1.1154940210350681,0.25569004692514175,1,24.359776199959754,0,1,-7.566142158201253,0.6900846218436135,1,59.299006310368924,0.7729134841923608,0,-0.11651968012982818,0.1653776114130223,2,97.89556174129035,12.696569908667982,-6.876613169148198,1.5120281932910529,65.59310806890792
1,2,0.18990725063175307,68.50575773469353,30.97606147565149,2.2006803052572916,1,1,0,0.9738690859889724,0.5982361632414785,0.9421529638174426,0,23.42139305272507,1,1,-8.320605855804072,5.089031876169196,0,59.28480567621895,1.8722159716069995,0,-8.48871391060634e-05,0.0422151278096354,1,66.70737976374824,15.174893353638998,-2.687505258625765,12.42161022855363,69.29149168952884
0,1,0.4043093306583369,41.38552564969494,53.85892080275669,2.340301087793332,0,0,1,0.2940663419170205,-1.9859219078334351,0.46009701590715246,0,32.826725158563086,0,0,-2.016653885587223,2.6430636339582225,0,64.37715792084084,2.927531059114494,1,-0.2738241018012516,-1.0827396941379044,0,36.091741261224264,9.578115531405162,-2.035495428745513,23.000622576665833,24.548853498553996
0,1,-0.1091363890129999,24.167412046909263,61.99029632940118,1.8405711729418177,0,1,1,0.24097767909981554,-0.6925301396930883,0.18657256054099347,0,35.84121338416236,0,0,-0.2038174597271869,3.0859418771738185,1,26.57744415657951,3.542893945096418,2,-0.48448385289970225,-0.6154619266181208,0,35.09204578396205,12.043128697608365,5.817855477146621,11.894481540089908,41.6217909542074
0,0,0.979103391656298,41.47353246100313,63.486758595919035,2.956858115337053,0,1,1,0.3499910120786843,-0.8801935206361551,0.9592258282819146,0,20.490063328909443,2,1,-8.360004050987923,0.9415830655274754,0,45.914165699495044,2.905462993619924,0,-0.4902255248757721,-0.6731060196669307,0,48.40368667025746,8.026440589667523,1.9401589184935641,7.078643124076336,30.049800081759493
0,0,-0.86882167485559,37.97455743217919,59.48040634327837,1.699492775774345,0,0,1,0.3194003092613304,-1.1041904463030146,0.5372887169036412,1,23.093098945967068,1,1,8.331510485618054,6.637850798896335,1,20.147931836508505,2.3265345955466614,0,0.5197842685742933,0.7176126071457248,0,52.31180581864214,24.28592419817463,-1.1736668520136764,7.833483516522404,50.27748842372144
0,0,0.7020777919764725,19.415030550353855,79.57674007229458,5.638682394498921,0,1,2,0.12960309121735897,-1.2121626240639212,0.5615333640834854,0,79.19160483818538,0,0,1.2681603205818845,0.7960100700305244,1,45.462047043359355,12.630168738109278,1,1.9364469676622156,-0.4853001026110366,0,2.4659321176403513,23.44926311341733,9.932064677157513,3.7411278780391632,40.543727529880385
1,0,2.9179682631950192,60.43531423830454,1.3841471083179513,1.6531231064977856,1,1,0,0.5254167438138663,0.18410505675144614,0.2498437551803267,1,22.589627495198496,2,1,-0.7418930396774872,1.2425982088698808,0,54.87520829675727,1.0813627896157259,2,-2.5375099727153074,-2.4741635211757287,4,94.40255078543555,6.582858242535455,-6.673668028610258,9.46774925907185,23.80676506798235
1,2,-0.11297969917821031,67.17230351272363,19.142660037402504,2.9109679614050967,1,0,0,0.9546544320939525,-1.6614695662724823,0.03883680853631416,1,20.37001626877003,2,0,9.046157279575286,6.805960068870971,0,71.76952138418044,1.3736274186243858,0,-0.21006068626911567,0.9623361647423655,2,83.73508406632442,19.534097247591305,-6.229417836618446,28.161806986965907,63.862928412648095
0,2,1.8255704120112253,54.81002760344562,66.52840286177887,2.0387762863221255,0,1,0,0.42762344659989865,-0.7722687835620466,0.5220449626689767,0,40.22001466167457,0,1,6.718590189283841,2.9315557147659517,0,61.94215167060101,3.7381936026158677,1,-2.3596268408572594,0.47978111216600544,0,34.72369062486898,6.96066566324077,4.127228800893445,25.19222760776764,60.357380796738376
0,1,0.4046700562892624,49.54143334297262,88.5047553239801,2.3930284275021854,1,1,1,0.131723373427299,-0.49130196226329337,0.6701848995736358,0,74.58724820830257,0,1,-3.4324890335637717,7.334061487683054,0,35.21188529962644,9.186280302054143,2,-0.009120378841473988,-0.062369264106297166,0,8.69454359936107,12.385111724084666,9.0394717791424,22.292726941546807,53.973550587736646
1,1,-0.08344597724380326,30.924202012087854,51.83945260347019,3.684852401767967,0,1,0,0.24607896668670787,0.3973277804258953,0.4079635591427302,0,19.96413523901211,1,1,-2.498264081318858,4.74182469221364,1,39.21197070760271,2.5355159302854937,2,0.8341933002085243,-0.02122222407752485,2,51.47465119977975,31.524539983297835,-2.921741893402894,9.94097124432866,38.29952634983276
0,1,0.8151171545119564,47.28870363794113,45.981917715947304,1.4309346578662763,1,0,0,0.48599951602317804,-1.299618975148686,0.6381209774993559,1,22.247477267464255,1,1,2.424874517959461,1.9166421862661018,0,49.75153306367752,2.2133697068771134,0,-0.48425008378982726,1.8065004353290572,0,39.295487563733154,19.593942245447295,-0.12193121362970949,7.721374896312836,47.63886660221934
1,0,1.7601954588872377,34.7567770585366,24.122695859326704,1.927600970536553,0,0,0,0.2359461083632569,-0.06163536405511159,0.5902350324966342,1,29.76870566181951,4,1,7.993792501698081,1.4411258912456246,0,53.39510124195514,1.2888516616051722,0,-1.0695689894415124,3.026290094701523,1,84.47353292933961,12.783451079154855,-6.4025816320241224,3.604650201569981,22.571366076016375
0,0,-0.3814015181162205,40.39388500863679,39.52696125498356,2.4118834213373765,1,1,0,0.38168065771377746,0.1777449674020434,0.45641178044199243,0,42.20993726348677,0,0,8.931948286622376,0.9547311380471096,0,49.520712586253154,3.2168573672743457,1,-0.7396155188598437,0.7359102067595811,0,40.79137541208804,16.89347684482721,6.0767907295790025,11.092306306022408,53.49846991683853
0,0,-0.8471458203489507,25.38792078504578,32.71109574662037,2.1176175447524623,0,1,1,0.15779381947089677,0.3260056337926077,0.5747829850793541,0,20.86157246665115,0,0,-2.5716111439675657,2.4931260296481232,1,67.40293332852855,1.8180515790094967,1,0.507455188945313,-0.575388048372989,1,64.97590291564893,14.744518546165711,-2.021674513138187,8.357736958103166,37.892826424247716
0,2,0.6092418165045127,26.82667613488152,96.30083146850899,16.649483632190442,0,1,2,0.24109632570711048,-0.82028931057595,0.4095246514246478,0,79.95644265961461,0,1,2.1205914309755727,10.185517548808498,0,30.864217891095144,24.195890468658284,0,1.0809420383201729,1.3401143196078338,0,0.2813421184492404,39.28082593030541,9.95787583698543,31.122733159797868,24.567975961891396
1,0,-0.21044146165558308,31.102336263491196,29.93236589990661,1.4775794531495423,0,0,0,0.19944732555412997,-0.09302642141123484,0.40474793047094015,1,31.014919507158645,2,1,-2.5697545014597667,2.49567623037564,1,21.430228914609877,1.5904938838794433,1,-0.1461780810754956,1.1268089997778146,2,70.91893324749641,3.4116157244808276,-3.510251724884861,6.52863727622675,31.656591691049588
0,0,-0.508526575274131,18.247742964166235,43.69228744402937,2.113777321232841,0,1,2,0.0482748116248225,-1.9726259495337028,0.2083869152284476,1,17.733619712727688,1,0,-6.709162188694516,0.8345164158627505,1,1.114517107301518,2.1036252494186485,0,0.4255745657934969,-0.18079027014155016,1,59.837046034555776,13.90811587147677,-3.236674417497534,2.145918758522767,26.93477372230877
1,2,0.2105367174865864,58.18977283076879,22.949596825550834,1.6443520623569086,1,1,0,0.6985716123871502,-0.8804047688402958,0.4041523903832941,1,26.03655353263543,2,1,2.0775519731756873,5.393681736798295,0,16.10349690538485,1.7055379988803336,1,0.22856216881430352,-0.5645321950131127,1,73.72587984810082,7.549570021550309,-4.03649598038718,20.625113706257793,33.10160779830625
0,0,0.34099672077267873,51.58882494049011,62.37093023507568,3.743845433550204,1,1,0,0.6237077581294443,-0.6346364905593306,0.7067161709694535,0,28.26174530817952,4,0,8.721035376987274,2.6510317211708023,0,73.07373018155225,2.8152187739629015,2,0.22916755632360486,-0.39186356363186303,0,44.70258749298062,23.49314669765489,-0.0009530624150393407,23.938345863459986,22.459338142649685
0,1,-1.084358861585459,23.69773041809795,73.7515953238231,3.8137353476493447,0,1,2,0.13951252303268769,0.7996297708817319,0.1115316652105684,0,66.74964684264908,1,1,-6.413773477856262,3.750236038891894,1,38.823168351645194,5.435045596759531,0,1.4431501526546617,0.45501202075402514,0,22.863992852350417,26.600146174935333,6.567899640506244,19.223514632970193,32.81742919542916
0,2,0.8557265331800777,66.04423214075763,82.60979965493748,1.5896002185367144,1,0,0,0.9094473795904818,-0.5929698177189084,0.7090548930844914,1,27.95723692357786,0,1,9.97793530919801,12.102452240026647,0,45.01060330946774,2.723433939344043,0,-1.1520889595820043,1.4850338222398294,0,34.24685207163852,7.288244172174392,-1.4117634960170022,31.245929096587908,69.81958056328767
1,1,0.894254484097795,44.21749389898304,35.05917068769009,2.775309417953801,0,0,0,0.38760356531564366,-0.36829851441623557,0.7303084192308168,1,38.17005055871807,0,0,-9.638725861827789,1.5126078245426922,0,3.1631691016406727,1.754538708163111,0,0.4435712608183951,-1.83273424329514,1,69.6097890147823,15.156684404497005,-5.8341270500424125,14.100792637921696,41.97006202289509
1,0,-0.735486138811264,19.664385754617243,76.5418240313179,6.641880769449009,0,0,2,0.09903645613893858,1.8590115349049032,0.578009383546918,1,28.410443592570477,2,0,3.441864216955196,1.6423334226575963,1,29.41729217781504,2.5798175848396117,0,1.3979039305709287,0.4873280239397133,2,45.287049505862,38.060464977908225,-4.258550280874353,28.3029700580934,41.375883984287455
0,0,-0.46101010956431143,23.33369580773714,61.38273072416208,4.006196465259708,0,1,2,0.16173956486415547,-0.38113748146756127,0.4076682183482021,0,74.8981915232763,0,0,-5.852255217065635,1.332232272735416,1,65.04609117739163,7.293301017193394,2,1.2831786157687946,-0.2950546850530298,0,8.315718570685709,32.88135958431732,9.866737806248828,2.3451097748148753,34.40176417256472
0,1,-0.18105125237964517,63.058159737374915,49.082479894184075,1.4664132614980725,1,0,0,0.877199355412839,-2.235846799685763,0.668690280185086,0,20.67761726968684,0,1,4.3344670602607405,4.025686402838913,0,57.06657702031152,2.1140374112247877,0,-0.9924894033609906,0.4229469094862665,0,60.73438075578195,10.130006304604663,-1.793085681634004,16.400540135114497,53.0363304751946
0,0,-1.265136043478351,23.059275047286405,78.49904571617148,1.7921101309660454,0,1,2,0.10607160294232892,0.07704414344165626,0.3871628747576776,0,41.95034706618198,1,0,4.53168808190615,4.069080130191637,1,18.469585320921077,3.2651856307688663,0,1.2413165526958194,-0.5176572338863015,1,34.00751548137811,18.740706157357444,0.8817348290037419,21.041241486479155,46.746308286518676
1,2,0.9530843247138325,68.36403684020596,20.629223089142496,1.5604083961814676,1,0,0,0.9492122222532275,-1.1307130926238111,0.1649695866956813,1,22.87825651867509,2,1,-3.0781828483317835,8.06696732384863,0,77.62013995178039,1.3595200732046184,0,-0.645860831259755,-0.04132205271196576,2,80.9709640049187,14.236777012849892,-5.4760839884093,26.656715275779824,32.82192498707467
1,1,-1.441285454223423,61.0830462677775,8.338835283572255,1.4094165162132564,1,0,0,0.9752148257442723,1.0830069703206981,0.08470947903030202,1,21.153612275722868,4,0,3.036383689286282,1.8334278623944837,1,5.3530336229202025,1.1246114253735466,2,0.24752011435415355,-1.0439094064226977,3,85.24065196883943,20.51854075726844,-5.819985741360406,33.766990300058865,64.899925468108
0,0,0.8668123084079322,20.63084942535501,79.69452276019825,10.835945291199863,0,1,2,0.17689494933130945,0.37173252993255523,0.025653631286955636,0,77.02128167806292,1,1,-1.1223425036312413,1.429780868619206,1,30.64984705272188,10.448635278444879,0,1.4543818020847648,-0.46439934211046613,0,5.245577718037763,30.746621691481458,9.387094047606826,37.51138405259642,23.736187006518122
0,2,1.0744608240557392,59.87674632081027,61.31330803712647,2.2103528849905683,1,1,0,0.7144294219675706,-0.581509538464324,0.48288313262630156,0,38.17994812526918,0,0,6.27482494588908,4.37186399870554,0,66.01453411488215,3.535305747232137,2,-0.5994482435169182,-0.23351998444442557,1,39.38693222573182,11.294501058522727,4.496755131378547,28.216502349455325,37.10308790540248
0,0,-0.6026616524192883,30.253637230828645,68.98542725969745,3.6507137029186603,0,1,1,0.26081999401502154,-0.15847517138110456,0.44899441235512266,0,56.37111295070015,0,0,-4.054314942079222,1.5772087705367623,0,41.75359485558065,5.528209735208933,0,0.606060946638864,0.6739012063667648,0,8.928662086623145,27.4516075551399,7.690876132870979,9.983366850530084,32.80492397693911
1,0,0.7703374819532853,50.23263684667692,24.021552533065023,1.853920991263199,1,0,0,0.5501877078356182,-0.7664392354881884,0.13154749831911877,0,21.932008805546523,3,1,9.232399581726916,2.2221810384178577,0,43.562432184280404,1.5687669057977136,0,-1.8372833471740286,-0.6082241888123197,2,64.39414120009972,11.71775265549874,-3.8956106515875133,22.934141659191877,30.86744391249241
1,0,-1.2437560580937945,22.160914231220904,5.284971213284334,1.753084384910956,0,0,0,0.16469194402072285,-0.5773041186197397,2.1142254109984826e-05,0,23.774016612412893,1,1,8.186656579788018,0.32859032572329533,1,39.329263712056914,1.119790178875114,0,0.8677106255935375,0.8313753901065026,1,90.09899535435322,13.000238483278654,-4.395879008369006,18.126881414877744,49.91307983659598
0,1,3.073558218399194,37.95361881330133,75.92530247439193,2.114143216828938,0,1,1,0.3213113336972819,-0.5273949162637073,0.39450250999856573,0,70.48292155027998,0,1,-4.835707678555828,1.7894129457686727,0,1.7912609686261494,7.069100627475407,2,-1.9378936041351031,1.1946056346464193,0,13.225939310265272,3.0799463104956493,8.574072978784354,21.703309272966983,40.675992655401224
1,0,-1.1982551360073843,55.0697011782403,15.164240291735132,2.5650991879425895,1,1,0,0.8678121545118604,1.4633093427637451,0.6670311775322002,1,21.287330273660633,2,0,3.7096575098531215,1.8243430316649871,1,40.16914865463583,1.660732758197644,1,0.4906389129090972,-0.23848783332426501,3,79.05207710979849,19.182701598154697,-6.526449160179681,15.039899717302735,69.61660703262959
1,2,-0.3560649550395331,55.79979263010437,48.20092213891804,2.122831140090396,1,0,0,0.7501783715722126,-1.1462511878054404,0.7671338106534494,1,24.73311193480069,2,0,9.995489717312488,1.895566477428299,0,30.908233565976396,1.3926817021738056,2,0.42396460367492306,2.984091480472842,0,74.88282025985265,14.335537848914752,-4.717102903449386,25.214281871407493,45.228612111592554
0,2,0.6143766450557004,61.3444495994163,55.12347122696666,1.2517846758052393,1,0,0,0.7927950615285757,-0.7001736606991226,0.14510203005695477,1,26.74167119059835,0,1,0.3048805035201756,4.699634138521825,0,51.27423699864504,2.159668323857036,0,-1.318356034314209,1.4397918411755104,1,61.23352033855436,11.254177942014799,-4.077689170241936,36.43682745704097,47.70039442893925
0,1,0.4105610978537948,28.972754179091943,68.45630030467107,3.915327968142388,0,1,1,0.14710564564154166,-0.6651301071862462,0.37328407943695097,0,74.80337950121425,0,1,1.847461517414775,2.828565243489632,0,29.559870174107992,7.962346102541134,0,0.9285545232882033,0.33748754789552027,0,8.505861858098546,27.040047066343824,9.50701633664153,12.307666215332858,27.079835540091942
0,0,0.2949595512031712,20.199128794639588,86.66175469046377,15.09411094926574,0,1,2,0.11065454122640683,0.3083668244440971,0.6990824836962078,0,78.61419845875345,1,1,-5.105657440553281,2.7348526989295996,1,46.7293692679117,9.781389851141235,0,0.9137439531398371,-0.7997928297555185,0,1.7809890879630697,39.44194257050868,9.527979256532149,7.541684657999587,22.777608612136575
1,1,-0.8784845125334326,47.82344506758011,29.751296880637078,2.4233923502752233,1,0,0,0.7158003348554808,0.03562851367500658,0.10558238817041943,1,23.067334243378106,2,0,8.421010539414695,5.861831440059632,1,41.84063386543439,1.863007740996658,1,0.8417492816397334,0.5645700325764069,2,70.84697128640579,18.643615179758616,-3.46359884829326,14.258232835829737,38.5880291177038
0,1,-0.9948429592899839,43.599045886069064,79.64402872082832,0.9555755230198347,1,0,1,0.584399442264021,-0.5938915236763292,0.7918387294646976,0,34.421196588235325,0,1,8.687926604272722,4.986779588843076,1,10.487951895082578,2.7582548096923496,0,1.0571201627969076,1.4410010624621477,0,41.584138007821196,8.981459304057235,-1.248494685639752,16.31184147100682,62.55572523024253
0,2,0.7788499979960954,37.80769476807386,82.7238733571289,10.456486057388517,0,1,2,0.2596392142000873,-0.9983640119385275,0.5389426081653318,0,70.65033950785423,0,1,3.2596323753950696,4.353794384694705,0,77.25724122396726,8.34160699550831,0,1.1089196594586064,0.14818066170069505,0,9.516301823670437,37.472350492387775,8.996413121177593,17.952797197004216,24.142039443090525
1,1,-1.5538372462232275,63.818241770379665,39.284407255854056,2.015752485257821,1,0,0,0.9408607719389712,-0.5636158283649945,0.8008981032310201,1,21.613529196113554,3,1,-3.1170363231421883,1.2228714610636544,1,39.76577949345438,1.9845848690853183,0,0.0570374209654963,-0.021323370021422074,0,65.59332310312229,17.606982935190477,-3.358533447726588,31.421964233680374,68.08157477548525
0,0,-0.7334039725565323,33.09888899763071,70.61239480471014,3.1106352619143505,0,1,1,0.22694256664276818,0.039309056350896744,0.44519769877666443,0,58.691975204224406,0,0,-6.713895791320658,1.8897129807741262,0,49.34070817369451,5.166149651668163,1,0.6269100767285501,0.0034476342901913148,0,19.529205276368124,28.708402320020568,7.530880889204589,15.374886480964129,50.338351604470105
0,1,-0.4395396101077935,57.823030326198925,29.909129023006255,1.4691260983720182,1,1,0,0.8166716885067924,-0.3210611048480835,0.7197212251462246,0,22.835326902433124,1,1,-4.391601113941545,1.5578043214438175,1,68.44858399371442,1.830061166008442,2,-0.04623061782628267,-0.26865640970281873,0,67.19756883171189,16.570049385959805,0.1385018934295239,12.860306811481298,66.68112540969999
1,0,-0.6331750760258968,68.40030828139804,0.3917417443246973,2.0637863850935503,1,0,0,0.9957209695852842,1.8540143723473617,0.5139147178247034,1,19.977111166303644,3,0,-5.626278843707112,1.9029963798629501,0,69.57604994367443,0.567746052425577,1,-0.08891496461601613,-1.5174519891393587,4,98.51322160236919,14.848522605988578,-9.080751562355845,6.561755772566564,51.95274364942755
0,0,-1.1449059482057449,26.990490271105664,72.21516789257622,4.266417178583096,0,1,2,0.19356058057944414,0.7694441269237432,0.8375664389535418,0,65.38262809246253,0,1,4.1164926267973065,5.736684016915527,1,58.785103143012904,5.364774720147898,0,0.3221943143073416,-0.2296201381709001,0,6.036116208439058,33.218440371166636,7.750931635271186,1.6732616110466836,47.41649731821772
1,0,-1.9165344769492374,30.11175766448273,14.277325161142157,1.5541236153885514,0,0,0,0.24136455311977434,-1.1958173185536891,0.32506641316405915,1,34.7480482112283,3,0,5.337040153208877,1.2681299863929394,1,12.087097007934862,1.5318545196007263,0,0.7677977721518836,0.7004209519142977,2,83.91854742374501,10.767871795604119,-2.4566180346256665,2.8851736891714563,56.82743700776126
0,0,-0.3740265401503451,19.61542145437972,68.26610075733136,3.2087148835101402,0,1,2,0.166080379933708,-1.1192856845121442,0.5541571175010949,1,27.56675583219738,1,0,-9.331274584522385,0.2876564459561137,1,20.011832043100366,2.6369970244857854,0,0.8390685524713758,1.0001127768503195,0,44.5857825687678,22.73704463646319,0.5886782580595469,24.979243588633743,52.61502839989776
1,0,1.1088125507533868,46.10174011445955,17.031177869140972,1.4042159519922803,0,0,0,0.31393498607105386,0.6531090519744602,0.8083197197137064,1,23.030360625738304,3,1,5.690190625178843,0.9620959852046944,0,35.98421305735041,1.292939958447821,0,-2.1577248215353717,0.9113405958305673,3,81.54802715515297,7.5905069350387215,-4.271424760933515,2.151809349119802,34.44574343875537
1,1,0.17958750710102167,50.18699748556339,43.1890172868683,1.6450220760435905,1,0,0,0.5211062293015568,0.6727731561840772,0.9206843681360535,1,30.496441205690374,1,1,-4.213635010415295,2.555239896442035,0,19.377834539722727,2.2440200764584266,0,-0.4824829659556498,1.4885648263601412,1,65.59716831721231,7.677724042792226,-3.1242710553118904,9.959515129926144,28.05333249916303
1,0,-0.8348236525969361,27.272628832963463,56.334251279069456,2.2277286336314104,0,1,2,0.18267810560595626,0.0776232459926425,0.7015469654024765,1,19.462953272693767,0,0,-0.3653849516340699,4.0177721381308755,1,17.745810196466564,2.52858199533741,0,0.9981487856538079,0.926274204541277,1,52.38714640127142,16.02421030860863,-2.805428201957671,3.808245197100586,34.733945515849044
0,0,0.42089815187561225,23.830206386419025,79.77406853727034,4.040726167136332,0,0,2,0.14012439448509295,-2.179309170870713,0.6806905393685991,0,30.946033321493562,1,0,-1.5253108107728508,1.507633790522842,1,17.97437414724027,3.351936323764853,2,1.3406217860917449,0.40832359475092544,0,34.90276160147665,18.78601508251084,-0.0007608878768721183,11.466307154782562,42.01818971093681
0,0,-0.2995321846355973,21.095042851481868,48.112672397761635,2.52721240692461,0,0,1,0.10490179106912506,-0.9363921232853717,0.4234640777202274,1,22.790401668863716,0,0,-9.312090599263003,1.4366926619060612,1,10.681241032161699,2.192899462830203,2,0.26893493652700406,0.056792066670615746,1,64.02190472805455,26.990397462912874,-1.60698880533287,10.19048408786421,33.23686399239942
0,1,-0.02460393374074786,33.999689855017465,77.03289113313534,4.878809570822424,0,0,1,0.28377281412057787,-0.23470822453262113,0.680858473155013,1,32.40259818081001,1,0,-5.27968218790059,6.121523473133346,1,59.80672180308665,3.6845952700757234,0,0.49305011404658616,-0.5546170502968641,1,44.42992354043258,29.515946375352698,-0.3911447162021613,16.05071771524114,24.671548229263536
0,0,-0.811685760584084,30.082181476653542,16.231646281725453,1.5284837895755248,0,1,0,0.18824754844434544,0.45293296710185965,0.18085713218776062,0,29.23835609307276,0,1,-8.302690276309994,1.466895736017745,0,66.24036262738679,3.358965639501913,0,-0.16811520682828424,-2.459353226042839,0,43.598059705595865,13.99783004623582,8.765304515013462,4.877752378749944,36.49153129691169
1,2,0.1410311462971409,49.375845105392244,39.39817441929772,2.1947988312088262,1,0,0,0.4704724308949416,2.1198619751771446,0.3400357797816781,1,24.388789346658875,3,1,7.08003397112758,6.27652941265645,0,11.39508349441186,1.6329841092045094,0,0.08124646669068532,-0.8509465146334168,2,80.48929186486664,14.16228280458867,-6.211931292530959,18.875109518225106,23.781365623362863
0,1,0.8746203677413141,34.38788025133212,76.1711971810098,2.5169445295405866,0,1,1,0.33624461959746643,-0.030175182410788395,0.47445222032253487,0,54.998154202369676,0,1,-8.925894264645818,10.153485397097286,0,6.073301639125872,4.250630740329058,0,-0.5522878718473654,-0.2869625942375664,0,24.6049173644202,18.691727904704845,1.9613480875008165,15.704100435977049,30.693895692654444
1,0,0.809859673959455,32.69117088032335,80.33673048870087,5.330447787272239,0,0,1,0.2500253254938981,-0.915881977384195,0.8818664502528759,1,41.29238830421347,0,1,-9.213701577591028,1.9008581547125243,1,54.80350565272854,3.493193412186522,0,0.25212295105903665,0.23892384254638852,0,30.286897658424262,27.16273069038602,-1.5211334102321565,28.427852395548612,27.125695491523626
0,0,1.159069806873743,18.3788538620097,55.41743377606883,6.180399653226182,0,1,2,0.1624922439348258,-0.9224411241640743,0.48010321670713707,0,70.05992326076219,0,1,0.8494077427400466,0.33973540480148506,1,37.329421614173654,7.132216990364829,1,0.10595945600235297,-0.21827202305061913,0,11.921781198909281,25.22659507158466,9.630796539317622,1.1816909149703791,31.514052575614144
1,1,3.206811638927454,68.87826648466286,1.0039802849074186,1.9346400009385674,1,1,0,0.9300532095005747,1.966956547845219,0.5315177157699583,1,24.35405191858107,2,1,-5.020887173557228,5.74579672226953,0,63.407304443276246,0.8631127418436649,1,-3.680461299464753,-0.3327220591144236,4,95.17561921933748,20.043391140428884,-6.9661320939680484,11.900077369571175,29.886373208934316
0,0,-0.048927597842148556,24.870842683213322,54.06462471643897,5.853924962662226,0,1,1,0.18840332834571905,-0.26740765135497657,0.6021642933520045,0,60.74351255453546,0,0,1.2800089750476413,1.4126505704225905,0,54.0522443497896,4.933333304297249,1,0.17160961795574284,-0.4832949915760768,0,19.495322165268025,32.798670006733595,8.210964896928328,1.180176248048368,37.280709301038144
0,0,-0.4059542598210762,46.52801244773546,35.85212933703982,1.4562001644300935,1,0,0,0.6175902890868021,0.20505866198139466,0.7515946652363767,1,21.478351132380517,0,1,8.547140874250164,0.8465361117825161,0,10.896428132505612,1.5356967622454911,1,0.5575176010305803,1.1771283794721488,0,72.55883810281301,10.133826245424762,-3.628194485823135,9.097615786834961,63.27454841805213
1,0,1.1312410488401374,61.14102536708996,10.937297758699582,1.664309701766952,1,1,0,0.7217014294648825,-0.6237308152837557,0.4770309186022521,0,24.507185487524037,3,1,-6.21197685209458,2.089315922639919,0,71.52927051541684,1.5886413600893825,1,-2.1391904391078613,-0.6071110347325078,2,78.65488591583087,10.625280255235573,-2.939194822638327,6.583107579634115,47.57282459443103
0,1,1.5817706005700662,27.223832632618624,74.7469096857774,3.5052893836664785,0,1,2,0.15174042691326622,0.8164225777149107,0.6827763879208546,0,45.59741974179942,1,1,-7.767776638491609,2.17776693352861,1,28.18938567803142,3.9943628293876943,0,-0.2515649935104017,-0.8792647526780916,0,31.790034143296687,13.252603172768449,3.5252714804431857,15.804438844234141,28.315940633183196
1,0,-0.7646441457035625,23.380121739093298,6.176950860598801,1.0574397565449132,0,0,0,0.18761172762096912,0.5089964093540329,0.3228254904228368,1,20.0898273848078,4,1,8.117044477026077,0.5933687738473044,1,26.918519628221848,1.2115874114582479,2,-0.4474543925956106,-0.5622191724870899,4,88.1589602297248,9.864305687758726,-8.129373991993555,6.408436173677725,33.09975464606468
0,1,0.29657973825586276,30.250814238540894,60.343531355242575,2.520098567936687,0,1,2,0.24497733770536623,-0.1564952808262814,0.5472799613377304,0,65.34262083897885,0,1,5.569506875711255,1.5073618578718315,0,28.07920925107283,5.8128807671275675,2,0.029419389633396593,-0.9391824803903648,1,17.507873222561333,15.322315335760221,8.197472483672339,13.700985318925403,24.250618449151776
0,1,0.13178294713694463,32.305462422077724,70.2893189853834,1.7923550800340364,0,1,1,0.1821506432000266,-0.1298390515097931,0.4991998589874164,0,46.07787445508017,0,1,-6.273170990791334,3.5289326657670244,1,14.21544728223191,4.753752222616253,1,0.32820211028395047,-0.10568523130286014,0,27.353231220645103,9.678646152612886,4.013989244399285,14.598950134878844,34.37912214736079
0,0,-1.7325120814745782,35.410982591346155,63.92180901006238,2.412325725102132,1,0,1,0.3984545953918877,0.5065727480256691,0.413194755533436,1,26.09653443403806,2,0,5.237291354125366,3.466125621770325,1,9.455575983735098,2.0823048847188446,1,2.2215400951302975,1.0271360008071075,2,57.21915958264505,29.313098171725333,-3.9310678332936755,18.06115060925521,65.80063695216556
0,0,-2.899313974291508,22.76197237952966,29.168894263963285,2.877011212285925,0,1,1,0.1352907561093571,-1.2346953462466066,0.32043277154171096,0,41.59000501126019,0,1,6.069000726831881,2.9538616315416872,1,4.149783697398126,3.7796045311387245,1,1.8835787168559956,-0.28710435801395734,0,44.540272421710014,31.940198272512408,7.071089198015791,3.3370032681908746,65.17543514220452
1,0,0.6986013658788653,20.638204828318464,47.34858056998127,2.0846936188605625,0,0,2,0.13598558081518186,-0.29338130452868816,0.7865132534219328,1,20.287020939772308,3,1,0.9049399367931006,0.823939546696378,1,24.749436939948364,2.0485738461548335,0,-0.7232021614136639,-1.7512853329367595,1,54.79153969213216,8.117952402797815,-3.037578142220295,5.7636501395577096,42.25599577130927
0,2,-0.7769463066616568,46.13223341761414,76.16344335175029,1.386458229209623,1,1,1,0.5184306006776598,0.7716617517180895,0.41409782123744815,0,58.46346706830851,0,1,-6.5166688532314785,5.075413705898578,1,40.37489088924793,4.5947332970604,0,-0.1934763396238793,0.04474105389003858,0,27.197482506968782,11.132362557900917,3.529430651444102,27.11912338405138,48.08971140614213
1,0,0.7305730384768282,57.90863576333985,10.344587108855475,2.120774123303492,1,0,0,0.6917031256062112,1.9623653723713517,0.3920231618300686,1,25.60737249220191,1,0,-5.78068816806126,3.620274579924597,0,15.991473613164167,1.3736330410763484,0,-0.7852312496408621,0.3231414474577548,2,85.65063015104029,7.497189061353325,-5.351427382679353,8.754132685752616,43.955599988363275
1,0,0.2380811646691562,63.49802187959048,49.174952732256614,1.9468700999839275,1,1,0,0.8722480890413893,-0.5378401204584823,0.9883647707884191,0,24.873152268606344,1,0,3.322302578814787,3.7055929751217267,0,62.02453367875266,2.543622834943061,0,0.8980564326689076,-0.11981046839107871,2,55.886099920852686,2.104473616604894,-2.78058279181856,7.425395286013348,63.50127499559408
1,1,0.06956975317353532,60.03725515640091,5.136683172906375,2.2173146108130504,1,1,0,0.7509789819604417,1.8736232543928244,0.6862824433867871,1,22.644095117828094,4,0,-4.433336020672272,2.356713420248585,1,19.184212005916976,1.1511089787728201,1,0.006108854743484522,-0.5697962645246224,4,87.82267962340555,12.247909731103299,-8.929910759014227,24.46104482826098,38.61883392678612
0,2,0.549985640539583,23.056109003880415,93.62928802090644,10.056026489986735,0,1,2,0.16811819501009734,0.8830438494693762,0.5069457947886857,0,62.97235681622201,2,0,-2.5306273589749173,4.084976641738403,1,3.586032847716467,5.043522866037959,0,0.6911432609863939,1.973385991084566,3,15.716676618074565,29.063923998069228,-1.1660358032367704,38.05395875458601,26.87321237679823
0,0,1.330653767100835,55.26431743713961,28.26551141132968,2.087941975680525,1,0,0,0.6516508904031741,-0.03645096642231364,0.7459483122385523,0,21.976330799024485,1,1,-4.416832548899569,0.9650705832199357,0,54.35922431108931,1.877960294069941,1,-1.2066847493732373,-0.18016243587188005,1,71.5812078888322,11.418777747514401,-2.447639132948048,6.567490863916325,66.22389636971306
1,2,1.7057319340818526,67.96671830366337,32.61359736087244,2.1860431398035716,1,1,0,0.9282805589975391,1.350116354764938,0.3279375786509767,1,18.097026186248492,3,0,-6.519401621359457,6.4556845822965405,0,48.66840948459728,1.870233035811436,1,-1.4748284981661839,0.3244618481444799,2,67.33959895566922,25.26750072986877,-4.77321052948483,34.20841021654984,34.51314808283935
0,1,-1.075565363417188,40.912900854856986,44.60736642774938,1.1494740379022492,1,0,0,0.348223705959212,-1.4356882271724363,0.07786278186457607,1,19.90420700556635,1,0,-3.1596540555595425,5.7720351164386114,1,59.737531237845275,2.3883780559898833,0,-0.19294581314318146,-0.5360118224351639,0,62.91402220569407,10.755683939994128,-1.792027482578204,36.87664031169126,49.3779913173004
1,0,-0.2090374218102568,47.55032446866994,18.232270295963716,1.9254770132574914,1,0,0,0.5662656598386012,0.01692024890332682,0.4542509792042253,1,19.8358769323441,3,1,4.816807056351367,1.8295162577392798,0,39.502741056590075,1.2802932235235807,1,0.06432055007726759,0.1880922531995208,1,81.81495449177069,11.33332767475995,-6.168363158888958,25.081152579636814,23.748322601087395
1,0,-0.1385178593114958,56.62195445201969,18.93127820244406,1.7956267765143552,1,0,0,0.7662861304069917,1.0386763774150192,0.6543582762833499,1,25.02282408911935,1,0,9.673881716462969,1.215383812236828,1,46.717513871861,1.1680155514534052,1,-0.23572447678122707,1.523211644321163,2,87.04032430073609,12.334039350051453,-5.998904103497747,8.466680775449074,67.2534646160523
0,0,1.0498657819435437,52.16527120773192,33.50048103557436,2.211469855925655,1,1,0,0.5777175225519123,-1.039180735123618,0.6471989275812691,1,21.366846460409626,1,1,-7.400668498506827,1.7211742448115288,0,31.752744720542985,1.9150366564790247,2,-0.7399364447235532,-0.3487107114754192,1,65.85734022841329,10.56723269428467,-0.41594739895937494,5.7437699902408035,28.29217954760651
1,0,-0.3593616277800765,31.576612332706407,34.21872895021919,1.9208552139130377,0,1,0,0.18991908087117876,-0.09586179460616046,0.6101579492945763,0,19.835795240716998,2,0,-4.6477847084364265,0.7992900328990001,1,31.28428351046296,2.2228130560772645,0,-0.29497602731109074,-0.06767561770377734,2,60.98731717697452,12.241034421790427,-3.3491708571362286,19.944577749879087,42.65564143615549
1,2,1.1615389284058526,68.56664945405014,69.15459687224916,1.9709383400309277,1,1,0,0.9667096466860585,-0.5139981880218358,0.7148354627428279,0,37.856180812525324,1,1,-5.973079363683898,6.1223603394262875,0,42.570777627892966,3.1796803947971446,1,-1.3066045094672416,0.1196119806863912,1,39.076377030905775,17.935416901599915,-1.80218365163703,22.737359846393225,68.43959224701582
0,0,1.3929333297966127,21.347266440522247,91.93011577465286,11.268375305762747,0,1,2,0.13245987032412365,-1.5720798032792302,0.9094899064523124,0,77.68737149834142,0,1,-7.433877704741189,0.9016072857172043,1,11.277201181029387,10.778095895767395,1,-0.06909512682169107,1.8501459695276563,0,4.096070246144034,36.80052580076509,8.937107532599171,20.887444164225233,29.163616131475592
0,0,1.104304543709111,62.684051493168184,22.667650564543685,1.92432682843482,1,1,0,0.7799036050179718,1.0733232212421344,0.0998928708115917,0,21.34650950968055,0,1,-1.2689363554526913,1.3723048414702588,0,37.33266791531157,2.9829869739465784,0,-0.5882104271526011,-0.505645917282745,0,50.465480109919845,12.055516390382595,7.761517124837862,26.418376224596678,51.36365361007777
0,0,-0.3280691198718801,45.25201583005929,34.36999839232023,1.47930042384078,1,0,0,0.6709712128247706,0.7222324347196211,0.39034786751954254,0,20.140631899267795,1,1,-8.09869809851072,2.9322297840846336,1,33.70784499854026,2.141863159632409,0,-0.7397516562603157,1.146593081741477,0,69.5867551767411,8.719837726521188,0.1388533664353897,6.1693833805306,56.97411004759811
0,1,0.5866177321788478,40.595544571426885,91.5751003069601,2.315920992313318,0,1,1,0.3344728193463006,0.23565017661990992,0.8730678185876096,0,58.027971997168905,0,0,5.124064030212754,4.675055278374189,0,7.381244299896883,5.043959416683032,0,-1.9266308004803043,-0.3834971909976399,0,17.438165567945013,17.590157394196446,3.1210966545056316,26.815425726158544,62.98785548677638
1,0,1.002799358485792,28.33430940222937,65.48138965874219,2.511664557513813,0,0,1,0.14643199504095789,-0.18117366933598267,0.8498879643376668,1,19.762798024335613,2,0,-3.0113235354180246,1.5702610686404082,0,24.64185312787412,2.459226901566552,0,-1.209131987093327,-0.004610490572832244,2,53.511242523261416,16.909968356937767,-2.821297604800752,17.049181041006772,29.8918118492971
1,0,0.5786718630027742,47.6039630948331,12.775331713231958,1.5682108562505181,1,1,0,0.5035680317256949,-0.32572072482357706,0.11767919832500645,1,26.69483951771265,1,1,-2.5620407286172693,2.504615129131869,0,65.08265928674533,1.6893187892027068,2,-1.2740595617930732,0.48592855404308977,2,82.24976016657453,12.268827766751533,-2.66598476827337,9.75725246528672,29.120817314088036
0,0,-1.4273718431301963,46.11721193681288,46.100050430976715,2.126347604728851,1,1,0,0.5717296651413993,0.32384877789108674,0.8769420939258478,0,24.620678154909356,0,0,0.3115211682162151,2.0689913695812456,0,61.27183400474963,3.0704336405513755,1,0.9888597948229352,-0.09832282342120481,1,51.03169708526553,17.061235810642952,0.740308286858447,4.82154000761736,37.524747324234355
1,0,1.2897029747731277,56.73155072487835,14.488339499097226,1.7372334943129568,1,0,0,0.6226106571639326,-0.2834195013183204,0.5757885860600827,1,24.062059573799537,2,1,-8.453335935968997,3.688930354970652,0,38.71657726562275,1.2617738440636146,0,-1.6124704034410462,-0.14356220444768134,2,82.19186091383672,12.78330588203939,-7.298127110519708,12.199925940843439,30.1015504389169
0,2,0.6830122134864197,42.43085576330172,95.17365568817462,3.945586427973997,0,1,2,0.19723785443509595,-1.8802104813876956,0.1647560116131394,0,79.99205991276102,0,0,-7.904368959316491,4.57622735383647,0,17.095743118690528,25.668244487137873,2,-1.3438582607254759,0.05874407954161984,0,0.125781286534965,25.98247103399734,9.99641763226435,37.04694385164786,56.61867441047365
0,2,1.0691674172692975,58.441759314931204,95.94226632266903,1.8458763569479182,1,1,1,0.6434426885411306,1.1786015052815122,0.5496428396387303,0,77.30475654488752,0,1,6.607052717630527,10.514181205651484,0,53.29386002255041,6.218096262918255,0,-2.40140900802879,-0.37264552580263877,0,10.323455014377686,8.969533398473423,3.7459522835520342,36.50789149181909,41.728881371278405
0,2,0.9244593315940022,44.64920252243278,73.76055729443635,2.9697041154381063,0,1,1,0.38467349708721976,-0.47371613436286775,0.39751448931664346,0,49.78420601103696,1,0,2.444988806854111,3.933109184485331,0,42.00974355804255,3.9697168012629414,0,-0.5397739483169862,-0.30433743998040724,1,36.401293573719926,14.37453003640745,-0.09974380177749786,30.547419960782225,24.17273932333423
1,1,-0.7617510412063886,29.85305339752737,74.77380163842,1.5229856681096499,0,0,2,0.17894339264241288,-1.1385425121760784,0.7735605086259968,1,31.620527124905983,1,1,9.967818130431759,2.2969473199311294,1,37.71281883390039,2.9108255828827674,0,0.06901486910696358,3.714667034877045,2,75.15372872354655,9.856989950728538,-4.291934428912563,23.254947797570885,37.21017201224112
0,2,1.6573816423682197,65.12059444250656,47.24520561569893,1.8056816883598916,1,1,0,0.8375767163654015,-0.298164057704872,0.6120325451320914,0,23.59810553939485,1,1,-9.617678057961555,6.020675013214139,0,56.84292721561924,2.038554513834778,2,-2.036738591826977,-0.3539863316374472,0,55.039814164534775,10.701791058317689,0.2843784966455125,17.098626656882484,52.06066925347798
1,0,-0.10489717384187089,38.37282438233005,32.03911458696912,1.8962427996847433,0,0,0,0.3522298286025236,0.27289344115068936,0.26818527705267103,0,20.615962442008595,2,0,-3.0034545229297516,1.9639721340505047,1,69.13021106040844,1.9604919877087905,1,-0.06433265145493218,-0.1587163365172697,2,69.46172270281569,9.582919414400564,-2.2102835010040387,10.631787901512258,26.202283114276476
1,1,0.3174923219463832,40.10052670382968,15.78729087697014,1.0161688280463534,0,0,0,0.2082364445142697,-0.8391285232181152,0.04875506568235827,1,24.57351164416625,2,1,3.372403922631765,6.00332578595372,0,17.77444523700728,1.4652482122469903,2,-0.9844230670565884,-2.071332621557662,3,81.02606041073668,10.430910418480162,-4.349735587746087,25.001074354491877,23.98048451211612
0,0,0.26889243805894747,37.80515115185558,58.304540918095704,2.6912861669138604,0,1,1,0.2949503775085617,-0.15022689512233484,0.6745615920683845,0,43.26538599886322,0,0,2.04969007585089,1.9157922091845616,1,55.26321634812427,3.046896418973752,1,-0.040383997879599384,0.956480674287116,1,43.78905632658568,12.03693621022758,1.317854788116069,8.596746897340724,53.880761474573845
0,2,0.5581921871938557,34.75403302517489,89.81152867969888,12.890863164467378,0,1,2,0.22527210634615352,-0.05398952435283583,0.31034377695767623,0,79.29946809295987,0,1,2.1825193082085583,6.3726662767464335,0,69.71278843869085,12.607323860539672,1,1.479325308046188,-1.4176790500194858,0,1.8498418980539277,39.45588924516897,9.88447296530087,30.69479578029844,21.628446711414185
0,1,-0.890631885292347,26.136112555470223,89.07087818200196,5.0376174927312976,0,1,2,0.1811497728557206,1.1443416451693678,0.6019759500958144,0,69.7271858476607,1,0,8.123980588049726,3.6905588664546145,1,35.505623469487425,7.922092070898565,0,2.13705234448559,-0.8920702796084058,0,7.718655350960063,29.178648171269632,7.389338175229206,21.656595939125992,47.625012531550375
1,2,-1.4310303035429233,65.74685563715934,5.493324972493724,1.70046684507448,1,0,0,0.9669171587931124,-0.07408159684537327,0.43383155908802334,1,20.894285215360213,3,0,-6.483753774805647,5.348931762429136,1,22.007933570612842,0.9099551074926573,1,0.8772154510959378,-0.06136207772813607,4,92.15585114800211,5.585256481507352,-8.445105829218363,16.4687296608649,64.05842530183125
0,0,-0.2616698596914182,55.52336853672001,53.597005154028984,2.173791393218513,1,0,0,0.7007510918464568,-0.3822596907851914,0.8643322238877159,1,19.22602507444886,3,0,-3.955107783319657,1.583813131667192,1,33.017225203200596,2.1887075228604083,0,-1.263592287815151,-0.7639115123720327,1,61.47194563879557,7.232724294861281,-2.828565270611751,23.39185678484575,69.6018303800829
0,2,0.03340689723861773,30.958359034425136,67.9731892159795,2.4172310575105,0,1,1,0.1953353093043242,-0.528992504324222,0.1595769854110058,0,52.00865676232729,0,1,-4.012057516371231,4.015622958388741,1,46.90300386337682,3.7883589273540115,0,0.22180271814506497,-0.7640086700898279,0,32.33119923119228,11.712801688379422,5.770498848042113,19.421051858885143,33.934246546571806
1,0,-1.426187721126574,46.072661300189026,5.891279233721764,1.4395441520214003,1,1,0,0.668934777814479,0.3092297455170033,0.10519515962232046,1,21.52287241411817,0,0,-2.588791484384025,0.9649160102690048,1,32.2279955647343,1.4104602316957806,2,0.5738543281391731,0.08066507051995783,2,83.99918305791174,16.948475259557732,-2.5942972662756683,17.137284063410277,51.29694483152119
0,1,0.23055661113318504,55.47034543523344,60.75409093298874,2.494839575194116,1,0,0,0.6147364319679619,-0.7005143420500467,0.5315432386061656,1,21.81528681311604,2,0,0.3944233005447355,2.0390534782118355,0,64.69975937536483,2.322764669512865,0,-0.6075806117986517,-0.4397225239744049,1,55.20045849870737,9.404758745464747,-2.2080127082303136,31.997055050148443,44.16641793201079
1,0,-3.0042027944597622,33.086033759439715,28.549655697982452,2.1722883646055537,1,1,0,0.3685500041150741,-0.836671328764317,0.6074462570396704,0,24.25320770322882,1,0,4.97956880656535,0.5000236238956491,1,12.547474084638882,1.8784319516864945,1,1.239002172035241,-0.004632675675650231,0,71.86262834449248,32.16089196869623,-1.0951541809105496,14.106145615400267,67.20263097758594
1,0,1.1841714127937317,27.038838044687694,14.747738516742315,1.823057088470456,0,0,0,0.28066030675909404,0.9428697557906748,0.14229573659807032,0,19.12287046092836,2,1,-3.7414348505965194,0.6634843579261158,0,26.735694115045895,1.502081389278867,0,0.43856179694180936,0.5146546651478217,1,86.02745477957016,14.782378676672625,-2.7797238627040493,3.752630975509519,28.879630447824205
1,0,0.047604435180322056,63.15393765029265,4.60320751698729,1.4236611732287638,1,0,0,0.7745470493175783,0.23439747992604157,0.5045677366537035,1,20.38484371908772,3,1,-5.174807873467246,2.0732595648379557,1,16.45999781486662,0.9811989619284266,2,-0.5276991666995176,-0.37309212559446997,3,92.33393991664758,12.418232649215089,-8.297763171355848,11.657239096231882,69.28969503119451
1,2,-1.0932592836687545,44.08184286250616,36.301007483590766,2.5057180849798675,1,1,0,0.5722877140019367,2.986968098417112,0.3894311788707535,0,21.179795691427145,1,0,1.512396818686355,4.611402906599502,1,59.14112705217444,2.3310752933450787,0,0.8074490342015023,-0.21686890361722846,1,58.74355495806215,21.628229400926227,-0.684624971791127,9.733477136068956,43.239089897099085
1,2,0.09485649409043452,66.98457851486182,7.2094791285257145,1.5621499676549673,1,1,0,0.9216446465900373,1.8758774705152024,0.335807142313938,1,29.524499906047662,1,1,-2.4796081370103185,3.3163634715126458,1,49.377221992779674,1.1325952585395858,1,-0.19423185494187967,-0.2760610936919616,3,85.43720026321998,14.24259178490745,-6.924832044635155,21.547546030446227,60.50640005485085
0,0,-1.8613999193083341,39.09414799731755,25.57633754935195,2.2527078666545255,1,1,0,0.5515275720205137,-0.5271678590943528,0.3603125077088067,0,19.759447882583693,0,1,3.214737134893703,0.7790416163073743,1,48.589418177178665,2.126873991883722,0,0.8893980243515035,0.5114409637344621,0,57.507106557996934,32.531168700833646,0.8842601678708455,7.631424400841236,53.18978904129645
1,2,-0.24441456793561508,63.732229779497764,73.12292301581948,1.4317237066899564,1,1,1,0.9070971706373303,1.0660233317861456,0.7285796662404812,1,29.663251546074566,1,1,-5.529911497584741,3.828299033498092,1,69.88497483288117,3.521141433761502,0,-0.9952280904367257,-1.9472518004520196,3,34.79848728549333,16.02638819480527,-4.030893229709259,39.782114597546574,34.47998025422012
1,1,-0.6894840312854239,44.76833420107839,38.02755853909309,1.821335429151681,1,0,0,0.4728283588485623,1.146195726813878,0.5136526684027375,1,24.015500304802508,1,0,-9.514978360710852,4.559878040731656,1,25.621905653143088,1.845403839895702,1,-0.19890296077344594,-0.4604686731192061,3,66.16287500007674,13.948194588589102,-3.6589200800347044,15.809888941993545,30.64740437894779
1,1,-0.7672123401457824,43.44301005932128,34.010576061326034,2.2111024949805858,1,0,0,0.5169546797669103,-0.004818935458580237,0.4586924004655018,1,35.46519512502991,1,1,-0.852535318890359,3.999796204270514,1,6.424112205479067,1.8337867754112562,0,0.3255199128012454,1.5566040617405956,3,73.9810177716365,14.750712878138504,-7.327601560221437,19.196797089474526,51.668181221188874
1,0,-0.19871270632696925,31.79130289481155,61.13690251957523,1.7865419331932713,0,0,1,0.27095508262837376,-0.28203114818680475,0.5418121970256178,1,36.699310867543524,1,0,-1.440778245418814,1.3509370727182606,1,28.34769063974405,2.5444646621656712,0,0.3998586722861785,-0.44028435148213907,1,50.687254049081076,13.476574865023029,-2.5563368828862076,23.011541229031288,39.025077773128714
1,2,0.6226589605375621,68.1740476714871,3.0951120778969,2.084210287788823,1,1,0,0.9560322909627341,0.8487168479502754,0.002395453720527796,0,21.454883349637225,3,1,-5.224123794679569,8.778357894266339,0,23.209138055604832,1.2611070614334867,1,-1.7458863192719738,-0.6314748465424745,1,91.6619670940165,10.687159419698231,-4.59043026067792,18.56113399823338,56.34210159796173
0,0,-0.14021151444172078,62.86024772559589,30.793941423876802,3.049211196409609,1,0,0,0.8558126848612315,-0.11317863756923965,0.6058892687502063,1,19.09085337235384,0,0,0.4400454286537787,1.6405456247456183,0,78.96218297539849,1.766716872336421,0,-0.8829074293152175,-0.13936887465240655,1,70.56781650213861,24.178286423845382,-2.521425313342254,20.223406989011018,30.00979889832147
1,1,-0.25002354417357836,63.09623293293525,35.0710989916428,1.4795626608714973,1,0,0,0.8389633483944154,0.24298706537603765,0.3870846809711797,1,30.545133095231776,3,1,-9.208821589626684,7.539825305357551,0,50.19189637473224,2.083292538353477,1,-0.4231228868085959,-0.26761821448664647,2,63.22464092008504,9.34540157294261,-2.079048396559072,24.889082611174267,46.225859708923764
1,0,0.8089287004230591,35.547559808077814,34.04627023111144,1.8377160359309743,0,1,1,0.2502024418119345,-0.16285768922615423,0.4593386411339667,0,27.462916769509107,2,1,-7.378019375779506,2.468576256795937,1,27.009259076981074,2.011475591604095,0,-1.216977636265653,0.7450918002805412,1,57.94451027183554,9.192380656107868,-3.1598065805804136,9.113547218746197,47.088814653758675
0,0,0.6515188972857437,31.172720809289252,50.48302685478521,2.576113083016005,0,1,1,0.19235592911314886,0.9365956041007355,0.5104696100901026,0,26.91636361626694,0,1,8.61504381570521,1.915742993911088,1,20.31769811131643,3.3134254627695943,0,-0.17116407437104036,-0.30734952534731924,1,50.22305857605664,12.363251539531127,1.3411231433116022,5.635790443717772,52.70056884441177
0,0,-0.22647374648489535,22.76300549947035,60.68679535046698,3.340747282283921,0,1,1,0.13986165521705973,-0.5737480313852643,0.6902944754721962,0,34.78598796459745,2,0,-9.234366117520526,0.42924843607014007,1,44.37815277448125,3.234636327231135,1,0.4515433830117266,-0.15131681162895202,0,40.365675436790745,25.11455996520184,4.225445994961106,6.112245884796204,51.46592174979644
1,1,0.2272074866494001,60.22599800165088,50.428445413687285,2.136585668160448,1,1,0,0.8545151556373376,0.33773246656483136,0.8135816238520782,0,21.10594505780176,1,0,-7.0646845492462,3.2684758085598293,0,35.01899818808634,2.6389906918115025,1,-0.15909966044060234,-2.5204179462592875,1,54.811579461924474,11.12447283414767,-0.011036245291972335,20.84820391926457,50.38098187989138
0,0,0.6324613341316248,22.68588887663869,95.36864077717904,9.967757949049101,0,1,2,0.18249192319536472,-0.36039747020681456,0.6408334071237052,0,79.74473093830224,0,0,-5.079337671033578,1.2648067751736505,1,20.27841469481185,14.364022322301446,0,1.0147708308762442,-1.7770802498568656,0,2.211797723989073,37.608742034098405,9.743517658922634,8.844556911489814,47.83645382999504
1,0,-1.173902379488921,41.5428620373321,5.757454796082012,2.237798478361786,1,0,0,0.45017970732400225,0.8252106064186239,0.12775259513043358,1,22.51669285704637,3,1,-1.1577553749880547,0.8142733564183773,1,23.752067021042713,1.1976533216845886,0,0.7918835665064806,-0.798851598702514,3,90.91859517667302,22.663900476761206,-4.257618723152241,1.8525768903886908,68.48041529115727
0,2,-0.756446307473225,29.65598581000236,91.59119504674753,10.197983452670492,0,1,2,0.24715860805722473,-0.9899370853753472,0.7768332770724448,0,61.73577387188777,1,0,5.687590512178078,5.373451953422055,1,53.564304679098306,5.386234470807958,0,2.1489464996510845,0.583602881954546,0,14.739774207388034,38.423601040874544,6.00781996562996,18.353427047260226,42.39494720260764
1,2,-1.144220314272984,69.44199473816607,24.798813995359392,2.791290684136548,1,1,0,0.999403454199678,1.596754476274404,0.3813055013529762,0,25.54352851000841,2,1,-8.668962361225574,6.3497059203393915,0,43.64963907170497,1.842994117089987,2,1.130307979571561,-1.8351788751899367,3,70.37318366142652,22.462249820033225,-5.249379387228976,18.39863388861229,67.47684476642127
1,0,0.5998010151795984,58.61848718487577,36.0005688873853,1.9998759013351886,1,0,0,0.6980235572460309,0.6516746315644177,0.7348010445853929,1,19.6883009734179,2,0,8.89659992735232,4.143823663670947,0,20.152047295283523,1.594566934676023,0,-0.1380843440021437,1.4480071351916428,3,78.63852145038553,11.354179189493108,-2.784208867136776,18.98080226525061,39.76127467440003
0,0,-0.45274921681691765,23.021508072323023,90.49972581532043,3.986022371661043,0,1,2,0.17676998741358274,-1.0004575772443813,0.5059710783156707,0,62.246644965557145,0,0,6.38249444962328,1.445194523685838,1,67.73764868759068,5.500501689701065,0,0.8260764987699838,-1.074902333413925,0,16.97482549611849,28.84335947262563,5.3354549423881075,4.22600989098187,50.61839242393924
1,1,0.021352663172305397,60.75049575970131,6.741520567039705,1.8607268113287545,1,1,0,0.7935286792933088,0.5853002546217391,0.10072977910044723,1,20.055699702783755,2,0,0.9708229210264463,1.5248413182748999,0,71.61537441248402,1.4276523953306253,1,0.8085647258802576,0.3522980217845437,3,86.84379378430268,11.106581312514926,-4.315953504410205,15.505824346797805,34.59800638071775
1,1,-7.521280854523305e-06,64.56484095583255,25.261224502912942,2.919999610018788,1,1,0,0.9348313460524702,1.1253032346160956,0.24033739705506807,0,26.129563824613925,3,1,-3.3122462613316,5.358231303342697,0,16.28737286192575,1.672738273426948,1,0.0027463716753754466,-1.8496578466315674,2,71.23146894979845,19.419718428269515,-4.882835166225405,29.516078579782974,64.88115076068586
1,0,-2.229266825273717,69.57501654516797,5.837834345981202,2.2079381874488333,1,1,0,0.9992868171803899,1.4814936767428044,0.431930253406856,1,19.076514151806265,4,0,6.727921245257246,2.986442975398896,1,30.969279348320544,1.2658238574049057,1,1.306083007270111,0.013376504155269484,4,92.7727586340458,29.051816251740657,-7.667310284176201,34.90288625779391,69.92052803057527
1,2,0.026744198936011505,27.889068815240957,72.75368909054556,2.902236816272929,0,0,2,0.3026261777594676,1.7164556842755883,0.4422166194240188,1,33.82974151181652,1,1,3.6640581352840904,8.49860299545193,1,0.37351059098054584,3.1735861878475298,0,0.2572214360882573,-0.22191361111283042,1,43.96388824765738,19.241561351309066,-4.4203790683981525,17.869612677031544,27.996611234385526
1,1,0.5039555372148757,63.33951818495421,4.709976091522355,2.1418839084936607,1,1,0,0.8004501669236008,-0.2967335028683513,0.12848863119252152,1,22.856302920606744,2,0,2.9483846923096113,4.982318185370561,0,65.04640721090132,1.4149573216409168,2,-0.15494083850741186,-0.3371831428345719,3,87.31630004813815,11.121470901624168,-3.748550563281368,19.89821751995117,61.26375809992436
0,0,1.5895514634437922,21.277934044628502,89.81926087990107,32.68993242142022,0,1,2,0.15312791510370893,-0.34333389205443243,0.3649244983700487,0,79.98800062375723,0,0,-6.459382206970149,7.066975026044999,0,30.338538638323254,27.43428834735516,1,1.3039788097227596,0.3720148866340073,0,0.16899939815559484,39.96177296417852,9.995697155004596,11.928727901646784,19.114822380139394
1,0,1.547478317584931,25.643499755091362,48.7432861562744,1.4208805724372247,0,0,1,0.13125683221965195,-0.5140330354002158,0.3249504229694594,1,21.370520793572197,1,1,-4.726670544779377,1.9609399789573645,1,2.314312734649566,2.069264842085957,1,-0.7288094675387156,0.5128203564673526,0,61.07392154413321,9.58640290147854,-3.389541312845168,9.159194955470994,57.76008178391609
0,1,0.9134310486982736,45.47846038071383,79.56457975129594,4.0350897440528115,1,1,1,0.43958443288162746,0.049259589303213266,0.3031993158051476,0,58.52413683051811,0,0,-5.024369411900544,4.03872976900587,0,72.28951838989386,5.106486927190261,0,0.14374623600547692,0.08703453162106158,0,19.185167307709982,15.947325753617715,4.283112682310701,36.48451125042903,25.39457538574587
0,2,0.20611000959479653,30.28179052044606,79.82031727839944,1.6997359590435008,0,0,2,0.21166712621979605,0.12543106092478254,0.4914355023717216,1,34.13615959591962,1,1,0.9507633972432252,5.928768772228753,1,10.280478521498715,3.2195688964903413,0,-0.5738676886717794,0.915855220487606,1,36.06012406711476,7.24244562580501,-0.16388650445941622,20.148169915876544,58.042062651726155
0,0,-1.9083040881744162,22.08477065825897,65.80357709581266,3.321114083976584,0,1,2,0.1949753434781834,0.5096134376705749,0.35547066392753746,0,61.628955232218914,0,0,-5.740646706364794,1.0526331837695961,1,60.75341778923524,6.460400093876658,0,1.6541343589992752,-1.9489001486200674,0,23.16572093911402,33.88922309094482,7.423108953369095,8.131312509476569,43.372941947415484
1,1,-0.3631602624442383,41.390887908336836,3.8381997246316466,2.160053860172493,1,0,0,0.4777047096107876,-0.4986801173567398,0.0014950231254183821,1,25.441175108838323,2,1,-6.801843018738737,2.3242219667780515,0,21.084198698065855,0.9046186626184058,1,0.14539192701070883,2.003029160243821,1,93.39032819403137,15.730042144194432,-4.493475770583768,27.27451774880044,29.490121154614116
0,0,-0.09981685198732948,22.27290874812015,86.24365485019275,8.720510128084145,0,1,2,0.10046097651995184,-1.6689342415718613,0.6657763606659127,0,71.54946333499888,0,1,7.605648033247931,1.8282925819029128,1,32.99712382780574,7.327836394782728,0,1.632962275890901,-0.13646461307111796,0,8.722716298960853,37.42288296712825,8.804944284512018,13.040964869496143,34.64670169641741
0,2,2.267731300765767,47.09442487665871,82.62917934052653,1.9331725201305963,0,1,1,0.32496900958708264,-0.6611510077967094,0.4721743212633405,1,45.1583445578186,0,1,3.1211547313455235,5.103155306861036,0,3.024484922153361,3.862963962790517,1,-1.8479570737661464,-1.2203973299117297,1,32.157215955190765,7.837728144883156,-0.7699903884362627,37.75903310851811,42.67488905999916
1,0,-0.3675325753518846,45.885314865533665,37.24987898582111,1.5813384821942367,0,0,1,0.42401598039030797,0.9664098809246847,0.7232838372112772,0,23.019761763857165,0,0,7.483494709171264,1.7478908306862244,0,39.21583709450823,2.1407112974498324,0,-0.2404551156200677,0.35225698643274433,2,64.41851831766083,14.112638891497697,-4.040114407133537,8.039797174673184,53.908939972300416
1,0,-0.06543338818017404,25.441643719389134,50.038303328215406,3.5046117647846766,0,1,1,0.25882616990791274,-0.7400688641735497,0.25245123967711924,0,25.70090995409697,1,0,0.573897518199388,0.9214263380061677,0,57.65956529853416,2.656698479963877,0,0.2649421512920129,0.49778157257137257,1,48.24336565229636,23.058712289318244,-0.7840001877538896,24.5850540525149,46.52001320133722
1,1,-0.07788459835730893,46.427714641052106,27.607976781368315,2.2799612785552084,1,0,0,0.5374598079428773,1.0076342391925799,0.7335469696323298,1,20.798241804720853,3,1,-6.785462175266695,2.6427072751978518,1,3.081866521746459,1.5093157162918425,1,0.47102690231788774,1.523184053437979,3,80.45371285476143,17.690056525868584,-7.954798319152866,17.22695465063849,28.774742733472053
0,0,0.6569451609912998,57.151234889797955,30.035448496248296,2.2771150482878353,1,0,0,0.6751617277303547,0.09378865871725058,0.39960229323215357,1,21.457414173738126,1,0,9.264434781781326,3.209481096364198,0,14.500361388041458,1.6890631407683188,0,-0.5373052949755889,0.05867980889311419,1,73.05551047189579,12.128495742119988,-2.9793582712421944,11.603932406256272,46.82000578145469
1,2,1.3166009133585235,55.42756231177806,46.436702285583216,1.942610576180776,1,0,0,0.6229217473541764,2.0957655484551605,0.40531982744661854,1,22.02173216137341,2,1,-0.3429602845103421,6.523186792413445,1,41.36901561181814,1.9747223170474937,1,-1.3332511556778486,-0.14809701566150396,3,68.24532031754751,8.359395990365343,-6.327150209736158,35.04366693674729,42.28367154957338
1,1,-0.37071859468096047,66.88510020433586,7.487447234028194,1.1160916752877685,1,0,0,0.9290275426107875,1.0533190332155862,0.3929615482773029,1,28.59817796419371,4,1,-8.746059793149117,3.2462834486533003,1,69.60213547394562,1.3572989625903369,2,-0.7963254347283737,-0.5326353482176883,3,86.22184266420064,10.770979990834688,-7.714038952731979,26.215393779456374,48.84591226199622
1,0,1.5255122204400982,58.89176869721936,7.228115413450997,2.2924160560960622,1,1,0,0.662364365504178,0.36855375810830115,0.01619224764096161,0,22.278493898994864,1,0,2.5308324585036743,1.4305079411826869,0,58.697060780154956,1.6980466263038063,2,-0.6533891069460847,-0.4258914546949275,2,69.71190892884296,8.980674002157656,-0.4187302958976229,25.788446507597182,41.20678393365847
1,0,0.8784796741763509,43.788290923491026,30.550211924816985,1.7636523726274707,0,0,0,0.3739224946052283,0.8128382050354709,0.8109771745490916,1,27.417693582126972,2,0,-6.659986309020028,1.4930807578967364,0,71.79512992004328,1.7979410372715454,2,-0.9962226569231883,0.42016861780675624,1,72.43974835230148,8.850570258437651,-6.076301045144251,9.792024836381346,20.62038858834679
0,0,0.661882431048264,28.918223999240112,69.45443589565889,2.024522523314546,0,1,1,0.28311609542284877,-0.12420695156079199,0.538980569907652,0,55.30617513729958,0,1,-1.1926080333047562,0.6343529720867714,0,16.490342770179755,3.425151990758761,0,-0.9805960372528155,-0.36759846030639737,0,33.44098792185294,10.471963968971096,3.578916147735127,26.45979714394816,48.48690518241753
0,1,-0.3986720439674644,57.24311030398602,34.58911485529966,1.127248193609718,1,0,0,0.7461644516151774,-1.092936209957013,0.4816587910893375,1,19.74190367516608,1,1,9.719258157000493,1.5739502346805763,1,78.38624853529393,1.826157479418127,0,-0.2185912466368367,1.3844300607943223,1,73.14890453537659,10.072871820287174,-4.336037414090372,23.71692128615905,62.34777641645439
1,0,-1.5892059270128513,69.34468479222122,3.488994631872311,3.1329721195515243,1,0,0,0.9992141857871246,0.7722054654173829,0.3500758117405025,1,27.08507087652653,2,0,-0.07047562871246882,1.8016116346882347,0,48.61962906936956,0.9553700689555182,0,1.215250870231189,-1.7209329546029997,2,93.87399757331924,31.367960973116258,-5.5189065743673655,20.39529068646726,69.90877745709022
1,1,0.8988496467474792,56.36755323751474,34.12418543539817,1.6338973873267253,1,0,0,0.6130584704630394,0.21305783481494103,0.2580983708283737,1,43.6255746325715,0,1,-6.442373407008932,3.335494463055878,0,11.400580903934907,1.403342666342909,0,-1.082927800613188,-0.5295501238437691,1,79.47020449123237,7.520901617926052,0.11965069793168404,24.428061811236937,37.73394764639629
0,2,-0.8646854870318653,47.7142295479652,58.83915437347789,2.5539557718017556,1,1,1,0.6888294726222192,0.550234300223138,0.5488659797908227,0,37.68169875525416,0,0,-2.483692845793164,9.185448150836322,1,29.347905153532313,3.8067771187259045,0,1.4933251517956572,0.07610760523151038,0,32.869240553091885,21.63654802954205,4.938875833626694,12.208570426442149,61.28727478679595
1,1,-1.398968478698016,50.93519139703659,23.19853696740799,2.386964759482024,1,0,0,0.6922276321440552,0.8293311288729932,0.40491030952643214,1,19.56447462930353,3,1,-8.697361177851095,1.1210769259537683,1,68.74940376925997,1.3052857000766913,0,0.4399818049933239,-2.324084675132909,0,76.99161958002298,21.093236365698957,-2.9790061987327343,14.703424792451871,66.26142316537303
1,1,2.013548097060811,69.40251974321794,0.7154257795170704,2.157324593729639,1,0,0,0.9829015822647167,-0.0006410055406051749,0.4879886460172147,1,28.793369008268208,3,1,-4.652985104902511,2.781705959896856,0,59.682682985620815,0.7909982643388626,2,-1.8562214337208114,-0.16460809218102324,4,97.14052061518468,9.227734143944852,-9.198144553721587,15.951324666414424,30.595559838421785
1,0,0.6211331946178834,37.47960236936839,10.992994147069673,1.6923416438080494,0,0,0,0.22781274294247328,1.2607837553140402,0.22044898973636995,1,25.86906575756011,4,0,2.458972773204005,0.7316349394919507,1,60.37302376149766,1.0368546175893243,1,-0.9174548520740886,-0.06605230970061315,3,79.49242776928939,9.998650144927947,-6.851734247681078,18.912221549829113,19.947772196653126
1,2,1.1448968113235332,47.514019072249795,73.92481183181275,2.4976120076785606,0,1,1,0.3779158193677133,-1.2627713056205654,0.4441158842904567,0,41.57152040171599,0,0,-3.8986581601176447,4.712308292273261,0,5.216927200606536,3.848056393744249,1,-0.33949375710082147,-0.3353868470225265,0,50.68980406424264,12.748544774065543,-1.180611401935849,35.89833102071403,32.44987755822685
1,0,0.615990763868697,36.76357139493084,17.904934130643426,1.7253158411324128,0,0,0,0.33338327795468187,1.4749403880439227,0.4415303995925044,0,32.10952148241303,2,1,7.55529480995602,2.2100525230904733,1,21.166833707820665,1.4682695081988788,2,-0.6597288795169836,0.7392918031850041,3,81.61565250050855,12.208599539509994,-7.596867793867564,9.492105574731855,33.05370140239765
0,0,0.1410369066072389,24.85441860147561,88.94341997452659,8.509639209846357,0,1,2,0.1412109808489318,-1.2321350865833847,0.8819279904297668,0,57.047742539642385,1,1,8.829383367011747,2.7056472512020093,1,43.0285552209945,5.081847287962861,1,0.6457806829995177,-0.046049135133373865,1,21.27198397915603,36.72101892260318,2.6505629442774907,15.629805236725012,31.678403966364495
0,0,-1.330706280803081,20.4669029585036,68.04138821197967,4.748015435681684,0,1,2,0.20414771106586999,1.1510666746552098,0.3216581697594133,0,67.82979409730194,0,0,-2.530567095672107,1.0734486023831067,1,54.50109975798321,5.9715193383111,0,1.342515786912763,-1.535722662886785,0,13.719905824167133,33.32177952549294,8.102701834791791,11.111619921643792,40.33687678272899
1,2,1.019780700281582,61.32410375767213,42.661960353446304,1.4676749799950652,1,0,0,0.8233844145890545,1.2532635009948685,0.6208090851214614,1,25.78133715383718,3,0,3.3986081236765653,13.368563059451489,0,37.81369375388641,1.9707346452501144,0,-1.531851166840188,-0.15323246525035136,3,67.94638317255026,15.888063584141904,-6.577027983244302,24.385083681124115,26.473248313083474
0,1,-0.694806620612732,35.026053691793955,77.57762089973359,1.5438812658325638,0,0,2,0.29553387334605385,-0.02449820255056045,0.4621487662303639,1,32.04075871600699,1,0,-0.7255783710887105,2.879231060672678,1,46.30582534970444,2.8763744207239776,0,0.08657062585629065,0.4707947650442565,1,42.25059404139668,11.036378375559277,-3.2806961258893885,34.70245103583308,46.39587980850065
0,1,-0.05270600595003683,24.91909249202736,91.2521768665502,5.982782042182471,0,1,2,0.1446630676115388,0.12376614511659066,0.6040815252983386,0,63.86852192192066,0,1,-7.804736094157125,2.821279177833727,1,18.075520976296527,5.353174067007911,0,0.5325627804939076,0.21294047150496065,0,13.906884835903604,35.97632991651442,3.780628202662996,31.481809630309932,39.01103430451913
1,0,0.3017390384327956,27.933936425331908,51.38327685723482,2.8073432296767296,0,0,1,0.2281960127816452,-0.4726222186912057,0.6909302215893391,1,24.979507961001055,2,1,6.425991662675614,1.251080501564498,1,63.10793075838923,1.9423996016829073,0,0.06598057773345731,-2.007126931283213,2,60.0535330905969,17.737918045020617,-4.286081892204572,18.692839132263778,25.080024939359888
1,1,1.111579880619284,35.93742265293362,13.599848197257963,2.214177393513454,0,0,0,0.21947388701737852,0.7583011802408414,0.2499559895113121,1,23.93111607683658,1,0,-1.9627205453375947,1.104467736943362,1,2.4548135977144137,1.2351733712541904,2,-0.6649984460912671,0.07695188679369437,3,85.77753872220248,10.487056360139997,-5.921330422163079,6.338838406069025,43.09560141013098
1,0,1.0405561217050294,49.08639781306547,19.95354748962445,2.135868004931387,0,1,0,0.6450072742349788,-0.5312633686903614,0.4699297603158488,0,22.027401641941076,1,1,-1.9713522876653293,1.2057625603782016,1,58.46378822309724,1.6302299062943404,1,-0.7515900583755467,-0.18040506188455993,2,74.21153426308999,9.171218075327376,-2.514582072137614,7.572988881820097,43.269200948313255
1,1,-1.3579729754424157,51.18901176637271,10.984245360137729,3.798346213373766,1,1,0,0.824711327268961,0.21983491535383304,0.10664214053069021,1,21.051742404985674,4,0,5.649696214134906,2.4801892087866007,1,68.89311514762804,1.441651933446188,2,1.3959367954373554,-2.2189634760640895,3,84.37439378097685,35.73264530637995,-4.556887946363723,17.372544344667645,41.71437248465669
1,2,0.08132946079238207,64.93602496240256,20.514553886874232,2.5157626424131516,1,0,0,0.902812546433853,1.383286140677846,0.30430195993155124,1,22.530245210693714,4,0,-8.47484175608656,6.710282910985213,0,45.982243523246126,1.332872036852487,1,-0.9399835027696682,-0.1870902733376958,4,81.88839656384556,11.759354813932156,-7.203551218997245,36.43556345281074,36.77338136283538
0,1,-0.057984152294334367,57.08177579125862,50.44964193257451,1.914219676257114,1,1,0,0.7421142783233703,0.7867702345883671,0.05182541800925211,0,34.655603448670334,0,0,-3.788520409332037,4.986972563208294,0,62.54034804209834,3.501453192586964,0,-0.18468225439100922,1.017488723573799,1,34.169606465209036,8.067248470312267,4.978417739545723,35.76791404291051,45.46815464536354
1,0,-0.2563764149941597,32.109881071611376,39.2845566120019,2.450523977594502,0,0,1,0.17631373866535888,0.6948122957423107,0.4903309380617194,1,26.240227456692985,1,0,6.944190051228109,2.89985369143403,1,18.614194311262512,2.0181993549628263,0,0.40702213895696704,-0.01750035277253107,2,64.29342106415322,21.603091072109137,-4.200932081513821,5.906241001223737,46.789967540471736
1,0,0.46461809262038467,29.657810756723016,36.29594344448031,3.916271473207751,0,0,1,0.17889369331294108,0.9827953146985402,0.7073230879140329,1,20.604220293310505,2,1,-0.26079058025984914,1.2004613576389322,0,32.84879523085304,1.597454328133524,0,-0.2701875881346985,-0.4253554705977052,3,64.02805519836674,24.05201518285238,-7.235777703201412,15.979798944086273,25.23021012662536
0,0,0.6040524590962151,42.739570659228235,43.0618526222088,1.6189145670514336,0,0,0,0.3316545286776752,-0.4964928584470402,0.618846357337858,0,20.702904841702924,0,1,1.1093364339707623,2.6085488673426243,1,77.22127739636922,2.3071332623403804,1,-1.5693948781623674,0.39341702688596014,1,61.6831357558566,9.90779699865678,-0.19082943712325573,2.770353840290274,52.664197021340165
1,1,1.3809384729841296,66.25100908680922,7.399599384247218,2.678634082459641,1,1,0,0.8503540476233926,1.596544873359196,0.854063810279623,0,24.05994542513141,4,0,-5.252470833501662,1.3928148640839755,0,46.830040519445895,1.3041145042757794,1,-0.8552996890566351,-0.4778032297540008,3,69.1126872671951,14.486272832621585,-5.464388064774383,17.503948538029853,21.10825935320664
0,2,-1.568650606447531,68.74043241537206,68.21680889785613,2.001699222141121,1,1,0,0.9978835348733518,-0.23208568381758363,0.38902954839140813,0,39.5531044420312,1,1,1.7370927316965794,16.202415148840103,1,54.406562113572136,4.335983573424264,0,0.22113439347631744,-1.3845092987565546,0,32.22544945842828,23.093335477632518,1.473973081604413,36.87712983802128,69.70816563207501
1,2,1.3629469854793475,61.16037279328148,4.819416705430579,1.6492518719484948,1,0,0,0.7983541941603678,1.728637840293683,0.026458493794991322,1,34.520420654640304,3,1,7.94390694053774,2.948892033304932,0,28.88812455834437,1.0109257558368518,0,-1.3537187296076556,1.4168412518185596,1,94.4718562879267,8.65040293855001,-6.9943530747902685,14.652776096765425,42.80366566049149
0,1,-0.3829927334889909,36.93131029150154,78.72723404060923,1.79812833000911,0,1,1,0.2913273486462652,-1.6148299808164188,0.7820479782060872,0,46.671922243162285,0,0,-9.262638034519707,3.759074953570278,1,42.66893643539281,3.7869766282605903,1,0.07435722914029824,0.07095958728508726,0,33.72639896101568,12.705095692791591,1.6220108351826532,19.349217151924577,55.34097977235407
0,0,1.4394709050790269,30.070477198552524,41.011008573801114,3.322010148943773,0,0,1,0.21113518375263557,-1.850766894737428,0.7159909349475244,0,23.28635579397851,0,0,-2.6542825446202034,0.8391185597361227,0,23.359934775197935,2.0455479541011172,0,-0.5846369312977449,-0.8172248847852721,0,63.111483258204956,12.490552715832541,0.5784473318527557,3.097292715712021,38.01430153262312
0,1,3.4452936900246725,48.97325560185166,65.6406234117114,2.982926666614294,0,0,1,0.3183743766520154,-2.6112428233161205,0.4713904447651233,0,21.459011625197675,1,1,-4.223152275065455,3.929629578665259,0,17.869764707720424,2.48790570882689,2,-2.148200972150222,0.2612017829468446,1,51.870630946728944,10.106992657946885,-0.7704366522738919,26.745126445079386,29.900768254007247
1,0,-0.9149156719088009,67.85536139770426,0.02457634959344701,1.6905331698667296,1,0,0,0.9884784434065574,0.9489463250033725,0.3062503005280182,1,20.257735021894916,4,0,4.338058539047838,0.8747162263726128,1,63.51666563122194,0.3973218582442582,2,2.6941696792521594,-0.9992905884655517,4,99.47341272516262,13.630777210054251,-9.524847224391749,3.714668471442737,53.95858871318226
1,1,1.0455753643326335,28.81069679248592,66.75571673032681,2.048257773553232,0,0,2,0.238985628463808,0.6594402724834607,0.6628260934315959,1,28.688846600989475,0,1,2.9522233576708032,3.7441185640263885,0,2.404488626271881,2.092018674571509,0,-0.734057529688625,1.9108189737221835,2,31.059413985739294,11.024250659836525,-6.11096268310103,17.258025310248474,31.089153677923584
0,0,-1.5516589847457944,41.21785949835339,60.07999990734625,2.7624954660110426,1,0,1,0.48013808340683467,-0.7071025228571348,0.3637948492477871,1,30.159605751103285,1,0,9.874481864746663,1.350105629094207,1,77.06573878610295,1.768053194763725,0,0.8734178453314462,2.3400545483733723,1,63.484624814021394,32.85792595245642,-2.8171952587278737,36.19252576297045,57.21423783484883
1,0,0.027329233254469454,40.34930181673974,43.89243755349207,2.7214853365018494,1,0,0,0.42854660639053044,0.823640402707987,0.7036390918189389,1,36.39258343604884,2,0,0.8684670086444868,1.3353595909778846,0,73.14182806036798,1.9267100603547012,1,-0.14239083493949328,-0.3959421298955209,3,63.59575393829574,16.491260016320332,-5.14641612871648,13.992782390007159,20.327192338734164
1,0,-0.5140534979140213,41.54964857688063,19.122233786606223,1.861392900425095,1,0,0,0.5351854853958231,0.7579351379777876,0.3428966881670614,1,23.444459756482694,1,0,-7.896807624024159,1.1202062007885034,0,42.81224548545181,1.4940266739060677,1,0.0005417934300171488,0.2656687286861378,2,83.5811867078853,11.867880187998331,-3.1135972219635244,5.071932333820348,38.05814854220513
0,1,-2.1247462355814024,48.409041800655025,58.662349624126165,2.047598923382724,1,0,0,0.803483189194661,-1.3607253698604895,0.2974699639235202,1,30.298904834444865,0,0,8.203486716039528,3.035290297321974,1,18.45135324684285,1.8506753508953013,1,1.5044012742383563,2.3283406385884375,1,61.93976521347242,23.913461418316025,-2.1150138609424163,24.26696909359923,67.75967595711157
1,0,-1.4757367561283108,39.48803328211142,33.164960720086135,2.1898030306105554,1,1,1,0.4100151852126074,1.0724299493967682,0.3581365928133934,1,29.13968323051698,2,1,-0.014471613284641194,1.8128506772862696,1,48.12912746173163,1.9474338598605934,2,-0.03410711157082399,-0.41755250670271427,3,67.62545742021209,21.012215344443696,-3.7845430113704364,17.836056245858117,35.11369323040526
1,0,-0.6289937146289493,56.77570327177931,1.4872846144278196,2.1077143095027817,1,1,0,0.8581038000728405,2.48691415187553,0.5658487298614228,1,21.16910960899082,4,0,-7.404430558971109,2.8842596153755906,1,51.89695263534834,0.9383597801140316,1,0.34701715700050073,-1.0669904036364246,4,94.2359677538137,12.400875240086155,-8.926289450657684,6.9550397377034905,26.592120035309712
0,2,0.02964166694163152,43.605856922386494,95.38850860595633,6.053831289710677,1,1,2,0.46054383719818087,0.9850617883833561,0.6527246945998035,0,78.91263865480859,1,0,-7.933823726258034,9.338260309758487,0,49.95573985258355,9.892008023648534,0,-0.07062495925092853,-0.35210763289218516,0,5.274395071998306,32.31497975119361,8.785513638297793,32.27131445139563,31.735842586420723
1,1,0.49910698749148585,36.11629942035627,49.93070631162926,1.9839038494605024,0,0,1,0.26108987999652017,0.6813177472351407,0.5677352339519803,1,26.062685220913,1,0,-3.253836868372522,1.6800268882385212,1,16.652637154242818,2.139497685435676,0,-0.39856329168534504,0.7501666420605847,1,63.14875476749188,8.161390140295294,-5.4900352989067045,16.237127839885567,26.96636759051733
1,0,-0.2163231229810213,22.215023144288935,65.75133023187713,5.157006469274959,0,0,2,0.15372153973877173,0.7534529131322976,0.637154945757558,1,31.33777692404516,1,0,-1.009260555966664,2.2369555980695437,1,60.96910515542844,2.6120508099260578,1,1.0823355878488614,-0.6823865830934212,3,50.97861104172645,31.150423915787606,-3.8319536054234815,18.739080309256266,32.76787322813382
1,0,1.5361191905956215,69.05367595945339,16.38609618832632,2.766868815171356,1,0,0,0.9837375876434156,-0.012551493545542297,0.9602549119325349,1,23.94878975719574,2,0,9.486247695278248,2.069702630059427,0,47.95409296279436,0.9957498022557213,2,-0.6193728261406328,0.4562660110058843,3,87.95233606976218,10.335352625931558,-8.735445273418206,24.212018742245593,68.90863802555167
1,1,-0.09763611496542085,32.42425760362807,94.68521202305205,4.7401088160341684,0,1,2,0.2640188624273825,-0.39151890759106234,0.9225157963166872,1,57.22600822245929,0,0,1.866856587666632,2.370233784496684,0,0.566023628622152,5.296951286623118,0,1.040100470514509,0.11330404030887851,2,17.11099160567088,29.314173085784752,-2.4310537501058036,26.96365553762608,35.26610868862194
1,1,1.115421041566443,48.962541186640166,31.36365988838185,2.7854987712957415,0,0,0,0.36927866000016696,1.3643785704223896,0.42733687836468615,1,17.975634765486085,3,0,-7.898662196372388,3.794651404197683,0,10.2602464705308,1.6710251722925054,0,-1.0431580539204228,-1.053786177276905,1,74.9254940358146,15.142873143217903,-4.799145049414307,8.629971421708191,31.145450873248166
0,1,-0.3858780185912004,38.063756227602454,82.56502595042137,1.4786549450020376,0,0,1,0.27664231983698534,-0.8906668683223672,0.9543040640632139,1,34.15846462927018,1,1,8.706179067676128,1.9513634474818535,1,41.40412633754448,3.0225761497856363,1,-0.1977859698415654,0.8256113794992284,1,41.773439165423085,14.492582815342683,-3.446055537087192,21.07474923303167,53.524598684207135
0,2,-1.934415839679049,60.930420273465025,80.97885528053783,2.270038294954798,1,1,0,0.9378219639437843,0.7833335009926367,0.7417880030196379,0,53.399532927881936,1,0,7.976230476950704,9.472032113262586,1,66.45619772487416,4.7337056553829395,1,1.8525116667106059,-0.5375724362232669,0,22.466891839859105,24.273478337905956,1.9985722228162466,32.61496607441215,66.31298028906133
1,0,0.3732171563127038,68.81034731033361,2.3909238670751787,1.7409048125536846,1,0,0,0.9892418888922163,1.4308899239380886,0.8265299201169127,1,20.89414486130002,3,1,-2.936300673745274,3.5087501965339225,0,33.143744057089194,0.9234163771635728,2,-0.09253456020064521,-1.0740572582263914,4,93.46933742286434,12.7504891765528,-8.08369112200494,4.7152335603027895,50.92047221835953
0,0,-0.3438393214158396,30.541303805851896,19.94005234213889,1.8298169005407934,0,1,0,0.26508498449870255,-0.21992806910782317,0.30357584348943273,0,23.759589762302802,0,1,-6.906675780053168,0.568221742529821,0,29.287983226770827,1.8295972400695177,2,-0.33533577517338065,-0.12832694691425972,0,72.60561139767823,8.412354003019498,-0.53122096473518,2.9862622582499965,40.065832004913744
1,2,-1.3705665226327672,68.42741962197917,36.31633313617471,1.2954288027902388,1,0,0,0.9913167385381213,-0.824371856490227,0.3996680548412755,1,24.72156087111438,2,1,7.322977488674361,2.603798950050975,0,75.63011580131553,1.643049449053521,1,0.5938454907595179,0.6619977966674268,3,72.74741439841534,10.691308958636675,-4.9764786738847056,38.22432714989272,63.11096313521465
1,2,0.37660502997575684,69.92078314579612,3.9649012021775567,1.737061867220823,1,0,0,0.9998537414380254,1.4716745577845922,0.9766858826206193,1,20.6121754089555,4,1,4.2378644939341115,3.4704783817252296,0,75.1589377947786,0.8461194185523575,2,-1.1575535322554389,0.1915191065335427,4,94.43047684586156,7.501955558150259,-9.636158157275704,25.54285890848321,46.248401511477766
0,2,-0.6584266673268682,33.17560893677533,57.811878769641666,1.9715572951696196,0,0,1,0.31825859525590994,0.9666113057785898,0.3206816112152938,1,21.833270103402775,2,0,-2.905885748651052,3.8738333736015296,1,17.56716872664381,2.1998129517464355,1,0.22978714111447535,0.4973581018505431,2,54.73805813436755,15.605476337656052,-3.688542474624774,14.582273741017868,43.88686041623869
0,0,-0.9969501364764288,20.841257261830705,74.32915295955162,2.988879293555937,0,1,2,0.15589038206848782,0.5233480275767198,0.2012314397482448,0,66.614078962943,1,0,1.2039733860689061,2.0719974283920246,1,5.971640125124047,5.261654217924472,0,0.5513312157607008,-0.8197351782437232,0,45.27776483781003,31.83220898867387,6.285043882158298,7.819194735373342,37.83734939915084
1,0,1.7671235408796944,63.27518234626159,0.936005745499463,1.599442731583287,1,1,0,0.7429620731617456,0.6491968321020095,0.5264445932487152,1,26.00047932616875,4,1,0.6536162138940593,0.7390530805691492,0,18.25690876953678,0.8628799829330255,2,-2.0184713235714655,-0.6442439980931306,4,95.71510258967196,10.112362367669219,-7.479898239763311,18.841288378359522,31.60629982638458
0,2,0.21407691171158127,31.705234471560356,88.28579567280165,2.8885231471418127,0,1,2,0.20391039444175346,-0.3219931375844133,0.4774916195928536,0,68.46805788678138,0,0,-2.044948953543983,4.231837522119817,1,21.543420458834326,6.3479040423041555,0,0.8242872701582242,-0.26742504140195533,0,10.065199970212312,13.159723878169158,5.56917518332545,35.130198722429895,46.82078228445464
0,0,0.3138186751175515,30.44851302687087,89.44199341280826,2.0202251002677283,0,1,2,0.26244007368104494,-1.0981524100434958,0.7798564143223806,0,77.4593580781171,0,1,-0.7642033893019438,2.459579017312742,1,35.427758230057464,9.910416799224581,2,-0.6666879530263664,1.5810882771233044,0,4.683059029255354,10.569708357689436,9.726325785666159,8.439917230641932,68.51223131840024
1,1,-1.582361967193556,49.99300479819049,33.35853048338374,2.4389941233061974,1,0,0,0.7866527600417339,-0.21324074679436986,0.4818926334387141,1,20.847985113287237,2,1,-3.824968311978698,4.975962771840383,1,6.884901163617152,2.0765359458878176,2,1.3530136017329761,1.3748534167153028,4,83.37874073487784,24.245206876902405,-7.413913674683288,30.69148754782261,55.48971709013905
1,0,-0.34781070621886095,65.40079983291557,1.0129617853498418,2.677162714055153,1,0,0,0.899360450705945,1.2506486903710483,0.5235404415689223,1,23.478705949580934,3,1,5.946773151867543,1.0804538858832746,0,57.88849065149718,0.7721430270334128,2,0.22174804541195386,-0.012318703335923638,3,99.04991675428742,17.646909496680586,-3.2222812720606235,0.6221002608313886,42.80727949309902
0,0,-0.10125012925862271,19.909776127744284,59.57032609853672,5.05811738032135,0,1,2,0.16532657770587256,-0.3436214927702062,0.47507823715502623,0,53.72018856401876,0,1,2.4860809298336157,0.8529211478080461,1,60.13132010867559,4.737434777657453,0,0.9787519819130646,-0.573649534090539,0,25.997689090046382,32.933162296366035,7.16837106351797,3.887052681798522,38.61987812096754
1,2,-0.0002495603366309572,68.28377896615912,33.62422277910396,1.7585003116938103,1,0,0,0.9739110680793446,-0.07112541654912188,0.4689229710564569,1,20.542795379054436,0,1,1.8530672345769368,5.256567525567756,1,79.69312892662384,1.5247537139392124,0,-0.06872474674122551,1.1379519051526301,2,73.28148775400658,11.492598848970417,-4.7180070079110425,27.515316246360296,67.15374899036713
0,2,0.18457707151058284,25.86652736085201,99.95238691847477,54.598150033144236,0,1,2,0.16253222667896977,-0.7068867160234493,0.9989944122363437,0,79.99999451379009,0,0,-6.083208603627526,7.2135484615293874,1,29.89386862493994,54.598150033144236,0,2.239866611480405,0.05015719023387302,0,0.0027508569792722426,39.99997136838169,9.983239237516141,39.69658029352501,22.884948944268434
0,2,-0.8911070140768598,46.507396033674226,68.99227458836933,3.0245680660661267,1,1,1,0.6014805779124134,0.4422530544269886,0.5145407358691514,0,59.02792655308728,0,0,-8.333541464708427,5.554075007901416,1,32.66816379254093,4.753671904975935,0,1.417372762641458,-0.05960247916164245,0,25.389970790715,23.237106201602128,5.92765554400685,19.56278390190612,67.68707784383905
1,0,0.6189531172287959,32.263622936550725,14.70024758551337,1.8260438269893613,1,0,0,0.36088420270564886,0.5687777075430729,0.39308058148115216,1,30.260821673999946,1,0,-2.832085197064778,0.9780395338705197,0,48.08821071602003,1.3754712595060379,0,-1.849906324667914,0.33950494469654074,1,84.21753962035645,12.765677749591058,-5.365750406454138,2.1142388709791704,32.873630377478605
1,0,2.1787767258593136,54.25438739358368,34.88100092874716,1.3250087564755049,0,0,0,0.3730102584323697,1.384500719394198,0.8086026555064105,1,21.90379037383928,0,1,9.744989736342504,2.4818899912781878,0,62.12273474396156,1.331613587054031,0,-1.8051322474324367,-0.0012610537543249207,2,74.09764895533058,12.85927928904371,-4.274427690787295,6.167927042121262,45.805947546191085
1,1,0.4931174327627817,40.84278800479481,94.87082010882777,7.352285807035332,0,0,2,0.2413430767694671,0.31930389336710474,0.7969166224390969,1,56.994799142813804,1,0,-2.4485122268372583,6.0440532296581315,0,23.964298990788848,4.4817812047924805,0,-0.11223714370934312,-0.0787862761914528,2,20.606489810749,36.71708840731167,-4.08842705280544,39.795212184111,27.163748655111757
1,0,0.04268451886174414,42.82043454205764,52.466647762279216,1.929651757743367,0,1,0,0.3951588007865088,-0.31029043300742104,0.5273074094866329,0,21.935994195063778,0,1,-7.510162738874792,5.628784711951255,0,17.698670975344154,2.4879145752993486,0,0.2923373602640553,-0.42002855444923926,1,50.63594966151089,10.680466757716474,-2.0375876834991384,17.050016027542153,41.30163049195711
0,0,-0.997737957250661,21.807212586126713,31.641444335269075,2.8593313508982967,0,1,1,0.11855811854067805,-0.5317999345512812,0.28067116134522174,0,30.32542496623104,0,0,1.4801507345163518,0.5031688205257439,1,72.80893842581096,2.966776208281084,1,1.0629874626725244,-0.2758248106951339,0,43.7099152758764,28.189602196668556,5.392674393914376,23.48563515749905,38.18610717924071
1,2,-0.5317155436132766,36.436821531957975,35.97602726124107,2.2008491121341622,1,0,0,0.39797727079326245,2.5185671378742964,0.3650227320356664,1,18.295678407579743,2,0,7.261445609267707,2.964296531733824,1,57.075376666816695,2.0879735024750103,0,-0.18011521862815355,-1.0656394817247543,2,68.99556664645701,17.05706463351448,-4.278426529388123,15.425481128652535,21.64994241504784
0,2,0.7988901047031449,47.01422651894385,82.82851931285981,5.214607668256963,0,1,1,0.2600105598966509,-0.39883891412709005,0.6799583176617986,0,68.04143968484689,0,1,3.2897587269545028,4.21981005615667,0,70.54797880343897,5.872876396602099,2,0.32500926369945277,-0.07727267615623777,0,15.337469153339056,28.796401038439654,4.848927384931105,36.500326604866835,20.895211428398586
1,0,-0.21261549826828932,60.12363849780043,0.26314933234357074,2.046004773841613,1,0,0,0.802563986801994,1.0651244837490885,0.026186853924671127,1,24.154362774281882,2,0,-7.632888281315154,0.5425355577631471,0,54.17075616162034,0.6088105631226254,2,-0.18427165228035594,-0.10712820335871805,2,98.23386961415865,14.059239958499909,-5.911313202543229,2.7251846573846183,44.33454168842367
1,0,-0.6471118034345157,64.31789727226163,2.239690399310057,1.9289742522433282,1,0,0,0.9135159238577167,-0.4664332698497277,0.5123019083291445,1,22.964854819554862,4,0,5.729834352503323,2.082338514265472,1,71.1973662335121,0.9076513591741475,0,0.21784099542323404,0.7294668415338976,2,95.32545032078816,21.5178425231319,-3.6108919946555043,4.216117937228702,69.21781885749783
1,1,-0.4223077503168553,69.75722328639318,52.06090387140896,1.8096533436889553,1,0,0,0.998795408394818,0.4514288976437621,0.9643187998976366,1,19.766043708490102,3,0,-7.4053670239369325,4.879914429900394,0,43.37505461583816,2.4458073788324635,2,-0.0008699602309944788,0.07397076132116322,2,60.09376459200995,9.541144587801195,-6.83440440862669,38.55682923691549,36.05579232550201
0,1,0.8743895978774204,45.74890427414067,41.934321796436926,2.329740646898028,0,0,1,0.3690687343357999,1.3587632569409387,0.35926643050530604,0,19.826903060656136,1,0,3.1371266861567335,2.702998462138061,0,1.2459061252095749,2.248279385300014,0,-0.6431136442681749,-0.35883536677630073,0,67.56178284158901,11.863930808916203,-0.03653057210469335,10.44293176144093,55.791986975656876
1,0,-0.3213352769780584,53.28612598303314,32.617205524888846,1.7499139443424427,1,0,0,0.5584286704683084,0.5287426549321346,0.43814570893229055,1,27.25332657357614,2,1,-1.2890306712355368,1.3443213854929588,0,68.09454743846752,1.5841036341221728,0,-0.6815112147705783,-0.8373784576350755,2,71.89448859760141,8.58178537308583,-4.684681067577598,25.588423550883242,32.941511949067014
0,0,-0.7833605571054229,23.888221020728533,92.86223380359786,15.786295370240426,0,1,2,0.1561106082691403,-0.12514462540915822,0.3213644734029465,0,76.34439536713658,1,0,-8.212577049247308,3.3772042262058957,0,42.99656864796674,9.691763669227448,0,2.6484255687218194,-0.9481541792051438,0,4.784535978368276,39.89914113553742,8.979131282611892,26.85302353690038,31.886437370606004
0,2,-0.5586501314190541,62.86354569046119,60.47739574942692,1.0266416074640825,1,1,0,0.8481995595000151,0.5862972219580644,0.5832739112372509,0,29.57456899133948,0,1,4.651955576881935,7.106908821890489,0,5.170247609990817,2.54116479467447,0,-0.6202624540916293,-0.13208715418952507,2,54.6988631237889,8.038727061215402,1.575128164301221,27.316353281372734,60.58008801163631
0,0,-0.7655014506342036,20.537685370425933,95.79211142526786,12.780097534563456,0,1,2,0.11119972471069361,0.24068292335098412,0.84023720153047,0,79.54645305403199,0,0,-2.9308060272753513,5.411116512727349,1,6.766373074473027,13.223355723952535,0,2.207311799661863,-0.007550406240145525,0,2.017690311400311,39.673242411665555,9.1772980670433,19.099658110034014,27.74023219440683
1,1,-1.0748360014191052,55.5942849173289,10.002388504853638,1.5688523030799149,1,1,0,0.8478744297066619,0.5623733073354074,0.6514398026990618,1,21.713860157069583,3,1,-0.931715980611532,3.8528258368826758,1,42.07086511929311,1.2501668799965315,2,0.43781429043654524,-0.8480439218475622,3,82.48208278316471,19.924172346160965,-7.053081959452272,14.00742254361088,65.26074244518341
1,1,-0.45769095166428436,26.615910160444304,96.69113462006963,6.6069610900788165,0,0,2,0.1465563950288472,-0.1241720571863776,0.9999997980741995,1,50.858264557222064,3,1,8.592834877543062,2.8313957265972505,1,2.179456429977411,4.946337286604143,2,1.2952884923027044,1.9668640438287566,3,24.979279002446336,32.64128704170935,-7.0852797686866085,17.25263357748146,38.56006178955853
1,0,-0.689601861763586,40.87713350187157,17.847574669871165,2.1985723596494546,1,0,0,0.5419484241042893,0.3795081047518012,0.7344963143336871,1,19.046042471837215,2,0,-5.015599859074124,0.4103872949881759,0,55.950860168323054,1.577013064857742,2,0.2185789727367623,0.2628187883031412,3,59.47003616759059,12.666941284359773,-3.8195088844883944,9.47666249644606,44.84239628037818
1,2,-0.11982500261665142,58.057087571243166,47.63433122764048,2.1254977756761124,1,0,0,0.8119643883838529,-1.1585801557048612,0.7401154248627686,0,27.06804898661533,3,0,7.432267330941848,7.714637848517815,1,79.76924117880343,2.040281440881004,0,-0.9017753875186061,-1.5866288900668657,2,63.50085858311591,11.948849391988475,-5.104324101705507,18.509180927722756,22.977318948231925
0,0,-1.4824385389110386,38.14656994094919,23.96433861843073,1.5140675537618327,1,0,0,0.3790925135408139,-0.3425892213445909,0.5902110226380054,1,28.023097834240236,0,0,4.65621902296915,1.0872057066674787,1,41.13203557153102,1.353866814365993,1,-0.30039268053109697,-0.2785293728233268,1,78.21085486068621,10.966912573884368,-1.7219954125779449,1.3209318732997821,65.57722002434849
0,0,0.25197077441276744,21.09346720750667,85.12526989464587,12.28237290357173,0,1,2,0.10740763693082916,-2.281862201028378,0.954044839231938,0,45.59296422897141,2,0,-4.9699481207217575,0.4829560485316725,0,29.386472378078203,4.8987380645737275,2,1.1826587123759107,-0.7174179748893664,1,31.914793799065777,38.45390312728622,-0.043996689303826386,23.79029076483934,25.07862809921235
0,1,-0.33577847421092005,25.54412047614091,78.52898367389919,3.8224437495036634,1,1,2,0.29627410520547204,1.0858604077150344,0.7320784422111895,0,65.91418679146814,0,0,-3.6556274502780113,2.002317188629636,1,16.980347541185004,6.153406105671103,0,0.4566054753758757,0.06485918179195484,0,15.002261814449753,27.982727909641323,6.211238821457936,10.970645838837545,39.74541724554237
1,0,-1.197628284900973,64.84254861575062,7.035361183168226,2.2018518866511028,1,0,0,0.9258571102023541,0.8965592562315136,0.25381540222716,1,19.21722589168909,2,0,7.045728225487579,1.432739069643569,0,64.15654741548286,1.0131078115316903,0,0.604265710303768,2.5764183467224213,0,91.97384881063924,23.178985542188542,-6.293501035551704,8.152400702048881,54.790121556478745
0,1,-0.11952364922475316,62.811882243335994,35.77499846535439,1.8050526999938181,1,0,0,0.8706554617134611,0.29997316307046545,0.21425853787510152,1,18.854334489221394,2,0,5.838203647815202,3.4279060341901317,1,24.946393583729325,1.4745861358530885,0,-0.8208194224801469,1.5465064017847838,1,73.97766408427873,11.09524187452768,-1.2375460387947506,27.731949830872033,69.22592448753025
1,0,-1.0249485770407811,22.34089503926144,43.8219022867069,1.33509747483412,0,1,2,0.11481096098193139,-1.4315163372852338,0.866183240740773,0,22.443261554407407,3,1,-4.663561046670553,0.7797498085924381,1,0.36641515443863515,2.245218123731917,0,-0.31423712984384944,-0.8363455830205578,2,57.814802179553105,14.314999043855456,1.1415247581168266,3.9345720979784615,50.26107461600725
1,1,-0.5094334049555136,59.490356105067775,9.357233802650466,1.8724421930669715,1,0,0,0.8784396995089093,0.586606161609135,0.23564337117670142,1,27.25149619345806,3,1,1.8170322410048652,4.154454012341919,1,27.767287499908022,1.1642590887962088,2,1.112120805541524,-0.5760584312700362,2,87.2241623786084,17.781632668071495,-7.4255603761985185,13.839262781445743,53.02262303554136
1,0,-1.0761486347573923,23.883299735948448,50.903939929597406,2.1687838355933136,0,0,1,0.184154343879796,-0.9722927342274019,0.26967142441178854,1,25.233100379757893,0,0,9.975067409259392,1.7231336848511758,1,68.3002649160837,2.1046018963413577,0,0.4349293887425819,1.9029943675683676,1,64.67957733478862,15.870542779043335,-5.280381536397974,14.563415766051762,54.917255374246224
1,2,-0.8969711445393794,65.7790332973335,52.13423683018872,2.3663595566244977,1,0,0,0.9564280455708066,-0.7158098092460969,0.6729152576986916,1,20.65411076918958,3,0,-1.8138678812915625,21.34899754650417,1,63.170647444313204,2.5692749318905617,2,-0.06826293772739579,0.09857103706925789,4,53.68812592301651,19.792063409279145,-6.337071002796963,34.2637399603188,61.74482701704341
0,0,-1.4658163360595857,37.316539268120806,54.679149398836024,2.724758805906512,1,1,1,0.5141420943672911,1.1387328019858374,0.5778907021482557,0,52.82149987724089,0,1,-5.383390514492621,2.1436472017961226,1,25.348850726408998,4.423730511080886,0,0.6286209401444608,-0.754366512954174,1,41.03381892037889,29.49663045604872,7.01125390783713,7.99214025751942,66.12140684368332
0,0,-0.4683625244875585,21.717168378410484,84.99640799034465,16.73605765550269,0,1,2,0.19097470837538505,1.2756177571474885,0.33369996308649463,0,78.88981224705964,1,0,-7.742878161558152,2.851523056178219,0,20.18304348447261,13.289389186817562,0,1.793546703293647,0.11692200174571506,0,2.903010456905469,39.84874556957485,9.627588704944618,15.626282826843731,23.85922747011937
0,0,-0.5654204355206768,20.28569512072476,55.602791230911954,2.643107877740639,0,1,1,0.13465472103486825,-2.235342551167915,0.31695049717578794,0,33.47061910860149,0,1,1.3706090996834348,0.5518080728045696,1,6.449402047657258,2.779323327566184,0,0.3355994748922082,-2.8178772849267517,1,42.57908348668402,17.92840836122377,1.8598261210030227,10.083590564582092,33.067536250502506
0,2,0.2475622220439566,54.79421894260938,71.40850612494549,1.335940236130967,1,0,1,0.6159994933205832,0.2879159021797632,0.7287868502892026,1,30.93868239279452,2,1,-3.360990720873957,2.2254275168936726,0,62.31708388896031,2.727933221269446,0,-0.9948302366989801,1.5805927929768284,0,52.56854211654832,5.992209610418158,-5.000607430408649,34.97233346487153,39.31352135662419
1,1,-1.26107454618234,44.283042232040216,21.485448064309715,3.4098346627501526,1,1,0,0.5757909632647908,0.1694187849484344,0.488751457455453,1,19.794288026667633,0,1,-8.865950264110813,1.1657669173458047,1,15.012465224432713,1.5007056261010756,1,0.8664757232182468,-0.6455196898695293,2,73.69890044981851,27.232804587598384,-3.676862669953489,11.24614501642891,58.8725460805651
1,1,-0.2381200908929261,54.61767783601594,51.96791556538645,1.9986344831035538,1,1,0,0.7348948855534381,-0.060163848498362066,0.7719868540349679,0,19.271283499755683,0,0,7.722042875645872,3.4734396294758105,1,52.411932117067366,2.6701155247628026,2,-0.5297775261895438,0.5860852193100171,1,54.57722059324156,11.175271335114232,-3.533456306518725,21.716456158615824,47.54370784795047
0,0,0.3326644476115511,25.810059447504514,66.42020357988105,4.166771342101215,0,1,1,0.20552195850923927,-0.5862793940618108,0.8512893834012836,0,39.263726067686605,0,0,-0.3536350021104475,1.3842103036339597,0,66.5292164053746,3.1117095494521987,0,0.581198327448119,-0.3900173683958594,0,55.35273623322674,22.778297130301244,0.6882126662892176,6.133918700718361,50.04851415337783
1,0,0.494241076020827,52.81902894862256,15.738662202148552,1.7536194864245027,0,1,0,0.4510480286879391,0.15038509828061586,0.2431248620748715,1,26.72230935017367,3,1,-2.247287868514059,2.2694903689460717,0,75.39049728252208,1.4425011219807522,1,-0.23330022775806247,-1.2576303063407246,2,77.28926529576884,12.812742225306161,-3.7620685760060626,6.903343458163061,19.84834582956067
0,0,-0.13970337230538246,19.62336774650153,84.16575869761957,11.569651492903969,0,1,2,0.09571410322039958,-0.199004679193356,0.396247118522134,0,65.49854428148004,1,0,-1.7702385941326924,2.2156747425258976,1,12.694831085478192,5.865032406017967,0,1.6562425052655434,0.38867450006817256,0,10.04359330484344,39.52279841725102,4.891257960700903,25.87573304118998,26.0764969947846
1,2,-0.27508845345009936,68.14053868232608,12.286183379574094,1.8316186820342302,1,0,0,0.973002840122444,3.681904768014006,0.5093168796069069,1,19.549883656316062,4,1,4.4325223699882255,12.029682270556997,1,33.08709469803857,1.3160316149686226,1,0.8021228085788821,-0.33443583549037215,4,81.74512567136011,7.709829919214084,-7.968224323479727,28.254186968562887,41.55728092992214
0,0,0.7044623391914631,40.10562730227936,71.34464276597964,2.4802399861114424,0,1,1,0.23187878686959584,0.17163000869842382,0.43688164943825725,0,67.00892917421004,0,1,3.2494956162397948,2.0900287875690284,1,69.18976158470629,6.596749131836574,0,0.14343722716178797,0.20772343655291478,0,17.834658680908127,12.735639076699758,8.849136368949932,19.559217351582557,63.93878775011552
1,1,-0.10859538254298794,31.229111763012874,68.23563222857074,6.222815708702571,0,1,1,0.18589580362304553,0.18441268836713728,0.5919953928189905,0,34.03703033447642,1,0,2.0075129234824356,2.9851767571442256,0,23.728083023088864,3.5061887081762313,0,0.533064730400238,1.8397584405720455,1,38.731435173592374,31.635467793196284,-2.515846419927046,26.36934559734741,20.841740630421615
1,0,0.1109907062303756,49.34345272802219,74.49096856356756,2.9769653977529633,1,1,1,0.4715400154047421,0.8978109357102422,0.18541405290220614,0,48.58629286972233,2,0,0.4545060757906185,5.233412706506028,0,10.389941051596665,4.082099468099476,2,0.03714674826640261,0.1050054070996697,1,32.100458134654374,27.651015003076772,1.674455529916239,38.517429909821495,50.14898118338932
1,2,-0.6752204063996705,68.50175942328478,21.816841073323573,1.5953467993477275,1,0,0,0.9855674652139521,-0.47158630723685957,0.3381955544220101,1,24.153439709753606,3,1,2.4414132786156912,5.867508294246185,0,36.371374332857506,1.734311359775915,1,-0.09771429775165504,0.3071741913051514,2,74.02595081988179,11.469952536543362,-6.148724525858672,31.99765112693319,42.16903319982514
1,2,-0.27542007735314883,57.84939284099527,46.84019160963884,0.8567940933011932,1,1,0,0.7838361344583862,-0.4725836069617845,0.8264583829285637,1,21.271936057343048,3,1,-9.420343198423627,9.451535389870852,1,19.13518811372972,2.3214760430606374,2,-0.5142582457409249,-0.2933646703855928,2,56.66503676055916,8.8267166721867,-2.431437605057008,24.34305113110053,41.40710653177726
0,1,-0.31419125541500975,59.88989394729434,40.30993616834198,2.683067050714963,1,0,0,0.844068192615088,-0.9546414045532203,0.5621497160839313,0,18.617434510399736,0,0,-1.8623147016157695,3.8016125668589624,0,28.166996813581655,1.8417784094885468,0,0.48061916796307824,-0.5857751843124399,2,64.93809141784274,15.224035712706097,-1.9049383721475284,21.68198692583335,50.88553412112562
0,2,0.23763026058697478,47.414438514890115,35.07753247611349,1.148470819532149,1,1,0,0.48563683732220214,-0.11124039398015445,0.4458031286002698,0,20.14939759760098,0,1,-5.984399209723036,2.4783000736124423,0,40.00084782477192,2.4339944371244444,0,-0.4082539275046699,-0.8256675789767747,0,48.0435951643858,14.381827432931754,4.840602608244808,28.493103502772577,43.09129483871792
1,1,-0.13621094968530423,56.01058632681716,38.48733267057291,2.8631430182024817,1,0,0,0.7030190221581185,-1.4059820255390039,0.5397135879276231,1,23.63800077090941,3,0,-4.100352009065649,2.669890625906848,0,51.80951260256314,2.156470461242638,0,0.7783557649992164,-0.24145693852821443,2,65.0646258872299,22.475983435541767,-3.3574623999982434,28.891785796127003,32.016025848621375
1,1,0.09273145851906116,68.86919135893064,2.5026618839626034,1.3676083876493437,1,0,0,0.993422758105964,2.5182115925101254,0.5837486700196289,1,23.049671641598124,4,1,5.417888315201209,3.187488656615019,1,39.97845308977551,0.9018193483903448,2,-0.2815202493534275,-0.49430550849850546,4,92.29104372109137,11.805831505899317,-8.247980189844341,35.31899706925171,40.25510294292687
0,1,-0.11091856412270988,27.187175063839664,77.11081820256408,4.093392241204283,0,1,2,0.29745066942050635,0.19611518161984354,0.3866643716377312,0,77.1371631748378,0,0,1.5818219744656847,3.1082362113466866,0,38.15851852832928,10.090508418604893,0,0.27978531998112244,-0.27796289795463214,0,5.811192578325025,22.395509852482537,9.731252655876219,8.673315004034842,39.50833235866707
0,2,-0.34185927184956677,50.31726076495295,69.91527934405889,2.7226630520980395,0,0,0,0.4177463694635872,-0.1311383136308099,0.6535927803970324,1,23.661932428603816,1,0,2.548869788060628,6.756735578788982,0,72.10145274027833,2.830635909316724,0,-0.08939020793466558,0.5838566678663528,0,45.29152775941878,20.85808920193184,-2.177487657658716,19.027352232247384,25.158720214565335
0,1,0.6842664803974163,62.06587532352408,41.772115424800276,1.6635592746049206,1,0,0,0.7894376833294545,-1.4312338308747805,0.34025431687276547,1,25.560634343461,0,1,9.860295135888318,1.170757941851906,0,31.166949543010567,1.521713299353994,0,-0.42511260447649074,2.5275527459788583,0,70.52072463814997,14.022162680701316,-5.981923290968341,34.681183050429226,67.56033234462667
0,0,-0.14824793677357562,27.350366534494142,79.75348739254356,5.432562493361598,0,1,1,0.12995458260591258,0.1237196027674461,0.6005758615960892,0,63.08677849169968,0,1,-1.783049597664153,4.239484604873449,1,33.485896210667185,6.459381247650096,1,0.76955873051275,-0.13814152670128393,0,15.772930249175426,31.859255326562508,7.314020175831345,11.53108228351086,31.818449325042828
1,0,1.209220101056028,65.18714735318801,1.385828668903738,1.3487394707709919,1,0,0,0.8644844194484811,0.475624370583745,0.4973320474480916,1,24.115946008282066,3,1,-5.070504098628494,0.7792325509474995,0,25.325476500731206,0.6732277641222173,0,-1.4568643042958633,1.413986171064981,3,97.06254418186249,11.219896302453174,-7.733422265247198,5.0215653711580615,57.03325709668537
0,0,-2.359343473715737,28.295047526973484,64.64407271871404,2.058587404158547,1,1,1,0.35823727206395517,-0.6030908106018361,0.4749489531669545,0,33.02882658286432,1,0,5.4930647103604695,3.1840748343056835,1,47.38419650931757,3.2629387524043194,0,1.5757858470641797,-0.33548501516117374,0,41.05154998440452,26.527542165585977,1.7989723177316073,14.430419176700946,58.20467252262263
0,2,-2.0057866208140127,66.75720707499339,91.61157909760288,1.5043028937256688,1,0,1,0.9753343587803545,1.1395764728807705,0.6795652612719874,1,53.13507673024894,2,1,8.279945133960457,19.772524078921034,1,66.19241292901178,4.0786078647887845,0,0.8389857636638942,-0.34591163152744664,1,25.347667038183396,17.592590505582734,-1.5810986809969556,39.893810626836775,53.447100813699244
1,2,0.46649190965428206,66.57604031717503,15.745980530075588,2.2962007948321115,1,0,0,0.9251997314481127,-0.719781069117301,0.63460547752286,1,20.999475790672296,3,0,7.10168977516647,6.0506253507085015,0,37.05541706476483,1.1386667577040497,2,0.4549563573332033,0.27528063107723755,3,88.09025764407548,9.168583151812317,-7.071519143893128,10.76375177267403,24.22011997625985
0,0,1.006928819976875,42.732118429025334,58.136504046033366,4.826888250494829,0,1,1,0.1508351714634415,0.43147485574294714,0.6624803337316288,0,41.13139521703093,1,0,-2.653453232735501,1.94177172520917,0,72.15954240086725,3.0835097810519834,0,-0.3624820348560804,-1.0693500547267654,0,40.553072921201284,26.80677190098612,4.020174831721359,14.12797638241575,39.451853458849975
1,1,-0.09445583038186084,46.110536833292784,55.256903563224235,2.444827173029099,1,0,0,0.458712469945713,-0.024489800363627752,0.556795932014371,1,28.47805716641581,1,0,-3.22081565606834,5.862680846932216,1,53.6182816867358,2.441499943329556,1,0.49919915639308465,0.4377185758904754,2,65.15206666370192,18.794605216080484,-4.591242006892051,19.076551164446936,40.736269245270776
0,0,0.4592172474490868,35.44369916330146,31.46440325880538,1.845237402700219,0,1,0,0.2773708908783028,-0.25173841120205037,0.5978472930065359,0,23.95058375665399,0,0,9.392426150872495,1.5246617120785333,0,49.19668782304239,2.1847456688652045,2,0.830446922767088,0.12435981134392331,0,63.78899732099488,10.452718555316372,-0.3669609506076341,2.3327875743564985,32.52824773880861
1,1,-0.8736800951575768,24.926874649572966,76.59610524168829,3.092939012990211,0,0,2,0.11099124736864902,-0.16794111225981886,0.9573062120091587,1,34.270391441680985,2,1,4.430732320507582,2.043053409863658,1,13.25499305753195,2.689491407571057,1,0.5631437318662459,0.7264818806199465,3,47.385420831475386,22.60894566916706,-4.990265949481407,18.01771903867651,27.369374593591385
0,2,0.9434368289951924,47.51258522060935,80.14130463126517,3.1880910093791104,0,1,1,0.28642897414636853,-0.8216034165270699,0.5196747077510115,0,39.5532048372023,0,0,-2.7955885903299693,6.676242811763481,0,58.96295942557394,4.199557980727369,0,-0.9013080971659597,0.07122353766190719,0,36.13653541944893,12.321568859696029,4.425171852568859,20.8952520258945,27.381672563850294
0,0,1.4133679549740288,46.35972727369038,36.76519701708005,1.6992503291327103,0,1,0,0.37728305072850654,-0.8909730012416824,0.3599968128973845,0,21.00361856818141,0,1,-1.128105811101154,2.1443154559080813,0,49.626893808436456,2.3298204489966325,2,-1.272130878424548,0.4955184837326696,0,60.82427599040656,7.949102345152896,2.7490031339905485,8.674571091296235,33.9418634537198
0,1,1.0233475172111266,22.905699217387824,79.53656754976294,6.929288620439827,0,1,2,0.12831016785381433,0.5599136593143956,0.340999040047813,0,66.83669232234973,0,0,-5.556119044515231,3.54524089151612,0,7.963559816904127,5.285739302527902,0,0.42843939301743966,-0.06490055510335348,0,16.253963950254157,32.24710776692339,5.353338502138232,24.697361541703145,24.90380637442382
1,2,1.1830563796706113,30.868571337326618,90.45789958184868,5.746883471430329,0,1,2,0.2296096259679668,0.20645256582722923,0.3908290633004713,0,70.00716365331688,2,0,-3.631461213640545,6.937509939662213,1,21.943671551726474,6.92527423684012,2,-0.2948736799121949,0.21788585239307917,1,11.360059751772688,26.242145511701676,4.384439712762395,38.06678526034106,33.83102183518102
1,1,1.0109821400138839,59.62388100514254,30.714946225570323,1.5746481044435299,1,1,0,0.8034296174580526,0.647553691933321,0.6411713808233022,0,21.517608856840447,1,1,-0.975481045344921,1.1288805243543523,0,67.26662316535403,1.7305172500994086,1,-0.3082713458429099,-0.5367290534950557,1,68.05443202950943,20.812864989493463,-2.6897498201650416,25.95868561385246,48.73694533496007
0,0,-1.1571940134976517,23.493227192799015,52.07117051966173,1.9767977315858507,0,1,1,0.2643321416450622,0.31380247753627466,0.317759342261701,0,22.309184283263722,0,0,9.012113028296351,2.4850746833863147,1,5.221820439486478,2.460555871348324,1,0.47917890137166724,0.6000904435492264,0,47.403299043068216,16.833099821414066,1.5835574813476878,6.517375573202693,41.74981296179593
0,0,-2.357660019721437,32.985880642109535,72.74864772487366,1.3013099034200568,1,1,1,0.4007835885053568,-1.3500928331706215,0.3390751029004714,0,50.652038092730436,0,0,5.560920347823238,2.379611011204066,1,65.13300754577116,4.584784991863912,0,0.45510886736446493,-0.3741358081765365,0,28.859200547436835,22.893126211877238,6.4701644131846585,15.672805637302947,69.15146287321893
1,0,0.6066331895709561,36.43321757294539,14.03221194686337,2.1521174192190693,0,0,0,0.3332018156234331,0.2882796292134783,0.11587236233291598,1,18.00832852015164,2,0,8.568022107658038,1.2723083272196323,0,28.35361922414494,1.354824240380021,0,0.3069449859436972,-0.3864096816489839,2,81.47086592299408,11.90340655094098,-2.094153304262708,8.103525753136964,29.6866443384939
1,0,0.08996254824799929,49.81107444274085,59.540924663085526,1.2890123280262424,1,1,1,0.5840477382425106,-1.0171395903738811,0.5819955159674193,0,25.5477367530382,2,1,6.2679827174520995,2.344591092580607,0,8.939676745933749,3.039103161465777,0,-0.6818400413721568,-0.06885553697631333,1,46.391297398496164,12.043119266688683,-0.24508975613213124,30.40225252446808,62.33644136370656
0,0,-0.6436212336243406,42.01162514561118,35.15127502151998,3.0335023820051608,1,1,0,0.5518884792035152,0.17803279686588103,0.7533876343916901,0,23.433060239686228,1,1,-7.086686065436012,1.0811058736930976,1,62.07284039610292,2.2739022002025013,2,0.5653686506276464,0.4642552539450638,2,65.45962479001847,21.486872745500065,-0.3762849021430483,7.291144994527152,58.38742293983552
0,2,1.387826330430977,53.47842792903183,81.91853205863227,2.109028551166886,1,0,1,0.5019241646784215,-0.6669940751068592,0.7062098162623239,1,38.977431644322905,2,1,-3.079909658039642,13.419318641885964,0,64.32765300406203,3.285566130055824,0,-1.3377053931048655,-0.6738542731540135,0,33.756655166513184,12.208959233683295,-1.3986296403916043,21.60560467424368,40.02115808300944
0,0,0.14769766383258406,23.146605336477204,81.26626837587017,4.068833879988333,0,1,2,0.11971806694191617,-1.1036824759007062,0.25017651595067975,0,64.46757865413488,0,0,2.918136786404144,2.1839598593981195,1,21.569143437045895,4.872394591532949,2,0.45339254907003573,-0.27095629157431234,1,20.819889152622608,20.217283323293568,2.730078679864029,7.404415237636401,45.40844718327176
0,0,0.2632417637530598,30.844692747090804,73.3643898121993,3.2180533124222914,0,1,2,0.24882000190436282,-1.276355873929933,0.4548710034322001,0,68.67978767305954,0,1,-7.209431485453197,3.5148743625377965,0,15.242046296619618,6.993663654212292,0,0.26365996050699486,-1.048264054280113,0,12.063867415369206,24.712834443599846,9.162284129361023,14.262220997071179,45.133695920544525
0,0,0.9290316625501941,39.767357182924755,64.98338600238547,2.26733634395786,0,1,1,0.21179262515597197,-0.7416181072160782,0.6138739037438778,0,29.325192898000235,0,0,4.4607966808007316,3.2077462287724456,0,32.66149701032935,2.9062521105402452,2,-0.9710377036837283,-0.31940305928514806,0,41.68117724917665,10.893403997122784,0.8765240793668276,18.773704562611954,27.564312118756785
1,0,0.2513641618099891,46.185393780998325,20.90508979227345,1.5110721371173583,1,0,0,0.4281681152265176,0.9644591103015954,0.57509909638005,1,31.85635976194436,3,0,4.788743580756748,1.4609745867267632,0,43.862527022184956,1.2225201738501024,1,-0.9374006980162617,0.7035747443398054,3,79.66525566897053,9.18103124862556,-6.726922198467356,16.264688414443043,20.828483946813908
1,1,1.1136870281899303,67.52916929908497,5.381922564504271,2.1150233394278564,1,1,0,0.8983827993169948,0.74935064519918,0.22629925494451875,1,19.992865167590868,4,1,-2.6894832430356317,7.101748673128694,0,8.835462575669606,1.2364497212264012,1,-0.9743872457403097,-0.4582919449256469,3,86.51821332912671,7.533378249674653,-6.146123325890795,17.6597503675806,40.926843267593966
0,1,-1.012553152389243,36.207651532896,91.72305246959488,6.949848060286798,0,1,2,0.26429757398017006,-0.5298303742090327,0.36133381411732224,0,76.79885796740379,0,1,-3.667341737870265,5.799074060363416,1,56.11287596587184,9.097733698317693,1,1.3308138612908913,-0.491843152717824,0,5.0059247626937475,36.9015510805079,9.07374695088215,33.54246387092486,50.11501706394887
0,1,0.46637328584870424,26.460033710013498,89.88284255858903,6.109089990188421,0,1,2,0.21217483841818924,-1.7254088722561105,0.3791164990586155,0,61.494843500976174,1,0,-3.141370325900242,4.124106913370909,0,51.18283061951026,5.534663667253955,0,-0.32305992133142725,-0.7447310189674967,0,19.009155205498423,28.59737607603953,1.4722077605168913,37.59979911641064,54.68148737982009
0,0,0.07075963181668588,45.585368186501015,38.96846146048893,1.1535527878253113,1,0,0,0.4610773285421723,-1.213318861223967,0.31385439422976813,1,17.90456303452665,2,1,7.202872825187512,1.4194755400618888,0,23.603905279262523,1.9385532688027167,0,-0.9657047804253451,-0.23516685306721682,1,65.36979363759232,7.762703765954431,-0.8377708745174566,18.821727899383944,58.91257808183567
1,0,-0.14723357481108612,40.46252605762284,47.940658260753686,2.7103740787608306,0,1,0,0.33407665999242747,-0.9542380533045914,0.6411661971374278,0,31.76309467464167,2,0,7.587512873330159,1.6548251565205538,1,54.755910375313555,2.9479676117932603,0,-0.04344859897549042,-0.6249552354900513,0,54.781566288287564,17.759036290899466,-1.816460017913549,21.171322805410323,38.036145400323285
0,0,0.3587063754849665,29.980479925872462,85.4295915587103,7.2661090001929995,0,0,2,0.18609089306430104,-1.2434961199433867,0.8186364870068268,1,37.44556666974803,0,1,3.480512887137774,2.143677209361954,1,60.197808713450115,3.685135411269841,0,0.29999447871991675,-0.5056915089040656,1,34.866824936338524,34.16054774140729,-2.7737710039207073,32.32486591541036,30.153636830808146
0,1,0.2588158060292577,24.7328918574846,96.85781075156706,13.275587390998991,0,1,2,0.2533200009778268,-0.06478644371358637,0.5315541197649144,0,79.89085531505225,0,0,6.409854214943785,4.553390139801368,1,16.996132121797523,19.7156464789314,0,1.1570549634555893,-0.98922211303022,0,0.5387860833436675,39.05852477813212,9.927151092532831,34.95847943025605,42.01656564935425
0,0,0.2304144233595287,38.71902763994461,26.125390216895738,9.341681395848067,0,1,0,0.3604403525062083,-0.3128763329589092,0.06505320166338519,0,24.765056621909096,2,0,3.820347285580951,1.4731452335357331,0,75.66786865745884,2.9051859775673883,0,1.2438766612959202,-0.7662230787264085,1,51.644035857694185,36.739741850561174,5.14313463936624,14.219458712199325,31.821160047359903
0,0,-0.8126838750645387,21.29760032961756,96.7380133864339,20.67218507909221,0,1,2,0.10790613424416273,0.023436940689466713,0.591040463369211,0,76.86110961858334,2,0,-3.4846790196428046,0.8096139644167584,1,29.764808398930434,12.216538355647863,0,1.822413170587112,-0.23978285373414765,0,3.068553056914686,39.952021050034936,7.440472241563015,39.87004024215636,46.75330964053596
1,0,-1.759742382089123,62.013447170626755,16.0347056127402,1.752012650305112,1,0,0,0.935352563284647,-0.5078376453893769,0.34086687805411275,1,19.97650537582141,3,0,-4.311083673413534,1.7466691484947687,0,57.227328367503254,1.5643766310383185,1,0.05321942150747967,-0.3449097915174666,3,81.77493509573313,17.466247225036092,-5.777112797461684,21.8306028747531,66.79951360946754
1,0,-0.016594892873478092,22.254597787596364,59.6012498373779,2.8085426073199162,0,0,2,0.13147692214343537,-0.2905653111959268,0.6916342702970745,1,20.727114051806588,2,0,6.142365678684193,0.8036558111411888,1,13.34585833545454,1.9840266157800281,2,-0.014736452528462207,2.9554953334380816,2,61.62844963099927,24.03535937959304,-4.336958212679454,14.075193829945833,29.333365275335467
1,1,0.7000268521776769,69.12507305677651,14.778240443389079,3.535796012885968,1,1,0,0.9855211805642928,0.8260360813948961,0.4475175685481811,0,27.12041241232192,1,0,0.4795172634071001,4.6795293534817155,0,77.05895267779017,1.617149136068843,1,-0.6416147392140908,-0.39350847883454876,2,76.12634169708305,18.669778158444764,-3.2128352873197707,26.058838998572842,57.08624539661808
0,0,0.602998113097448,24.666997231456534,96.03184670896448,3.6253437217609945,0,1,2,0.23035477251561237,-0.16214948177902622,0.7896667161724493,0,79.7788333768794,0,0,-4.158930310653796,3.204152984331435,1,6.217709332609598,17.84468651648902,1,-1.4347287709939003,0.35290601136807814,0,0.7065697292890749,22.584274012598,9.938357271418216,14.83147695272758,69.4586527521428
1,0,-0.19124796526354848,51.65306563315249,17.12867379012648,2.018636487561734,1,0,0,0.5565469949955383,0.5562367456106905,0.4597787753241638,1,20.808957143439677,0,0,-0.8377134692035213,3.286093753760988,0,15.104961423573634,1.429418385771708,0,-0.3704212498157948,-0.420511792363846,2,82.53144913386349,16.075230659310904,-5.48756657482517,4.629725523241355,40.903907036360664
1,0,-0.5736430109954808,44.17613196089739,21.16539233279031,1.2796102001494734,1,1,0,0.5300753094795129,1.2455462610589743,0.1397369210877008,1,21.68444816439176,3,1,-1.732259399145084,2.1818902735731642,1,72.14246268865904,1.6867103550842348,0,0.5833376952418391,0.9068159471434709,3,74.23812560443382,13.24738190514649,-4.947876184687886,24.980611838828317,28.152622573202663
0,0,-0.8437372806520688,37.72818456009642,33.50499812019321,2.1495105713083564,1,1,0,0.39243100102451395,-0.13375636755115175,0.15499920799167066,0,22.342480651359388,0,0,-3.881123342287549,7.101680371645538,1,34.43251791845138,3.013438828462347,1,0.40820165681731957,-0.3184784232354644,1,29.135498866628453,16.3736696260598,6.756004878675242,19.647677246495327,61.42802601402883
1,1,-0.8446110118293807,66.64433442391393,8.543486221997687,2.2108675320703646,1,0,0,0.9774092775106553,0.7325632616547011,0.486739945886616,1,27.9116481462286,1,0,0.42869395703109703,2.4858962508098705,0,46.78754192553633,0.9463769742975846,2,0.3579404810335645,0.7642145672135142,2,90.41124105622697,17.229527328080106,-5.99445789113319,6.3895624395586115,43.85324988962215
0,0,-0.37437958809141403,27.763821533661748,59.81968180534274,2.007906291536124,0,1,1,0.10642349336819928,-0.6997455051360425,0.38780857928600065,0,45.60771988563168,0,1,-0.5747777786785235,1.9559596993113442,0,22.35454988102765,4.480978277817075,2,-0.1491688613199745,-0.0832037225969236,0,27.64031673018341,14.80315883419589,5.337253449958737,9.608480562562026,36.513287699568174
1,2,1.2116972025979067,69.11326059007683,22.793036642348607,3.3229324166821814,1,0,0,0.9928687625110867,1.198007586208082,0.45088390358724445,1,26.542090763760797,2,0,-7.600366177014174,4.946352121630265,0,73.85984446734803,1.6138241120176924,1,-0.5631355027333876,1.3440647108883834,3,72.51335791686813,15.97476619519469,-4.500033322052232,29.198117273103563,52.20400077555237
0,0,-0.18137376334975852,19.946763293617355,92.74231359349288,24.591783856050778,0,1,2,0.13111415532425313,-0.9888656388790503,0.41162057974742794,0,79.86645684854273,0,1,9.865716738105657,3.191469947463201,1,16.580903465603036,18.224019761605184,2,2.1179572439244154,-0.4316831374175526,0,0.8362343317679155,39.93895676685064,9.910454723551624,26.775489295130672,24.130759878188215
0,0,-0.7539499729877268,33.57499059032159,27.529045678680973,1.672543080999182,0,0,0,0.2153708692951008,-2.051950610561201,0.022844654722445346,0,19.00608356405128,0,0,9.14282644198568,2.7286339214141893,1,57.258632365707705,1.7542782028642585,0,-0.02509665172550942,1.2595321171575078,1,69.354401460536,16.00679352282718,-2.3286761622418855,6.244875528134102,36.39176840797349
0,0,0.17116726767758464,52.63142431347647,46.48530430717033,3.1348840198489976,1,1,0,0.6204324210368845,-0.5981581009104815,0.3065204119153264,0,25.847941226576225,0,0,-9.162989994687354,1.2568192901972342,0,29.119608715326297,2.4710372427502594,0,-0.3588193897837127,0.9035628818142755,1,79.08013042990557,29.590815895087175,-1.5831314083091161,35.23900625372066,69.29033981684773
1,1,-1.734802400424887,68.70986586577095,28.10507581683801,1.7745082677078892,1,0,0,0.9975777417529773,0.25776570083168954,0.7718369763881572,1,27.57002976181476,2,0,2.0687941174153543,3.854676752344356,1,29.499697943087195,1.825129053516398,0,1.0143362153796673,-0.13909592026079415,2,74.0938926671095,17.728809046919945,-6.188685052025259,20.143134307274323,67.10240545071369
1,1,-1.2624290203912736,61.357779794815734,3.088348184213091,2.1071207297149845,1,0,0,0.9305765504729413,0.5543846364039565,0.4674417036727686,1,20.68137535411598,4,0,-8.456038822156263,3.9106175542435175,1,55.5829209353855,0.9882290180505529,2,1.2844232687403478,-0.7832944054511212,4,91.36299385398931,20.543946184924152,-8.082532433472542,3.9928250407459887,49.21611541274791
0,2,0.1093071211859538,43.18314671376966,86.54279653892907,3.429493377232297,1,1,2,0.4273990346027863,-0.21313450365925526,0.27509906795193817,0,74.45302622973962,0,0,2.3893846114299713,7.99296792062022,0,48.43577079648477,9.170274209080677,0,0.5286054177923212,-0.9432843896591617,0,1.637679309417639,21.76578774887506,8.613508319330123,36.01335748871068,55.6167563356698
1,0,-0.49507127461089806,45.577626284030956,54.16347334828633,3.9629004217788606,1,0,0,0.6313774913066199,-1.7467823014248753,0.5559045262257913,1,22.51017442605349,2,1,9.737046825219245,2.4433844836968475,0,47.21104142561687,1.8484494558895386,0,0.6298750301182429,1.0170893355452568,2,83.436774092405,28.184773817949953,-6.19832315900279,34.361286900858396,31.09361251806407
0,1,-0.006940101343415066,37.103511748560095,69.81226081153886,3.83933335716913,0,1,2,0.26045265136897267,-0.42214378339699465,0.5214188415789807,0,48.57430746940675,3,0,6.153727719390513,4.370735080798776,1,71.18578841370545,3.1779760865526447,0,0.19578359617253885,0.4270774309254611,1,37.12969573077475,26.815094990521644,0.479612530925559,21.740977604422483,31.280721308998316
0,0,0.6284501149583795,33.46083707102468,46.10670456316177,0.8849492664462529,0,0,0,0.14881922949452436,-0.8065208644612353,0.4265991244967076,1,22.068767777106032,0,1,-3.3288483883246114,2.1642092331828815,0,37.44973535256659,2.1097606206070405,2,-0.5148398617366251,0.276529224588117,0,63.95740277702649,10.865235576718984,-1.88760441677832,6.865285027329482,46.23851540081192
1,1,1.0361714210579787,68.70400941245488,2.2934432499828237,1.4216997575881936,1,1,0,0.9811275857524979,0.5219114595230979,0.09108366555483738,0,29.49104907945225,4,1,-3.0306003259696412,3.6951171598700197,0,77.66245575620141,0.9065637707663334,2,-2.529798468414546,-0.20356659381223985,3,92.69257076750934,10.186977208763658,-4.493495562141185,5.374000936683883,40.6792136392245
1,0,-0.23661624583486082,57.364750554824745,10.99810528068857,2.0476533392983165,1,0,0,0.7618513577888366,0.7378462551638287,0.03914032795116401,1,19.05482489741386,2,1,-7.579661074138667,2.556192601851258,0,63.6489201137193,1.165079654181645,1,-0.12284636095943814,1.55154618623496,1,92.553891077035,10.59871711748357,-6.083558207819587,18.15060671474758,48.99779061055454
1,0,1.3129911383452164,69.54569088841633,0.10760081892288165,1.8301518771204845,1,0,0,0.987792418052746,0.5438429841027798,0.26804129081085803,1,20.936026444842256,4,1,-2.488543498305509,1.1632518595670946,1,16.9766351714355,0.542004783874916,2,-1.4154252152386457,-1.2480747787777815,3,98.80055974712928,10.865220411724268,-7.92919132878848,2.0612226367432362,69.99937588596106
0,0,-1.04656989541528,22.850348619756204,81.3886308316816,3.816785142691239,0,1,2,0.24280661228158396,0.010847824710581907,0.6819573057587913,0,54.64795928586844,0,0,-2.2367570152026586,2.958563017907975,1,35.84323228816431,4.573722214851686,0,1.0312314211023765,0.05924576553860819,0,23.287496923410266,36.95737173657645,2.4450701619573874,11.037886567762754,47.23703868135516
0,1,-1.3278718043606188,48.108481388572514,60.987887035252264,1.9343413161414953,1,1,0,0.6435347839807317,-1.3834034331784322,0.4611396736745793,0,42.713512070035776,0,1,-5.279308300126475,4.648359078928401,1,59.50614063049255,3.022797685504124,1,0.26215352965026434,-0.6857340559235343,0,38.32021984136152,17.929690397267738,1.9054307580355623,25.454529628500282,55.06788750503236
0,1,-0.8089417393374243,25.534159607812136,92.09992865175568,7.842000045163401,0,1,2,0.27001674812926424,2.100507105836639,0.47073780514924096,0,79.4771137853796,0,0,1.7406219533497787,6.262807419836265,1,52.89112753100089,15.343443968159825,0,2.169905969249885,0.016480282325618496,0,1.544235219919482,38.46242293575775,9.909282141840848,26.140914645250536,43.54177940664603
0,2,-1.2306819557235658,32.559032428692724,72.34307406998546,1.9326271943685103,1,1,2,0.34439456050128925,1.3315846000724283,0.6157669448735934,0,42.346210400860365,3,0,-0.6708163672473013,4.080085532995191,1,6.298153467376388,4.111892378630911,0,0.084963565983142,-0.5053073926608299,2,29.459141279647955,19.278480213021844,0.41369260006792885,6.670209102299389,34.783140900931656
0,1,-1.8666211672546635,46.33526583855401,78.54039882885637,3.326556185979728,1,1,1,0.6518599543439662,-0.9871455174532717,0.6870029943613454,0,59.54186549784572,0,0,7.368519241471798,2.87551178885925,1,79.07366664642511,5.637601863882234,1,1.5605948754396968,-0.17870262050318195,0,19.553676777520707,34.007511908079756,7.254650289987662,22.61188140973789,51.84448871695123
0,0,0.2928561271376977,20.469164687274862,71.18739543735077,6.1147910814773345,0,1,2,0.17364472530425473,0.26556753046317794,0.352240963783104,0,56.449785061710486,1,0,-1.4360764526523013,1.0141065373414795,1,43.8950822952679,4.981593626105294,0,0.8247540243128985,-0.7753411564109142,1,28.028647268819228,37.35717718196785,5.907668250124939,16.625489227849855,22.505564625004546
1,2,-1.7557600397905344,54.87015346971552,95.27085455265998,1.9650481787814724,1,1,2,0.7036598955924973,1.8709442670942336,0.9739352823792791,0,59.09983519116486,0,0,-8.827056673803947,4.391319058893544,1,8.587938537376658,5.97628863304991,0,0.7633184287825878,-0.3269318606119895,3,19.326991863204917,19.76436410487776,-1.0770089195947001,39.9030962999883,63.25277397447835
1,0,-0.5770467066920077,46.77229991115301,48.77345443030644,1.9504854391163597,1,1,0,0.6706742504392892,0.8068679520437004,0.8726541580178909,0,19.101754357414926,3,1,-0.4119600530803762,2.0662536187423313,1,49.441773657360756,2.623123225792125,2,0.3933916581673227,1.2270978146193618,2,54.03150052939966,13.949380012519512,-0.8389235454838087,24.04117225314581,48.63119608789902
1,0,0.2547409445083429,69.5155977595982,2.660029618038229,1.351311340675355,1,1,0,0.9954506264662042,0.5376250332539642,0.2072603296967413,1,22.022698466084236,3,1,3.475651761704647,1.4770677501349256,0,47.28349426439614,1.1330454990776573,0,-2.0713679270851006,-1.2015737989469006,3,92.17465109853495,10.260207499258463,-6.873876341438781,33.28844336966634,41.67902507655569
0,0,-0.41507963296227607,19.396299077436748,78.5669289378032,5.9611592647580425,0,0,2,0.15992180095170072,-0.11202597657179464,0.6684569708332634,0,43.949060743773636,1,0,-1.0303243720485522,2.5117135076004478,1,5.3140910611996395,3.5595814626799944,0,0.9495126106093923,0.12067184671142829,1,37.03961564662863,35.227657421406064,-0.5972362955444446,4.444078538804465,22.32890996090495
0,0,-0.6784062428513159,37.8911281348787,49.897187417032015,1.9984284367708836,1,0,1,0.36308019740223985,-0.7084953923595309,0.4420158141269813,1,19.72948820150634,2,1,9.78346880090886,2.4543861506507465,1,43.63599093954654,1.866299003188138,2,0.34133385734479593,1.819562361284203,0,63.948852528282416,13.317859766788768,-4.5534960982767565,16.11488773439254,48.95037839791329
0,2,-0.4392862508120828,47.08272158612108,99.8413010046339,13.207378929044204,1,1,2,0.5555730146899533,0.6245407403957154,0.6889471535217923,0,79.99223441170255,0,0,5.371500408714521,18.331640538098814,1,51.15778583176956,23.01495185140541,0,1.5445503929138074,-0.8701602809470865,0,0.18136234986279587,39.87682855085009,9.490004145361382,39.98873493305563,62.87159236125164
1,0,-0.06406404983374629,46.57703285263763,67.20733656830792,1.959389188542095,1,1,1,0.483079509030272,0.32631205675762276,0.34072068124674837,0,31.07775953206627,3,1,1.7752425846387627,7.310857324532157,0,37.627773771895264,3.4198955508531443,0,-0.13720222227331108,-0.5372632520844608,2,42.22035587494024,9.998435986901534,-2.807359707238346,34.82598326686853,29.240665815417646
1,0,-0.27014340000769493,41.22478270818746,27.330546967097565,1.4933753727585735,0,0,0,0.271915176694843,0.2725778692972839,0.5015588572494328,1,19.963763676705327,3,1,-6.784340022871124,2.3199096393122964,0,10.26233408947987,1.6906679044075987,2,-0.4404942493868911,-2.394866740339607,3,74.32438848707697,8.217586302760044,-5.198412370925015,13.023100747319125,21.58818824392942
1,2,-0.6567569452510463,66.99098449066832,32.19898915906787,2.176791525558147,1,0,0,0.98307970784869,0.8853331218148744,0.6987932006940516,1,22.14986145898746,3,0,0.7322625240346277,15.855882520962215,1,41.48984036813046,1.5590373325645186,1,0.7896636627541785,-0.5980222770677251,4,78.36013311462219,19.380573099038365,-7.739441869956787,31.619474952058862,40.27436933601219
1,0,0.7161240121120477,51.49237354677983,8.076534202954344,2.058217336356338,1,1,0,0.5885578859758965,-0.09072602138287209,0.5626338123682504,0,25.132108394045233,0,0,-4.042095683947786,1.465734187696115,0,78.75924068926633,1.2584345785523328,0,-0.7463300184482786,0.1961576837996387,1,67.1262909273376,13.305141389756798,-1.0597044152989792,3.424943836037626,30.46640798216945
0,1,0.8373925670711752,59.61199837853758,40.196415481212554,3.618370858182704,1,1,0,0.623228004360814,-1.0630645217348378,0.4773162686055297,0,33.93524105468714,0,1,2.8874171546191043,2.1315172500975295,0,39.85325240443259,3.1838123247143923,1,-0.3652059051388828,-0.26295946001601683,0,46.827740206044744,20.130002031012516,6.656749704117267,18.0498880475538,65.44647168048448
1,2,1.972050416437299,60.861193864831854,72.745085826223,1.7451239523025903,1,0,0,0.8707789971936702,0.15577004456422167,0.6983287712197985,1,22.299744984016762,2,1,-6.218349116910793,3.768708701506147,0,7.892004012861777,2.871905261806539,1,-2.1648587279558837,-0.45672174462370096,3,46.081975705034495,12.61615551675606,-3.1630900081170354,37.33070844032202,44.3553607266963
1,2,0.36948906304087487,21.857876714504847,45.77992933463467,2.3004253426818777,0,1,1,0.09662555849095583,1.546469118776983,0.6101408767034947,0,26.081603538142915,4,1,-9.482070617236376,3.692225287427518,1,24.24205545851926,2.288933598219231,2,-0.6007465563452947,-0.28102008817234736,3,61.97254084870344,13.259483931949386,-7.476719076803075,22.080877498606117,35.294052201911526
1,0,-0.4213732937584219,22.417278606016335,35.150999624023505,2.0812537826757302,0,0,1,0.16754835486455644,0.88853172660771,0.9517213289282054,1,23.753552858071796,4,1,-3.212713288437685,0.6538722888965472,1,18.271643982850975,2.0676752215849525,0,0.2502282176336678,-0.06061416281727663,2,66.15335196286713,32.638430400496716,-4.711099421409437,2.597225944635617,31.377643115919636
0,2,1.5382003710445113,34.02651250643783,85.04321371396507,7.615373142864861,0,1,2,0.20610441753158343,-0.7255371649025796,0.2484678791731263,0,72.80697519796256,0,1,1.851517836977706,8.123293897540755,0,28.403572386484655,7.400363103469279,0,0.2009990097991743,0.2590536417952013,0,8.360748753878312,31.971615373438595,7.703488665182764,27.31455236158449,23.480667287323506
1,0,-1.1656459556895937,47.40995934418301,21.904824516193116,1.4115619410952853,1,1,0,0.5932227007912199,-1.6688493422861814,0.6222737493805018,1,20.510925046981843,2,1,-1.630120227168705,2.6606392083338446,1,55.92004592518346,1.6574397305317492,2,0.27792719527025667,-0.1763242807200911,3,74.3294500531437,9.492851443688394,-5.697228622709862,8.148509389912837,36.184010539032
1,0,0.43374175067217047,50.080172957889374,9.698003301251873,1.7369416338024106,1,0,0,0.5555116774790773,-1.5597599920967935,0.3222747446055115,1,22.255924876095925,3,0,3.9192626736788068,0.8923359942539985,0,74.68346425992812,1.0933708915807088,0,-0.32003515565778473,0.05409490119251804,1,85.1563822045425,11.697190053225599,-4.165966335817188,6.812742281557056,37.32072193449551
0,0,-0.5126096637515877,38.14865052738685,46.1071109061366,2.326381145024711,1,0,0,0.4538694173836282,-0.35339423509595336,0.4804437010325379,1,21.124822798570353,1,0,6.4123353638171885,9.553221133648453,0,59.721662150587136,1.7632722364162365,1,0.24221330777795735,-0.8172285142488758,1,61.93328605283376,22.94184552116514,-2.919704006866062,1.700498410069109,23.183577356751524
0,0,1.124603932855675,61.5772986368002,43.730849819158415,3.0855361036237556,1,0,0,0.699143272464629,-0.5164447144104226,0.6307269394905647,1,21.941670742625693,1,1,9.942784040240117,1.3197507409016311,0,79.99774636688578,1.6736214185576779,1,-0.9220926934725161,5.282579415926067,1,74.62278676667052,15.830620101195104,-2.203603068557616,29.166721703844864,39.104728804589584
1,0,-0.745788133308801,60.827935430156074,4.7281699253938045,1.9325173355559546,1,0,0,0.8486785950296092,1.1075811196157408,0.4040468128304207,1,20.946448044467818,4,1,4.3236067782449705,2.9881675942321975,0,28.969123566338126,1.060428865478053,2,0.4358568160774333,-0.6944026874869549,4,91.81377960292532,14.319584203700856,-8.134448953057799,12.762538343352468,43.61383415994192
1,1,0.5008383197063448,58.48503379659432,27.435141460380258,1.0750403086773876,1,0,0,0.757336609672197,-1.0488282885432951,0.253204511785754,1,27.344801008646304,3,1,-3.5300123916920416,2.126351725204113,0,35.30117027430565,1.4974737716578561,0,-1.6588662110742667,0.5678972869707231,2,76.9538626621167,7.049004757900099,-5.558569087305165,38.27073714349417,41.62547243784361
1,1,-0.23281451725063482,66.4391543717704,10.645808346293222,1.2307307671025964,1,0,0,0.9419483743915084,0.7684356518167481,0.579862205209226,1,36.95258741579737,1,1,-4.084564193471072,1.048803975269926,0,54.69117678051098,1.010930601605303,0,-0.7196931241427157,1.3290936660209165,3,89.1187657224444,10.40051899639897,-6.609906297522294,15.84123715537714,64.90057675318363
1,0,-1.9759544202715622,22.707117231017463,85.55250193682429,2.871235321551892,0,1,2,0.1323202806915308,0.591046038332336,0.12043961007751375,0,61.346923749682425,1,0,1.1923898290546688,3.5763673501583937,1,21.0522943664078,4.515461065180759,0,1.0649128316199057,0.26723098812903223,0,16.35730669444716,28.74028765568486,2.390818132070578,19.347563636906436,63.499484633974944
1,0,-0.8684269079355913,56.91760950727034,8.289061726405011,2.170768084609446,1,1,0,0.8730660440004638,1.4724186079846715,0.7509313163634186,0,26.245695845889102,2,0,4.371114557299089,0.9978188698110092,1,79.23617983850181,1.6263875021720686,2,2.2084667873704067,2.2456983276819624,3,80.75514394075118,15.53871383558888,-2.371469854478649,4.823653568950581,53.90333491408798
0,2,-0.44577125721346067,34.62664386094835,91.99869833418957,5.483660187586831,0,1,2,0.2823381562728288,1.0110347593879772,0.6402404223512079,0,71.3970413443589,0,1,7.6699852335110705,10.12488610848502,0,1.8707939377965355,6.56654221437532,1,1.2061130389785637,-0.0963899642283544,1,10.238832729400011,32.807240539032165,3.4137785613266125,36.239411464324654,25.262232096881114
1,2,-0.26962137794558094,47.8077613021003,74.11646933525968,2.167327996099202,1,0,1,0.5294553366191719,0.40435254547852884,0.5000792341559066,0,33.13291236723711,1,0,-6.081780901217063,3.496363782785509,1,59.670693696958196,3.0958025655312906,0,-0.5209511862314439,0.3046324831735629,2,43.760256128531125,11.757526765916616,-2.9975361025920595,36.428520980960506,38.14966776781301
0,0,-0.8034554265642492,24.153877733483185,47.515788042601855,2.782001041465288,0,0,1,0.21664298235723894,-0.47312443172546026,0.3759289603919077,0,29.354600785565516,1,0,-0.8127709545719988,1.7521285841508996,1,52.42924294815673,2.2825490197847578,0,0.09094751780939973,-0.09281283911466127,1,59.01307896460113,19.863038966835806,-1.678170266859313,5.445717271516144,24.512371168600083
0,1,0.10502789210193823,43.5981593871318,40.51301867129943,1.8243173419655907,1,1,0,0.42101532672685077,-0.44816392562354995,0.41136863168416604,0,23.212078749292107,0,1,8.434985511076661,3.161871991286639,1,76.37882035932905,2.303864667115411,1,0.2583022805730506,0.564721649445974,1,61.4760143813591,10.898778606225012,-1.7810810089262592,11.744453956833285,50.070040445755
1,0,-0.39594794664773425,50.22056071084975,45.693061578386576,2.8908297722835057,1,0,0,0.6819491064722438,0.21303880938270262,0.4860418314735145,1,25.450219779271453,2,0,1.1936696863230463,1.8261212844449994,1,79.83597629010978,2.68716104413566,0,0.6269212344763588,0.8727649018232617,2,61.66761774077947,21.074163532776907,-3.0533677996839472,25.869663266010168,25.802538638470075
1,0,0.48385496847239434,68.24178993492079,27.46288535420852,1.7571866467723467,1,0,0,0.974510419677316,0.8788146696046248,0.7122507663714163,1,24.93750288809168,1,1,9.95738211523608,3.57095243131859,0,32.6142325029492,1.4281559264851,0,-0.7088765137484424,1.9976175538354768,1,81.7497689910183,7.058214465248394,-6.82588772628012,26.63399986028452,32.40552719596435
0,0,0.3221148581868964,25.56440785262198,73.48118672619917,13.471865384883916,0,1,2,0.1648155610923856,0.17565079949507753,0.11284655775785202,0,79.88142391555321,0,0,5.42991471506118,0.9774055737835162,1,72.91628145133092,21.25037836191471,1,1.0150702872862585,1.3365114779093035,0,0.7173927312490669,38.6927142759354,9.997830588261092,27.43426314824335,34.529465988438076
0,2,1.358020414907418,37.80128317460866,94.31286715913508,6.836052826570071,0,1,2,0.21521679492099366,0.01257822196501936,0.07752192498099181,0,75.89743139743037,1,0,-2.732366185641874,5.648304463569601,0,12.0454753934917,7.997848569300614,0,-0.8324801584899258,-0.6244485616019276,0,6.917165779343193,18.956176846204773,7.096735619124818,39.951282109179765,31.83587557910495
0,2,-1.2113380500758857,28.572611145490143,98.10947023562773,8.445770013202635,0,1,2,0.19606592822891317,0.4263168585935293,0.682189788914994,0,79.39249476864426,0,0,-1.2089877239400355,3.975422544893634,1,21.60083178082337,15.772168606169773,0,1.3743052233804254,-1.2066800883097755,0,0.9743447731218768,38.78840122240885,9.318490812888559,39.358101700258786,54.97065007743978
0,1,-0.1312373671309388,19.233801256182144,91.88230989295197,18.077046525406217,0,1,2,0.08470880437221018,0.13491384981323587,0.9115058593043659,0,78.97339064738155,0,0,-6.474507688954835,4.730879796718328,0,11.275754955170498,10.712417757847211,0,1.761081160934051,2.751373639023286,1,3.6112502058283145,39.9805831796139,8.555770337770543,7.564583802425339,31.658620610882053
0,0,0.5715418755296023,36.910976781117746,73.09901235477085,3.207505855796081,0,0,1,0.21229313325441485,-1.1962636707172203,0.6976822408420214,0,31.799878537351436,1,0,-7.854586215306647,2.362174842444871,0,54.38141610819653,3.0304824227349427,0,0.06990961813024488,-0.09739942702074092,0,41.72160444311026,17.379841230804875,0.14480725249586257,24.139597096446867,36.660564578773034
0,1,2.478115726298926,49.6342708852972,74.90621015256234,2.438051685856675,0,1,1,0.297731608679372,0.5933946161893773,0.5733419113621541,0,54.805193775792176,0,1,-3.8686950841778778,8.130622872696614,0,46.37496509115509,4.6849818574985855,1,-2.1121657107219334,-1.1437337696027197,0,24.617842921088556,14.463369472308765,4.407884513025568,21.068745235358747,42.17413555108299
0,1,0.7876112456874468,36.69587426739362,90.79437714678886,11.597257930748297,0,1,1,0.26588400261596945,0.4374359809830962,0.05062998060637536,0,75.66762494644657,1,1,-4.156665503092017,2.59559182255865,0,9.822382122978418,9.343301034422556,1,-0.10476879557746899,-0.17452689401637986,2,7.856000452658734,37.79223008660235,5.860108330550098,39.993546196261946,23.432014590610578
1,0,-1.5911057512012372,27.878283401051856,70.83440997913135,3.6937069947124357,0,0,2,0.174899778952325,0.5912697563867705,0.9501056460902757,1,26.074935646219927,3,1,-7.644780464603632,3.8224552175739013,1,35.33161732101273,2.2631545716256487,0,1.1037442821297219,0.32475936781473974,2,53.580012020753266,32.09332884247793,-5.972439419165888,9.160554924990823,28.032476435459063
1,0,-2.059122005315183,29.54025520948821,81.18353068853222,2.5263004209672073,0,0,2,0.23458397579394702,-1.5145175998838245,0.8428375087579156,1,32.269171900684604,0,1,3.964812109803159,2.8516416696068925,1,21.50965814915501,3.2381657370731607,1,1.7327571847623775,0.25623749744049973,1,38.86648722521326,33.348714537478955,-1.6570851147127623,25.73512820358693,43.37759214397652
0,0,-1.4813605953528717,30.239948072202694,54.77247622040932,2.087932981545152,0,1,1,0.2969134404595074,0.4578871897743295,0.7400631580611222,1,23.736208888980688,0,0,1.8303461870922675,2.406965154013243,1,30.275365046719877,2.287346527618676,0,1.4591118800551783,-0.2884836495219842,1,52.49436121535954,22.074898174577754,-1.7991136117820332,3.6546503336105873,61.827282985661796
0,1,-0.4400974596261927,50.4430353133566,48.89184542827988,1.7744425860259108,1,0,0,0.6742245368174384,-1.4082265403368466,0.42941139432406866,0,30.123323570921574,2,1,-2.724665783429449,2.139055886716073,1,56.360476726297826,2.075896757940479,0,-0.6021824686895859,0.12425741882965786,1,57.59806718704169,10.451599405436092,-2.0455653049585116,23.2159082147176,53.424262956217184
1,0,0.46881406560228156,56.40108611688133,13.79358200558462,3.1261604448705027,1,0,0,0.6297406534509064,1.0198482474681159,0.6444678086476253,1,28.946363171866054,2,0,-7.295796017693217,4.04786460031766,1,74.12333858444087,1.3077023311243576,1,0.8230768496405361,0.07392724671489852,3,81.5459619989384,16.53216301463758,-5.6031803293106295,4.879819206182896,53.57540114272649
0,0,-1.3356803760893674,22.125471860303165,13.833805696312101,2.172460106838697,0,0,1,0.1359940132974573,-0.7559668574815014,0.15074083469013194,0,20.087940448347197,3,0,6.984849035466475,0.7021246835142616,0,71.77307074894954,1.293780979234182,2,0.5058517057899038,1.379611884074914,0,85.38176673079403,27.093095033352945,-0.26876516042889165,0.1712249691033385,34.01264385039737
1,0,-1.031163888667494,27.727060283880746,44.98433634115783,3.458647356100637,0,0,1,0.14112005715010761,-2.1643016696486486,0.8100684863005476,1,22.87431437233719,0,0,9.78078233541899,1.6606303973040804,1,36.82849654666845,1.7661864519880193,0,0.908378620345483,3.4610253776640305,1,68.83508629660086,30.609544093356973,-4.784436024478853,2.973557408820733,50.74577124021088
1,0,0.20342457917608475,44.892315879022895,9.856150149519355,1.689844069283695,0,0,0,0.3589073661137273,0.18261036069508463,0.42657606663443653,1,25.55040674965534,2,1,9.807998671354504,1.1113576547508817,1,7.5516366110427935,1.1283293295170398,2,0.008598257494982126,-0.14696638486288494,2,84.54281690644672,10.353358033262413,-3.370081787583148,12.19032621139938,64.4798031461111
0,1,1.001112812366653,23.12044182661856,82.0785703668575,10.726073216827114,0,1,2,0.15499453376096461,-0.07730024922985092,0.728903806073746,0,65.35586636961386,1,0,-4.132568622726649,1.1875244340905229,0,5.074180345149997,5.029321860486234,0,0.5844141954579638,-0.2509999492173789,0,18.794141600140136,37.645021010447195,4.155051056028567,22.798194630111716,25.715583326903115
1,1,-0.0010157172889346906,27.287733664814986,69.96152428745951,1.7956113193994543,0,1,1,0.1644303795859161,1.4009799095100763,0.6743701432551173,0,41.51075319121608,3,0,-6.868781587359813,3.6632397854886087,1,12.009710723279653,2.909970002503653,1,0.21222771173709637,0.5889774138627918,3,41.23044415117628,7.155125809275134,-3.558819916599534,20.375446199905372,23.828373865907555
1,0,1.1655806672648872,55.92835733327927,19.216606153492027,1.7727648261221947,1,0,0,0.6402094340714138,-2.117032003732209,0.3272810102989757,1,23.711102166426308,2,1,-5.7881376202366,0.9407780969395764,0,72.63531995861769,1.2260381836368355,0,-1.1832175701668128,-0.44194122084198073,1,81.15502937153572,12.609886757802258,-3.8771140094830248,14.417238635939174,57.2580765033931
0,1,0.6464584096276397,50.26366608741042,75.03269944668874,3.4308877988930786,1,1,1,0.47345248248474053,0.3804064153419594,0.7518683544844933,0,62.44442985760857,0,0,-5.462508658703353,3.6734329958242093,0,66.40511565634759,6.8125964055614325,0,-1.0645590911453142,-0.7567335747150108,0,18.250920652107204,15.953785859458362,8.409758415677615,22.51307077627073,30.70117488703956
0,1,-0.023967534639307328,42.83630671204635,41.3421400218388,1.558919723014781,1,0,1,0.5029744240474994,0.4220946097383828,0.609605793320027,1,21.125617117900234,1,1,-7.171818151976099,3.3644878146326773,0,13.509215228990117,1.6876169971380377,2,-0.6182685268895526,-1.0982492082888458,0,65.11879000543999,6.564589099849149,-3.418631026029977,9.020984371160521,27.493278630811844
1,0,-0.6271886912505941,61.24491998892559,7.569462229569917,3.2063186407624014,1,1,0,0.8943022636662012,1.2263765436271084,0.44685548233731154,0,31.875524168976913,2,0,7.128996725167799,0.9747542519826088,1,38.42748092088205,1.5411756362363949,1,0.5140023196770931,-0.3720022518495605,3,83.35494022149348,25.612964920375823,-3.1820539841060995,17.893100367827646,69.52663150611545
1,2,0.2939642205365806,67.18481707460317,26.321156549723014,1.8430197922432938,1,0,0,0.9567083795396776,-0.8274282712289011,0.41860833154750965,1,24.93311262912952,2,1,4.595945572705418,9.541360027532837,0,26.544224485227797,1.5777077426162536,0,-1.652865381023369,-0.802999525290601,2,80.79163255724671,10.645402965148843,-3.369878664953509,13.043012824265524,31.99581274648851
0,1,0.11738024451855676,32.21977505064203,85.9398345721229,3.6237759905006213,0,0,1,0.21996966635810655,-0.5420612169727903,0.6712984690639958,1,27.19054283498004,0,1,9.875105099466595,5.647981541534206,1,19.75220486981254,2.9974614188704845,0,0.23687391035901625,1.9517122102737412,1,41.79410042888795,20.64909047823527,-3.952645465273566,29.344523398043183,37.23394737746116
1,1,-1.9397050274676708,35.81300904340341,90.80440889835948,1.404081925737804,1,1,2,0.36560189459684744,-0.4752602975336905,0.8039394023054667,0,53.35523672040921,2,0,-2.5292046286368084,8.217399918115568,1,53.12411065941808,4.361833137077087,1,0.5927315262560655,-0.6631631574851784,1,25.185729061557737,10.546453236555884,-1.5997512454792222,8.916794650052891,58.21995091218685
0,1,1.3106040077024963,37.53337666184582,89.73432570310837,3.325858019630828,0,0,1,0.2852289645867495,1.0982279668025623,0.9156196264060203,1,41.9856181394924,3,1,7.424574042411795,4.352016080002546,1,19.559582756333363,3.8596480018578037,0,-1.8577074778843734,0.7377739919388062,1,29.160334708979573,10.471377161069949,-2.4031158121766083,26.65701383772177,46.313598028658035
1,1,0.0049392723215741716,53.229983189671145,40.295557615523556,1.3393610674361036,1,0,0,0.7065271494938564,1.0971616995731737,0.7209000507352721,1,30.529316122058745,2,1,-5.252218114757689,4.376665145428243,1,32.73402198640633,2.053872405362943,1,-0.8449951386693697,-1.1311949444799034,2,65.56634758470602,10.123098853340938,-5.142904901019564,16.056544404504542,46.43534294641009
1,2,-1.568665159009041,69.66335928547912,6.1126928284288,1.4159177501890239,1,0,0,0.9995172317546062,0.7602346952522574,0.49463767277026804,1,20.484361310311154,3,0,2.870865602376611,5.861139534733433,1,56.24920541474761,1.1256007688603902,2,0.7247252223083958,0.1728955332284623,3,90.39068767467747,12.417473279344753,-7.07341814037608,22.113488190040016,69.2648444763687
1,2,0.48631014997295313,52.52098577739696,53.82919498008801,2.2394013099031462,0,0,0,0.41490892145113245,-0.8837799192363073,0.42622343034996346,1,26.503567249357623,3,0,2.0423625197791715,4.738273614387374,0,65.36249458605214,2.2827373182230337,0,-0.4704908608148936,0.12246272914787226,0,59.796058092521,9.188222943812182,-4.0609089721333955,27.90769187419537,21.824234887713565
0,0,3.461647886094261,33.997831074390525,30.123717401151108,2.042358020787235,0,1,0,0.22173960084392141,0.21606564375682366,0.45299179245860766,0,23.883614713671435,0,1,6.109285455803992,0.5241802061581048,0,13.25649694727623,2.4801265714429617,0,-1.500119983340037,0.0587095417685814,0,55.514752258806254,7.715767717912103,5.974048437613927,2.1815470577195617,23.823277027236635
0,0,-0.8667730630816778,27.586026513652207,62.99455192957034,2.258014854770057,0,1,1,0.17603879225799052,-1.9230197845423254,0.02217618425602863,0,43.6276167063569,0,0,-4.943996002491628,2.3996837322640476,1,12.943426931208917,3.8108449647453555,0,0.6335216570967053,-2.272377259060277,1,27.599761257214116,19.190822496734846,4.085071433863064,32.100128370570935,48.41473705290316
1,1,-0.31964234258818985,56.58012424853415,13.95556781206463,2.0084390697906307,1,0,0,0.6972749875769841,0.151444400933669,0.13697051336364263,1,29.852077235608085,3,0,7.577565411779318,3.709341593917846,1,41.93835881799682,1.2825350218037732,2,0.5820350161559567,0.15556996837726783,2,83.13641789050213,11.963950674329745,-3.9621672032072643,7.702378725898882,59.81854364512651
0,0,0.35524440978683824,38.765899712406146,77.14110520618455,6.059615278683738,0,1,1,0.35529433841743974,-0.2610361125101,0.7774444415936113,0,55.7275305309752,1,1,0.4462534553177804,2.996655304588191,0,32.11189940475863,4.798807560492298,0,-0.11239915110671686,-1.1888837945553825,0,19.70774548904083,36.58742655456147,5.847153557987323,16.26430470314846,34.27899676489745
1,0,0.25156911215811767,56.99559327663447,13.303842339933702,1.6792135562498007,1,0,0,0.7465216414100042,0.010277392815722017,0.20344614158132407,1,29.097127554585732,1,1,-0.48430673975133054,1.6266594239446905,0,78.54936470498095,1.2726318076207,0,-1.3052014081731635,-0.7194736879324436,2,83.10314199310518,10.817162063561499,-2.9414379533652575,9.864600589490928,36.4469701320223
1,2,-1.0968043472540783,56.90705052589508,33.20566963876562,2.077850856065832,1,0,0,0.7966969216686058,0.5325308275575539,0.46349068828470524,1,20.14400793490758,2,0,-0.78411781571379,8.445848709713909,1,42.1441234847115,1.6468492907650296,2,0.7190410495377443,-0.3076191744721494,2,67.56287856942085,19.6596715416228,-2.0895312862816295,11.976049791918387,44.51224965120912
0,0,-0.03512128390593841,25.274512373629797,60.333031403236404,1.785310919280623,0,0,2,0.18629707636676945,0.6058963537843892,0.9250674393942163,1,23.29320698383976,1,0,-2.9117643736437726,1.4788441951482807,1,63.09263229494974,2.5747781504697302,0,-0.6729048326593682,-0.08622984769787605,0,53.672811501464146,8.231873193062738,-1.0748854918571418,1.5213668074344966,65.47827268688962
1,1,-0.9262574587506277,67.33767874330692,9.580203976038126,1.8563196573601866,1,1,0,0.9743201307399005,0.14815010032183565,0.1726289800336968,0,23.689626420795882,2,0,-1.9776040649723043,4.058713015199873,1,17.106981589767763,1.668471867637031,2,-0.43543428202419204,-0.29217346732493527,2,79.83581470751747,17.852753893649627,-2.7719995026475566,16.912613560208072,52.35420101898423
1,0,-0.4319977822487217,24.394862229237496,46.936488029398596,1.7258500300576312,0,0,1,0.18841312121211762,-0.6660183417381623,0.6378153284362119,1,28.613586762508906,3,0,-7.964081027922197,2.4559924680409506,1,0.32562294639742806,1.908078581691761,0,-0.044951422552151225,0.050688399213347834,3,62.82027956251296,17.650549172827027,-5.504358500836246,17.059504641150266,29.507637510416107
0,0,-0.5306114950611505,25.492223314914607,77.57548697346903,3.7749276938157914,0,1,1,0.23621036223488706,-0.01824205912531442,0.1516329396759457,0,73.9291561712716,0,0,4.336828531233952,1.6044620148049737,1,31.913830815350558,9.672768621646375,1,0.3875171999045668,-1.6242631088841621,0,7.072020345204999,30.36360029577032,9.490897406392303,29.31408531092153,42.991163271068835
0,0,0.24097079541114386,21.286809985773708,80.02922135873885,8.62795361088251,0,1,2,0.14996954942256557,-0.8550354370286114,0.36967624022266354,0,73.36109884844142,0,1,-5.49721595903862,1.488007435994385,1,51.43300444837866,8.484305311721524,0,0.5386125765589976,0.7128755244479176,0,8.076077478820576,36.717998837883705,8.98974778368849,27.36436776750701,31.734422581856244
0,2,0.18773764803803594,34.18123783562465,92.82190142297368,6.831957622882651,0,1,2,0.1542811401931558,-1.0607056098058183,0.34095389801709586,0,76.61674547378836,0,1,-4.009082196387936,5.320779630068823,0,25.69390651860184,11.077874555636825,0,0.6889795310927396,-0.22765368321009086,0,5.32316095452442,34.77352621851863,9.121751539715707,30.378809394670313,40.43733647557516
1,1,-0.2257955866487156,36.81745672437965,27.720634838436442,1.656315248977022,0,0,0,0.27253730878958,1.1837110240462894,0.642601336505815,1,29.863374372340985,2,0,3.3698820565848067,2.753802070699859,1,60.37350727937376,1.6416599672043684,1,0.3237611601195081,-2.405333953603811,2,73.93618227660627,14.49217636847094,-4.847192159826717,3.4460570476680696,33.91901737884618
0,2,-0.45585421774201457,41.565046968448534,73.07440732452089,1.7570907616528904,1,1,1,0.4517316215110929,0.687908849130018,0.5569135341991839,0,39.39445150100219,1,1,1.701804966137729,4.265977988887209,0,39.84471312230926,3.4647160037895137,0,-0.03202644118834591,0.12174768493881623,1,32.61346343163532,7.859173356652905,-0.10439713363049918,27.788806290673378,30.175668943629184
1,0,-0.5046682248472187,33.34711771297435,37.054379074691845,2.0260212387920937,0,1,0,0.18565801408815635,2.1084067937637196,0.5914848259601694,1,22.410234230039165,3,0,-3.0068708831123043,4.170621934629996,0,4.362175849653451,2.1182130987397763,1,-0.9844856144000368,-0.39630364139258184,1,69.29885395815162,21.34598149468532,-3.301210943449016,4.0713933796820445,31.949431518522914
0,0,-0.22445589131962201,27.280711673712112,69.4635484855191,1.9222763210687228,0,0,2,0.1625204102588878,0.22630215624321584,0.8023035087955888,1,21.830403914453047,4,1,9.500592298565863,1.5717856057103292,1,29.189232966213726,2.3256525017415552,0,-0.20324286784760148,3.766583866466506,0,66.14746461925614,15.484296857043002,-3.3412617813277468,11.298145000871706,43.57009156910398
0,0,-0.28848103103254447,45.97623021352655,78.65230312930497,5.027415784119203,0,0,0,0.3917995287840658,0.46840382638242484,0.971937630506406,0,47.14773179950701,0,0,4.084391140451784,1.8003914854605307,0,79.6073003671683,3.2103059975885677,0,-0.11700000029650884,-0.12172927065512898,2,33.64800079179741,33.57399970917838,-2.895952691636693,27.975584561934944,38.35181989855216
1,2,0.8802693988778116,54.93789775150978,15.888775569929514,3.0782199636837086,1,1,0,0.6319598727444996,1.079209914800081,0.44085712030091184,1,25.021206152564627,0,0,-2.1202050295478703,6.874190652197402,0,46.71000829238111,1.7631562719481315,0,-0.492259702564319,-0.10577090515347821,1,78.36311674541925,14.333256508862169,-0.5219029849372401,13.827279162848027,23.12540026267103
0,0,-0.4727459501546851,18.6768085005623,74.0835692801982,6.5780649688843065,0,1,2,0.08801996847123245,0.19839356175239803,0.2996170990776167,0,51.28083024105949,2,1,5.830667432942434,1.2753204397603346,1,27.403075359837388,4.5854297614116755,0,0.6235440238203032,-0.37749861515955846,0,22.735508599055436,34.356742736180564,7.450867374156161,19.87720880588782,36.67474604828783
0,1,1.6746368515202388,28.676457969182817,46.3484552194454,2.9464529441292604,0,0,1,0.11800309233849665,-0.06480714990371601,0.07571778983716454,1,27.036345952425414,1,0,-1.2322144675367959,2.551716171124429,0,1.3127538656331028,1.9429012497303075,0,-0.9272647825653348,-1.1997513534246953,1,61.86509291369041,6.687287147513543,-2.1207210476598934,12.439436402570902,26.203387851257766
0,0,0.6299342460619354,20.006762932906103,99.7425258282097,38.99428786803006,0,1,2,0.13343577312775645,0.17845445658330467,0.7963791941579654,0,79.99996940059566,0,0,4.48567396315463,1.246020978497321,0,1.0628558409887967,51.43211694741486,0,1.670492354474038,-0.6262222113401635,0,0.007984969997348879,39.9847517965872,9.989292604784165,39.369718553124635,46.73250311740344
0,2,1.6452088885096923,43.88267039653848,76.7772400300632,3.498657527588251,0,1,1,0.3401694456139783,0.41613965497230326,0.5965318866258147,0,58.842644851275594,0,0,-4.5801099337269395,3.271339655353569,0,38.21998918745344,5.401610604943833,0,-0.09009279582085765,-0.45979475582540197,0,19.90493952169099,12.830200799139371,5.701492664067157,24.12113101137929,36.61091997890752
0,0,-2.389705472415744,38.296765175229126,39.42768132551929,2.3828965117034144,1,0,0,0.5644936113561547,-0.007299305804562622,0.8438094258321878,0,23.98374708105034,1,0,1.4078283529540858,1.4983429673287814,1,28.89029350533533,2.1801009450597744,1,1.22352420210198,-0.15168932579447528,1,63.4024627484192,26.920410108029103,-2.580692479795549,3.9829102705693575,66.13061166071175
0,0,0.807164678755959,46.40563576570844,83.97777654884067,2.693940317166802,0,1,1,0.3957974494503963,0.18857289651573977,0.9672603530955646,0,66.51541793886966,0,0,-7.892056495302759,2.091467011235658,0,22.385315524546378,4.116063247674056,0,-0.10443372472643087,-0.20111920270824077,0,29.023804361549153,15.377285447891463,3.5949853365334725,22.216931315698627,65.80974645287893
0,1,-0.09886033373216897,20.311657438006407,93.83080075063339,28.992064043550506,0,1,2,0.1020000966608165,0.351373892535469,0.41264115687957614,0,79.9757026367982,0,1,3.360958250094914,3.924863236652419,1,31.94711496586855,20.76177258087114,0,2.3218230854504376,-1.024742134374085,0,0.36816956450214655,39.8619671813505,9.963061667956612,22.39085964967775,20.731383641381296
1,1,-0.6709814052126611,50.118739208670604,32.85619109099912,2.0050705316650097,1,0,0,0.7066437634263816,0.3341022037546714,0.6782213812268596,1,27.142053055507056,0,0,-0.9256572082815246,1.8726656336864758,1,68.46148477138266,1.4986473295458043,0,0.7034337967584411,2.0769360520797004,1,77.37655577385615,15.153694580742464,-3.9513712151238884,11.784941704089,38.130215280386196
0,0,1.1744971791525975,39.98048927144612,72.11032980875947,2.129686417230136,0,0,1,0.25898598863575595,-1.3261861842436362,0.8457531651864081,0,27.83057513911242,2,1,2.0850966391411703,1.5167290589062659,0,26.085220370610806,3.023803140304216,0,-1.2936124379991338,-0.8193696946568202,0,42.375567741336674,7.771505098422291,-1.292676251529464,19.525546449829704,34.02966286130212
0,0,-0.22853715819344386,37.27577255871806,96.4075772727,18.62448183736611,0,1,2,0.18718869291972184,0.179591829368524,0.98081712613338,0,77.9040281611469,0,0,-1.5371706489985861,3.9010500620714685,0,67.70988239923133,10.293865675878996,0,2.294614129567876,0.5649012753888264,0,2.808168936480543,39.81666477711103,7.828748379569564,26.93041088491765,31.314939078014973
0,0,0.27841596737563407,26.264956715999432,61.50834880692295,1.8745103366284834,0,0,1,0.20082878683714978,-2.3271298360526314,0.677928119519476,1,21.190392937591334,1,1,2.066564115424823,1.0183174121228489,0,2.19629570874444,2.6519811205838413,1,-0.25383036484656457,0.3528855441712938,0,51.454966216794,10.480307501190849,-2.0936164403261515,14.692120018030701,30.071744832761567
1,1,0.9725580044393434,59.59570696297571,20.927696049548754,1.6767850468083643,1,0,0,0.7228789476709235,-0.1382134425535536,0.0021075814396489534,1,22.57009851619224,3,1,-4.778399758949976,2.1266886428582175,0,70.1078433506709,1.747453175583867,0,-0.462425927654936,-1.2440087706387986,1,75.3272753654369,11.081961594849794,-3.8122370418665517,39.296153004925685,59.850354360583026
1,0,0.5173529407149599,62.35838108927396,8.664040665402606,2.1292863654724434,1,0,0,0.8827209751891311,3.202287689216134,0.6438182146635189,1,20.390635089440217,4,1,-2.771865999423664,2.6172169740571145,0,38.92236103679754,1.2113547060586323,1,-1.589437678005901,0.5129933475422898,4,86.9419853170555,10.779242099322545,-8.42417452748126,22.974044185864347,39.45937513251952
1,1,-0.6392356004202182,33.56942587459423,45.98837413416155,1.7025056157031673,0,1,1,0.21849754420844392,-0.33907150633918487,0.5556318770147074,0,26.206889877250052,2,0,7.131966570749469,1.7088118711873541,1,17.384074468593674,2.901542678354882,0,0.23341368819043704,0.09268421338996578,2,50.04930690735975,11.341378031406734,-0.4647765464126188,12.24675224214673,26.862386804169375
1,1,-0.29611900839279054,46.7156743160637,36.23110061181048,1.715995010995192,1,0,0,0.5419205356982696,1.5532490239422525,0.5491128798727226,1,26.697495452550818,2,1,2.5758436166993555,2.083258688776247,1,32.375356622243544,1.9701569020354521,0,-1.053603621075242,-1.1557701511787182,1,66.28054765969775,12.994925457411808,-3.8246328222829318,14.68305796015542,44.25023043917136
0,0,0.6578803843320516,28.180573303535617,34.652963698998306,8.19755511619534,0,1,1,0.22629704519975224,1.1579175276508078,0.477622356914018,0,30.848199910999202,1,0,-6.75293573389335,0.45733070593362035,0,34.492668911891755,2.899516473124701,0,0.7859854978002994,-0.3677811091394468,1,41.669978919634765,33.32661210784987,6.1376386442296536,5.094425732517087,39.65686196730369
0,1,-0.026635249555956968,43.0250278307978,81.11549233716164,3.685417605407667,1,0,1,0.40858964578826273,-0.5488351248863993,0.9693335474707063,1,45.51323342524338,0,1,0.3620747394030115,2.882508675424398,1,52.20300532045799,2.8285689737975783,1,0.3167312191245309,-0.15435434105412935,1,38.03636574988941,23.351406944184024,-1.520311364773404,24.154979612592086,35.928204656940785
0,2,-0.47230538621762314,30.5375599742609,91.8893892764665,17.531469843198586,0,1,2,0.22365364299302914,-0.8620040207393969,0.1840199785292782,0,79.6760840637778,0,0,-9.662049318105181,7.097198121688289,0,24.649718123689297,17.773580268806864,0,1.5948780081066878,-0.5764965128254386,0,1.917380056332424,39.95659175947274,9.873371652169695,34.85438939398872,35.94392101440991
1,0,1.5490335005141456,58.77537275925542,30.863438935999948,0.662940749008135,1,0,0,0.6533253511830651,0.5651893770899439,0.5375566169565946,1,17.769930342729236,2,1,-6.608647804403497,1.6720339998727667,0,40.33239138246566,1.7258618374910635,1,-2.7391628665370438,0.015399221694610235,1,66.53642473747463,8.911517987298694,-4.939958734368853,24.976865580964244,54.95033479058974
0,2,0.7249643782086465,45.68958167338408,62.61020365553944,2.4461863504865335,0,0,1,0.388309920597827,0.49641084750196435,0.6708882217419112,0,19.71280106230244,2,1,-4.262193823973219,5.186756114146622,0,29.814925012083933,2.722081629999354,0,-0.8339137764045894,1.111684145471147,0,49.69130011413669,8.661122634450887,-3.2643235276938,15.623173826450113,21.07088199802036
0,0,0.3460789712374523,62.46671037742265,30.231875262600138,2.056373877078253,1,0,0,0.8480091515182018,0.6977911273328472,0.8431928596374058,1,20.996661799820284,0,1,5.157268560796515,0.8410848787430492,1,76.89481331591321,1.6045955922961739,0,-1.001086275578514,0.7180558357562334,0,72.39395654154262,6.684304451688821,-2.554869448896673,8.291084353443235,69.1560564948339
0,0,-0.4024315137875485,20.0900631311558,80.69205537800758,5.373848658274798,0,1,2,0.06836504154177347,-1.3172395871183462,0.2598708753280079,0,59.42276182256162,1,1,0.40901635199650244,2.4621564148601016,0,7.964712906326623,5.733559818426317,2,0.8093173989738125,0.371961828300878,1,19.390908974729243,29.286088724094878,5.422233131365521,20.03846071141847,36.759660085667306
0,0,-0.2959969328287012,29.869583951900914,50.12984955209565,2.767769250134465,0,1,1,0.2502332152558888,-0.4383266783741786,0.21201800636140056,0,21.800234196131655,1,1,-0.9007756344107349,1.852282241476695,1,61.61379082654854,2.556447533275515,0,-0.0990031283564488,-0.9124652663096954,1,60.79691407144706,6.279099077330286,5.083690669297242,10.77835249146795,51.48777027738519
0,0,-0.08798394098758282,53.76259519467,39.88505409135995,1.9795944114685913,1,0,0,0.5034048304275975,-1.0114633144085847,0.23013898594787602,0,16.481936661649552,2,0,8.390269285505717,3.4259528651962117,0,73.73488972389367,1.755774041377708,0,-0.008495668417963077,0.36597585984674513,0,67.98689270133106,10.146409472081444,-0.6167722799959243,12.724842500706114,50.15947755318598
0,1,-0.40730742719785273,38.43669828363497,78.35981009825997,4.853327207675383,0,1,1,0.3746305189229583,-0.30565753016654246,0.5214349963762798,0,71.4085479496389,0,0,2.4372147790624368,2.4448478388565267,0,59.1511178567893,7.6325371692975,1,1.3036564519277631,-0.21064687119560832,0,9.787465305649862,31.946678242854336,8.139440784980124,25.788131289119942,29.88144324913945
0,2,0.06695287184913006,45.40813315969059,85.73866769213765,1.8504823307570037,0,0,1,0.4013533622639811,-2.5305071162054777,0.4618600659391461,0,34.01406715135734,0,0,9.965787705083024,9.651645039712433,1,59.58122979217494,3.305518989839864,0,-0.39195729274514984,1.788115613767396,0,36.80291444261356,11.03894807496156,0.6760968336412141,25.619267412134796,49.70984199473688
0,2,0.8754212938534986,38.758883671858825,56.105080685068806,2.0288594427176716,0,0,1,0.2034664999259283,-0.6132693929553327,0.2656990290186697,0,18.75113907006731,1,0,-2.556364466497336,5.275379411324156,1,20.310345258211477,2.5777824594648933,0,-1.6367394537612268,-0.3879456580876628,0,53.48961661462436,10.51349487062853,-1.3158874194581536,14.60520523255163,20.165437234085836
0,0,-0.74735389715511,21.641260992366032,78.22267808965722,5.401964515183087,0,1,2,0.17157332273651021,-1.5050038963149963,0.4596377532860859,0,59.29501377884466,0,1,-7.696745013731374,3.5551205398453076,1,34.37248167049772,5.175701517952657,0,0.922681135731404,0.36341247729265475,0,19.440726279041698,22.984960682203006,5.669029557286063,11.781249821511926,37.40460929606048
1,1,0.35860702329630606,48.07959358379808,28.647719835030717,1.79399963569041,1,1,0,0.4889162625658883,-0.4018264237030772,0.4597471162012611,0,27.28371457045008,0,1,1.248462386305956,1.5614998975353513,1,59.293134379598875,1.9267728661434866,2,-0.4155741484611578,-1.6117336126586563,0,65.17737712481623,8.553734276655018,2.3890119384272985,12.5702453681434,48.19567607032474
0,0,-0.45010562791176295,26.21727005952185,47.52619421233607,3.6791452868604093,0,1,1,0.11610713606042744,0.05706283727285805,0.5739501133352058,0,60.58924117129979,0,0,-0.7887270729288041,1.535111873890093,1,65.69249607699982,4.96481313687002,1,0.4731196712459744,0.7296237632139075,0,24.240477853937698,27.344276369102186,7.941450767636411,2.9245654220144712,32.50755044001357
0,0,0.5352276897918549,23.58850768724037,83.5587235650446,7.104894910379165,0,1,2,0.13641643207833537,-0.7189716258797098,0.5570129694774599,0,60.86416583635683,1,0,-1.537578844997272,1.3713185171808502,1,48.091457523553345,5.770875854492096,1,0.22841387775647065,-0.3811862743501371,1,15.132261578940847,36.890380499713366,4.85201572884522,29.25644542251684,31.09757659006287
1,2,-0.08392236935885843,60.27136877324811,71.60359288086087,3.7388919623868815,1,0,0,0.7731153481758026,-0.10685429733919008,0.5372120897761332,1,25.634221645008708,1,0,-1.3163730101582907,8.094845598351258,0,23.133735964309736,3.2407440402291843,2,0.42415339008021563,0.009226932466084125,3,41.54331866488833,17.37483482631257,0.012169779750108134,38.69947966032421,31.898943052030507
0,2,-0.9748703873716418,45.9194264137982,81.76580936557728,3.852207445303342,1,1,1,0.5821293970847575,-1.7353127530310601,0.07278933998511194,0,41.57777890983696,2,1,1.8436861741563444,4.2453593047163265,1,64.44811593402359,3.7014225012976802,1,-0.16458784361073378,-2.133265994465589,1,35.51154348654884,27.76325071659434,0.09759624378466292,31.78171511186216,32.97322905733485
0,0,1.4470028184697812,28.938190119870423,46.24050908310814,1.846489201511823,0,1,1,0.2511861508823744,0.2968679631344843,0.5609009992444001,0,28.698003160200223,1,1,-8.03979660077928,0.8162230507537289,0,36.96545770988213,2.0837903770940684,1,-1.191454373773644,-0.13222766124050322,0,50.13940350568525,11.574702262430437,4.195207171154291,5.906469291164602,37.171665119600604
1,2,-1.218148142428606,56.744914844932886,16.71440943204648,2.069948608692316,1,0,0,0.8304351290544674,0.18772386929460763,0.08544789156525096,1,18.46635114080959,1,0,-4.141110600424112,6.85104520799848,1,72.0244604483205,1.3444775908650286,0,0.41084459582729743,0.3077521414665368,1,83.52147619259837,20.67751423701425,-4.938354411811467,11.327850666108183,45.6220887271023
1,2,-1.6443987078218207,66.65345854333785,27.433438034274094,1.800642678539397,1,0,0,0.989745166575303,-0.5649683502606451,0.29055867555528103,1,20.241085563852117,0,1,9.166706412489972,12.411504579414263,0,11.047333346257027,1.544545284861805,0,0.5912550062251649,0.9239397431079606,2,77.74677927225963,19.786138591371152,-4.495395786686883,16.552753547746644,52.57569024244922
1,1,-0.09645202301816501,60.98321224516192,6.485638689041756,1.9814864989852865,1,0,0,0.8191544292068058,0.7642553354676934,0.08910373328261367,1,19.46337046915073,2,1,-8.664617698425944,5.3770163806198825,0,48.39217526693219,1.1706836605618063,1,-0.13406960127434114,-1.0825745691063837,3,89.63541088209772,11.334760909438293,-6.8066773722888065,8.794950625678727,43.30005270988459
0,0,-1.7077013550697893,18.175390861535032,86.69241604454635,22.148041437337415,0,1,2,0.06471214629320304,-0.35533361009628794,0.7463293590842668,0,76.19510514444194,1,0,4.066358407166639,0.865902593712802,1,33.28736799428616,9.108417341639079,0,2.205224519840024,-0.3026014426543309,1,6.266793829740075,39.98785942544737,8.41650118606887,18.562665987677235,31.008011224225868
0,1,-0.37273487472209194,40.558199679187155,59.377166149581065,1.6654363907661525,1,1,0,0.4200063642918889,-0.7075053889095533,0.08052046199635626,0,55.95000731687911,0,1,9.623784643888595,2.4764014498593863,0,68.79804159367795,4.843885846686373,0,-0.12873447113984124,0.10607649189560668,0,26.06890415567793,9.821264898901612,7.936152422988776,26.548759987386923,44.27032024700797
0,1,-0.06470562117728376,41.36678618354425,96.99837791857242,3.9879330076665167,0,1,2,0.31945871655228575,-0.21735671109265156,0.9867410166722926,0,71.47877532343064,1,1,-2.173940012071106,8.076519910163073,1,64.9052218181514,5.073668455114356,1,0.05091704626093361,-1.1592100636777205,0,32.84578884164426,20.12566776696633,0.9701951137172351,32.52928758003886,62.2060569937506
0,1,0.25608935927455456,45.119621733218274,51.1739886453263,1.8572708769607014,0,0,0,0.44962851184830377,-0.6960387954739191,0.23449887707285233,1,22.604369450491404,1,0,8.381415485171523,6.861673178668288,1,67.43144932952596,2.1606898266902803,1,-0.7495789276326774,0.1933563402611616,1,65.69074306252503,11.421953473664828,-2.0671412989076865,14.145488473383615,40.44239143299238
0,1,-0.5459845425663254,52.4580435073791,67.64568769277899,1.7156481322224373,1,1,0,0.6489270675643375,-1.4448275952477427,0.1487726274989024,0,39.79503323960226,1,0,-2.0330836552971494,6.201481413093328,1,71.8172660708214,2.872122482756262,0,0.33695733995219984,-0.3527154417382614,0,39.989828499831816,12.024602140490286,2.2948612214859736,34.32920006902336,58.28353636819819
0,0,0.10525909638533888,28.95114440011122,64.95310126102845,4.944400818957317,0,1,1,0.26128620845964645,0.3195433425583915,0.9064897827501412,0,47.862753462034455,1,0,-3.5147303226414532,1.5258358587910517,0,50.83713746264846,3.469754728833924,1,0.17327231231224624,0.568457046814714,1,37.91904760931315,32.11053610575902,0.733048594345167,8.21530204550619,32.62677349186117
0,0,0.2539617897696861,68.89284562342758,2.5039563582300586,2.303687475409212,1,0,0,0.9912194011958926,-1.2422068128634638,0.36053551334368195,1,26.210747620362476,1,1,-4.428246300558802,5.9713570465840435,0,73.2750738363736,0.8290410902732779,1,0.6116087773051326,-0.17447410417954634,1,93.50442478309121,11.79693949035849,-3.117366709191492,7.958149608293601,69.91397804159378
1,0,-0.2921898962851045,39.49223203204147,49.791227409397486,1.9390390061666556,0,0,0,0.3231419074238947,1.1531070336493947,0.7624036884657934,1,22.270425618112768,3,0,7.0086658946289795,1.4997333270657356,0,20.351551073029746,1.7901447693971198,1,-0.47569994193384485,0.004639651929058228,2,63.48418399553483,14.32093165330054,-5.456996023760889,15.135670956761363,38.64210253951853
0,0,-0.46157623106376355,40.7470078216749,66.72406179159138,2.346387920030539,0,0,0,0.37438381362006323,-0.8128208841299329,0.3507724037939929,1,27.499064346152,1,0,9.93178711968385,1.6671445140486982,0,42.40838117915855,2.149814700460769,1,0.279518190945179,0.3866805198491036,1,52.23985875668067,14.138790714511199,-3.569494157249827,37.43534166563536,40.51176571882206
1,1,-1.1740131236562323,51.50169892544781,25.178533536218062,1.6236235580157403,1,0,0,0.6821999160704924,1.3805540175775697,0.3878816555442275,1,29.35696578046987,3,1,-9.780533512401458,3.0290647352835425,1,48.8618215298225,1.703332666455606,0,0.249303215139187,0.11232029352379735,3,74.380167809199,9.435004910402277,-5.385523235922957,18.439178928654,38.43698714942572
1,0,-1.5721022866740482,28.559963363392036,57.86686037418678,2.2728217537980857,0,0,1,0.2497447986153461,-2.4786734467510394,0.3594821724029247,1,24.062481490823284,1,0,-2.0302526202029805,1.7029455699667548,0,1.481451213001086,1.962864359389606,0,0.530876134557648,1.6732978332323443,2,59.20705191369758,18.6655383209653,-3.1217508964127028,26.537579324129496,43.72944539052915
1,0,1.330558443346988,37.81283914660524,32.041732938760056,2.0094783187027754,1,0,0,0.39313577785100556,0.05128179543739054,0.4569440303614391,1,23.91367775579127,2,1,0.46437341106863883,2.659717810457863,0,1.7985199509368277,1.5350877296420053,0,-1.0768989561725366,-1.3883061587545542,2,72.76624004384438,10.83158954757109,-2.7853287148847903,17.614387595791,40.73006557929769
1,0,-0.6170079156249967,43.94728675061611,58.24419271644757,2.0231105745751194,1,0,1,0.3647662151347929,0.48714686519194844,0.11139657915963824,1,28.521889452579604,2,1,1.5489909753404731,2.2666887239691875,0,44.029426467647845,2.201026689633352,0,0.39354523027368304,0.7187424213935121,1,55.92771677799491,15.134694377074007,-2.2624703090126914,38.82388816245875,26.558165329905204
0,0,0.46140488421236836,21.887268570967798,69.93737646032967,2.637721024415457,0,1,1,0.12882848283262083,0.5757947610592435,0.7002290938267843,0,64.93134647084801,0,1,4.714390749264865,0.6711139399038076,1,26.07030003659368,6.237287268797411,0,-0.5564182773378701,-0.19446788789855396,0,39.87984962026293,14.829947846503405,7.34877754431162,10.6921666881091,38.87044796329634
1,0,-0.7735423510095178,34.40629392219033,46.76426520070118,1.1386211874779302,0,0,1,0.36315976518976495,0.8889006108821846,0.5834107191190201,1,25.44118529969491,2,1,8.437461135498737,2.1776593417364674,1,31.41919534776126,2.018964996797563,2,-0.2822267605661465,0.15219914259524508,1,69.03773330062926,8.546533355165234,-3.928615498969563,18.475298645484454,46.16270180608839
1,0,-1.8469604542099072,40.540162333441664,46.47896737459421,1.4625900441736923,1,1,0,0.49129521049003194,1.7592687103875138,0.857209828540277,1,23.09083974574987,0,1,-6.266910781871151,3.5581652091132736,1,61.9569251465296,2.2332489515065768,0,0.2648043935976019,0.8170632118466259,3,44.63758798388972,19.314618837939847,-3.098690814017284,9.072614788606334,52.16558238135762
1,2,1.4385188574980985,60.632827033204165,49.00166404124888,2.059576775802579,1,1,0,0.650150039660968,0.45909824808067634,0.8251314563337521,0,34.19414863783792,1,1,-5.093388166213183,4.487779818263619,1,52.3561244056547,2.825072037225362,1,-0.5974521252457845,0.27873777695598306,1,41.61807132999468,10.589862928267767,0.07474686615474724,15.40872320522059,61.530296904286125
1,0,0.6886291180970314,31.385711384563113,17.767064650021585,2.5516410161036687,0,0,0,0.23383324529118255,0.602076602561698,0.7762544919067933,1,29.84332416234718,1,0,8.793885781367567,0.27296289098543824,0,51.50632698341505,1.4389244330056798,1,0.8059469381077733,-0.2039208274309163,1,78.80248178651158,10.22391129428367,-4.298188619434575,3.314874430906285,28.68238825083337
0,1,-0.6216383424421391,33.80296377551768,82.04961557846465,4.409333943575378,0,0,1,0.16107505152358348,-0.7903043329544264,0.4634695569634457,0,35.5036403010953,1,0,-1.1686974099240537,3.348757870531052,1,34.48937220878693,3.045257410421711,0,0.273964338640784,-0.23484453009724238,2,36.341803356430546,27.526282659000103,-2.53484810446163,35.35664124610583,28.55645279008413
1,0,-1.0349418906724932,43.97346050144624,12.344214497288508,2.2453875237035477,1,0,0,0.5512332564274607,-0.2702883230896383,0.2681968746939599,1,34.38332388083092,1,0,9.328864398285091,1.9942276696256291,1,34.03205073982191,1.0463143674904103,0,0.5923708355776865,2.1677883463657284,2,88.9913019290899,17.799437182179204,-4.901607486511505,11.045930348027815,52.325031002715214
1,1,0.06414182827413435,57.939598211423245,3.85552759254138,3.1505242738936667,1,1,0,0.7253040892589854,2.3963961397594153,0.34136700277686194,1,24.306609824379137,3,1,-6.5908050970712075,3.1197574788603313,1,19.93010340373943,1.2445174314547014,1,-0.14477609907036393,-0.777250672730361,4,89.80393912924956,17.271275391552916,-7.103787074768453,9.102617878218986,31.059991963143318
1,1,0.21739453483124435,25.12156710428492,44.27056004564578,1.892540200476017,0,0,1,0.257108573218283,-1.218351645594715,0.3974089988603371,1,19.60964689206156,0,0,8.49229205458899,1.8542621339353864,1,4.591699117256809,1.6350582345036557,0,-0.2223683063844061,0.8395682224376466,1,67.83845133782295,8.269754133426556,-4.786346980459173,4.5138745845129975,29.877035566944972
1,0,-1.2955363066676506,52.682169032581236,19.55296633689667,1.8019369956325968,1,0,0,0.7888328721518105,0.5630043296731456,0.6634177996209579,1,33.536028591243394,2,0,5.351442548890146,2.390436105602671,1,3.251401609646103,1.3972286788724044,1,1.8387271911095142,-0.5931933609115149,4,79.44759264576295,15.555271999372028,-7.03580363637078,21.10903881578225,67.27245077137547
1,2,0.5940780852204354,67.40273354516194,36.61712860793793,2.009368985137434,1,0,0,0.9663983030497483,2.1990322803018465,0.4491325768574223,1,24.873706583179796,4,0,-8.192614076356776,3.6197335469855454,0,76.99903695082094,1.5571926400066,1,-0.8213231186245833,0.6404555653939699,4,77.92677706598387,10.409764759893447,-8.535840625181628,39.0966230623948,34.458654663792714
0,2,0.25129337443378663,47.85111001788093,86.77751172078217,2.272838441731773,1,0,2,0.4691736917658136,0.8289631040354519,0.3526595646356257,0,40.732513610012575,2,0,-4.60057764842797,10.189965729700935,0,33.216673133119315,3.751739547165865,0,0.26694107219667285,-0.7818172271517182,0,29.688988152167124,13.711575752224935,-2.315494032740048,37.71337067078897,30.186672482719036
0,1,-0.6450713383838208,45.33301119558604,65.04670856339229,2.269916277425504,1,0,1,0.5216912948101466,1.3659803811073863,0.5860723672074711,0,22.85723552332556,3,0,6.452632239050509,5.251686337659199,0,53.714382265444215,3.0324508181945062,0,0.601334388325638,0.25320715501404606,1,48.36093873952241,15.868339395291255,-1.10483776687542,11.15684484113973,28.05890802220612
1,2,-0.8327296441950475,57.0458026552878,72.3745646003383,2.9487339853691403,1,1,0,0.7005184561363782,-0.06794309206942462,0.40479742318192646,0,34.443870594561204,1,0,1.7687217503061774,8.877018325561142,0,29.416233722135182,3.038662562824033,1,0.8595040453641175,-0.5267008340080487,1,32.9314546912145,29.641004300964767,-1.6651454813804545,35.6897954790451,36.641247071992154
1,0,0.08788759961809646,41.928662735978115,34.60404281126512,2.627970753436528,0,0,0,0.3432320311543231,-1.0849996518800062,0.5854260257770431,1,20.41900952864424,1,1,-9.373570991428762,1.1753597782586134,0,5.458164433274635,2.315250713383492,0,-0.25562283734869373,0.9966069653423483,3,86.3651347719638,17.978502714232953,-4.737850140900937,21.08354520032526,23.017331611039566
1,1,0.6274983810530853,65.79638724560891,8.583273561823962,0.8139309293947594,1,0,0,0.8910996516283489,0.6980608470465679,0.5551878059769593,1,22.02203549187578,3,1,-8.673475530455635,1.9210844980711312,0,12.654003300695923,0.9158375925813617,2,-1.2735730342727463,0.514422639300139,2,91.79335565776135,7.789295396065894,-8.13651142268045,21.755306228200084,41.984024444945625
0,1,0.06351188826646778,21.067827488574764,52.39524922770998,3.223772597621701,0,1,2,0.10534826753298593,-0.10794965346167679,0.4666233712240142,0,34.34633176593697,2,0,2.4496008498562674,2.7679119481228014,1,14.022175832017716,3.807429210275929,0,0.10856142046007165,-0.5002915358264173,0,41.61569154302291,10.480654931362206,5.801491357052097,13.01911813103436,20.63811862181526
0,2,-0.07125309741135094,57.71031161867384,87.25867650674715,1.7527573537201628,1,0,1,0.7850393942842108,0.026791244606819916,0.47504664457367074,0,40.24725954363447,2,1,-5.3622747448581904,3.512965323165013,0,0.47720419963331207,3.7825917280744785,2,-0.4084177149250703,-1.087950711290382,1,31.99408867217689,10.27670484336776,-1.1347727105776357,39.2661759301009,66.29456350774073
0,1,1.201502248361126,45.85378120330741,36.485136167634096,1.6136881800097298,1,1,0,0.451723589836293,0.08947244743591684,0.06743919430040762,0,34.12034892950274,0,1,-5.893702762637162,3.8884434812838116,0,34.020360113762294,3.488416583887587,0,-1.4799310378210488,-0.6453015752011684,0,41.63753445591504,8.405134092754409,6.552054456150881,10.572700128516255,40.50421669674804
1,0,1.224072596165842,26.3082090815898,40.68317863031897,1.8642351035559446,0,1,1,0.28530930734333415,1.4570792160838189,0.5712544216415874,1,20.695337752805738,2,1,6.082988691409135,1.820907095208395,0,26.445580229966936,2.4093014018032806,2,-1.2162214412062498,0.5416656280097961,3,61.624856236001534,7.497537997770374,-5.328420332041054,15.983278050456454,38.024093013350694
0,0,0.7571707290693169,37.66420402144773,86.1097696976512,0.8712019641043085,0,1,2,0.29123543033541544,-0.14819664089296633,0.35221809602456955,0,60.89689634642237,0,1,6.667690524727327,0.7077330159597581,0,28.66644412804598,4.279391781838928,1,-1.2390181148394908,-0.024244275218665637,0,21.629842486361838,12.49925352075985,3.4775297519559345,39.284441329674145,62.9238554894705
0,0,1.3021222170962017,30.29835981665638,73.92579687515592,3.685986372314071,0,0,1,0.11213159856083599,-1.423117541291506,0.3805233341820885,1,31.572030469721362,3,1,6.118184439184795,2.7599518051527303,1,23.76165322412521,2.7064771054009418,0,-0.6274998266990983,0.6534952182657353,0,44.8672848905996,14.956096283192492,-2.5756129216293067,27.350187361629207,32.56473848244647
0,0,1.5910304464672802,66.3214426011011,50.42217465737586,2.526365954667324,1,0,0,0.8915358628539674,-0.9468094594341135,0.5824371879293597,1,26.747246966405854,1,0,7.0893989543699085,1.1892784136271084,0,27.12011678984676,2.010935735256433,0,-1.0559476358832907,-0.2704886906133791,1,62.1489539278954,9.933226832399049,-2.793927481483438,10.096556063866915,69.85205198251117
1,2,0.19845239223910233,58.52833958777874,22.468267736760062,1.0670466472707247,1,0,0,0.6806754500882057,0.6558201908883143,0.4861452955471531,1,26.77942589167614,2,1,-3.9829506764144504,2.892674683669554,0,23.02016619712836,1.3554451091855901,1,-1.9430292923430754,1.4681361383835625,3,80.14061444177491,7.951715745607462,-7.013720493318071,23.11452904784934,31.990164010767845
1,2,-0.38776571310935876,64.68852744762287,60.14603979788177,1.7277685031475738,1,0,0,0.9308316931497678,-0.3168733692081377,0.6065658940275181,1,20.501110595119798,0,0,-5.7111909929981595,3.274983208147168,1,44.79559543658909,2.5764316826376827,2,0.24936130654998281,-0.2525889164544179,1,48.086162466768016,11.588130930682441,-1.6467974127068672,37.86630463827055,69.51915720897016
0,0,-0.5118729194541786,18.880839157619373,89.33116768647609,14.299112073510212,0,1,2,0.07289185085286137,0.6287932287151826,0.5042769002820305,0,79.92169601718224,0,0,-5.591031159685502,1.4665653143106792,1,44.799313358568455,18.479581862250473,1,1.2502667604399895,0.8254592683939612,0,0.6543819486562907,39.569833445889714,9.96458889085141,13.62677741673674,44.18694169585525
1,1,-0.9344612958180804,59.98836241213423,16.398500211316737,5.050918154632084,1,0,0,0.8521567319350443,0.4584443380827662,0.3737319060154026,1,21.397011495066405,4,1,6.098582210760526,2.6806885620803267,1,31.249659441817453,1.5611607695176235,2,1.000711285434308,-0.24927637237232497,3,80.2921494989728,37.49854610732009,-8.457616202918103,36.783304802495245,57.92961576833615
0,2,1.32992637218558,37.76470022701051,76.91407736517684,3.7141232231604007,0,0,1,0.27018635031696064,-0.5075599339661554,0.5142275296580672,0,34.08449643051967,0,1,2.4412046372982843,7.009651326681775,0,40.94396078061824,3.404047492774735,0,-1.014985342496401,-0.04218096973402299,0,38.37566437951755,15.574413269244996,-0.1878684753805544,19.87317096890321,36.29220447123196
1,1,0.13904130554860386,32.19889636562743,62.96721637528796,3.4803614952561563,0,1,1,0.19509316915800035,-0.09419453186783165,0.4530079929248869,0,35.69666204808063,0,1,2.1861994308677843,2.328465535061701,1,69.17229309737587,3.059036138310845,2,-0.18988887948572922,0.38706228509412166,1,35.42744073966627,21.157184259889856,0.23290794515337154,24.44148975327311,27.667659216296897
0,2,1.5793538092955741,61.37286434256091,73.12840655984137,1.6739474071268894,1,0,0,0.7989083630932218,-0.06549141133523896,0.8297142323335055,1,32.100741064464316,1,1,-0.7979746743916962,2.824651220672797,0,11.399202851927836,3.0706119519828623,0,-1.194818859771421,-0.6743061428276231,0,42.25219729401139,10.763819256714244,1.0225885319350638,38.187001950132746,34.922030637559516
0,0,-0.3623949128436312,32.69730003074887,72.34386485219036,2.653287412564713,0,1,1,0.2787654236276481,0.6996894030391148,0.8232342065977636,0,29.494088277232926,1,1,-1.5360000426739902,2.4111273369259836,1,54.225415400774004,3.227346010425588,0,0.09499113707602005,-0.29450063249269204,1,41.14562667198603,18.662425117777413,0.992211233801152,15.33221475996302,39.16400568720701
1,2,0.8952581396722583,64.60305431511371,28.546180767735596,2.7865696700885256,1,0,0,0.7980947216812222,-0.6363150240524663,0.2772836545388918,0,24.25847698692195,2,0,-3.258222865379623,4.0016480789588105,0,74.17106176023088,1.4739565808928008,0,-0.8492189522098077,0.6388318810355299,1,72.71671897410714,21.750087536511927,-5.6459592071068245,29.62084922592496,50.825115511549576
1,1,1.3102415803172065,65.94060730281605,4.315330052388861,1.5456062208040697,1,0,0,0.921520978148892,1.9982509551128735,0.31705072941326323,1,21.05974542081435,3,1,-7.661401730552823,2.800039283066292,0,78.28933443669813,1.127148831176227,1,-0.9458471837403815,-2.4203754874618073,3,89.91929875746185,5.79173610844633,-6.230966344678288,7.738507343166181,41.5415864211474
1,1,0.4630824067289703,45.94526710766101,86.20252176948082,2.8313876230167248,0,1,1,0.418979281701625,0.5335251639635353,0.9748054710409382,1,42.95581509559379,1,0,-4.913781733071447,7.536406851150858,1,44.840132735125295,4.182613639209881,2,-0.08912647720402993,0.6353509651472182,1,31.664399751076772,21.35464691307567,0.062363193943825834,27.259024468558817,45.4129980103327
0,1,-0.7705396335821942,40.76448838971659,63.85801423118279,1.8303237813092128,1,0,1,0.4599990342234041,-0.03956980613572077,0.4363292176518845,0,19.396787849489286,2,0,-1.0944494592695246,4.863535815889388,0,20.842802699164757,2.536190625008756,0,0.25463493723540037,-0.6847863634753729,1,51.1471646134919,15.685569074664706,-0.6476377897117054,18.486725948636227,45.97824690489265
1,0,0.5763428558330211,50.43312611990834,61.663017352922076,1.961691422521509,1,0,1,0.5274014664207369,-1.7166774214921976,0.6929521015971744,1,23.115095155422374,0,1,-1.046191382218666,2.4488929879061327,0,42.268337242262945,2.7070695271751575,2,-0.6082828233995783,0.4223369050139883,2,55.41081354199049,9.503656421143967,-0.9500583086337464,13.156431882002298,44.47224512574286
1,1,1.0874876276577246,58.65417381786165,68.65328114576961,2.464510598899427,1,0,0,0.594779978546095,0.7165728223224171,0.3674162710364147,0,29.167542198764988,2,1,-7.23769199779089,6.957181057885215,0,47.92731345342265,3.458295364951823,1,0.19994431910008786,0.3126854497248732,2,47.123863418014736,10.493764598785205,-2.7525406398008236,37.53029979853528,22.01203259639835
0,0,-0.9687060680622808,30.07982606569753,50.07188025529688,2.035465305779442,0,1,1,0.2601760886035725,-2.79212396674679,0.3363858227691434,0,22.188315586596367,0,1,6.325126975118511,0.7238984882059959,1,49.279520693960336,2.042910894707524,0,0.23636639527533898,-1.0709897958836831,0,55.2857679845073,16.943855656287305,3.073209532776918,18.321702661196642,63.31539596504708
1,0,0.18285170238741663,34.6921555786503,2.839520584470484,1.2478572183238723,0,0,0,0.16522554556982094,-1.1212001099632407,0.371177130855299,1,24.178289644031985,1,1,-6.465823829598152,0.8565833451067435,0,20.498325000658546,0.924197310317596,2,-0.23552364517285018,-0.08877700570280439,2,93.29045962973342,10.402338004510806,-6.272291103617236,0.32011206032315,42.30865118047389
0,1,0.4343783235056508,48.18946343060015,25.726182494082195,1.6723613160185504,0,0,0,0.3647756640344621,-1.855518843868571,0.019504554351683023,1,21.82239353426847,1,0,1.0580604493823955,3.1858305204529005,0,72.20057312175757,1.5005298606814217,1,0.42679951578824316,-0.07224441695951628,2,74.3072761523649,10.155799385160664,-3.6377232733910736,25.676056942389845,26.67005486823661
1,0,-0.17298419825989267,35.27112907043322,46.90934840041574,1.5191930795950184,0,0,1,0.3103807141002577,-0.4306142904847021,0.5607974224647394,1,27.275132069152388,0,1,6.928231534057524,2.467621735222969,1,25.56223052042839,1.31943067181596,0,-0.32842069036593063,2.4824388413797647,2,77.26814006431324,15.648706065933355,-3.380352653129858,11.041828380366955,50.7778518151418
1,0,0.654020085716241,45.46330334511937,62.843190955486804,3.0007166265914953,0,0,1,0.39457247122669337,0.7041447721253447,0.9376401447424827,0,20.143740757255728,1,0,-6.772620048775781,1.6683203526121488,0,74.63123350989471,2.989991646670944,1,-0.7553969551196285,-0.32876720285610106,1,48.47083273756083,19.625965110670077,-2.875458076398224,19.147042722098114,39.644901720518746
1,1,0.27538752757035106,28.586562286358106,92.42122230750059,7.038933980407888,0,1,2,0.2205989208042981,0.21460080777528706,0.349042095616376,0,72.3485876315321,2,1,-7.192515910623944,11.556973870158231,1,5.051339638792589,6.421677934455509,0,0.4515743466930265,-1.7100479674893383,0,10.437370996734973,34.06279032558111,4.5637511077717186,17.07907086410855,25.383913106080513
1,0,1.1399256263484772,69.32130856838721,1.4682077242634262,2.077079614024138,1,1,0,0.9870908416141565,-0.5627516511270912,0.4511618141118894,1,25.8801831239832,0,1,-6.618946265204303,1.336815168961073,0,62.35439553013879,0.9993110301732908,0,-1.0128190627788274,0.5047522850316017,3,94.46976820425422,5.933571206810086,-5.86280332416478,8.596170476085817,69.73932314730789
1,0,0.7011799235007296,58.89081941386556,6.372805652558955,2.1244371047732544,1,0,0,0.7621022383203799,1.1427046751340681,0.3209611827612222,1,23.55134629171403,3,0,-8.636386634683218,1.4468446259168124,0,43.94426000154904,1.1645619014369777,2,-0.4393461833071834,-2.9124708026641355,3,89.17970255834658,21.723370530966662,-7.944557694293085,15.847498655240443,30.681885386966407
0,1,0.4394064639056738,51.919267089100124,55.24328167191449,1.5397216250526675,1,0,0,0.6193155091544683,0.2415981727444247,0.6927605922982984,1,26.937099290954034,3,1,9.444014652378264,3.852001413757876,0,70.58010600560172,2.032158841248456,2,-0.7720822122373613,1.3064938909230388,1,61.499593240301444,8.471084320537587,-0.394653128876735,22.1813444232345,42.04575199349237
1,0,1.166254680599101,25.06271706872092,40.59453364013923,2.740008397154886,0,1,1,0.2007792240003458,0.5658811448778289,0.7093449606732152,0,22.86190248020639,2,1,2.1412765861362573,1.282107902428592,1,0.09017239229324847,2.6052737885982378,1,-0.729686844488285,-0.40721391135549917,1,61.736722739880456,9.675849967476925,-2.782278097096751,4.445042173840159,45.56923962917426
1,1,-1.5703462364814613,35.4986381259274,78.92716133023706,2.4789880019097743,1,0,1,0.4731526900767216,1.7593528644130203,0.7300279645235557,1,32.519095086282015,1,0,-0.3142837783041905,5.507666681968806,1,0.20569177147814255,3.0841421596518863,0,0.7206740234714625,-0.892365236501994,1,39.834129710869384,22.856680057312452,-1.7389450558464539,26.337156348569685,67.8549389743718
1,0,0.25612650202226983,35.054826124075674,16.599458206149848,1.7998196199070553,0,0,0,0.19514817488266384,1.1008752913927582,0.28474039085887987,1,21.716686053750802,1,1,8.67547354931435,2.6665848366226323,1,20.285120807811428,1.5046151084386956,1,-0.9716336452201019,0.21648454175761106,3,79.72444929888705,9.085022458054837,-5.738096380848691,6.030042064608794,23.50897253652905
1,1,-1.282253620327376,56.75730737039964,22.625217369458138,2.1489026013324035,1,0,0,0.7955512026459444,0.28387010460310774,0.3367623998001533,1,23.46056144254641,1,0,-3.7072453463522788,2.2200419466675143,1,48.964145835865295,1.5810789645544503,2,1.10948620370365,-0.5364566833576565,2,77.19111768227845,12.191579870854884,-4.65983182939506,19.04055779794327,62.60574516074057
0,2,-0.42910281310198395,39.93948516445984,73.84008855503701,2.000896807774778,1,0,1,0.4110515044551046,-0.09165428497298601,0.6702404266352934,1,30.040849346876595,3,1,-1.808477281274035,3.248779102166993,1,7.311036668491071,3.03865394216898,0,-0.2502542918553285,-0.514980821108401,0,41.759568219734504,10.646469657518008,-1.6832062221031165,24.811134910872582,57.89414388404384
0,1,-1.3723001115093196,26.81771074980893,34.35587079997855,1.9949833771646748,0,0,1,0.16904968703674694,-0.49732930056200564,0.45801765645528536,0,19.89103378798952,1,0,1.2637369289198297,3.9624549628105488,1,51.20674812106968,1.6841338020856953,1,0.3187894077875799,0.7576537491650353,0,71.5372118866553,21.27349479226514,0.8839016492519125,7.673355605607184,43.32182028158553
1,0,0.29758988095646216,44.18738047270302,38.10779719553124,1.878476496736038,1,0,0,0.5783707106840551,3.705645947153715,0.9571719988082412,1,33.33984944179615,4,1,6.963754783382775,2.403602534956547,0,0.12995418520093782,1.6841795262042325,1,-0.9097510219210586,1.8045609063998926,4,67.76809602735186,8.342921698757062,-9.371646329152469,33.22155027831117,24.24829709118096
0,2,0.6533028378981999,56.76262554807917,94.45779585783468,3.6087366870581237,1,1,1,0.6571909972721124,-0.6127365221962828,0.6862945940078783,0,78.53068768658518,0,0,-6.46482467837447,4.818495340629601,0,51.355299680491825,10.915548207555807,2,-0.1329218803850759,0.8258035918950186,0,3.4125229620705024,20.205474909039623,8.60043600986998,39.47886708320517,47.745625038848914
1,0,-0.11050863065935833,33.33207418345182,73.00932821358464,3.1809582673410124,0,0,1,0.18413785517448295,-0.003220867989407432,0.7232372673643801,1,27.95960123665352,3,1,-9.035249877866736,3.4337836101585935,1,28.840029123011355,3.1254017028213044,0,0.6602895329484727,-0.1685257515863214,1,45.6576614713062,29.40510545617193,-3.0066729589634633,30.513570201796828,28.551479911626565
1,0,-0.25310824350666683,69.37169128187205,0.09485408292560504,1.8070413347775756,1,0,0,0.9973329848177477,0.39910224238456277,0.019441309632200088,1,23.387457300788856,3,1,-0.6317016172679537,0.8436598873118673,0,32.91741104033851,0.4608432397499276,1,0.043413534681138614,-0.01800447509301062,2,98.72873020191889,10.598349652537566,-5.07668905853794,5.385377241858977,60.59121875849655
0,0,0.639430872923058,58.543299012015794,43.68101551026578,3.5692316887038587,1,0,0,0.6913534017115355,-1.2347755176504294,0.7241894563096258,1,22.21255811506034,1,1,2.841200500134825,2.005254979624983,0,79.87479179940885,1.9252843745160793,0,0.08858642083378608,-1.0539809182836606,0,66.36695328161754,17.40871514227568,3.9784796537361267,8.645774094019608,32.535337190293134
1,0,0.685101027339753,52.25436457826262,60.45138178587539,1.382676012033571,1,0,1,0.5473591618884225,0.16201129278250478,0.9720892604576442,1,21.393057800055686,2,1,-8.409209397136001,3.229296833606334,0,21.156030516006894,2.36749724050551,1,-0.8288643116620541,-0.19032027547147376,2,58.2912903820093,11.428144136505125,-5.217639823811201,24.40028034337869,41.32507743721735
1,1,-1.6441542969680456,62.53725657040223,38.280264460954584,1.422105455900112,1,0,0,0.9519977485690236,1.2359194235126014,0.7469040844037598,1,21.528522467364873,3,0,1.8988874955008317,10.205884598399452,1,57.84202031376943,1.9985352329299535,2,1.2279325287762677,-0.04273815283052586,3,66.17001321777873,15.215198000364069,-5.115027234557028,24.21515469767371,63.587592150666175
1,1,2.3348015170732457,63.58686245642161,22.4485111927061,2.7282960103831644,1,0,0,0.7040109078506369,-0.16930821881728036,0.3929517003562368,1,23.642431220271174,3,1,5.167119708778909,1.7035695742812038,0,54.52882879231908,1.7608964487895065,2,-1.1190351801244376,0.946982189455145,1,81.27555319673317,14.007689694675346,-4.376888401989165,22.751107912475923,37.61743741322233
1,2,0.301083660105496,65.75679845288496,30.724838353653883,2.01168558981515,1,0,0,0.9448531000502252,1.244522955479208,0.5106709499480794,1,16.505429751582028,0,1,-7.734087046205583,5.893325428471448,0,45.04892308986855,1.661145224038047,0,-0.6697446912062793,1.3190828131541807,2,76.9041489381527,9.900811214417445,-6.6193869053110514,21.59870769899575,47.852744142014984
0,2,-0.25973998640159346,33.50691227460115,73.63942818055278,3.7790016854604778,0,1,1,0.18383021885298628,0.21772793171666474,0.34698581259095407,0,66.68793286562905,0,1,1.7151892583982544,7.0068231875715385,1,69.26773951577259,6.2407942425368566,0,-0.2723428643207609,0.28000080082746004,0,17.165977768073176,30.488243279343212,8.423000125425531,11.791619610134653,31.30539546266843
1,0,-2.2595757679152695,26.681986008178036,73.87976368960582,1.9258094548540619,0,1,2,0.23647829928657216,0.06767237929180953,0.5057163355327415,0,36.514265305949415,0,0,3.3069580880225313,2.401459589230704,1,37.53963945090713,3.3655988077328156,1,1.484604405371083,0.23538400810117285,3,26.586121187981032,24.940125402281215,-0.30054342564706715,5.849903355309585,43.97438888256429
1,0,0.9378312017852686,29.05826939966687,41.714837512124845,2.404590298438095,0,1,0,0.14472825692097235,-0.269607095569358,0.2504735280643503,0,23.851315242726862,0,0,-3.0106145713329777,1.7390706853199787,0,1.1602443959529696,2.912308927150616,2,-0.7902958502544231,-0.03358796397382715,2,54.20130962534324,16.087846016469506,-0.3440619313332096,16.54115267400579,28.194556135088177
0,0,1.670624344183978,36.59522345393576,56.461321495926185,2.288629928737263,0,0,1,0.2408172419506161,0.5293521388347657,0.45555023518156335,1,26.627259906041942,0,0,2.4156569406508748,3.967171369802823,0,0.41965573186551364,2.347972360728927,0,-1.407694116179858,0.5411501593434204,1,52.7959240045082,17.895676873267284,-1.2104653919259487,11.66182474990948,24.792487524728017
1,0,0.18570389065037615,39.2978828215623,31.97273164739627,1.6690479749965283,0,1,0,0.25347460706703423,-1.199442202482202,0.6458214725030034,0,27.89286120778867,3,1,-6.450592030965217,1.9365116114306284,0,49.99178892625514,2.395518494025544,2,0.48490690799025593,-1.4534040652866023,2,66.86845853050765,7.081044851400677,-1.2558286648217418,5.829962461585145,35.21175338916959
1,1,1.2891501742287355,22.757418196033363,82.67052414300142,7.191994786564193,0,1,2,0.12187866285625726,-0.1756147156291534,0.9246145573848398,1,50.321838337555285,3,0,-9.308431224416193,2.746147517969614,0,7.122685134808058,3.8532922096956788,0,-0.07720158865231735,0.35748303645166263,3,29.807035464374188,31.915885844619844,-1.7978584112670362,18.536328969531446,32.98661841400251
1,0,-1.0382838250502622,42.348224391944996,19.002095822167124,2.0685779805556908,1,0,0,0.5795872191930935,-0.3095387899922434,0.31732284702651464,1,26.51720842513745,3,0,-4.861184091048994,1.5525516695537727,0,47.08680510668798,1.7144343106611877,2,-0.1218080340399502,0.4233553570474817,0,78.1027285444152,19.512279425853567,-0.9644149827612942,5.675253697105404,55.94488100535124
1,0,-1.5331568262447635,25.84303075174607,69.57977018015652,3.285372991477493,0,0,2,0.19233203351864447,-0.2098514146471198,0.7335165972012127,0,20.924749430534064,2,1,6.6862206742947485,1.0864451239227972,1,69.33544721477234,2.914200576766741,2,1.0447319969854567,0.8697225498619434,1,61.81684121104565,29.52296981402261,-3.4127711834646846,24.097480416760014,39.122579891494524
1,0,3.2209769751726367,68.1121593367215,2.2159737340651073,1.436985291836495,1,0,0,0.8857119946407013,0.7351758372462619,0.08042142549078235,1,23.608724359814737,0,1,-5.987504682390041,2.223695681976004,0,37.718639075958926,0.8131065606156406,0,-2.6111676031819786,-0.7128194645945761,2,93.78165483262045,13.32085308082888,-6.537473400319037,15.600483180918335,55.42012372478691
0,0,-3.185205175119739,38.51411738098963,29.588202032179424,1.3514570941960735,1,1,0,0.5630567473308794,-0.3136502371187949,0.5568006910504723,0,19.013276515967718,0,1,-9.704085246538511,1.0415976663343907,1,69.3344015546221,1.8372994820652468,0,1.5511585521782012,-0.626786626123564,0,68.08271905103949,23.535238859390187,4.551894492369929,3.8865523725659656,66.06787708954757
1,1,0.2888335787451887,59.91712563561426,46.114445796026764,1.6873391354654446,1,0,0,0.8096557998623641,0.5881875864057509,0.6725061028668077,1,23.014814340965273,3,1,-1.0851087232371288,8.239749274277493,0,34.91770536195287,2.4199960296203304,0,-1.2198798640239954,0.35874405721582636,2,64.74401737330618,11.93293246239621,-5.348934112712659,28.01432663041605,42.80332789926368
1,1,-0.29964671188331715,53.09994251066537,22.340744002075514,1.8518483428518215,1,1,0,0.6686654561179493,2.402595062350526,0.33986365806287366,0,25.220306307322605,3,1,4.330056637700558,2.5462322275804152,0,34.45640430300897,1.6884448256599838,1,-0.3375149871586968,-0.88734739029019,3,69.49235037105676,11.7308595230537,-0.829467033225411,24.491383566987892,36.37972896661044
1,1,0.3698950121410435,56.27794827566845,10.744346154043205,2.4879216737562375,1,0,0,0.6083656353377044,0.5987203547344154,0.5870305238315778,1,23.686729116787106,2,0,5.728876768418015,2.3375042573789955,0,14.691555979370525,1.016631858880552,2,-0.14221283084448422,1.799100387504405,3,89.85141120268706,9.003179744131272,-7.684596842589953,13.740040270311994,28.917351457233543
1,0,-0.8295461919539581,22.528549219413254,22.507487858167174,1.949101257758439,0,0,1,0.1297872232843681,-0.42084179281981876,0.37162390425515773,1,18.850209041261735,1,1,-7.421687720730671,0.40376657806084926,1,48.65720037794398,1.2955980373900777,0,0.5630402645674438,0.1336173392872059,2,82.4157264784061,17.361031644802733,-4.478665658307017,5.257188330447988,37.24623305776652
1,1,0.7369109353226857,69.95726479445227,1.6691739317047871,1.740248063015185,1,0,0,0.9998557064685175,2.4622295753293155,0.4499612332121979,1,23.786759824124633,2,1,-4.486226375641,3.120922192407498,0,56.00669024277008,0.7559236148525574,1,-0.7902693446508793,0.3377931340694023,4,96.62349032865633,6.687628186524419,-5.561945118815499,22.620689510293595,43.73840420646161
1,0,-0.29604807442720493,35.58985619421166,41.771971998471514,1.7875598462982916,0,1,1,0.220844446035387,0.10353331482836978,0.48690183176393637,0,21.999033399057755,0,0,5.33675824531721,1.2382998294261915,1,16.806185044333127,2.1672858382784344,2,0.48249929901940675,-0.11256389748855869,1,63.97051163350223,3.902162962573028,-0.7070880314442931,19.655977771355133,66.58351050531826
1,0,0.0703241759723628,64.51174288449049,16.073187170249327,2.403368370099597,1,0,0,0.9299688882675412,-1.006671304247989,0.5194600545331676,1,23.064693766371672,2,0,-8.167433992167068,2.5165988264449406,0,41.14124994144275,1.3799458414707386,0,-0.20942102213414446,-0.20638984093179127,3,82.71864007871324,14.340684475603531,-5.709044319427559,16.054250124882262,46.884712169408544
0,0,0.715958725947725,21.50163219696187,19.897727488153098,1.4716828541418814,0,1,1,0.1587680424295192,-0.09287090716970654,2.399315916240541e-05,0,24.797061443635513,1,1,-3.641780252841473,1.603289557965337,0,23.616049193993717,2.4290317860839963,0,-0.2094028802558541,-0.41980304103945737,0,48.980088542052535,11.509223687977128,7.295570615762404,7.940728452769963,24.858640007236968
1,2,-0.19180786373672118,42.885540312315996,56.497649959780375,1.5664335090246129,1,1,0,0.4773629335275975,0.4490807559352105,0.7600869990943966,1,20.45595571781969,3,1,7.441983427406981,3.1268400134204186,1,11.116777554587177,2.5791012964111006,2,-0.4869205694571887,-0.12490030928925921,2,50.060552194669974,8.086024490269875,-2.733010599168308,24.650055786171254,30.88273678062138
1,1,0.6308050955131266,60.307973581939514,8.436698044974388,2.10367294082879,1,0,0,0.7014172532311255,0.6185176663703981,0.3628297124009881,1,22.52276707757188,1,0,0.4807916235875389,2.397737898212968,1,65.46508623172782,0.8946783513893205,0,-1.0984044768239196,2.0348978443979138,2,91.75350224617378,9.595407330046653,-7.3639911781052145,5.31528768554117,55.23940878850426
0,1,0.4807600617924745,31.723405734364455,65.68830455694054,3.257577178820397,0,1,1,0.2583799671701679,-0.36506470715420336,0.09998954492421841,0,58.79751829651492,1,0,-2.0471974370564707,5.051374093764392,0,37.63045558065871,5.646852698326104,1,-0.10603995492069122,-0.13718173485374527,0,22.321464979116424,13.755270690264108,8.063375114816338,14.76342371152187,24.983179192326304
1,1,-0.35518042287303075,68.65975078315181,4.946344428202004,1.6142819568629847,1,0,0,0.9873032447923871,1.551620275765819,0.5731947385385934,1,23.342226409412767,4,1,1.6449219674453097,13.38291836619647,1,74.782857864572,1.1226679083751852,2,-0.2501104299828733,0.3660044548858494,4,91.58601602395623,8.193889448676792,-9.04959241407022,23.771083631094776,57.3811772359059
0,0,-0.2570115495226724,52.93659161207776,47.052955198889244,7.128306041483302,1,1,0,0.6174872356573113,0.374027292255002,0.8008993938796669,0,48.291456708409726,0,0,-2.9323418201439155,1.5449575657657075,0,79.99995284273447,4.358178033689335,1,1.381409964899985,-0.41399306126984464,0,25.69444110058287,35.4710369233649,7.273874148068305,18.0279749078339,20.976636719531534
1,0,1.3199664910031514,45.405358441651,55.45748161223867,1.730104506417422,0,1,0,0.39287286927585086,-0.5911377635597616,0.5549952081995378,0,22.953449722203256,1,1,6.683846501637074,2.628467768979586,0,18.38911539518599,2.6301453279484903,2,-1.1210858186312247,0.8231798112139057,3,52.2499445643425,10.154673843432779,-2.675176058571167,28.792581515016987,47.987550089858885
1,0,-0.3097185194982096,49.09884654143831,20.28956006401767,1.9055569660932012,1,0,0,0.4972623770504114,0.24901311977174373,0.4076317057433992,1,20.475738583547614,3,0,3.6039473818515724,2.4241937103913176,0,57.42754203922129,1.6179960084286285,2,-0.2857028679361304,-0.20493118929592963,2,78.9067279828346,7.724476589177563,-3.033913994958512,6.1928912203332365,40.51195919636121
1,1,-1.607572320325663,40.97884957982242,63.8079512326023,1.9008752906256756,1,0,1,0.5406027964407715,-1.1802337930805038,0.8557553048995781,1,22.00202389007929,1,0,-3.3601909519000337,4.625516823810134,1,76.6265252244245,2.4217082444102966,0,0.8724969239020343,0.42224001698353514,3,54.37430149235413,21.178952241305346,-5.004368763968553,15.094879717281373,41.84447652515803
0,1,0.7801201955627746,19.84844969965733,94.38079916338597,19.266352390046013,0,1,2,0.06960964499724326,-0.3282195623121339,0.5965661867088907,0,79.55715740051836,0,0,-6.483999667997366,1.6704057258849299,0,12.111122333320093,13.660349416766133,0,1.5222201777789293,0.2719714104119691,0,4.724007358363547,39.359813995134004,9.334045803304392,32.70637547197317,38.93463437145088
0,1,-1.0192022711144937,58.23704893286943,60.720127142209215,1.2615965617463356,1,1,0,0.8198795500201137,-0.013179649975038408,0.5885211113008282,0,37.27118517147111,0,1,-6.294077556927855,2.981189576851399,1,65.9406665963895,3.3806170817951546,0,0.22117115240541976,0.051270416280252765,0,41.96944184875363,19.93958508681193,4.642651263440996,9.160468314899537,69.95540768091114
0,1,-1.2021889810521862,34.981963588355576,78.6163187575823,1.0762412773226513,1,0,2,0.49340954364311734,-0.12654704937338887,0.3005905169123373,1,20.92321480136857,0,1,9.878885760672912,4.048606163512474,0,27.45294247262631,2.6941775551785723,0,0.09617493071117655,2.556726083226155,1,47.7048299216454,8.829001717021237,-3.327174540845239,35.216714137433044,61.595531119653764
1,1,-0.0514406764110213,46.105683319838874,26.259086705917177,2.165173849739459,1,0,0,0.5251564602332505,0.9523358031097183,0.040921684265538105,1,30.56152410250337,2,1,2.273968818263576,4.969198015430069,1,51.288430710213746,1.62701722911404,0,0.47305018962563544,0.4873660582443252,2,64.08906936097584,11.602329796686195,-6.220889284233237,23.76441128359555,33.5828134798203
0,0,-0.1960976373129896,20.051684397675523,96.0078577552987,29.512050261070968,0,1,2,0.12321651385271698,0.485490831225806,0.4103900970768405,0,79.95582059667305,1,0,-6.247080107903944,2.339064394740943,1,20.228605615265796,19.321936659257293,0,1.624347288529767,0.19590788292735575,0,0.48785801993798117,39.98504875367744,9.945457411730015,30.52364854549313,23.664382597197864
1,1,2.1733001857733227,46.096669774753195,74.34409441647935,9.228519218737201,0,1,1,0.2699258145799034,0.908309758567368,0.7459872092457004,0,65.87692712338898,3,0,3.599342264420237,4.249078231441583,0,79.40179285359767,5.62774369823003,1,-0.24040308071608626,0.3736013179602927,0,15.623792337279745,33.724044216465984,4.887133794937164,30.181681470053547,29.898282906255975
0,0,0.650739572729917,43.308237553050716,81.7898135687257,4.569452577187057,1,1,1,0.4426050857953524,-0.3278539185490466,0.7464064198402801,0,37.241281163429825,1,1,-5.600756777013159,2.8941611741044495,0,44.02122694228443,3.862499578653888,1,0.9054958472336913,0.5849759126822713,1,33.70467839632496,24.964970138112747,0.05392566270768384,32.98336978422612,37.17026773613051
1,1,0.2816872414968327,55.51190357343441,15.380529866917092,1.9875206060350448,1,1,0,0.5966837977807541,1.1606272396756736,0.38658916440184077,1,24.299543650393865,4,1,1.079943468934868,6.323688169289236,1,50.787309838897485,1.5400703034566154,2,-0.6022430472391063,-0.7055492563333141,4,78.8709713668629,11.493389054329302,-7.675418289873811,26.629380987590878,24.273388032144943
0,0,-1.2505568734392485,29.43931130522934,32.04045376416768,1.9886570365410163,0,1,1,0.19553215376935346,-1.7748424839514,0.004246409817721508,0,18.579333438377464,0,0,-0.18694949315617038,3.8433120932541054,1,5.530142503641193,2.4430044633047396,1,1.3466840879231767,-1.1589762427267671,0,58.90006455408107,13.208027743665664,1.4098686990440186,12.050500508571087,66.55648387295639
0,1,-0.2568505037830818,65.59221819200745,45.06917233347668,1.8180125375038994,1,1,0,0.9514667232240481,0.6201477111454826,0.33378711483116064,0,20.934512808382387,0,0,-7.723582486966219,4.396154768732151,0,69.25429481647866,2.4181025901916247,0,-0.17778582655422734,0.8057797243276998,1,59.434523027840754,4.836875822376891,-0.4799787105932811,39.09981338690465,60.814600979083785
0,2,0.6004517084674376,26.69208990757367,67.55875616099803,2.8915340503774645,0,1,1,0.12198596432323594,-1.2855660550951655,0.020106125801822916,0,34.53472571990182,2,1,2.0349190035032905,3.338198726401637,1,63.881768853010996,3.2175629410749296,0,0.09597329929782525,0.06617573455582085,1,45.58209581505467,15.384200192786022,-0.01837476650326053,36.82753021521038,28.377784100215216
0,2,-0.26422113289741883,21.729233436513862,88.86100792724059,12.89933006637152,0,1,2,0.11988421518355541,0.7091182179185519,0.8085033101316427,0,79.03343713661044,0,1,-4.5694445601097256,5.422431954607081,1,51.393570210448814,10.236523662273216,1,0.5766926996407683,0.7335792619773508,0,4.873453871312283,39.565947723334084,7.971773757311791,14.998955624328572,40.28264804008771
0,2,1.56972537971433,47.175927228256825,60.301461795991585,2.3347520833755833,0,0,0,0.2622761406676496,-1.804616845964363,0.2610037139139943,1,23.364320936852746,2,0,6.891512260245499,2.4600299216779136,1,51.99801217486134,2.4546884911506712,0,-1.102456347913104,0.018386229741926625,0,53.862257133644945,10.425231776846552,-0.15782964579394587,29.364484277916233,52.581336499756546
1,2,-0.9616758394119249,33.44631760834035,61.675239126400264,1.8695577148299063,0,1,1,0.2217037808599221,0.43653000707903433,0.3806738401900853,0,60.902463439742256,0,0,-1.6439503325411202,6.756489495138956,1,26.33474988830219,5.308281558420347,1,0.30943333745670487,-1.6683689184739385,0,20.98062597741654,14.32316066304244,5.781443928242986,32.136684012059156,30.937894561558117
0,1,-0.7322419295604575,36.32971811517318,81.01343341276517,2.129518818319899,0,1,1,0.3705006965133909,-1.432363614744334,0.5987337197335848,0,59.93650338999817,0,1,-9.442567676345718,3.575554256952761,1,19.485110524317637,3.9126994893213167,0,0.2753005048070651,-0.44469908959796395,0,26.122637883497035,15.972036746336183,4.561143595545536,20.1851760612576,59.897579304892744
1,0,0.6160644468189279,29.913598133149456,65.07187909382192,3.6412994243417045,0,1,2,0.2562884866355907,-1.151231855156429,0.01236372169094102,1,26.722457355047126,3,0,-9.21022387692296,1.116031779001781,0,29.172726748186125,2.8421744998607936,0,-0.33565569647672855,-0.43423296776918885,3,45.265811498503425,18.168108853048835,-3.620671112751963,39.87459573329135,25.926941392308166
1,2,0.2393839105799501,37.68064674732216,54.26375128419917,1.6069285955575854,0,1,1,0.23957117142757184,0.9382944854965467,0.7410565998110547,0,22.09844096936446,1,0,-3.8235921034720537,5.102135446432916,1,36.16076892247156,2.5513068267865835,0,0.29786496306605376,-0.4345929315815375,2,52.83513305845388,8.60754067063051,-3.012745004703781,18.490597036732876,27.828622098801063
0,2,0.3253104721557229,56.30711985223933,57.77053101403754,2.2864480577771014,1,1,0,0.7043202224800247,-0.761371968995226,0.6927373885089337,0,23.614258073368504,3,0,5.167381745594417,5.227730090944141,0,71.58667952097643,2.9136120777115497,0,-0.46410681876503124,-0.5028651886901471,1,52.81349155063969,16.252378575110605,0.2907713330459121,16.178952539181722,21.488816915788476
0,0,-0.04994326054674198,27.7300750273001,75.92928302618813,2.9321506041009875,0,1,2,0.3251380272324632,0.029822952808993202,0.5691220568340448,0,38.284072607517444,1,0,0.5201935501184902,1.2590577812831052,1,32.98284055380516,3.3882824953903996,1,-0.1880565204521056,-0.23228728497053666,0,35.56361242466229,18.116334335955933,2.122406774355108,31.603577520428843,41.6062228795803
0,1,-0.33628355094853263,50.752705437354116,88.53253357347286,1.5772242994101622,1,1,1,0.6341718374603086,0.19748127589117637,0.9210228287877524,1,52.2559108653282,0,1,-7.314372837473351,3.1798939167119387,1,45.79401660689758,4.1166431056407475,2,0.21387076120904475,0.10732746611657965,1,25.707618320168045,7.571331347485703,-0.6511829135287357,37.30093038633119,61.78569892968707
1,2,-0.22100789927551132,55.78252748751402,66.15208141702043,2.2865095951275918,1,1,0,0.5242537552617933,-1.1462825742729637,0.4067949326523927,0,29.046069566764075,1,1,8.974633236992993,5.241324259677077,0,45.28220085412946,2.7974819151231443,1,0.21310276623591293,-0.22649295044646622,0,42.995647706551175,13.659192040950758,-1.1331135849449865,36.61067101644859,39.523496093575034
1,2,0.2820321653607033,57.62727209573963,20.435457626950242,2.59173252639408,1,0,0,0.6919968078747915,-2.8805739890029214,0.34747536707754334,1,24.783920462991624,3,0,-5.170812104986895,7.871868534697661,1,21.803653322058693,1.523225867063194,0,-1.3214949489700072,-0.07911223239543465,2,82.90721251609259,13.926230384887628,-7.479561508507592,17.845940138925002,36.88183170783154
0,1,-0.20076628687944065,38.74918908491122,81.92906308420986,3.115011337937388,0,1,1,0.33899687363621145,-0.42358496068792184,0.4656172719006274,0,54.64917360453111,0,1,-5.0466703382827935,2.6112847131465875,1,43.42910876907119,4.5902071241274935,1,-0.5117684175030571,-0.14444721617979808,0,23.856340043666986,18.304403592501572,4.589843069157347,23.666329551472415,65.8229960857274
1,0,0.8682708461231863,27.992316611774086,95.68814476301813,13.735965602109957,0,0,2,0.24268786589045677,0.14481241977059875,0.9985704049532682,1,67.3433805433311,1,0,-0.019214250732026983,3.346983477550833,1,31.936840110956872,4.841285604855039,0,0.8879072441907724,-0.07634676196886565,1,18.36581624216982,39.42939090221777,-3.290031254007591,21.932594718053554,24.998535151912332
1,2,3.118608395105118,68.26282083023486,84.19481643288411,1.6992699184158475,1,0,0,0.889427669898446,-3.689487047668986,0.7193571087556103,1,38.844052395974,0,1,3.578449402716819,20.55527570932802,0,49.59621762294124,3.7312288216011074,2,-2.6954951365747655,-1.63889001539709,1,31.85984753321318,7.511872037421781,-4.282107843387508,39.79758409853647,39.02160874136155
1,0,-0.7737857626034711,49.149986154369515,9.436041921274146,2.1978553428166294,1,1,0,0.5756114287738724,-0.5110438629882423,0.8193721460487983,1,21.292177163418064,3,0,0.8316149025988437,1.7088679775591262,1,34.1553153966676,1.5458441532219223,0,0.6381115472369191,-0.3942672109938436,2,83.647439957074,15.47113539630065,-4.243075605685611,2.645058282329571,57.083647262226926
0,0,0.42195258828488263,50.35570329496029,21.08330441977423,1.4908688102021406,1,1,0,0.5124468448835213,0.3594458899728396,0.15296007314539467,0,21.73976392422361,0,1,2.84848522941779,2.432235268519293,0,78.77717181912556,2.850993028190439,2,-0.9346942559643608,0.2533146455148289,0,53.07754442016913,10.377112603734489,6.7926318403230646,4.555974214370049,22.552803182221087
1,0,0.8521999880978853,26.188603009096006,28.132112714369462,1.9713723317458423,0,0,0,0.14860490829179812,0.7575175675439108,0.7800108485318527,1,20.107600886121926,1,1,7.81080648472053,3.081548231303225,0,35.69444996737711,1.6724401905204191,2,-1.113693427623578,1.3348938065167284,2,79.25825999190398,6.809471996722285,-6.228514190198423,3.535038188759927,38.94237435277704
1,0,-0.54585529370621,26.7672292828598,30.389683443362024,1.6115899990208928,0,0,1,0.14749037456747233,-2.929898746381888,0.6142639098764653,1,24.787787839130587,3,1,0.32946111989882176,1.4471475244565482,1,42.11687069112325,1.5694190543952482,2,0.04322391358578543,-0.05099995444311271,2,73.50988646933874,10.811621931645217,-1.989204024137587,1.7498357125762665,43.818528351851356
1,0,0.8210020165235599,51.27487822723186,4.124800543310436,1.3667052975835827,1,1,0,0.5529086893662141,1.9987377004857025,0.8830358181694816,1,21.437370963753544,3,1,-1.169340826394139,0.4372396048930279,0,43.55985875617406,1.24325648002981,0,-1.4265799572177684,-0.712104921184063,4,91.64925016648144,12.15060199807819,-7.378599427475606,3.646867230391828,26.09616393198347
1,2,-0.47986169743767515,60.23351976968933,44.112324316031085,3.128377242071052,1,0,0,0.8473622142233633,-0.24014791806309363,0.5504640784066032,1,19.511553563379024,3,0,9.850648519748827,10.599927025468252,1,53.622020891387436,1.8996090366780543,0,0.6563894113479826,-0.4966150333023587,2,63.000626733614986,33.9105482030088,-5.250846617012318,24.06426475978035,39.00281203212582
1,0,1.3416025742352278,51.184433454261125,12.472663312739318,1.7124176420242467,1,0,0,0.4757051634040429,0.13786030946991787,0.21435244451076374,1,23.18605945904316,3,1,-6.068591116806025,1.1838027866926437,0,4.0550412836315886,1.2126250731698551,0,-0.9150980150423276,-0.7548798030557617,2,82.78043223990889,10.720652262517099,-4.3335754323346425,11.410091577481825,36.8314508915494
0,1,-1.1033683938204555,50.04453451305615,80.56826771952386,2.931375163299173,1,1,1,0.6280630030040837,0.9681462276474408,0.4761209336532466,0,40.012855150621014,1,0,6.651161611157178,2.7103444870719464,1,76.72079312562408,4.0349729959050125,0,0.7799901763105154,-0.572717203777555,0,39.96399279553394,26.352667344720487,-0.5218696895916572,37.574351607233936,50.38357216557472
1,0,-0.7184644565484742,67.81845668139908,3.698068809457106,1.808840639948341,1,0,0,0.9765469420274508,1.653702218904241,0.33593010994647865,1,30.724235491828708,3,1,-4.673817700197151,3.548644428734432,1,62.148773332498486,0.9360221896815557,2,0.10806204555898928,-0.09342340111504893,4,90.77761778462002,12.57166796086029,-8.147466252686085,27.27556795790347,60.66604955966733
1,1,2.181113872728514,65.16034411688942,7.6747983544971365,2.297617020167439,1,0,0,0.8053429471662583,0.605563621372558,0.00691969167578782,1,18.343351376326076,2,1,8.425985156820207,8.691737544180015,0,37.718068409938525,1.027850465247633,0,-1.8069309291586624,-0.27700389217401683,3,90.84345681646337,21.072464612580646,-6.772306562121435,28.094861299496692,30.41789538485586
1,0,-0.3743986709102735,45.20538880484904,26.374783737883256,1.717525663566768,1,1,0,0.61365378577627,-0.22161680544276155,0.010468989116329652,0,20.089856019700076,3,0,3.8235974278265257,5.6421382393005395,1,69.85507201519869,2.0871475296267303,1,-0.4324233269578158,-0.4512569810007209,2,67.67719092163321,6.185369831533121,0.20656601168827216,18.793225188359305,55.929404614380374
0,1,-0.11153169282382366,36.132584321634226,67.08361539187763,2.0964833777056877,0,0,1,0.20938543702728363,-0.13942202502410855,0.7118487740099215,1,24.70183099074461,1,0,-6.6574464587852145,3.3297365030051034,1,21.381127217227718,2.5990108879828266,0,-0.32759534265366386,0.5723878655749652,1,50.52353866141273,12.892556397224624,-3.864433153251988,13.403982077717004,45.26426691703388
1,1,-0.8995214080557258,57.83113888451183,38.07361262309866,1.626391131638255,1,1,0,0.8267317262549816,-0.29503237423049666,0.5639354523947231,0,32.02549006355235,1,1,2.1981128066400775,4.090328614151129,1,67.75237999991128,2.256586744645458,0,0.22047767978199573,-4.6484926235675625e-05,2,61.806751051250906,11.659326015460312,-2.4620916466824916,19.866008381115424,56.619892226997734
1,0,0.5743109996825296,57.84142511374313,5.193936617059963,2.4451185861861857,1,1,0,0.7586785804334387,-0.02021805127470681,0.5048227161455268,0,21.21735582150034,0,1,7.002854028048468,3.210489962738913,0,50.555561654353596,1.1587890500261313,1,-0.3159547063777108,-0.6020942475463275,2,88.72686564655328,13.790406570971632,-5.678918304617627,6.096865865553092,33.273086003772576
1,0,-0.1867032923536221,50.192050256016294,15.579827403300689,1.3977289279427463,1,1,0,0.6112280729838385,0.15911100508191467,0.134398421001577,1,21.80368344988979,0,1,-1.3888721539984026,1.6508925334567548,0,34.19815016638739,1.4914999324082328,0,-0.6808857658266456,-0.006488470006609583,1,78.33109254501774,8.363107823952236,1.6450167199924124,10.670049776421662,41.972022802216294
1,1,0.582235895247344,65.11626601242517,18.573699362990588,2.283755905813592,1,1,0,0.9114539076513004,0.2516047433656791,0.4496285814356975,1,25.99024137334082,2,1,-6.107089581033119,3.2553484026484063,0,71.03820480494211,1.6296978991406597,1,-0.5514391186742408,0.0788602132628067,2,75.54893019147147,11.31802294980751,-1.6173625853190092,22.049921489962667,59.86769834792894
0,0,0.2896468890879438,63.38811468218407,16.756636557706706,0.9954713553935146,1,0,0,0.8725788935774195,-0.8239912952921186,0.4730850048237102,0,19.950059826825957,2,1,6.673600050064238,0.5232063108981605,0,69.64671656007197,1.4284502510918087,0,-0.8609051702185548,0.2652499002129552,0,75.78894865670414,10.063222548029893,-0.789125834105338,14.158511431438674,54.12422277225902
1,0,0.44673342106976033,23.484718778288943,38.53411930335807,3.8134283686245447,0,0,1,0.2571261416110152,-0.5324370564550056,0.3996141133805036,1,18.90274509421588,2,1,3.5228716508340483,1.337852905657057,0,44.032074453785725,1.6578229621352236,0,-0.11215545926082011,1.5850761611416209,1,74.38827096419348,29.17287490551454,-5.008260669434103,4.924806305636757,20.858352462150894
1,0,-0.6213361711407582,53.65840481692891,49.302065713949325,1.8127149482822966,1,1,0,0.7337943481041076,2.140189587367656,0.47880323675108466,1,22.294427772199747,3,0,-7.048609772891363,1.8555462497380224,1,7.8740694537318,2.3632768110248867,0,0.48838422189464026,-0.7774995016390082,3,56.58340139891198,18.135478002624225,-6.134319823216556,39.91983595260342,54.000627613747014
0,1,0.37309382774324246,48.09084006242677,56.54329312717748,1.953738645401656,1,0,0,0.4411321116416528,0.29404616070349504,0.7756207364247147,1,23.74989511732199,2,0,-4.527299412947077,2.743808789927913,0,35.056733938968165,2.429626114360979,0,-1.062445523774384,0.8682685050903092,1,53.604237535004096,12.938299001014888,-0.8095999749583438,12.042094945013716,46.32660749444537
1,2,-1.693756089050354,53.79051079869338,63.99851630826623,2.315904276702193,1,0,0,0.8573539189125418,0.13788068540891837,0.21570011695749852,1,36.70429557715806,2,0,9.641816833183782,9.414215573943238,1,22.92249398481563,2.3525491552067623,1,0.7848858334928568,1.371976830654736,2,60.362089090990025,23.407399303839856,-4.018069307251647,34.55531340022025,68.0860192590873
1,1,-1.0468341041925289,50.66270833350995,46.8038476832125,1.4026846062292027,1,1,0,0.7090360185556837,-1.9171919503377357,0.5742378167565737,0,29.717611339961767,1,0,6.551963933319346,2.2996564693695416,1,60.22085227439888,2.3013534806265112,0,-0.0449214609074601,-0.21418814377049747,2,60.61024686694868,4.507716346835777,-2.2807272254343385,23.115585693925826,62.666859147004985
0,1,-1.3004662369711402,23.708894127945495,80.76594138844897,5.470563400424488,0,1,2,0.1857660083888037,-0.6434706125145699,0.15332697459199807,0,72.78088588789295,0,0,2.108659695746981,2.399290101304378,1,60.16385581644214,7.941360523498174,0,1.475894329208232,-0.33870822588760746,0,9.748508579403664,36.26116012957088,9.290179427289857,16.655187982330105,40.778565192150296
1,2,0.3097145941825733,40.198577205967496,84.1374001907099,1.7830493126093376,0,0,1,0.24903786603437916,-0.8384298389660448,0.8709395425587187,1,33.74380512110309,1,1,8.532590702626099,6.183567897082675,1,0.3836191951234147,2.4494603335362424,0,-0.14310257517026587,3.4569033620263,3,44.851932281550376,9.606963129821931,-8.180422120923051,35.19499444660596,37.20543306507379
0,0,0.17174142372804133,42.59106008473064,49.44243551609259,2.3261911209454227,0,0,1,0.355910880584641,0.4708885900776802,0.3505893232345241,1,22.601616227161717,2,0,7.100912365816345,2.2909357196460802,0,76.38017775160927,2.259951623692638,1,-1.1387099453412872,-0.7189759669372263,0,56.95700811149259,15.243355102982687,-0.21954444403004558,15.962917251013934,35.417048457568264
1,0,0.3963868579016335,40.37582157546272,21.075203665197055,1.636578577511021,0,0,0,0.274705545066483,0.6538458465529202,0.5030250064863437,1,23.248607176677368,1,1,-7.869558151658113,2.2495073773235466,0,30.505801554968418,1.3607049249900631,1,1.1528041207649868,0.895808632009397,2,80.83106645091722,13.222059757658302,-5.889281589813527,10.338151369071014,36.72275479008489
1,0,-1.1686004881541336,64.76892534457701,28.194078053584537,1.9319591165903933,1,0,0,0.9688998662479098,0.7061444160791237,0.6265844659540197,1,21.377350397428742,2,0,-1.0735918422836743,0.7622416109841049,1,17.307816954491614,1.619265792258668,2,0.6273207332037841,0.19921815188279177,1,74.49433605555465,25.395447031710937,-5.450944324591378,33.65169749684388,69.99997918533444
0,2,1.4294237968015293,60.65462959519796,51.416598443908754,1.661526393812632,1,1,0,0.6203060274621355,-0.14803050050394198,0.32272862172648786,0,26.149213502594534,0,1,-5.955587582348802,6.676798274157202,0,36.17748855808421,2.855565454484913,1,-1.2855811586661325,-0.0915603563571272,0,43.01733386573158,11.126845452198273,5.5958048509771,18.555191688364012,53.051993871592444
0,1,-1.3275856285939251,44.81345459763204,88.23658373998632,2.868454795729249,1,1,1,0.5074032827296001,-0.05297018815076335,0.5446993583196414,0,61.781566484617926,0,0,-4.78036421247075,4.331745780431434,1,60.92333197734991,5.868394187425582,0,0.8114835160289812,-0.6807300663121717,0,4.955153852812938,21.62949755018979,2.9146338297882437,27.697878337573734,52.03676207265093
0,1,0.4685737526801068,47.48238114386524,73.17222642143194,1.5201065412403678,1,0,1,0.45045321611303224,1.515410770958162,0.7598253644242277,1,34.46167931805802,0,1,-3.1682385072871053,2.271396938694689,0,24.824212175884167,2.9816289749718763,0,-1.8412807812646443,-0.6083102125181112,2,40.949592403661065,11.130461014067086,0.7556356086101417,28.77099657854588,26.68199276108232
1,0,2.4583999823477223,61.58481061366861,0.34580553425296867,0.9705004044873281,0,0,0,0.5227360145307096,-0.4944311922091195,0.08077608517957224,1,20.382220002246136,3,1,9.515067369764129,0.2736451451317036,0,70.62731306244247,0.6066975682749642,2,-2.0560319931414544,0.28940369821156176,2,97.44580679033523,9.499325312227015,-4.843779955290458,1.0547497392188965,63.058646677407296
0,1,-1.6811697728896053,35.88913036098769,27.577254206308687,1.1404417146666581,1,1,0,0.36947905484943633,0.4872847423730266,0.08592541934629983,0,20.300118228723125,0,1,9.20750349741241,1.9928424695935676,1,69.96189730997074,2.742663662314467,1,0.24799971659201545,-1.3725750500048934,0,56.561430543195634,8.563302152572732,5.302538151063128,6.982825437561253,63.78700482019532
1,2,-0.6657887608438657,60.663855244467655,65.8851507258512,2.469970410429729,1,1,0,0.7965938090284774,-1.4449818044687668,0.49571573344999353,0,23.769877920879136,0,0,-5.4383873543189285,7.890795661138156,0,60.93107658525061,2.860876759858713,0,0.9011763589401124,0.14141260897568592,1,42.929412786999244,15.69254553425321,-0.10367426852863026,35.01741547705312,44.77185041827231
1,1,-1.6787215023312492,56.44202332545926,25.17401051805117,0.9376054466424574,1,0,0,0.9160599706271346,1.3993533049270297,0.6395091287621381,1,18.42648916615616,2,1,-7.03616278518468,4.726681660919959,1,44.07809916778067,1.3637016997415667,2,0.38203246988249834,2.092347623083361,2,80.98249526405522,14.051453291283655,-7.164176224872465,13.054272350838541,65.69177056003737
1,0,0.9214246472324156,49.319510249066965,62.44437111092709,1.709519400120117,0,1,1,0.4023941091114553,0.7086947088573233,0.4737829629801949,0,31.506742735155242,2,1,4.602300444219786,1.4237915791342552,0,59.11220479488826,2.9240863738080125,1,-1.0332421705644825,-0.39970410445547344,1,46.54176077720828,13.892565346608901,-2.4768889183676013,38.697690994830054,63.287759467528176
0,0,2.2791091933842864,49.02992706327595,61.20881617529257,2.1309404282098714,0,0,0,0.3874206398454847,-0.2104388685504764,0.4595027147738323,1,28.89928646685486,3,1,0.677411770028078,2.3366023707928414,0,3.1827940476583505,2.376663286018959,0,-1.8363689693194984,1.2612685524975353,0,72.50945677721194,9.030386219118638,-2.2260605863556986,28.471239640540542,60.01556787038314
1,1,-0.15221207167144024,38.68145067356406,50.05272899898983,1.5621847873784813,0,0,1,0.18945899972012747,-1.0140227718442525,0.4953201947111168,1,16.912684092051805,1,0,-5.758493995677894,3.226196988287635,1,51.46948390741322,2.40938343316436,2,1.3527234171875895,-0.6544526534248634,1,59.95384486535571,10.317692711510942,-4.353356827167825,22.37744407241964,31.26019790777943
1,0,1.132623924863961,32.47995854967232,58.393490762534064,2.2879440964250586,0,1,1,0.4647841129602473,0.27276742092661493,0.31639377679955843,0,22.175869918268035,0,0,8.752558208683915,3.872008445739567,1,22.720796762656054,2.8520079351298384,0,-0.3961706187756837,6.4971739674236355,2,47.524908738297526,14.710487149182601,-2.59092790484363,22.708412001912706,49.32728010576355
0,1,-0.18957176629825143,33.68133156736913,59.8133942563317,1.9426688566389556,0,0,1,0.1923817549166869,-1.062715121452336,0.5236307800869379,0,20.997851609708327,0,0,0.9233137560821607,3.041518942144352,0,13.331715894909767,2.6604481399022912,0,0.24813885909300665,-0.10910122741229714,1,53.217337155982236,12.403896221318565,-0.4860304774606501,8.680263187323906,23.609814189346437
1,0,-0.4782831913956508,36.271155646217316,53.12978605539572,1.9711976476697484,0,0,1,0.3133637303017298,-0.21006265311784325,0.3584150309715621,1,22.687333690168664,0,0,0.6641781347532429,3.1043258111440117,0,41.80957162200058,2.118918478831935,0,0.6720981349505609,-0.48634842348889024,2,57.88398093253764,14.45163073387084,2.3977497129948038,22.53781746592486,23.837777521744357
1,0,-0.016655362704195095,29.935729568733628,35.650282885782815,2.020476284176505,0,0,1,0.24766778469743678,-0.5218880248933757,0.3487031690463811,0,20.574954121863964,3,0,4.837771282840354,2.2066722285485283,1,39.702837955024094,1.6349713929267229,1,0.1977155899622448,0.3662527716901857,1,71.25006164304787,11.964135615568981,-3.5471147251344295,6.070661253304463,23.670110604192743
1,1,-0.5627170401407858,28.374209662169754,10.07998169641326,2.2442808601002318,0,1,0,0.1994126742424152,0.682640288488486,0.0033324768238030544,0,28.94039588485836,0,0,-9.128316402924078,1.449475137032469,1,1.3914800157783658,2.3144979748239245,0,0.24120658154484673,-0.3772895398086163,1,67.93461659286871,18.33053663259218,4.826177034570854,9.767804494017582,66.57315461686056
0,0,-1.003326894711708,18.524405408301945,73.12190711213667,5.847251320442401,0,1,2,0.06734989377135925,1.0046176532168343,0.1794215300626963,0,62.61298074056686,0,0,7.611389344940449,1.1554551891544178,1,18.48904740242103,5.3199232483746774,0,0.7780116935659895,-0.41403254192413647,0,18.799553966114313,37.266564563867064,6.220022752990658,15.202396377664694,37.19417864798253
1,0,0.4943943095299993,38.234584026989715,33.22587521950293,2.017379770690101,0,0,1,0.20266417031779516,-0.1320935304073568,0.06266722047081758,0,33.99972556145924,2,1,-6.1935129527826485,1.3493271633545412,1,17.99600023998845,1.8565107765301534,2,-0.43291871538026133,0.1897552007053062,1,68.28965385703415,10.698884408319644,-4.136104490384021,35.29336737113653,46.97638845022141
1,1,0.23101246125425945,50.57000589427636,40.952706265016985,1.2763410730359084,1,0,0,0.498170882857093,1.1946256580097983,0.5216291306095255,0,26.778860639604165,2,1,-5.431629522041666,4.686613711913356,0,12.625841172535598,2.0400006153449195,0,0.10831227249239919,-0.17513794615586037,2,68.05316014348004,11.764709074061523,-5.099926460757889,25.832933781312004,37.23518944085805
0,1,-0.8322186092907115,23.663776206900504,51.80687976375883,2.748289591632818,0,1,1,0.09100599391106529,-0.4271829553546333,0.1213078472135396,0,56.42270843109933,0,1,-4.853202124047544,1.1112220936974226,1,37.66771134912625,4.538766220884875,0,1.0347569403859502,-0.15554907364368883,0,28.600495845140994,24.070127085574082,8.212871661370663,11.869960881956017,30.580404341424753
1,2,0.0797322561057867,59.60143208373461,50.28895016624736,2.0387321833653305,1,0,0,0.7252778419052055,-0.6962049030455337,0.6264370134480294,1,20.326975198735006,0,0,-4.516429062904232,7.071211470148055,0,43.28085222942467,1.9767518518692946,0,0.3395198735565593,0.5380495863557274,2,64.21977884321133,11.58682835185451,-5.174474750652415,26.104018341187675,30.14475069415095
1,0,0.40978048647083126,30.077409207057723,58.70924321803378,4.7112650661358435,0,0,1,0.16477310763373598,0.3724320289354546,0.9654649363484202,1,21.92981587646738,4,1,-7.592151815826202,0.8262295132938423,0,25.10022452848795,2.3073958816181417,1,0.8763903643096023,-0.8408835023493804,2,70.82527758669946,18.591535210012463,-4.85140857622773,6.4219881202137525,21.098141611927197
1,0,0.613804997380119,22.93724603813032,90.099783699867,21.79262368138404,0,1,2,0.16194592916558564,0.9923568079475832,0.6691038051774572,0,75.9375152027329,3,0,-3.7720527371575923,4.252497497235161,0,57.91328337066823,8.627506053026856,2,1.5545097970389317,-0.18627019358735633,2,7.071012840314167,39.708413911970666,6.62206242952205,33.151728097332786,25.377101248857375
1,2,0.439376167251895,65.6408263025906,67.67213803017934,2.3614974493826044,1,0,0,0.8516574623590252,0.9718956083835961,0.1806342130160115,1,21.320099597353256,2,1,9.685701700241886,11.93199782054163,0,66.50409122535191,2.02978679726339,0,-0.5896535382374297,2.3961260747947937,2,58.56375698066225,11.213990021220122,-5.616033791494321,25.929869437877127,40.83203570049733
0,0,-0.010024885033580903,27.196718165552277,69.09358784715688,1.8544408876538263,0,0,2,0.2576427135345608,-0.4385209883058764,0.6763817656501122,1,18.98630299507666,2,1,3.5227665110897632,3.0791021862699233,1,42.61329151702291,2.723813017348893,1,-0.20822084827273227,-0.31503341796603146,0,48.00781678912857,11.714621969658959,-2.1924481182009927,15.820544871522637,37.243942692450595
0,1,-2.8022852514615137,31.819382595316966,84.92356834136035,1.9986884307418777,1,1,1,0.5096982349569819,-0.23550771781166813,0.1457782077668332,0,77.25256959169268,0,0,1.25567591995663,3.604069695666328,1,5.984284563128797,11.036643877455734,1,1.4578631483899032,0.12708606485582322,0,4.047314224674175,27.13713079243039,9.685379990924623,29.744102341147844,67.44398831092064
1,0,0.19998588475743634,43.77083571984575,45.37058856429621,1.8724504395495294,0,0,0,0.41833579268709364,2.0267626532771037,0.3984583161085685,1,20.520318603211503,3,0,-0.6727135173796999,3.496298112096421,0,43.94183197235603,2.0027589070291567,1,-0.26382664884258117,-2.2815840711150006,2,66.18444081359813,10.650914208587686,-5.579056063275379,32.65599614891072,23.337530782814902
0,0,-1.6361775617410956,25.729240455681687,38.44897306746409,3.4617711554332646,0,1,1,0.09775626994341641,-2.132913495162281,0.4399694398468788,0,19.819810396408506,0,0,-3.382300735873822,0.6053518231064755,0,79.85307640423335,1.9078138090688315,0,1.290362427913224,-0.5846160671239348,1,61.94010897783541,31.50804780395509,-0.8383616410221961,5.947249224458631,56.479490337065215
1,1,-0.4023659845341006,68.21135502146566,2.3651985183384685,2.133878858122993,1,0,0,0.9906226739030644,1.3322835973105687,0.22789500793685613,1,27.126063348926095,3,0,-7.167496926729139,3.1077682081708256,0,44.86103505610573,0.8703059778324944,2,-0.3155725075339884,0.285815459791573,4,95.11661763209878,12.800058941468283,-7.497681656870446,21.66630210458741,40.29774599221495
1,0,1.9664330798133443,66.78456748236357,2.905792095324439,1.804707570285935,1,0,0,0.9836921314717466,0.16164455598508018,0.4361723342325356,1,31.421240371137536,3,1,-7.905086865090776,1.9646633557871904,0,21.49853777675601,0.8600184639136755,2,-1.515140741733611,-0.02988285660729779,4,93.23170303822327,14.739504924121372,-7.523325921879058,16.281591851248397,41.190140563840764
0,1,-1.1622483601336773,29.188190464671905,61.285335986618364,3.9957632312637075,0,1,1,0.21132294415603764,0.08527925494308468,0.315605962639792,0,52.38772713606518,0,0,-0.33429712553034463,1.6872749027695273,1,28.280463373665334,4.988561885463705,0,1.6481184732814984,0.40420997996873703,0,24.693278697344663,24.02752261711029,5.690727980064771,19.59421525957682,58.90105067751407
1,1,0.7056011626162854,65.65204455271302,13.481892317453752,1.7781439923927493,1,0,0,0.8761267905911876,-0.05653649307692756,0.23367529582544389,1,20.935012742123043,3,1,1.2202790341857277,3.3964789204387107,1,78.35854575525444,1.3446881770114303,2,-0.8082639674143005,1.0936590397457313,3,81.71502449940728,4.083500073828372,-6.104136678356186,32.206843648408146,51.04789049246928
0,0,-0.12471063740897756,30.962131072472054,42.953735725783595,2.02678666974348,0,0,1,0.21496423051297125,-0.5733105209703653,0.5646121087447519,1,22.548242200708273,2,1,-2.4444544197093165,2.2236826330274035,0,39.544531711378056,1.73612137550541,0,-0.21113761082379182,-0.41964793863910654,1,68.81592087390739,16.5549283568037,-2.545625258263428,6.549649601081942,27.345482843416942
1,2,0.0031989388142224053,39.11302291626847,43.66321748453022,1.8734425982176608,0,0,0,0.28224753008181236,2.8451363444979125,0.30159717741088954,1,21.969412356835694,2,0,-7.841820450625635,3.518758916459817,1,53.446385710486986,2.157867188491908,1,-0.33446083056973336,-0.7760860429209537,3,75.52520263795763,9.780055448409863,-4.901774351067751,28.859265779710906,20.091962851442418
0,0,-0.4745793850559195,40.40506727291771,75.75220497372636,1.54002121602349,1,1,1,0.41604237945178174,0.5903876498015336,0.8803374093369194,0,36.618699544397664,0,0,-9.877979313913832,1.5625055909150931,1,43.42092054962086,3.542977594561144,0,0.10699539221559605,-0.010485771007486933,0,47.18416556697728,8.071218692847587,3.2281308786950174,13.272716156225627,62.4049787783824
1,2,0.9225483554594411,68.376403414364,63.50693037544165,1.4064028364488355,1,0,0,0.9581186894209456,0.5749976784342602,0.6384886355772799,0,27.21416912494872,4,1,-9.370059479365555,9.806739632272004,0,57.43942316025383,2.6932502437777677,1,-1.1790685454550327,-1.2431662001362136,3,47.124550397015405,6.701523677163388,-2.7890025375952536,38.904752364902265,26.002238616301454
1,0,-0.5145331249662307,59.33736439692219,64.04627350179884,1.3389959928112387,1,0,0,0.8213924002872123,0.5562812404579014,0.6853565742493237,1,26.993160503521068,3,1,8.299986013437714,1.2624625554497155,1,76.90209037205088,2.164815375958556,2,-0.20323694455332325,-0.8308358461639531,4,49.99925911272741,10.123024082139388,-5.893432376845222,39.95952458756002,29.811593775235036
0,2,1.4338392228865493,60.81463163929822,71.78021179679982,1.8338282538014459,1,0,0,0.7069957006730443,-3.2412627515107055,0.5605732547431972,1,35.131554537310514,1,0,-1.3960106586338732,5.742312644036726,0,78.23529179047206,2.853069937427357,1,-0.6403667462286591,-0.47279659254800116,1,45.90493373931454,11.154611738823778,-1.338295087979139,37.08384327209642,38.639153789247274
1,1,-0.4549853685590542,69.87034734820534,0.018778694739018942,1.295614204734766,1,1,0,0.999915357036177,1.9807702813893189,0.11321069267945844,1,18.11282476892442,3,1,-6.157535599248708,2.515051291471595,0,70.40091820300758,0.5399009334509459,2,-0.3785650025357466,-0.10072719725420287,3,99.26471737686242,9.615662150565488,-5.0086913496549945,12.16667094716108,69.4700363470028
1,1,-0.2306522521774494,45.54936661685166,63.02012407160902,1.743892875891286,1,0,1,0.41889806145980146,0.3243199577410889,0.8911342484440878,1,25.994368776698472,3,0,-7.384915820742539,7.200417353106907,1,22.662398596752,2.5674340612267716,2,-0.038373262110420414,-0.5946872346573892,3,51.41541368373386,10.468765276815791,-5.002185885915358,17.43979260324376,47.719579077762525
1,2,-1.13876843378639,68.0093941168875,25.98511348179854,1.310769169106672,1,0,0,0.9858427631743614,0.25564717300220335,0.12531573692417375,1,32.57362847747164,3,0,-8.491753013542954,5.27160150807055,1,46.002091980854026,1.5273132685393571,2,-0.35509701176289843,0.429570926668989,3,79.17173592161866,10.150450420636169,-8.034396781370884,39.89594509293134,67.20773407268284
0,0,0.6785188075104712,28.587578678427356,91.49849758041114,2.993499378357154,0,1,2,0.21296342236157317,-0.051563018644318476,0.4930426236584136,0,74.34856464693203,0,1,-8.861706901757838,1.9223662258597856,1,17.633225741852204,8.086566125000203,1,0.12291597119541746,-0.28813077259643527,0,7.9776993602680255,16.034221855200023,8.426867168154992,36.414644266597094,51.23942556018636
0,0,-0.1326793811435621,62.716531363062074,28.576488742147642,1.5482422582769604,1,1,0,0.9383232869552287,0.7375403790474825,0.21831724300187288,0,26.189261306972668,2,1,-1.3474945716420645,2.3532496154749962,0,69.95644458463465,2.0505044591100896,0,-0.16016274967984478,-0.04085443469286766,0,68.23371477737902,10.982890650270118,1.966313545863061,7.942259901622268,36.58928884597236
1,0,-1.389876218454882,65.28095080848925,1.4015757382353666,1.4003322106154144,1,1,0,0.9791782579105793,1.3898212509071282,0.7917042008648949,1,28.901849433976608,3,0,8.575410596540369,2.9285872196051,0,58.75214367514501,1.126008901076585,2,0.4031145747438014,0.5924646715851383,4,92.7895025322061,10.668165085666825,-7.265783800807686,2.030115545516853,40.1534556439611
0,1,0.2796887533285186,20.855733287480003,87.94570218903041,6.858165259650213,0,1,2,0.20603605446588485,-1.354865028418704,0.6966830012646574,0,62.78476503991109,0,0,6.294639159613627,2.670610622491177,1,9.007829682842683,5.090681623410462,0,0.8678025797783093,0.34237749291815683,0,15.629663413454885,35.49565669513268,4.837618694618531,11.23181973801189,31.78405750708741
1,2,-2.4802980950614852,66.5972707259574,42.644247982429306,1.9443367031760954,1,1,0,0.9960852597843846,0.8762041215595431,0.11542157488156946,1,19.593637825797195,0,0,-4.176859722168684,14.878895375438628,1,65.18681773396486,2.136316936738493,0,1.586076198667224,0.5292283621555911,1,54.78809953595071,26.0556075719663,-1.830833799997663,32.15577235227219,60.48686576459474
1,0,-0.8124667545963489,38.947279550830075,2.5891239009604328,3.2052705959456556,1,0,0,0.40951383083450443,-0.12711661078200734,0.1921344441720122,1,27.448278896011846,2,0,5.083287481549718,2.1254091636333547,1,23.507083968118888,0.825495125940559,0,0.5072191711245143,1.374823998650284,3,95.31854663718431,25.972233972857815,-6.28835482236925,3.6554457504915505,48.33455013904509
1,0,0.07613278651755753,69.72849534094232,0.28652535649652533,1.8563326337384127,1,0,0,0.9985221948800576,1.0014440504346087,0.177487826729139,1,20.89701018480719,4,1,3.334324067475066,2.0131361566671973,0,20.424457775323816,0.6798014297254629,2,-0.33543661215357856,0.2532910405703864,4,99.36097007811944,8.007370028175686,-8.788884077090493,26.278658009310828,69.65672413678558
0,0,-0.5286175391036728,21.381215460753776,75.38029333267123,11.874464250987739,0,1,2,0.15235103942428707,-0.880000306542049,0.3883629390052508,0,59.44395128877717,0,0,9.796692862901018,0.6104504651504552,0,51.14512745911429,5.69373860791069,0,1.2951928805489206,-1.420687810028638,1,19.912290852358964,38.44640073374705,7.221514941881658,22.119687517879704,21.040134004120965
0,0,-0.580783060588257,33.74934128704036,68.87204632192542,3.198788306701088,0,0,1,0.20162277477788654,-0.2609350837064305,0.9953737371448845,1,21.705605309900417,0,0,2.352195835771475,1.2265022450718432,0,52.898524180759665,2.2961189340493693,0,0.5124645917450651,1.0399037140039784,0,50.51140231593014,27.16492870992255,-1.28659916128953,6.534110056356653,37.000880175510396
0,0,0.7289177700886061,31.834123611890227,60.33107271340368,2.0121502277518593,0,1,1,0.22184521375318894,-0.07811513033691031,0.537867606478597,0,29.103055645763813,1,0,-6.280492193723797,2.5649839314724843,0,32.40548892898503,2.3631013073795306,1,-0.4786162804183908,-2.7225025247521724,0,51.55076141156558,10.893645043250695,0.8450726018772983,11.568663797354313,39.76464419090266
0,1,-0.20563648950971586,34.88851239363553,69.57454844918973,1.9392477097196903,0,1,1,0.406542850918687,0.007525562685881654,0.3766218891358649,0,26.70464376251776,1,0,-7.36759368615341,2.580709064491395,0,8.934987674530536,2.516130420354396,2,0.15739246471274554,0.20711465574262927,1,35.513195494558644,14.053954176225453,-1.9069282763233453,28.677819648805926,30.858328594591093
1,2,0.0312758736416842,69.88286572669148,12.290129271084588,5.624556609654985,1,1,0,0.9997847624957215,-0.39586620475718154,0.6775308546384334,0,28.322846066361134,1,1,6.407922295978192,6.954115370400054,0,55.418823838911976,1.9240396610557804,0,0.9308261213014448,0.2965093541043471,3,78.44628561905522,32.160306879018066,-0.2499954538399365,23.083662316757596,69.98598000471515
1,2,-0.37896256714180604,68.61828991930597,19.826066297448335,1.4880415467773236,1,1,0,0.991478620343875,0.09008762271112013,0.3222618137766812,0,20.618302347844217,1,1,2.671450213712763,4.134541470641585,0,78.85681841335878,1.8539592749243192,2,-0.37122211058767607,0.4109731052890674,2,73.75892852857653,19.88319453903693,-3.9165719754744117,26.83804953451571,36.42091675396985
1,1,1.1328169184297976,59.31619820731176,1.4263419542926703,2.511918272949432,1,0,0,0.7067113524175062,0.5645875738427818,0.3417898716745995,1,21.40881832333635,3,1,2.6521495459100297,1.196355706966575,1,39.8574830150901,0.8724836725178937,2,-1.582602561049772,1.9419630897838618,4,96.3988617176401,7.468008937444521,-5.898161627935959,3.8054710456279506,38.11979501920242
1,0,-0.48889948445913667,55.22411651762341,11.911777307225968,1.528825689206872,1,0,0,0.7614618022156525,1.5851555294340725,0.5179291370730034,1,20.894628920280095,2,1,7.773116412588671,4.4796050656848845,1,57.60164649101153,1.3210621577790873,1,-0.12877924818160774,0.2603356959230167,3,82.96193340797277,17.407255173232137,-5.0114723683464835,4.953937964009311,40.63063763970194
0,1,-0.44028708709502096,40.07313867024425,68.16108112397032,2.92591737390932,0,0,1,0.33501815905152954,-0.3161612220521178,0.5001004068861662,1,31.098044670700943,1,0,-6.545031479962891,4.81299119651539,0,31.049907842167404,2.685951596067525,0,0.13934423817711108,-1.2001264801694596,0,46.955484658052136,22.429308418894138,-1.9783258934341728,20.45477401954838,31.73793384287292
1,0,-0.3569832502843203,45.377020957179596,71.62407245999458,1.9729580061798264,1,1,1,0.43765010881722843,1.3535494652098026,0.3689957312758838,0,33.73328712233666,2,0,-8.426183760196883,3.3814364838932804,0,36.34041158121947,3.3693885076133587,0,-0.05559406996805648,-0.1703651490500504,1,39.09370488843509,10.308477842266734,-3.7150825897264816,37.44058055190778,26.632652416285204
0,0,0.9066985186358004,35.55116240896446,65.87709957075054,2.660259073694147,0,1,1,0.20292105000259625,0.4773899616029369,0.650308066491189,0,32.60199480484562,0,1,0.858978863448197,3.2080862405229844,0,52.98963044400513,3.0464227365142684,0,-0.43374614312939797,0.4496360932504032,0,37.581691410929174,12.167748400641694,3.6267327503287454,10.641842562306847,46.377186723945094
1,2,1.7504459151826581,47.75338858725969,71.18008921546392,2.8303870005538103,0,0,0,0.298449111171001,-1.2103098236396848,0.9886696732733169,1,20.35755911680627,2,1,5.520043373403961,3.990915027596687,1,17.28377466866403,2.4834295058915754,1,-0.4385470442433471,1.4624466788899817,2,49.910225262326676,5.400271412719706,-6.714255640673034,13.623137773542794,44.29733869281971
1,1,0.593579240305302,45.45302052705372,40.67943165865936,2.0691172354782097,0,1,0,0.420503426358112,0.12345658579166485,0.49548454330900443,0,23.45172984550622,1,0,-0.5354677722942434,8.463698670073116,0,33.41907311053971,2.254311971354898,2,-0.592011070465234,-0.5881700838160272,2,62.667657127298185,10.392633353935183,-3.1593538261005616,3.694452562438131,30.936637554513226
1,0,0.15609961325140337,33.95797159631747,13.789177806934545,1.900759766495827,0,0,0,0.1703995718817506,1.898818276418214,0.07525670798087464,1,23.10348122225313,3,1,-7.685482135865984,2.3445264359593674,1,79.35661395155287,1.2854317337738241,0,-0.5754195275212994,-1.002125520709716,2,84.0883604040769,3.844988953958426,-5.894174290766245,6.581093142711792,24.027427210364113
0,0,-0.028765642717833682,26.512467402634396,95.30875745561221,14.465073217678844,0,1,2,0.13664315354907836,0.493528185439398,0.5076119433322245,0,73.07358415357938,1,1,-3.099511746060669,2.147403613855089,0,10.872119657203472,7.507658300007458,0,0.714662411261838,-0.4346983940357983,0,6.55457797207713,38.90868701971288,6.180492582959701,39.44225986191305,34.741517430922265
0,0,0.23943444148676277,25.555614467770923,60.33417875944514,1.588575964035423,1,1,1,0.292731054146381,-0.6096014525681838,0.3705372560335769,0,31.25972064499562,0,1,3.9916293549157977,3.1883835967573355,1,7.071080691695797,3.1965741388028053,1,-0.010461253686570263,0.23888828812911478,0,18.490025304999786,16.32640453047649,1.9022274447519845,5.055860674273962,23.56797702344733
1,0,0.156617081818442,34.25817994968888,66.36440977505053,3.3711806410781686,0,0,2,0.2171012154080007,-2.25678315331483,0.6797022343766225,1,17.638809875087333,3,1,8.647906920221192,1.2547844922968938,1,66.32641379066527,2.2062035589525126,0,0.3759776346800216,2.112854247487989,1,56.03525958786667,20.41954929389805,-6.433352943135132,35.90947550124121,31.652964396132532
0,2,0.15642288658032902,32.977805112756485,78.90691078239142,4.10324971613292,0,0,2,0.2842301291261717,-3.5134047998057114,0.29057096130431037,0,42.519852611775434,0,1,2.7528363810985397,8.514844645984052,0,5.39093847437393,3.4187088945923665,0,0.6169965170813766,0.19941608856905516,0,37.387331836252145,24.099728529575835,-0.36908300810254957,21.136500070152252,25.46997595627706
1,1,-1.3389734292276891,62.25355559593898,41.869850426710244,2.043610921337839,1,0,0,0.9091415788216746,1.5502819461701554,0.37597421882894855,1,20.66007777057743,1,1,9.96719913108008,7.2492667306787535,0,77.40546239156005,1.9225404520207054,0,1.5081589030095892,1.7720946393917938,1,71.57164942509976,20.836089776585148,-4.4613333600567495,20.721564471862326,47.59784719730547
1,2,0.31027528222813944,65.6041908112501,22.873293289733628,1.8640035456744093,1,0,0,0.9363710217720697,0.4173032909096369,0.46496190982236796,1,26.243160875300312,3,0,-0.032378643884726444,7.737469380314145,0,38.63642227192513,1.416424909579934,2,-0.10164171126760842,-0.565848664327322,3,79.99231286901922,5.3551379792803555,-7.882496569638112,33.67661450994531,21.837313019250814
1,0,-0.6542063439485203,34.62853527344456,87.87009577872368,3.150294537080828,0,0,1,0.21145119012556923,-1.2868461132774183,0.5778056717110822,1,43.2385509622593,0,0,-4.697946773559812,1.7140794655091496,1,28.779456960361934,3.899506110876918,0,-0.20500122564149426,-0.15774504765190664,1,23.966406228424415,18.645759483033395,-3.063430657217296,39.660399534025395,43.02900300846826
1,0,0.39976132282440663,21.170169101843726,75.61474934762226,3.289215514583061,0,0,2,0.1746098747937212,1.6768047234115608,0.49640675470867995,1,30.116752058816154,2,0,-3.448703653619676,1.665605948548395,1,1.0009474155330134,2.473391403189625,1,0.419852218519537,1.039302459864387,2,49.28815600274618,18.48404242475045,-5.873059835870493,9.880998812126178,29.94932251270266
1,1,-0.08717736850520526,67.54276888626228,13.904336779022497,2.6599406828390673,1,0,0,0.9656156676178835,0.23088455210336076,0.5086270900512168,1,24.309046790894804,3,0,-5.944581607775362,6.896582916842416,0,44.34611904542084,1.270599907121297,2,0.04005734611710344,-0.06734096803616166,3,85.26484874364841,23.286413702162868,-8.51933308063485,25.515981880597,42.790896602330534
0,0,1.0557159429234384,19.756348110334898,96.23044234904867,54.598150033144236,0,1,2,0.08508716364878188,0.6642916242460994,0.3749858005868595,0,79.99997635567298,0,1,-5.63588934009468,2.3648502289670836,1,43.594784583336775,51.634744153068155,0,1.8687278822079885,-0.1515252320598151,0,0.010542164356708295,39.99942337895013,9.999915943409412,31.763781532132054,24.587261552408584
0,0,0.6637630593687902,42.72699431114124,60.647051751018125,2.605814748114176,0,1,1,0.3150303935279209,0.5905619768925422,0.62014259891788,0,33.3852728002765,0,0,5.153756339420736,2.157346443242477,0,36.08574222913184,3.6948901819523106,0,-0.20823104992065866,0.06689215835568738,0,38.53091268976978,12.135553636846929,5.729792692923642,7.667503888885645,59.694937718945155
1,0,0.04502568992682772,21.11312371213389,67.22519548686738,4.3788939992211535,0,1,2,0.11026640572849339,1.9870540909382746,0.725598990310641,1,27.688316074818733,0,0,4.029425670096355,2.751197058119615,1,15.242159799819422,2.6838584849347216,1,0.7491186895799855,0.8766015841372214,3,38.72988635992588,27.262181223302004,-5.370180847235245,17.38130243998447,22.943629313386314
0,0,1.825949641756438,42.052796024775546,79.73353421463952,2.429188106986213,0,0,1,0.3222429201761026,-0.44417725976606737,0.39709367055407385,1,30.01301049043537,0,1,9.97864815553061,3.0978418927673563,0,35.860468662572494,2.8536554481948517,0,-0.6990496938306824,2.459085019788528,1,22.951085930384284,9.97263970480995,-4.05355241190136,37.17958626124924,48.51215537509219
1,2,0.08295512300035149,34.763125202647984,69.37795648320531,3.5512696448095507,0,0,2,0.18116836612615045,-0.01270796542630518,0.6674716816898444,1,24.144207128337463,1,0,-6.630858473933828,3.773670736097208,1,44.35613407288824,3.1545901279496924,1,0.3638681239371112,-1.141677886949267,1,45.282526831894074,21.206091214429918,-3.4028374647966793,21.199971309730984,26.855588922561857
1,2,-0.5453365593234493,64.96856549169041,42.82141570630854,7.443562976711704,1,1,0,0.967066354246644,0.6381141251509753,0.4393032557906833,0,38.62881963991193,1,0,-1.5238719518677453,14.522674422086515,0,60.39475584543119,3.9069817930780757,2,1.976352532608082,0.4205081475821661,2,37.56555435008001,37.11539696111406,2.571399812565014,25.371536553419848,52.460337989343884
1,1,0.17869553778068947,29.720737965214745,52.67916847591408,1.4727275798669677,0,0,1,0.19770109162842653,0.4843035283666644,0.44781726515888437,1,23.55285245762259,2,0,-8.196593531555802,5.199521860576721,0,8.454938042451193,2.071508411041591,1,-0.9439367209034968,-0.24974728365385235,2,60.35770961051345,9.844752995887537,-2.7912697249236587,10.025355443082336,21.101580849137996
1,1,0.42365914989856523,63.47742252516569,33.77239452948437,4.836282892154608,1,0,0,0.8766058861619175,2.1344794149492587,0.3983727375552855,1,22.42424328024704,3,1,-2.998119499347913,2.8015429162259444,0,10.524879547856747,1.5593879083084612,0,0.2519768995378089,-0.9313304278145105,3,78.07560146970776,28.1387215929543,-7.289092728282841,39.34396510433572,24.045569200314596
1,1,0.013288355906261236,58.504152326541245,24.99188771777948,2.158873965499628,1,0,0,0.7641228771815448,-3.108720915086906,0.75388419424054,0,24.484864244486467,0,1,-4.7873529307919105,2.2734555800386613,0,19.869518195078296,1.8183729853993897,1,-0.09132373389891202,-0.18581635782746045,3,72.21220166652087,14.839944875055098,-4.450016709015692,6.705174066861868,51.342286567918194
1,0,0.09954255365782565,36.62696675499817,14.734466274604385,1.9600505543390994,0,1,0,0.22640626267064007,-0.9741570939435362,0.5255367870270647,0,27.191368828360414,2,1,-7.997154738731741,2.2770446999784597,0,22.70611618129516,1.5389595237383167,2,-0.6721119921315537,0.27708572454872565,3,77.93376453986336,4.797548844005373,-4.884221523083929,3.3950956833937584,22.810274915442605
1,0,-0.6393466844448407,45.98136475013199,8.862167100247948,1.2959619347903564,1,0,0,0.4408669721389458,0.7747270111758957,0.004736809303037881,1,26.544969873294963,0,1,5.545402694549161,2.9045361183474188,1,50.028419698244875,1.0484470916180397,1,0.5122535624527238,-0.2802578948462759,3,89.53938391305813,11.775737748017963,-7.245377335120985,26.56041437363013,55.56001108652766
0,0,0.3209320483874242,51.77652586382244,75.61912794387109,1.819336873903473,1,1,1,0.5156469139866798,-0.521465013569112,0.3887851516269849,1,38.81173500574392,3,0,-5.581755979556769,1.5899479949730717,0,3.471465453241507,3.1167847089742495,1,-0.5701913159567731,-0.10639331116120682,0,37.99124771952768,10.076991566850793,1.7269055592242584,38.318188937994734,68.7627038746283
1,1,1.5594617301790312,40.95520061541971,62.792981313239274,1.4741758833648566,0,0,1,0.2518160080888516,-0.15766581359145837,0.3618337906913336,1,16.963702470132223,2,1,3.7234026520204306,2.017816999275207,0,19.68709494637391,2.569627736098623,0,-1.0715900477458637,-0.20952656438895245,3,54.09691841528247,8.939046686771498,-5.722146785650911,39.406412880885085,23.893722109887868
0,0,-0.09942571134581328,27.198016181851685,39.50173026704205,1.8715928339436247,0,0,1,0.17132624825573045,-0.7473188406714902,0.49407076063126987,1,17.357087434272284,2,0,9.03527656391196,1.5324561800138292,1,35.36416087115919,2.00100924790908,1,0.1023852791614378,-0.42708611260023754,2,69.6954131469063,11.513525989599273,-2.4431903981596212,2.3692721483263157,35.04126377872849
0,0,0.18897906917263418,18.82932536956513,96.79325259738592,41.42215170491259,0,1,2,0.101580257553194,0.5540644385779526,0.5336208600158119,0,79.9861208842276,0,0,2.598321509837895,1.0611757854558084,1,46.0999225551689,24.702528205802825,0,2.0198378402940396,-0.8671542632441633,0,0.2204618747447873,39.99870722222776,9.96299551726106,33.05781883832842,27.091217021772266
1,0,0.802524822599588,50.83585047247648,34.858772771477256,1.124555765961558,1,0,0,0.4959667267281504,0.9757447337400752,0.8727866232926615,1,21.63323298512688,1,1,6.907855083522556,3.335946620758928,0,34.171858528203515,2.112098933764285,0,-1.39564675409691,-0.4869355172649948,1,64.19192139332891,9.973063388683922,-3.397818147864651,3.7692195862432776,32.13582205993159
1,0,0.3163258750658126,35.9400105436567,55.323316343455446,3.543998405440652,0,0,1,0.2933634201568986,1.0524660018973993,0.6760754407133366,1,24.359649272419333,3,0,1.9245933995380469,1.402758374180847,0,31.238518793491554,2.137128998575059,1,-0.2294324670179844,1.2998909691211638,3,64.41017364086723,22.094613120509937,-3.5044649086516895,24.85714751430296,33.43885445550414
0,1,-1.4433898986518237,36.67864496239676,89.9040738435697,9.45209545809652,1,1,2,0.4947703089962665,-0.10805130224233034,0.7559595962817653,0,79.7436373271036,0,0,-1.309578617756321,7.417329628776672,0,65.84371629331444,18.416498144536206,0,1.3293307703303567,-1.1456531397351106,0,1.5343810222394172,39.743058624602,9.904519850644888,15.91949375862729,35.31785103308414
0,0,0.05264360955511517,28.851015133900276,32.38754395692115,2.017653902449121,0,0,0,0.24151923062170733,-0.32474876404434355,0.17520993335861723,1,26.458628751086188,4,0,7.893789992744409,1.385383971407985,0,42.848296315531236,1.8086397821390527,0,-0.2618501021844023,-0.2587021311257095,0,60.21574864858316,7.993159894327273,-3.3312924017219085,12.778461991605457,27.024866341544676
1,0,0.5271567467128444,29.801813342538026,49.56276928903744,2.4674649541950155,0,0,1,0.23912297102030744,-1.441664035195489,0.3405297307466617,1,19.568087229810928,0,1,5.607527495311677,5.96584241956294,1,14.114403736224865,1.9980648559768754,1,-0.2767885404321806,-0.2859906081731473,0,60.132604282742975,8.041599441162635,-4.399752426604103,5.37892371544328,32.228968075338415
1,2,-0.5286670819836418,66.08733994820979,25.076951471101445,1.683856276169945,1,1,0,0.9497273983863137,-1.6642611530849716,0.8530880468451313,0,21.70503155392277,1,1,7.38859482645352,1.970296064931009,1,75.59059412261763,1.7750815147995358,0,-0.04524181575726181,0.8687299198044338,1,71.1887527640592,12.684152744611609,-1.9143173392528716,14.598312596653589,58.72342336760646
1,2,1.4165843620749219,66.68637108373287,8.491510578867706,3.112430517035147,1,1,0,0.9197035750413542,0.15828532752580093,0.22650250234599834,0,24.711304958686107,2,1,-1.9274256650977186,2.3581774374218822,0,26.07304847375378,1.2941653838129776,2,-0.7628028097493482,-0.18887120047653697,3,80.3855468991587,8.651029916143562,-4.368774933816515,19.743191340562188,44.27694090857176
1,1,-2.661491202260501,33.42714221408793,36.607585029295066,2.3636551717307484,1,1,1,0.5074472872189237,1.0775222325961618,0.2051966959706285,0,31.67676799633274,0,0,4.827718445266305,2.4898437975917567,1,56.59988288822745,1.9758300296276274,0,1.508048397545164,0.3551283691551787,2,64.33670159759359,29.137708186491874,-1.5631989599444491,13.437039090208227,57.51354908991514
0,1,2.035561717769538,23.067077793349533,93.18819677901186,11.452824671420561,0,1,2,0.13782077087276878,-3.8626479711152304,0.7900003202480426,0,77.99131037665107,0,1,-2.751520669210703,3.4197205158608206,0,5.07252776266224,11.32943225101672,0,-0.3206163915315668,-0.36035695818328023,0,3.369813168353719,31.594745850941543,9.569196230395477,7.784489025958066,31.032180250803385
0,0,-0.34227200682347925,30.625537239717353,49.96383271247224,2.321771390425433,0,1,1,0.3106826478006101,0.1466544981203378,0.0927049066635548,0,29.985003137899042,0,0,-5.139808723339766,5.560886733209266,1,49.865262354379766,3.5712991954631135,0,0.5338337630266938,-0.23495609532273598,0,41.58039598232423,11.290400276917811,5.0562207812536375,5.692372763573712,40.62343576992819
0,0,1.01461488392706,27.74081192907514,43.3016834732686,1.0769713880406744,0,1,1,0.24438005488977055,-0.2847539092176537,0.3632860415488006,0,35.14120769601705,0,1,-6.8509556044413165,1.6069410132520374,0,36.068924245631734,3.425839140083492,1,-1.5999146408846237,-0.5884415356706263,1,42.51562073995246,9.777254485732769,4.878276525031847,3.4084388830532086,35.9299780119639
0,1,0.42746661408058173,37.277432067737166,92.4096750751845,4.8519301965327735,1,1,2,0.38694905082837705,0.8373231598320124,0.9515486840766054,0,71.31838812396276,0,1,1.0888026455019926,4.024899090426902,0,11.743907037200177,5.687717294073522,0,0.38443082556830743,0.24708937484632768,0,16.65816343984417,28.23134247018635,3.5543840383030094,26.881614070810397,35.486785548353396
0,0,0.40639474488906596,44.241310684777424,14.83488360446511,2.497658554052569,0,1,0,0.3272747335181765,-0.788162646599866,0.0007127879114575686,0,37.78600640723826,0,1,-2.611048813076412,0.9448230995417686,0,7.834126050467449,2.341821896065383,0,-0.591195792911737,-0.10470255458990302,0,56.66378645317075,12.418347534451238,5.132260150552995,27.520570666168453,68.93504283441806
1,0,-0.2894763385628544,56.69463235736703,58.29424482293549,4.846070462934438,1,0,0,0.7917196131530883,0.1018046423624855,0.37632542349921283,1,18.951492342005402,0,0,2.432376128699186,3.1223898169182585,1,69.92433880757727,2.8289252858722427,1,0.6614664264845574,0.38922413040797815,3,44.59330119188266,30.902191561143724,-4.072201257340238,38.151892450426075,61.31267718978185
0,0,1.0970370209733822,24.95394438304006,41.47490092929672,2.7387586044340675,0,1,1,0.1737793602192942,1.142369529997486,0.24431396401906275,0,22.81177346927329,1,0,-3.8316361927030043,1.9519845317934565,0,12.695253513586557,2.6383534765851335,0,-0.7466757161144507,1.3830158519104165,0,47.404524116069716,13.466536952532833,5.35928654320241,2.2369824791212967,24.843219895539924
1,0,0.056229280664673635,49.447431882772264,59.13708016892103,1.2965917853703686,1,0,0,0.4563540153427614,-1.64744904945693,0.689816776314468,1,38.31391061113982,3,1,5.878292424409125,2.8324246326049662,0,68.6031593582058,2.361159409241654,0,-0.9022488246231406,0.82524898958889,2,56.888404044690176,13.075196302519373,-4.900636719064471,27.19725310012737,44.0156197502007
0,0,1.198136366188778,24.87090325813309,78.32768310092884,10.363122722721542,0,1,2,0.13746948533231174,0.9961158097846454,0.5917127468928182,0,77.83578802181833,1,1,2.235090932407136,0.718794726346028,0,48.03975777766853,12.306018910263193,0,0.40229498294001104,-0.5169601528243474,0,4.350235737661345,33.54553341088732,9.869591218247002,10.5918354413732,26.136602249467167
0,1,0.7928602002616106,65.71688685387836,39.07154855714112,2.320689429757769,1,0,0,0.8589576024990573,0.3942258453830192,0.6152117799282236,1,17.889148347100985,2,1,2.019735776405261,1.801765862174192,0,26.672998963383485,1.8479018217745249,0,-0.44156975369053014,0.021591867856834975,0,67.09878313418925,14.925359497802365,0.9582405930128708,21.117884404763274,42.13672477119075
1,1,-0.11854127068276259,39.246933571187284,49.49378620587164,6.4961142487818995,0,1,1,0.3058296951393822,0.6755049793113446,0.9709376507402088,1,20.316738810396338,3,0,7.1523457681464855,2.8063095666127413,1,7.254620513866832,2.742142536100953,2,0.6969105204102728,-0.8731023929218548,3,56.06037943983494,33.64275547369889,-5.294065851560119,8.951524318882697,35.837755151099955
1,0,0.07584654176725929,40.08935166917291,14.66755124379684,3.0742253083412745,0,0,0,0.2380325792110104,0.6885932894173477,0.32483804709170916,1,18.527615795778075,1,1,2.8433530314342548,0.36324401126727884,0,44.080121884023995,1.2548365422247207,0,0.0900930989262731,0.22473173631565715,2,84.8035456215061,20.155274947537546,-5.6638927580356455,19.511186157830167,27.038616849455458
0,1,1.0150489438881545,37.04944883135187,59.9062762561379,3.7820408828783036,0,1,1,0.23183761703677885,-0.8952802581934478,0.40130928044008984,0,47.94935511408401,0,0,4.380345486634942,3.435140915901284,0,68.05193794924863,4.304136638689502,0,-0.6322575274328968,-0.5874588696230504,0,28.40072024046274,14.200997499020556,6.033629792418008,8.750777436668596,24.698138730220755
0,0,0.3171052929318908,22.753488127148707,62.774632781907414,7.460127974169246,0,1,2,0.12483007696993836,-0.45385838021899144,0.32596509425716785,0,72.31911005867879,0,0,2.312834519621969,2.037027821676603,0,40.06667125450537,7.953617329546112,0,0.7523890438047629,-1.0827648024093515,0,10.390917295593344,35.358914077210095,9.295958096682174,3.181224324289056,23.898630132191805
1,0,-0.1678711425246992,28.861644910228954,39.50792280815645,2.1602982915990108,0,1,1,0.22193314920754026,1.0614231248413681,0.34176003661908916,0,23.561212970572395,0,0,2.8746714914299876,1.9095041877107135,0,35.65345592467373,2.2698490798477304,1,0.013383454863821767,-1.4404141076322028,2,57.76954674438281,11.198777243863107,1.5765175131766984,8.781266606191112,23.104733147433393
0,0,-1.1539231132849221,37.09578214283148,21.892660743684804,2.1998717871605327,1,1,0,0.3664720184552899,-0.3634207563066029,0.5943151269833619,0,26.172594926250696,1,0,0.7073133653517889,0.500662301288292,1,14.826396091197775,1.6681889460797215,1,0.8311704459146263,0.04363354955799563,0,70.88101215667282,18.433344117316064,1.792327680097829,2.433824563510485,37.12569172451413
0,0,0.30262343189819846,35.31797749753129,40.53919114066421,2.076354499668585,0,0,0,0.2648449554595234,-0.525343839805398,0.4432654555981694,1,32.24378722744821,1,0,9.997863227102979,0.676648233711068,0,62.96294738987156,1.5150429538590136,0,-0.4705667084622022,1.687861981235051,0,74.79633407627124,10.495769904062676,-1.992836223351258,8.630961295667403,34.209085683312225
1,1,-0.627702755760911,68.53553137883978,13.009982316995522,2.0649226501159896,1,1,0,0.9899802614545216,2.4348112248248905,0.2656273294855114,1,22.39623454166427,1,0,6.657645113602648,7.61637296664382,0,79.82619395808237,1.451442364001575,0,0.014296096235076288,-0.26506963271234063,3,82.34358597039602,18.18650467911613,-3.988001004603417,16.95961985393351,48.87258792858406
0,2,-0.2025942540135369,49.82493083361445,74.28384611529577,2.1939666767384973,1,1,1,0.5371553692575315,0.4816071023950895,0.26360986891111593,0,53.00995605720615,0,1,1.8045785825056786,13.113235305142423,1,53.98140807329591,4.2734357104089415,2,0.03466752233071022,0.052491157381178814,0,22.09626122479092,14.845899547310552,5.237393726149184,32.327143785908305,57.043422351351616
0,0,-1.490903596169413,28.6607784547099,85.05799945508276,2.6899069066724763,0,1,2,0.23503673719591583,-0.13669519914725012,0.22740218869156664,0,50.10029688432401,3,1,-7.608733753153199,4.3911807809184875,1,21.472978076194753,4.274981188434955,0,1.090215430356267,-0.659786932346967,1,27.109492103366385,28.45482618073143,0.1709930697654034,36.474750926915064,54.438223495389586
0,0,0.011502085481419897,36.811839670698454,54.02121654750138,2.0583208958676713,0,1,1,0.18434866237640057,-1.389708934908999,0.3511191152064303,0,32.3901344759277,1,0,3.9835383900810335,3.1380633775691473,1,61.7682509053235,2.799560689623088,2,-1.0993416621044316,-0.5249686992133568,0,40.088964128258816,13.774812424294527,2.153399053064053,8.059650857485725,50.632643941620344
0,0,-1.0992680677399245,38.47299982823573,63.57750923139069,2.1177062243316342,1,1,1,0.43588147705213376,-0.16354626239270567,0.3885547726577121,0,44.852883258089015,0,0,3.8392781661034547,2.6786678115542952,1,73.72885848634883,3.351808304842648,1,0.7144801804907808,-0.059851553369552,1,38.31909670059913,13.321145054515355,3.383395780236043,1.9150325070530472,41.49977512227706
0,1,-1.547989649710017,20.883945254665505,66.56197369329165,3.245840423912291,0,1,2,0.06467483609218477,-0.7413062520253061,0.03275281282222331,0,54.425807341599054,0,0,-0.0003850464589323366,1.663858832770547,1,0.002744190914159006,4.364492653643324,0,1.6152194480873308,0.1915241384181736,0,21.923566799702137,26.866985230496226,7.31955481005178,19.79503204707289,67.3288506526846
0,0,0.02739783085050008,31.191398165376697,47.76569329135816,2.613814276962784,0,0,1,0.24301665132335615,-0.8756872813638297,0.33727087322636046,1,16.41887800065878,0,0,-6.644691479154807,0.9002296179200419,1,41.55768801881655,1.977364817441819,0,0.4107880760253939,-0.26546403290750487,1,59.4093450980306,16.78842186702797,-1.4844272515232966,15.606767814666906,38.142296957104264
1,1,-2.2944183820513158,46.78960057860881,85.64069826856675,1.8744589162758893,1,0,1,0.7560184363613847,-0.094831530171624,0.7310847456971509,1,36.62349335407662,2,1,-0.35800114758106005,4.817952671067637,1,65.4735427675862,3.26286147224125,1,1.4322939347644752,-0.3573349286249605,2,33.452118654903316,23.177109634280058,-1.8192027734324903,37.89205845863491,60.72629995530042
1,0,-0.2787464257554686,40.145618795616926,29.747860506290145,1.7914008907079093,0,0,0,0.3381481489307554,-0.015589167270610552,0.680770453222222,1,26.93763240707363,3,1,8.668567380042536,1.9720143424606416,1,13.345413202047553,1.4672223532834006,1,0.1817350285239178,1.4294389925431719,1,78.97419582178959,11.345027251409881,-7.000554296080236,5.493032547674579,59.627383382656355
0,1,0.038078853206699265,34.06964748956802,95.87986778430214,19.426710138498738,0,1,2,0.3335171526133016,0.17405731100439947,0.869943621525888,0,78.19631592165821,1,0,7.385929289702808,3.6217523384069135,1,73.67066072258592,9.059628354598296,0,1.077775227348669,0.06485422918167755,0,3.909046996323673,39.91327813812109,8.669131805143202,32.985655795468645,26.687018696681662
0,0,1.6453425410669102,38.83150103999142,41.56980042718349,1.6649098216952,0,0,0,0.3218790434651375,0.728946726151212,0.5165849803444887,0,22.01430535024909,1,1,8.229784792587601,1.257131418740424,0,18.480826098096657,2.0406517237286037,0,-1.5089882867621922,0.4621714750482698,1,69.15390852309746,11.81686237302397,-1.4222866508644199,11.544961817443761,26.45638747677313
1,1,-0.40565429920750035,60.95657688342867,47.07144075204991,1.7069343092842648,1,0,0,0.8278187273508197,-0.5553611836406042,0.5960725365061058,1,21.31805340373638,2,1,-6.277641995623422,3.4787436373610445,1,30.81335945712123,2.5592381373145603,0,0.21945093983947522,-1.1084107002200012,1,59.35997075876826,17.29740504612674,-3.246183541844778,27.111171005658715,65.31702674715925
1,1,1.5610951861451219,50.052242283349386,14.044937989337459,1.9210156605518762,0,0,0,0.46920048022089317,1.0121019543624061,0.29172004860016987,1,23.964371263225132,3,1,-1.164267457717278,2.342302081233279,0,27.280325812706906,1.4261181970362506,1,-1.2565937738123383,0.09227430398141517,3,87.70724820815607,9.662356306379284,-7.4234248472450615,10.126986678003643,26.936854967221798
1,0,1.5514574956688476,52.30907056414208,13.598712499311445,0.9340022567180774,0,0,0,0.46231472404835383,1.424254944616598,0.4923058912437064,1,22.903240420429523,3,1,5.60942489363287,1.7842516390144352,0,22.066663305382693,1.0843401168640152,1,-2.1644050293594606,2.925244676889204,3,88.89209821958804,8.819106485058075,-8.592227778205912,17.366298964831827,31.692949863363772
1,1,0.9338957338637569,40.100991444899066,69.41633641551826,1.8333863674200706,0,0,1,0.28767346918978165,-1.1224399274914048,0.747582132751574,1,28.74277134186704,2,1,-2.490589889919267,4.394797487349327,1,38.64499826256727,2.800456504417645,0,-0.9997641025706254,0.4672132344733813,1,49.829726475785115,8.775637373909257,-2.919120565331604,21.813281238420366,39.17780783466648
0,0,1.3173360061243589,23.1340189577541,68.8003586033981,3.9631424326664684,0,0,2,0.16623716770372993,-1.8960668841899395,0.48437346570259965,0,30.306031705210515,1,1,0.7792667080244655,0.8054631614683148,0,43.48206136310687,2.5546390576165483,0,-1.0965529076337832,-0.2164868960285377,0,44.54253714975633,17.711765457740924,2.388281985424797,8.566390108375643,37.90339037246745
0,0,0.6566327519485724,28.17801888978626,40.33509964182081,2.6440126245846085,0,1,1,0.16534550829239036,0.6099572699056777,0.2524463621707348,0,26.578155249027013,1,0,-3.528927144019608,1.144800727981111,0,50.85760755545559,2.5509297534591906,1,-1.0459787859134462,-0.10556628498993971,0,59.44526086190085,12.306659221148355,4.464620272474463,3.9286464073522964,30.3897754290378
0,0,-1.4733898202681366,20.79668461558555,36.23479865948938,2.861883074024651,0,1,2,0.1478746795712938,1.5100191846019615,0.6581560336166836,0,21.569950332145915,2,0,-0.4398187975987362,0.6055154045608103,1,13.908715503701137,2.19630589152719,0,1.4604960218805465,0.3722006588760665,1,65.36126012394253,26.855539019946658,-0.2675388859535417,1.4648811432923492,44.836544200501834
0,1,1.3353907206575664,25.071891256793087,80.42405958079493,4.539194358304053,0,1,2,0.219391673565002,-0.9471679309484513,0.39565533663388347,0,70.50755096233443,0,0,-4.385825662424367,6.509230484407765,0,13.183235976772103,7.424862690505846,2,-0.270292773815461,-0.9657323067511011,0,26.945384467013007,20.887766572605344,9.46306156334234,11.89843679584714,35.9347153701491
1,2,-0.2628729980997198,56.45524649483974,55.12795577042304,2.32371839526961,1,0,1,0.6559754277069455,-1.4560503858063045,0.1997921851325556,1,21.29472074218061,2,1,4.360004030359406,7.35886398215879,1,31.87544100503647,1.93999006984104,1,0.5255290623341149,-0.36890822333502005,3,55.195958197986116,13.912436389149008,-4.809641926094369,37.901487581744746,50.82473669137895
0,0,1.2644493203956648,40.76721303238247,54.67310162573329,1.9232993650360253,0,0,1,0.27904806285597017,-1.1241427130235015,0.5064410524727982,1,22.079180772928435,2,1,-3.691684451423348,4.794749622805209,0,44.909031187071264,2.4719047986585942,1,-1.2880243659222055,-1.0957652457483857,0,60.49377735410234,9.549587637220213,-3.4920639358516503,12.432772381629373,28.51648203822503
0,0,-0.9652572272244136,42.4020526618956,46.931642043403,1.9871929911049946,1,1,0,0.44120533392548583,0.22904293555288194,0.5004751511210707,1,26.287778422079356,0,1,-8.156153355432508,2.1714180954647766,1,55.11635367830451,2.3614857576351165,1,1.3388422808280376,0.10981649286615258,0,58.41288556840667,14.584094750654861,-1.1715090201733975,15.881621445792813,66.56338280555781
0,1,1.486944054735431,60.09380377077161,77.56036699950631,2.144978651880464,1,1,0,0.7481113762664403,1.0048667135446756,0.3839195779522562,1,40.29019935003462,1,0,1.7883539584656543,7.36029146404174,0,59.53684724555116,3.0558531414450463,0,-0.9121699566369951,0.321102008873783,0,37.90044854132272,9.561529381429374,-0.4818968412003244,36.1099838586884,50.99546640491127
0,0,0.9285035285576141,55.041328959299385,44.27191859557064,0.9474220957833235,1,1,0,0.4892262122351946,-0.8641803697540906,0.6526782968578145,0,20.864540784367986,0,1,5.522546129459606,2.7029955305367426,0,41.56819644481595,2.033421952227185,0,-1.2143659377227525,-0.05588289666742335,0,58.3936085671389,12.177665973561982,4.56801261277427,0.9404444949848334,40.139289749303614
0,1,2.6610693609102287,55.171757037884,48.746288666784295,1.6760887514292457,0,1,0,0.4813120782103664,-0.40576549136471185,0.2635930700780305,0,18.33531964797507,2,1,-3.448813412675581,2.7086512287072986,0,63.639042169094466,2.417624617458188,0,-2.740213718081804,-0.40139612294314053,0,59.34953229670127,11.012330291472413,0.7567495704086795,24.572225834150885,49.20600976041756
1,2,0.7750096789855399,65.92991460183063,49.17791612893392,1.5624597169951586,1,0,0,0.7913934497174484,0.8317081351637496,0.40797566630532145,1,18.56772021801945,3,1,-3.7244056490275117,3.4860911639075014,0,31.929396724771756,2.2699043744343435,2,-1.338475585346303,0.6585264747978862,2,57.90652946141901,10.592952026590702,-3.705652850081992,39.3837723433235,53.18026419166096
0,0,0.575037630657511,21.72084493549221,73.05252357228008,4.218952948513107,0,1,2,0.1746692238578081,-0.2000828724848929,0.426352566809107,0,70.25949021128679,0,1,1.2564230582178624,1.908109681120198,0,1.4898416228506095,6.630021582744267,1,0.5164175330985824,-0.12707556593052718,0,12.739123799594514,25.03218320839342,9.333698237970243,8.740644781324711,35.53422346131072
1,2,-0.6770259974654267,62.28051745133041,18.86419137068256,0.9997660731638119,1,1,0,0.8019518564989596,1.0006981564947421,0.6060867221367909,1,23.019416064309368,3,1,8.559763063950335,6.074104440004156,1,76.3673480538275,1.683856638910445,1,-0.20357435584460679,-0.27763127049462066,2,78.93056334636186,14.936606245059137,-2.544124559870797,20.57931880335323,38.91114016434942
0,0,0.8461079720118316,28.03266132381757,91.79548440340645,15.706543610138235,0,1,2,0.17149042860715202,-0.662066741378386,0.8477389674936241,0,78.97991057405662,0,1,1.2416646178445134,1.3024818188705227,0,26.51342063047506,11.881945385303643,2,1.6413737485229405,1.0318241315662673,0,2.5435449504321195,38.74235873935333,9.540509347398451,27.67333475087963,24.996483881469118
1,0,0.7254627561461289,52.163911366217945,5.336923772565655,1.9587338322901742,1,1,0,0.5366790974096537,0.010697388994413998,0.16208325457413536,0,21.747245330645235,1,0,7.404493821405019,0.9772994692974152,0,50.06533078548909,1.5828121976606153,2,-0.6099547703427607,-0.36917953622008465,0,82.45262821272613,7.843345073420391,0.7469919138232406,3.753655724688545,29.66871503487671
1,0,1.3761680345593914,24.986032519941467,52.38880108591173,3.4549820883431903,0,1,1,0.17212359309465108,0.8144007188404034,0.3393250479468446,0,28.74212909199903,1,0,-8.610958496700302,1.4452246560642834,0,32.97263841560805,2.886900245990685,2,-0.685685286415787,-0.7603275044584802,2,44.193781152264044,26.40461051918959,-0.6216324987529465,26.674805685116016,20.00490497090707
1,1,0.8190965239995893,69.28644748418023,3.668279073331088,1.7657262627206274,1,0,0,0.9929854935211326,-1.5430014685549505,0.5000806929632959,1,30.930933964417665,1,1,4.099517345660873,2.278573004952511,0,78.61940862319311,1.1018383604028195,0,0.9657461501168491,0.7182637424100133,2,91.65768905388667,11.86070621140572,-4.598337514270112,7.345538302507446,66.31341739897863
1,1,0.10995693629197578,29.99961692977235,58.11618276365282,2.6361429818362856,0,1,1,0.1785029786093672,0.8326755232924397,0.5696566539719645,0,28.533149588766705,2,1,6.391527894392375,4.780643619855513,0,21.360700797862847,3.1282045831303407,2,0.19236283412911356,0.2965331737350081,1,40.525326260452786,20.292636346743173,-2.2941036751833437,4.996129495251815,22.69774051670968
0,1,0.764457591291099,69.28866538692668,17.255072851650848,1.565848595204826,1,1,0,0.9904142124165372,-1.277168261166536,0.4277126381632975,0,17.7870645263361,1,1,-9.295599928967032,5.275394923792187,0,60.518469069253044,1.5998598722577673,0,-1.6432403674745133,2.1165671314423364,0,78.15315839252679,9.882195243850111,0.13801782622515368,6.673445178680417,69.99451690519089
1,0,-0.7175669800550234,60.98887319320128,7.322979566895188,1.3995618369384129,1,0,0,0.8499952042236216,-0.9165251067261974,0.16307502612253671,1,21.78603577858896,2,0,-1.4959822255893513,2.212537642483452,0,7.4406965708131345,1.1328101546888176,1,-0.27652365141761187,-0.29257127439052993,2,74.95852753781496,14.481951179102879,-6.234401089818125,7.951198343693202,68.56773782305339
0,2,-0.32307076265633405,27.42174180641323,69.06954031725424,3.1239233152139336,0,0,2,0.1264174564089473,0.17020888484682226,0.2797978865362768,1,27.02926274127096,0,1,-0.517221962855464,3.101437618560101,1,29.196669975652796,3.3326056892254687,0,0.0812289841101727,-0.03915955790199246,1,47.013715805790554,22.42669320930687,-1.7580730082727598,14.511814730479236,25.20174230333278
1,1,-0.8429289698169568,62.39648939935579,33.34093505988464,1.9453962361220276,1,0,0,0.9466375590931568,-0.1982766539145496,0.344629741266573,1,23.707130057229833,2,1,2.7241398166636586,3.2015639290555535,1,72.44077722932192,1.737750224645285,1,1.6447330852989397,-0.23903951699217357,2,71.13275315137957,11.16341584576161,-3.671748515640525,34.07528182944063,55.08037086275143
1,2,-1.555988407826479,58.313779433452744,51.20595877501444,1.4329482001896618,1,0,0,0.8975130525053551,0.08559726132118883,0.3898840310940958,1,21.703973230932156,2,1,5.399805559675128,4.043082533279922,0,35.56475024740192,2.145870342498725,2,0.590581101956048,0.6238084188668396,2,65.55925949578862,16.995169894205425,-5.994098418917108,34.800781055932035,46.5328658487046
0,1,-0.37786322525656457,30.64409993177192,47.33867112025568,1.5955408898405194,0,1,1,0.18739862909033633,0.777862228827281,0.011111591643054808,0,22.340965872535676,1,0,8.177840827869527,3.567507151281287,1,34.429216625176686,2.8236502308966513,0,0.4487935597831704,0.002331475684562592,0,48.405793666272935,10.157349412471685,2.3834583040210013,20.736900389870648,37.385441016603025
1,0,-0.6174349575020326,36.78872546609291,3.856399431951918,2.5673221095834062,0,0,0,0.33444577931116903,1.0651259866609466,0.29318489684204335,1,21.13006653937535,4,0,-4.7074879046201525,0.5971200392602884,1,33.0541135009825,1.058772434198738,2,0.6575515765731359,-0.29158863271560337,3,92.56380117734562,19.70611691439682,-6.091324561761507,8.557046194422428,27.75646089855851
0,0,0.8912770748816611,27.903428311195746,60.29780567713584,8.035276632006996,0,1,1,0.20327949888725,0.8521849047286927,0.7709561795490423,0,42.328732931267425,1,1,-0.9425680026664089,1.3976032056311845,1,76.96335859306643,3.4792079257338444,0,-0.02524521329209318,0.11117863382559777,1,34.58633435312932,34.08449355083443,3.7957569760489207,7.528003780008763,23.2653280435764
1,1,-0.2209445981757632,44.999629910775305,71.9671484939256,2.5157077366809544,1,0,1,0.5583263699368182,-0.95666093434128,0.5254817209652518,1,21.781298629639025,1,0,-6.264749172238265,8.705005808630952,1,51.58376137102587,2.5238510404344305,1,-0.04411179186199856,0.6634656720906531,2,54.5948079313177,17.080023354598392,-1.3032799718474504,29.45198804187633,39.880791033326716
0,2,2.156802276854288,58.41126966895393,60.9591034064345,1.8824313705589266,0,0,0,0.5188242288396532,-1.8544460483514233,0.4145648644991502,1,25.579925342332928,1,0,0.6316126293724444,6.97472065138463,0,64.29598522548959,2.7279301919058616,1,-2.24221474277376,1.091031365246764,1,55.823077349882574,8.015064360186448,-1.9646297935556927,28.941609613423054,33.834825623351264
0,0,-0.9189833365195229,20.9118885017027,51.06125094753505,2.0855844467376055,0,1,1,0.20214718458461206,0.9944612015890729,0.1979339383021464,0,51.55723281192935,0,1,2.5753342638840095,0.65975949508782,1,41.37902153028678,5.177161257164642,2,0.32225517961043654,-0.11619796380152808,0,26.070962854812674,23.76531962165981,7.458756461258403,2.5543152915577405,49.06322973836767
1,2,-0.23208491719933397,47.50430775423547,80.18192271350213,1.76110794687038,1,1,1,0.7060913314474404,-1.4090823839042388,0.509674140093596,0,43.47268878616133,0,0,6.427719514238998,6.78542889036369,1,22.02634962170293,3.246503191710415,0,0.5002443872242359,0.369027036518669,2,28.803518935877715,9.52011489507434,0.6134693859976803,36.82014930195804,47.79149808850954
1,0,0.6348388391383468,43.54968829562766,14.2641396706837,1.4376444075965267,0,1,0,0.3749103558333262,1.3355196770031255,0.7036253959159876,1,20.83725641864762,4,0,-9.205556290657004,2.1941213805200244,0,10.681223449140433,1.775143167460644,2,-2.1386696212860103,-0.012458962865074802,4,80.54846110224932,5.6192156508570035,-7.268796574478179,11.990532016695365,26.47411794907367
0,0,1.054874852830121,59.016042076437266,33.971042685638025,7.09432173216807,1,1,0,0.6623158580735798,-1.2383899715965634,0.42774624785047394,0,48.586861734719314,0,1,4.347679396400343,3.1340383362408324,0,38.50618980174532,3.4616489476442385,0,-0.23141562076488142,0.5291662440236736,0,39.97372581554717,34.87351358402667,6.708215442541231,6.729163788990538,68.34231719193755
1,1,-1.321374340212257,30.74998391769532,24.991238465219173,1.8944544196011048,0,1,1,0.15316279006354638,1.4291751726573065,0.5428680026256995,1,20.236961300046215,3,0,-7.567756676416215,2.512212677235982,1,2.20818329785454,1.7095132618633389,1,0.06577595471441702,-1.2297702717532575,3,72.33035361621602,14.011849456462016,-2.603336979531874,9.92509796490925,48.20432660799666
0,1,1.2080474981609224,47.10594518162519,55.0434422194412,4.0740667998792475,0,1,0,0.415450606241848,-0.3317625834463172,0.06160440298990533,0,58.8578012115545,0,0,2.1330713602743643,2.710893498215527,0,58.80163766690149,5.16626405003054,0,-0.5049613907956224,-0.16014619500822735,0,18.644330484087103,23.890289781598966,8.791445711868189,23.866695854903313,28.9935181355865
1,1,-0.38044171391419096,67.87984929207565,26.14763177046847,2.1457501407958564,1,0,0,0.9830032823404362,0.21803192676073369,0.743300947647645,1,17.77303192087294,2,1,3.492455750706629,2.3674777549709027,1,79.6228589234434,1.9893905346822824,1,-0.5243091016396214,0.7257966243246445,2,76.34776047072577,15.65979333781132,-5.035336190481346,23.597782337321696,63.903473639465034
1,0,-0.821319487767422,55.68416459460959,31.89399067718879,1.626565895885777,1,1,0,0.771407379735452,-0.35292640577469425,0.40364137048020776,1,24.23499822964647,2,0,2.3652550468234157,4.4975310953566705,0,8.552021231124263,1.7118516384405444,0,-0.48440502935072305,-0.19385806230859018,1,68.02087458697491,9.928642401844295,-2.835247394559744,12.476350358537383,69.0880585009973
1,1,-1.2455180773946612,66.92496598100064,7.295645470486289,2.367811108349506,1,0,0,0.9854902576471988,1.1991465297477184,0.3604077622502131,1,20.922829470412285,4,1,-8.444419712910886,1.9805454963220603,1,66.54050870668377,1.056608596726035,1,0.5906423115430184,0.886213691536677,4,85.48583759133219,26.039609336393287,-8.053060596437774,26.43004389108998,62.64245672503975
1,2,-0.5046976002178756,64.64631924577829,5.02751009710154,2.340718857334767,1,0,0,0.9444362367818538,1.004393931468406,0.32837675766688335,1,35.62323124820029,2,1,-8.668431008426571,5.7528236190857145,0,66.35939209839714,1.2110020360614902,0,0.301842774561253,-0.7832187458092327,2,90.02536651548023,15.781517212941136,-4.908625673739488,20.643114931139316,40.71255649008641
0,1,-0.42402857475981487,22.434838671642154,81.04334187074667,3.6947682859599107,0,1,2,0.15944915383631936,-1.0897117830953986,0.3352764604345303,0,73.35818568884578,0,1,-3.940963140652798,1.3548657183377235,1,16.342166400610814,7.988024893830878,1,1.046372448888428,-2.8896263616158895,0,9.161151101134578,21.14525114987582,8.79272640199217,23.827339906986374,40.14992083120336
0,1,-0.5976451805644973,39.20335742701391,67.70945422044696,1.857317844006404,1,1,1,0.49634572739997235,0.3410601038831372,0.4401673169660782,0,56.0056560486121,0,1,-8.451297290011297,1.9602983210056504,1,18.478527765389117,4.719010400642806,0,-0.374821243812417,-0.019813509331825876,0,21.17046775731415,12.580259939559824,8.049016864236805,18.16907188056906,66.78042704688235
1,1,0.44583914411461906,51.64122124432883,53.86656251175215,3.6524435325135287,0,0,0,0.45713887073235865,1.8306440313759027,0.27987447641130403,1,18.30712682619361,1,0,6.895833876861069,3.466791725377789,0,52.118299095568226,2.136677524812792,0,-0.3185363432698829,-0.3591742180810596,3,58.57912543143311,16.09208588343293,-6.153244747421419,38.49921765363188,27.82682699182709
0,0,0.5968657383173034,35.430251357597925,80.1486550596037,5.146516603368404,0,1,1,0.21954114275759506,-0.054504669176610544,0.7667527340078959,0,42.726711921817184,1,1,-7.133121647016454,1.5761457244956132,0,45.62671338420793,3.415912559285717,0,-1.8678988914101105,-0.008487078091598982,0,31.512075533961013,26.573107852021018,3.137124343419835,17.373415259435482,24.24110589347638
1,1,-1.7998306445123657,54.793831828456334,9.743947425208665,1.5101213230963584,1,0,0,0.8477619360694337,1.5049847718757805,0.036409168709818196,1,24.025601571130508,2,1,6.8637331430128725,2.1322364939356544,1,31.077130147023134,1.1789409279025118,2,1.0078529924320654,-0.1412562966716685,3,86.11577620952617,15.09123642381146,-4.628942011107,30.614995833265716,47.29272471706258
1,1,0.38584837792770516,58.164174379461855,3.2491554090356365,1.8272509629121412,1,0,0,0.7296837157633218,-3.5361378655693696,0.35466905859795583,1,22.823719114255468,3,0,-6.400609493848632,1.4125992726999694,0,69.20940875112596,0.8692824162723105,0,-0.5690051185210951,-0.11315403950861708,2,92.82571954860235,11.29316703840518,-4.688994351496445,15.776985143773237,41.66305329736658
1,0,-0.9221580348302899,66.5839488011186,20.30145357026362,1.8873525738959047,1,0,0,0.9623828339707727,0.21471172448505613,0.7509255275020108,1,21.177791048406394,2,0,5.138511595733881,2.056827022333923,1,77.26217922108971,1.434440186455636,0,0.2435002813900619,-0.17847317303175755,1,78.4800556571781,14.627994539303174,-3.7341468019699784,13.68637701790966,68.84489156711976
1,0,-1.0030373506926915,55.40982722576129,27.777300361502643,2.3711022590456117,1,0,0,0.7664233664796934,-0.8815911770972061,0.6691963762803165,1,22.047321794295016,2,1,-4.083761000301194,2.5415459108046594,0,24.042011366998093,1.846632323313079,1,1.1791921669448673,1.8205452705554794,2,69.71104467032102,29.125471797772274,-4.35556471346173,14.965308935946783,67.73388676495745
1,0,-1.086009900526311,49.77200375977403,13.893146694769348,1.904849442582506,1,0,0,0.6962577668543113,0.7558234128029118,0.28285023931752384,1,25.675949786840793,2,0,8.43053905801947,1.0957279374048374,1,3.5150632823456185,1.5835367230620607,0,0.2121337168770324,0.8609332734124393,2,83.3457621635819,24.18983180218536,-1.6216660120073794,8.330298362134783,52.09352949977165
0,1,-0.6295292735474626,29.266907092313993,83.52382793894336,4.223358331163972,0,0,2,0.28428817353780067,-1.1000979554437416,0.48531762495123093,1,38.17395193814324,2,1,-9.531938030817605,4.7763281650457,1,61.88920230399857,3.4648539968996213,2,0.9906598320838278,-0.10200524980070323,1,44.90262017920584,33.104646996952305,-3.1682791190934534,32.82444131236636,46.66825832983291
1,0,-0.6717372135580995,49.93583016153163,2.102431435182633,2.002082011924669,1,0,0,0.6835010340954691,-0.3574071986749068,0.5711333312597338,1,20.675516446753818,4,0,-7.55075803563082,1.1798705132708718,0,49.9743364516827,0.9307708102786455,2,0.0942338381685161,0.02044538120726593,3,94.40365684704413,10.26133313353402,-7.536425245235757,0.6608371441041694,43.83375918330995
0,0,-0.31531960884134674,18.999110256337964,99.44739688571,54.598150033144236,0,1,2,0.14597150101579864,-0.15024679856030482,0.6281795142029143,0,79.9999999997899,0,1,-7.681859902821929,3.043178967181224,0,37.873635750986395,54.598150033144236,1,3.627166059568066,-0.5452770929578411,0,7.716878697161533e-06,39.999999999988745,9.999999991744623,30.48638841297616,21.349947101482524
0,0,0.48956725031555287,25.120943828157777,87.84990742499889,6.6821772372168065,0,0,2,0.20552013588684415,-0.7346482175990049,0.8120301362503349,1,42.83348540191096,1,0,-7.452945753981025,3.0159769926233944,1,31.77164145923008,4.214188587653498,0,0.2157501645685778,-0.1429129597293071,0,29.86565632421762,33.27800624158726,0.8061987925004015,20.12763974031322,42.29833609745809
1,0,1.4923618433181656,68.28661410572519,2.441770716685121,1.7666587387552204,1,0,0,0.941041141256411,0.4857379936630492,0.43088602963735007,1,21.87271433309101,3,1,-8.25376616870987,2.641129607265328,0,37.045452158904084,0.8343085957551902,2,-0.9622801372321597,0.9263540650885084,3,84.32852140775701,9.600338335309731,-8.297140177680198,16.48688675367054,66.64803762241104
0,0,0.8870912247410186,43.0007974628997,30.58589961855472,1.8813432661059168,0,1,0,0.2643328703177423,-0.5701987115191282,0.06838482036934762,1,30.437381341408567,1,1,-6.552228866627223,3.0971714288781005,0,52.7187394830439,1.7562147766181138,1,-0.6661319663541035,1.1784015987221228,1,68.55967815972764,9.045081849673997,0.04271458287575314,14.273221491184069,35.830750122249
1,0,2.868520612684528,69.66795260597257,0.6989460769091349,2.6460994043745636,1,0,0,0.9686678779795664,1.893330537952276,0.5639506899950539,1,25.55119306775402,3,1,6.629603656753918,1.6131554700188917,0,34.88145498726673,0.6270902540662521,0,-1.8025784855633604,-0.1887970121551612,4,97.40823030697594,4.61079968233161,-8.638237794781228,12.017899678413597,51.9506859256487
1,1,-0.6774263746776686,48.80743009380677,43.399940717129255,2.1372751313141904,1,0,0,0.43519148850334377,-2.2594463827920963,0.5132578646304664,1,23.90537039575819,0,0,-1.0749612469811218,4.596829939687669,1,57.83699573712138,1.669799212323509,0,-0.016782036729493147,0.5870475466179625,1,60.57189758874324,17.45668927530543,-1.8123291430496344,14.187708130091279,60.068464727771904
0,1,-0.5028990311450998,36.302796195490956,81.38718155196611,3.739081932788026,0,1,2,0.3239652467362879,-0.2947233305208412,0.40129768915238523,0,44.8073075339787,0,0,-4.085541468173743,5.590772511571327,1,38.034043755288124,4.2141449059180704,0,0.7597447156885064,-0.14400857710007164,1,40.514373878049966,34.8901660499893,1.0355606438844518,37.06088509713137,33.37246375166218
1,0,2.654017984426866,55.31625809418776,16.537676629179167,1.7417664086101179,0,0,0,0.38473202094911085,0.7063178906736158,0.2875510516704237,1,21.92296523559927,1,1,7.640170047790956,0.9088366135939717,0,35.792963837549365,1.438095721301955,0,-2.814376847113295,-0.12468374878616877,2,81.16122674855572,7.846111811168632,-4.40912283929369,5.396162311429194,28.04218584815328
1,2,0.9247644770954793,40.23403139211866,62.344247074478574,2.026418135081417,0,0,1,0.31517358932396294,-1.167334231711609,0.42100182312561296,1,26.173609912646334,0,1,-4.925877556914119,4.297684137149364,0,34.25963176023913,2.2668370001102547,1,-1.0590116015304658,0.6141265014864706,1,56.14822669270082,9.08426135078187,-3.313003489990251,24.9059447575705,28.601949417191236
1,1,-0.650420951144534,61.34367040821258,25.909219388884086,2.0186799260955683,1,0,0,0.8764621194672826,2.285376458813662,0.8191707235364896,1,19.259307142422266,3,0,-8.929687287663189,4.592975712900488,1,64.68616871541076,1.5753372531789887,2,-0.9152686394357145,-0.4991005196787867,4,76.05948060056058,9.432294003740969,-8.225115937431694,16.097310828683373,37.4002798202759
1,0,-0.8737670518468542,67.20097172381858,11.461891431008059,2.131291801736515,1,0,0,0.9675707221496495,-0.25810429534623613,0.35046521111640583,1,17.679032376637846,2,1,-3.9313942468406005,3.485251129680727,0,54.3278851368586,1.3174864453182935,0,0.5679560783592221,0.08332253404920321,2,80.984219090943,17.197807154700243,-5.2352085980637035,22.945058971112616,68.90303263814126
1,0,-1.3868344771665966,40.71100354073757,20.73776253265478,2.4541403836377524,1,0,0,0.6290612438414022,0.3870494368026885,0.10176166447541202,1,29.36195222195093,2,0,1.3475651884151176,1.4204053918440642,1,35.48037000799219,1.616310753336843,0,1.0529396035930112,-0.5941156106891818,1,79.99205838660829,22.86630436739049,-3.9422732392134137,10.331022572260636,60.92524879035402
0,0,0.41324200384877885,32.78855942811772,73.81670240383184,1.0599168417365594,0,0,2,0.28672738853056734,0.015776420203051866,0.7017601002133632,1,18.05245750218111,0,1,9.9998327460112,2.894424215198368,0,9.632603859553548,2.4224054305778577,0,-0.5394868298687946,2.9219286613809237,0,54.37553842142621,9.769278334413736,-1.0535192333075951,9.587314310660528,57.03212824554223
1,1,-0.6283562545155312,41.860637933801044,49.24916490094969,1.3576214377814502,0,0,1,0.3853314309770237,2.460245244477292,0.5102288106385532,0,36.58957293910084,0,1,-7.188666547056534,2.954548675147259,1,34.83258576400493,1.7474096922746332,0,-0.2463156897786483,0.16675589527183748,2,64.42892983003152,9.319183409363742,-4.691135480761648,30.328364578810927,56.872907390196204
0,0,0.4432996351323093,28.341873701868856,60.47347688287652,1.7041140960990533,0,0,1,0.10554645619112402,0.06636021008265656,0.6079757878335467,0,26.648201803071565,3,1,8.800317684688139,2.3361274978031283,0,19.295986499557245,2.1423006804659366,0,-0.8632523525302123,0.19925952308272823,0,51.79471299316538,7.199319741459775,1.4968006318942528,2.493117197313517,51.80223175070201
0,1,-0.7389826783242887,54.46712344916263,56.206480191818585,1.8639802015422187,1,0,0,0.7522259359764343,-1.0880555991985854,0.9749437024384522,1,30.50629061300585,0,1,9.838540173374781,1.6115320214327824,0,68.2263093463515,2.1444899200128225,0,-0.01487213983279434,2.5508149497355928,1,58.25430130983822,12.889018863963901,-3.172261487789509,12.611056358728927,49.76147607657827
0,0,0.09623117834399751,61.6346335831392,40.52065133926681,1.6158815026679458,1,1,0,0.8640742222152363,-0.906379853787975,0.3422283287516279,0,30.730090839515825,0,1,1.2574608579011262,2.0665386806334305,0,24.003063924470403,2.0430617977391607,0,-0.3322399537370228,-0.8834335010617371,0,58.87587917133559,16.12095521268873,1.6062198399848082,17.534628409575067,69.97093074844092
0,0,-1.722000196759803,25.225216736680714,95.44973210244711,6.347441090468178,0,1,2,0.23489547246690312,-1.3463329414304497,0.853145997559014,0,72.46986634554989,0,1,0.5950410299546149,1.5680705674694742,1,18.81229293930888,6.804533851655823,1,1.5835334359450024,0.2725460672634879,1,13.615714962759945,39.20281989462856,5.754421686399777,21.714227309557707,58.28904205931792
1,1,-0.07580329411330382,46.547848401329816,73.63071126840475,2.4128492323066864,1,1,1,0.4769837452685135,2.6397387023022887,0.6778708690009088,0,39.94156707754775,1,0,0.051757088224629655,4.123222933330444,1,61.15705080472434,3.5362144135414533,0,-0.05394510606807664,0.37492017383938875,1,37.74635916114291,13.372370252222145,-2.3859848869320004,35.7008071300762,45.93029756533389
0,0,0.3160377344685455,25.23727474705105,54.73295416556778,1.3446377114355457,0,0,1,0.1216591169520328,-0.9702588986836648,0.5300973067863596,1,21.90626475197898,0,1,8.849132932604384,1.0028983330379266,0,16.367467791595097,2.6073522575476247,0,-0.41054217348933564,0.5325665613559782,0,59.721773002736136,10.137636121784448,0.19911164528668657,4.2017440505960035,32.51486837459582
0,1,0.2687234113103659,23.03778414385316,95.97104824099583,19.7089950402605,0,1,2,0.08428329404223572,-1.2286159315977996,0.9121637222763019,0,79.73598903120511,0,0,-8.424832082774197,3.219531820459984,0,17.080470359438497,16.21738224739017,1,1.46975613293669,-0.7256708422436123,0,1.0217596315359678,39.68230131657546,9.821161238634026,16.236296080892686,31.02358663931485
1,0,0.20667463983637932,67.80105034536817,3.8126729742343324,2.3543587674093107,1,0,0,0.9758267471181687,2.087328966990672,0.6844846598382373,1,29.049816219194753,4,0,0.800835277075322,0.6881012604209042,0,59.99806573173551,1.0662736409182443,2,-0.19118974700859306,-1.1961516031347437,3,92.05883351216444,10.97650121640951,-4.62190618653068,12.847330637513483,39.779740585579326
0,0,0.5097122178971661,37.12672205622915,76.87755187797924,1.909533874689131,0,1,1,0.25501787732810155,0.8190918595988913,0.5392275615435385,0,53.70439457871309,0,0,2.182200830852876,4.079959542179168,1,53.42976045823417,4.044257319046484,1,-0.4482429315481523,-1.405652759587346,0,26.862266545149577,10.381994252411847,2.553043222033322,22.067439816465146,46.28874752644769
1,0,1.105714562680953,21.393589435131396,55.06364420457952,4.671039811547521,0,1,2,0.13636349549847687,-2.19229484061315,0.718210664652861,0,19.819907668040294,1,1,0.3155524555796809,2.1702621290584934,0,8.26319783532966,2.569293324112745,0,0.04511473984268896,0.04575068056087945,2,51.03609926679739,23.345560515571357,-2.7339063345144883,3.9011396625628203,22.82679232677828
1,1,0.2811772109365706,58.63310290067897,18.774302691914276,1.965034056336721,1,0,0,0.7607758706439971,0.16785903310095995,0.6433177293848729,1,30.903602786946138,4,1,8.047601027951053,2.2690204342522504,0,33.349235823489266,1.357888457965856,0,-0.2932235643429737,-0.7454990325699882,3,80.43790741219472,9.265124481052187,-7.768391012548794,15.643399395479296,31.195886220132714
1,1,-0.0415654604255778,40.897858234781395,43.16217418410733,2.5383063441441207,0,1,0,0.36720549592233187,1.150734470431432,0.7992559648490539,0,19.692255787856293,3,0,2.669959061352337,1.3409589414744063,0,42.777885325190645,2.733888553373175,0,-0.4190349176333665,-0.20178696288349343,3,56.864316434449854,17.295798192402014,-1.970387920336492,25.10357751847044,24.643899709036024
0,2,-0.2106874223117292,49.05906293358015,57.38608961062847,1.9925806329386304,1,1,0,0.5748633030504957,0.1252021631170712,0.574305819458348,0,25.29879205826676,0,0,-6.088569598958628,6.320034024853075,1,59.998062151026446,2.9644660087568147,0,-0.16541785240815557,0.28715251217729215,0,39.22596948872818,14.78634415292748,2.7962695409100657,16.8278859081431,34.52244069659559
0,2,2.681342623277645,66.30534270183938,41.16820604284383,0.777667032098137,1,0,0,0.7984460591581614,-1.244431698058374,0.4014086484807173,1,34.509042256320306,0,1,-0.12473153924688418,5.2582232186058935,0,9.734008910669303,2.0382764370404285,0,-2.6747156772745697,0.17506937424829377,1,64.58963801820974,12.74904951651709,-0.32778386547825633,22.731942498086454,64.063760009384
1,0,-1.7047422056155763,35.82618038146736,10.73410875896989,3.3025879185058735,1,0,0,0.39950910458935546,0.41491597960127297,0.40412040305456187,1,21.288105331412183,2,1,2.855231797731559,0.9689093340386331,1,27.515302753654872,1.05307558327832,2,0.967086699970743,0.40579881532751033,3,88.50348616200553,31.492719046891793,-5.349475037731186,6.4633760958874475,44.87862975892479
0,0,0.44574049376536906,56.5846714065393,57.60088775882204,2.2238816003229718,1,1,0,0.7000948747544135,-0.2990047184573367,0.21035508514202733,0,30.58695660188754,0,0,-3.959305250696703,2.3559856012754765,0,40.68173380700838,3.3619886713552574,0,-0.6070674251953738,-0.8140095111974358,0,44.486537992637416,6.52867302268926,1.7961133679402046,32.74327915126827,47.21233193944097
0,0,0.0019327478626134868,21.92662926449189,44.072311980903734,3.195318282075359,0,0,1,0.14261835421335328,-0.9654077702600947,0.61023293894747,1,20.089309542139063,1,0,9.999999999997499,0.9940326608017588,1,66.0702591539411,1.5768485599124045,0,0.6885827071589042,3.980700181461544,1,74.54835235157469,21.67061667772071,-4.569268821035017,0.36214410640332817,27.661059324401855
0,0,-1.124894265373498,42.995312313499774,12.580580157176069,2.0201884974150777,1,1,0,0.4352345810334314,1.1756017479987426,0.45986757612277074,0,21.985418568329855,0,0,1.0999196873589732,0.8248104950849308,1,38.82696052500453,1.6831231653938172,0,-0.002649922532807153,-0.22886822373295684,1,72.77005562427583,13.942125932465437,0.4752919156468529,1.2777652308259024,69.50130259845142
1,2,-1.1366027109299262,65.84393910577114,3.892746062898805,2.5122721488083557,1,0,0,0.9304939266399705,0.12074020610075283,0.4191150267916654,1,24.156026237814984,3,0,5.04745811980515,2.562041402011732,1,33.07727621474066,1.0421907764466416,2,0.5245117388393179,-1.1966662679332292,4,92.82380974261571,24.19444731686238,-8.109047036431887,14.163691715553268,52.55697538126601
0,1,0.3048845470834546,23.856406798942743,85.20552658690647,4.764725238548344,0,1,2,0.16460684697151645,-1.9108962084193033,0.3896124564114877,0,72.73698987262779,0,1,-6.709733031391064,2.648986730558613,1,13.495652411704558,8.274146516314058,0,0.14813172409856132,-0.7156698116924942,0,8.12654171782698,27.8123347191473,9.429119523890574,12.628905079775423,46.36741577393116
1,2,-0.38112226653181197,57.7999521411298,40.56005532750509,1.9220994031511045,1,0,0,0.8002513463776489,0.3726709891827957,0.4969108366626712,1,20.412296373373255,2,0,4.83533858515575,3.8842078251468704,1,75.99673934185151,1.8900656056699279,0,1.1621494655503812,-0.2576087059593264,1,76.39991929376266,12.671055766986683,-4.686939885005781,24.04430529134742,38.06273760631227
0,0,1.4354368538039606,44.24927768677932,11.025337296256621,2.676379512762125,0,1,0,0.2884100690826963,-0.19694260504263328,0.05196603243943465,0,20.649309621257572,1,0,8.027721948257419,1.3420070671179638,0,34.40696111324002,1.8718166216810264,1,-0.7955909350570418,-0.057690149664361166,0,72.98273111283946,11.925735329478858,3.067242168814577,4.98724812922619,38.46343124413421
0,0,0.6495594956482965,18.015073506994685,95.88775595695293,54.598150033144236,1,1,2,0.08524343039428123,-0.6311000703361469,0.8511555727350153,0,79.99403871452249,0,0,-6.860277213706841,0.7474181694420936,1,39.72249724119041,31.162826883944085,0,2.466480546402976,0.16847482007233242,0,0.128232998212513,39.999964328064344,9.984493356319717,17.476759560266085,34.37145645628827
1,0,0.011794975665705868,63.15159799235889,0.007650667193165317,2.058484181435789,1,1,0,0.8863847910934566,2.6144822542028265,2.5469336553229915e-05,1,23.228727243332532,4,0,-9.732511055200607,1.2802278416604798,0,66.43519173822585,0.46849436540826445,1,0.002442876303529735,-0.302033826667838,4,99.40528545109792,14.587412476326328,-7.71864062571376,7.804430011349206,35.20225575723495
1,0,-0.5904701634076126,56.898326450666076,18.997381830620785,2.263316959450101,1,0,0,0.7396774261889716,1.607409266631652,0.7629595607817163,1,22.313683221240524,3,0,-3.973795383377034,2.430353782842829,1,63.487842811239624,1.4972656554394146,2,0.23178407241547375,-0.07673145313233243,3,78.44793198438256,17.899380133584874,-6.9398529648971605,18.12332876261687,34.873616665102716
1,0,0.37660114457364735,63.342194597265284,3.655484343375337,1.29296724015887,1,0,0,0.8706470964609899,-0.8620781945343444,0.6655733504322965,1,24.98595275239678,3,1,-3.5784431435095643,0.9057541299715097,0,58.64078437637234,0.9557635003273958,1,-1.011411351675561,-0.0013730770422607122,3,93.31708682819212,8.231713176547636,-8.172108659632643,13.716982812266663,41.32689594713169
1,1,0.0516772822698904,48.59584785084334,77.05798410249434,3.0008832588402923,1,1,1,0.5846836393700117,-1.3905834969671154,0.7795153045345382,0,34.98875806280702,2,1,-4.286383389517616,6.008977570094787,1,26.854869571770443,4.346282134195414,0,-0.45649077802561216,-0.44374872720496,1,37.959798586184625,24.028253923100404,-3.262757056460277,32.167433144018815,54.45670460148609
0,1,-0.1869844273995315,56.03909883108733,67.0295145044035,1.9621576056534504,1,1,1,0.7287854174888735,-0.2882379818556308,0.07628602668305118,0,44.88803631680716,0,0,7.97669627479695,1.8868308169534942,0,14.307572857128097,4.218577117909096,1,-0.043356848446159606,0.5718601095781527,0,28.190986152369057,12.279670065213502,6.2605199490034416,31.874542300249693,53.25510828135904
0,2,-0.08650687281431586,33.045260771426115,91.1639036038843,6.592826894975339,0,1,2,0.16653477158734437,-0.3555732440120278,0.5487301841132975,0,77.61819254652767,0,0,-7.878138551950285,5.545674438152738,1,43.49306034986577,11.953717861292466,0,0.6521241280279956,-0.8974925777138688,0,3.285182131835734,32.393026219779266,9.183793565788893,33.29349137041966,31.50701989077394
1,1,-0.5655313397808173,57.56054129850526,46.364423521734174,2.1714755206242047,1,1,0,0.7897562242850362,1.9319804693599292,0.7730331416277916,0,25.394501971313915,1,0,0.3742087379549286,4.885426177042074,1,66.7893599944472,2.354279418806216,0,0.026046301987169108,-0.15218021831734563,1,51.408015337068626,15.379997627424862,-1.363678507069995,13.255424937343063,62.3156517454936
1,2,-0.48845751493310774,63.718799431352046,38.55318014033334,2.4495259672765366,1,1,0,0.915260556621367,2.9374208805744932,0.48005516151923205,0,19.70007929173276,0,0,-1.4708562854071499,8.638307116398863,0,38.68282221674925,2.0640723327120805,0,0.3328342840284789,-0.10597963795622718,2,63.702908807254566,20.726207516531737,-0.7475756793287225,20.647599956021022,49.228097424598715
1,0,0.13987579006834056,48.12943408404187,7.94614830794994,1.279506422041366,0,1,0,0.4248831092826062,1.5404222655579527,0.4949525948178133,1,19.28004040245275,3,1,-0.9189743529710235,2.372728810212743,0,52.198747808769106,1.4018243247839253,0,-0.8927445214080963,-1.001913845024638,3,81.26617916056134,4.224367253869714,-6.610151137279567,7.6325698768173815,26.73973197866956
1,0,1.2185226568283456,64.26368073434166,18.018625221554068,1.4403248210699953,1,0,0,0.7947670647357055,2.1457401433450825,0.9981243464746811,1,24.812486730508066,3,1,-1.5805315539812952,2.129520043178407,0,61.99015838139131,1.3776415926742993,2,-2.0681564824711693,-0.3505077442140733,4,77.48793563543713,8.525199350875404,-7.423858337327589,11.11502960297667,30.66858018346173
0,0,-0.655625917075448,19.335466894262158,81.3152559833886,13.313336519441261,0,1,2,0.11192178831383248,-0.3921015345259851,0.4240912047091857,0,79.49716933500001,1,1,-5.2298069090343375,2.32940532885954,0,51.72758140697514,15.376139258199176,2,1.687768919968937,-0.6528205082105002,0,1.7387252603879744,39.51900718080962,9.923719988228648,5.507163824243562,31.647942637134083
1,0,0.887071016275462,44.28329665978363,27.924632065417,1.9060532702483481,0,0,0,0.4067404059487606,1.7783202195100032,0.8221445066775196,1,24.795326318286463,1,1,-8.099109860745987,0.8348652545581672,0,45.718233876145476,1.552846315741407,2,-1.332234392881116,-0.01823134150235642,2,72.18877668088412,11.154439668169143,-5.358261000316386,15.563620225503605,22.67301441001742
1,0,0.41678347576771874,47.562149436576725,9.221603293946924,2.466078771055854,1,0,0,0.5788714376565889,0.9150798805148082,0.40599924605268417,1,23.984015150894447,1,1,2.300779110042047,0.7208579030521611,0,63.732100579537054,1.1000370558128691,1,-1.0513440045555993,0.3330952031853747,2,89.01343632967904,11.062543964879858,-6.018545538573693,8.484875252683883,24.213580987991723
1,1,0.8301126916495467,57.366635121353596,14.51582236888429,1.9854602972377116,1,0,0,0.6729810623797526,0.5023775056071287,0.372181631390033,1,29.035008155610235,2,1,4.731101519722113,2.449798376978245,0,42.58137379893508,1.2005244887968338,0,-1.1086002571410325,2.6046886063834642,2,89.69027441436211,10.907512867223927,-7.1836545335748445,12.693153570340087,44.95547474789944
0,0,-1.1216223013630888,33.42498947645997,78.11010536224423,2.233067303327676,0,1,2,0.2061718149112452,-0.645357026467738,0.17115233183987516,0,72.43408298145022,0,0,-5.560332667500372,2.0612634629107873,1,52.1531081305012,8.405287636254409,0,0.3750529894401364,0.6314363392313983,0,8.38146338319341,27.876960380761133,9.716148787348526,16.114280997361266,65.66114527049959
1,1,-2.2175829828020244,40.15301079488343,48.59906980512429,1.4763200367057245,1,1,1,0.5672055672574454,0.739812487691146,0.5685807443670765,1,19.329608938100847,3,0,-1.246012062590646,4.445935740443437,1,64.21480379048415,2.3761889303830115,2,0.2736928277232028,-0.5252241191781899,2,56.93090721743642,17.478985096678553,-4.714685130355194,21.23572164140143,48.98692909408443
0,0,0.8523225357749988,18.96739166131604,93.03776308071414,21.425976083076165,0,1,2,0.11041854422356928,-0.050163481459216154,0.41061942202862356,0,77.38851458174514,2,1,-2.036421283779908,1.6891270105023097,0,50.387622341984944,10.559491875802939,0,1.02861109458739,1.297256416011452,0,3.164137930594735,39.673600879386,7.994277296193552,33.93792096150426,36.1397904451147
1,0,-0.7619489144540351,43.92090246147658,18.965867620493686,1.9131700595781014,1,1,0,0.5128233561664222,0.17792014925933328,0.18370834297484623,0,22.677071472212376,2,1,-6.37130609807812,4.6075750778229425,1,66.72079761136015,1.5344181919860125,2,0.5206724052709402,0.16364792869591951,2,76.91451876263508,17.436889112578775,-3.4828111457428097,4.800404812584535,45.995605307077554
0,2,-0.14887552032733345,45.542822523180604,84.49580202115658,1.489574401336025,1,1,2,0.43675987211833966,0.7627488834640203,0.6898488139874797,0,53.49346432328409,0,1,-2.0950737586634,7.019629401307807,1,54.51442565644615,4.423685127426557,0,-1.0369152385622462,-0.4118798610181945,0,24.32845172853882,12.26579344300767,5.1555788915848755,12.671078426011368,62.86308379007919
0,0,-0.2760482478566849,29.62952862046042,75.69394722464355,4.870838313259637,0,0,1,0.16402274163913616,-0.0990902978946424,0.9259720396472801,1,28.559609071430046,1,0,7.846331962377011,1.930921767388597,1,49.980635623543634,2.646484612525701,1,0.4536873633489788,-0.21451387251563103,1,40.8485482070567,26.917270518982924,-1.5354582257229623,16.57452404458303,30.1280764071683
0,0,0.49659357802085297,40.42343719866878,13.511511712950947,1.942903618234147,0,0,0,0.2141092121639656,-1.6409408503091705,0.40026792191495236,0,18.788036794349946,1,1,3.361478677044367,0.6977677649174407,0,44.179135629351066,1.358021414439952,1,-1.2558078287201786,-0.00475657756600968,1,83.13800479311797,13.760981077670632,-2.0851098182180836,0.8993151183055037,57.575187225223104
1,2,-0.6699849696295944,60.73437749146461,65.1546630848468,1.8784287608959067,1,0,0,0.9328686756709932,0.8341659141226736,0.3539833860245276,1,21.220790454915353,1,0,7.230875325518756,9.213523364779453,1,46.89516498853606,1.7501527917070272,0,-0.18517379757933985,4.052060158506511,2,58.350651922332865,12.56474014271706,-6.54084834159007,35.37512686853229,45.07704818809009
0,1,0.4933078498363037,23.752864113703854,64.79944031194749,2.7112053449483007,0,1,2,0.10549598016594486,0.06413995271287967,0.2061971333307583,0,26.14840309733092,1,0,-7.77193285048439,3.3731866110924025,1,1.215012258030268,3.88148268700209,1,0.04923681165881121,1.1125342080035738,1,46.70174618487039,8.260026673181367,2.2260042771784487,13.745995719348414,31.956684173020324
0,0,-1.269438845850014,18.454403768968632,86.16973687638146,24.65789318969696,0,1,2,0.06956630014302889,1.2086875595483524,0.4334186869879634,0,79.89947542147958,0,0,-3.0370378895032157,1.1063253412948462,1,57.45138945803771,21.025209833411022,0,3.2812960318647395,-0.4308340392048047,0,0.8065600977469112,39.99234379208256,9.969755448010861,7.512361762876827,30.168120574935493
1,1,1.8682109313988822,56.25791615910341,46.17585493758807,1.9608229242053141,1,1,0,0.5570881021434019,0.8054576734819763,0.042100086664525804,0,56.985472821376504,0,1,-6.681045476692313,8.795526564638044,0,64.38330639848344,5.337720849270062,1,-0.9236615300877299,-0.000321501779287981,0,9.04322693859187,4.402690687010333,6.094816823241121,34.35243492823821,37.06070314658882
1,0,-0.42248178111625617,52.762607738176214,6.645633347927382,1.9350091191588856,1,0,0,0.725927663729176,0.13545310378469896,0.403427335284795,1,23.769257317068693,3,1,-0.01203220108757641,1.2286224066034117,0,17.437263628877695,1.0231678077753845,0,0.2061463884762777,1.024299539469704,3,90.65262911049523,9.930156183221301,-5.3615039938560995,8.434510774144051,42.85022251722498
0,1,0.25772705165140675,26.827820794459754,66.61879779980823,4.688308519479527,0,0,1,0.21347301257804668,-1.0801265707101024,0.5368573450063278,1,24.471665347452767,1,1,-5.747744956271558,0.7811493631835965,1,59.73330346492317,2.860747501853775,0,-0.5458648961768603,-0.3816651988863063,0,45.489178621935274,30.481570900416777,-1.52175416147848,27.36443092011555,26.106540412879713
0,1,0.7925795531610894,21.04131585965962,90.24151330898766,13.997432267100256,0,1,2,0.13322617561837036,-0.5505469225389289,0.6607424363100957,0,77.63269449327652,1,0,5.548877365488618,2.327688361210749,1,23.459038761266243,10.291289570376353,1,-0.008229372487829657,-0.553003420391836,0,3.5289899708203007,38.674545076829496,9.588789488803208,21.161532906747546,26.9433150876852
0,0,-1.3430123195981298,33.199126509014974,65.14297095943544,1.9080178174461957,0,0,1,0.2807930690712991,0.2511819524376266,0.4306387368246981,1,21.99477425269171,3,1,-1.1904547326108048,1.3193606763477352,1,24.880007355309424,2.4114244766098234,0,0.3260619202799425,0.9715499656701233,2,61.62813843941968,17.972888055152318,-3.0972391542066804,28.61162612836335,53.16779753163482
1,1,-0.2994077035433739,41.19958626027763,49.31123895719973,2.366109179868266,1,0,0,0.5156856587056019,-0.06442059218334135,0.3474840783594387,1,19.642494144679745,2,0,-7.920389493018618,3.942722480553443,0,56.72241868383633,2.499746761493804,1,0.27790351054302814,-0.7899302926780103,1,52.758876113814544,14.511880040580172,-3.375865398044528,20.117873900606916,28.075040338403184
0,1,-1.147836596915472,57.00135357313385,52.22666512946419,1.664462523454164,1,0,0,0.8371759445321358,-0.7240564158639737,0.49365189366900913,0,22.747334801496663,0,0,-2.472851303187671,6.7942047703119695,1,79.71419758983268,2.6107073798517852,0,0.31581110586848726,0.0583167045582941,0,55.89124522297206,14.323127966046187,-1.4193571943599714,17.948118067537283,51.68807680787474
0,1,0.07184802198989981,63.53035454474119,46.16976575852883,1.2830050269631341,1,1,0,0.8603358448062545,-2.198470737031923,0.2584151424239638,0,24.691392592246864,0,1,-1.1944749030461281,4.602434928742424,0,76.78973489234173,2.539105474873661,2,-0.710702595692764,-0.07074321778518633,1,52.068895195480444,11.24646197570759,4.661072005598822,18.785083994640573,41.734216633933116
0,2,-1.0368479928362788,41.98966254118825,93.61268584484421,5.737773397880498,1,1,2,0.5661414408965206,0.10998721697289843,0.46231200711120224,0,64.37629249546131,1,0,-2.4900663286319444,6.25091199412415,1,65.5766198829786,5.38812098643658,0,1.035623738480863,-0.1458091677065551,1,15.17304874774455,38.77505459194278,3.785108829321139,39.79645356459595,39.15153577313004
1,0,0.12850680474036133,69.6251603182456,1.6286621117978684,2.3935996232627197,1,1,0,0.9954189201377389,0.13260124785595817,0.37047915866575,1,27.672916586442,3,1,-7.784466101891802,1.922480020536596,0,73.05663395138605,1.0277530324306656,1,-0.8672766664863721,-0.588690336566236,3,92.53360817984837,13.1602318970475,-3.157956551024615,8.48920313704254,67.83103078279952
1,1,0.29813136330286694,28.95073592630011,25.82555878766929,1.5253896998369532,0,0,0,0.16335490629659988,1.113493869938004,0.16566253366732386,1,27.299040764892855,3,1,-2.9875868672169297,2.7755598455956862,1,15.241288608023185,1.4769445224890583,1,-0.7272604302175876,0.17386819305644113,2,79.69970441663182,6.634557640579491,-8.217032275924973,18.26603726175592,23.96656176238425
0,1,0.44032187123149386,25.93770391739982,79.1021912908689,12.462218384106999,0,1,2,0.15003451359717207,0.8502110934247605,0.3103065018186122,0,71.26602629897488,2,1,1.5259549012027591,4.537385395756902,0,30.511084041423416,7.2059078935929435,0,1.5075159467445636,0.023144237771547508,0,10.150754043582433,38.798744634746676,8.697383991964646,18.915076266143323,24.28654598638698
0,0,-0.5077705110933838,57.235479568173794,73.74050429718234,1.888999371990647,1,1,0,0.7852166178813598,-0.6416792511412932,0.7518424571264949,0,60.085508492575045,0,1,-5.105084979920862,7.095569902620905,1,60.2540968801701,4.1330747738158085,1,-0.6499827960298247,-0.7738291680417567,0,23.4884872622171,15.077130716150492,6.52541228375269,11.61362212164542,38.35354361233283
1,2,-0.6514513597271494,63.21349380736925,74.02989252644878,2.0290768165542885,1,0,0,0.9114600341814227,-0.6224621686515457,0.2575296970857564,1,32.23708559561939,3,0,-2.4383360960753553,31.217706053872824,0,29.819028932975566,3.1106824691145967,1,-0.11017833086714858,-0.543785164077409,1,42.28563699296449,16.477192335774248,-3.1186882817972013,35.99591913296397,30.474451788295887
1,0,0.3248979006858471,49.790311189373654,24.51297396751147,2.3459462786427943,1,0,0,0.4481516952539298,-0.039663688375575615,0.8846570142528108,1,26.20658449720584,4,0,4.490002365780709,1.8986682941878852,0,1.7750989334582368,1.9184719788513944,2,-0.5074433887329739,-0.3667099824981109,3,75.66912969489297,11.572277640639463,-6.701999218268294,14.496052103600107,41.096257640017896
1,0,0.0675006880931856,36.56742843927215,23.579548160119785,1.8210017421643379,0,1,0,0.27984183158310066,1.8109431508132565,0.48896266093736795,0,25.116834656513525,2,0,3.671360618930235,1.5036093829746306,1,8.94564287629558,1.7529716333429897,1,-0.30065246220926706,0.3587573438358417,4,72.14871168953927,8.746192019187353,-6.1904309436144445,21.807629358450825,34.83647722650524
1,0,-0.0069644365881791365,46.49657482753206,91.42533593804671,2.709110979475817,1,0,1,0.5454250447781042,-0.10093486868006095,0.995421504898275,1,41.2034360118586,2,1,-1.6759077475312356,3.4907907203122823,1,45.78964746225273,3.6911865333686276,0,-0.21975380925426719,0.5257819268866422,2,32.865079844455536,19.544623128054504,-4.853339348687877,13.95113344814443,52.236583660756025
1,0,1.1023707633006408,45.15943485007138,53.22291714746943,2.7035254865022282,0,0,0,0.2539368342037611,-1.024574534467966,0.6255420588182368,1,20.190378623126215,2,1,-3.014208757284244,2.2371183824935366,0,75.84842115364494,1.878627320681678,1,-0.3758719601065817,0.6855649508681193,0,61.35377845445659,6.860307027197996,-3.46142737673214,1.280195932647401,33.696147125858765
1,1,-0.9966245184437061,58.623135436644844,9.41065825641002,3.3330404584745477,1,1,0,0.8239782399269289,2.1219674797428065,0.4235519777537067,1,21.676641364534575,4,0,2.673314321412956,2.4852281228397977,1,6.649289956518549,1.3794164559949154,1,0.9226586104265753,-0.43464134649622566,4,83.65075513887071,26.392505347737348,-8.28265538701183,32.095655410522035,59.17677249305399
1,2,0.4569769885911831,43.59815265049298,70.37529650985519,1.1821959087038054,1,0,0,0.4484030827829039,-0.3356717575782279,0.8852305201310487,1,21.863782863339615,0,1,-5.811494339418212,4.065269592169551,0,40.98587590455071,2.580765975714735,0,-0.9281569119355401,-0.9841166063131147,2,47.80144822280046,10.66928394523989,-4.477085026581628,14.60206521179007,44.84615626432494
1,0,-2.021769846368075,25.13988659508875,27.626658088039648,1.9871562168737744,0,0,1,0.1577900994980896,1.1484755426330293,0.8371774039446669,1,23.58038422229944,2,0,7.818033125668382,0.9491821897975746,1,7.060014486970192,1.7126315028265002,0,1.292641305075585,-0.2713846204427014,3,71.51190458431635,29.783070264527908,-5.559279219450641,2.657212303074461,43.97221260197162
0,1,-1.8269547156464678,26.679231278457195,98.72458639784224,14.233265616594505,0,1,2,0.19179071616515908,-0.7076195752366333,0.23878927252082738,0,79.48701382192499,0,0,-2.7107183890722153,6.633921575386454,1,21.250844311500614,15.168001677554603,0,3.5471853190573,-0.2881525914238489,0,0.9261080935850874,39.94709954053664,8.76824196915759,39.933164172989876,43.76121022729805
0,2,-0.3385026246091856,58.73465342173592,70.2405222473342,2.1395052443145475,1,1,0,0.8167007870781282,-0.7920307272311482,0.7717223619919777,1,39.65078768705239,0,1,-3.273194528765453,3.7823052984366057,1,8.300281354268456,2.8223259714113937,0,1.535479819971475,0.9813389197008147,0,49.02587953952153,14.244246325826609,-0.3633330222051434,24.5147351777233,69.94148496445004
0,1,0.7589658727288909,18.37252736951895,98.55975168606287,54.598150033144236,0,1,2,0.09761045536384888,-3.387274470211244,0.1779194011959418,0,79.54511836141512,0,1,-6.640702196793768,2.0306092072538813,1,33.47790403523414,14.56702807332286,0,2.9179782409824875,1.322748587973533,2,1.4812541006461566,39.99987830429735,8.224014407429387,39.88275651144728,23.32620934726457
0,2,-0.3751769353693492,53.710439334259725,70.09318643320282,2.8975969006666005,1,1,1,0.7690477562124196,0.36544414603560504,0.7670245013461405,0,47.71630797883175,0,0,3.4179706484280086,7.833579492143007,1,13.760995033174659,3.4618942889678137,0,0.5522483590815029,0.2769085732962695,1,60.87249712241729,17.60775177992725,1.82379396858037,18.750572064351445,67.7602409651744
0,2,0.10410012752464377,39.46006412435537,67.19656283732705,1.8954134237175067,0,0,1,0.24315519780868156,0.4862663540855449,0.7698740534955476,1,24.690174533508632,1,0,3.3430074252375537,2.226386082144989,0,12.126908570728428,2.6017942742240843,1,-1.108344834066837,-0.6552771364933245,1,46.53499835842442,20.89501904056378,-0.8642763866974512,16.005580480502275,26.814867877667357
0,0,-0.7507956395207203,40.66156519954391,90.3641241100973,4.804596780189615,0,1,2,0.3636342177449927,0.27503231553034246,0.7905249333368742,0,68.97749982247785,0,0,-8.911959127126082,1.3401621775647807,0,47.87055596272786,6.915950724363126,1,1.322145225687966,-0.009928918073832844,0,6.220050278103445,36.53963438584234,5.7797922402574855,38.57252758835663,44.14587891572619
1,0,-0.6445933056806676,32.10284158844016,99.25811481898515,15.977177028616312,0,1,2,0.27352424785890656,0.00410313175775654,0.9999976971816326,0,74.42639588188858,1,0,-1.4903096708159964,1.3674700516711646,1,30.94717532541363,7.120147659671407,0,2.3499341924443082,0.7741144659111475,2,6.924016061060184,39.82863610056744,-1.445146555098928,37.80464404928384,48.168047258053576
1,0,-0.18382576374584544,20.408020558694624,50.71673302774899,2.0208336567402956,0,0,1,0.11696257493783196,-0.25930576950563217,0.3485693496450518,1,23.885931744846403,1,0,7.695080065127463,1.2941619728722913,1,13.523298726319624,2.3755215922080435,0,-0.691266913200957,-1.0843719870426967,2,60.31262824581606,9.28204138249743,-3.3060456324777476,8.917726583815828,30.90399063161877
1,2,0.9272086519794549,69.57883672139018,37.31323632656339,2.4319103057467757,1,0,0,0.9885926177879594,-1.0634890045595302,0.815067690533609,1,22.69821813142085,2,0,-2.1430743525794194,2.3235482087476846,0,43.17357576167707,2.034632491827961,0,-0.3418802371547402,-0.5522971043624224,1,66.93950640614803,9.300281127573527,-3.8630936054743703,33.77863088991392,56.93418648459875
0,2,-0.005920127753948066,65.12725805852567,53.433769620245585,1.9311133551944084,1,0,0,0.9305817462547725,-0.7981087696794946,0.5316079363387936,1,23.402300810438902,2,0,6.339145162727789,2.710150905659688,0,55.64654915391656,1.7456767181606487,0,1.7850367508025118,0.41365069063722365,1,59.11806468991685,12.751572022370983,-2.1037295026015235,33.9030045781356,62.10884066141001
0,0,0.8664464342359378,22.47167837974397,87.74668298263559,4.29762654326655,0,1,2,0.17441038500366046,0.47943772340270246,0.26521994095598667,0,60.33252829294133,1,0,2.96688268832626,1.8799183564003026,1,62.285117122885424,4.854893783706621,0,0.5029494391603071,-0.6685552167975121,0,18.31380429022059,24.191167345992973,3.9830745801075125,34.582009942074464,55.03195180896012
0,1,0.0478416644533064,19.718084829028097,91.09069081866745,9.740471061108542,0,1,2,0.12818970168364985,2.0679490844345496,0.6612962196401757,0,73.98020296829372,2,1,-7.398724242566983,3.475160648775792,1,14.139001517236366,9.08592109695974,0,0.7471155281593291,-1.2909529924548369,1,8.003018784436833,38.23490265709812,6.010715626516731,24.699732375090278,28.512433823015016
0,0,-0.1734367229355085,18.53460657101962,96.42103289464347,42.12654137185078,0,1,2,0.057815015552827365,-0.47742648487615164,0.668179589209108,0,79.91723767669917,1,0,4.745821809395228,1.9269131574998761,1,33.10451455233226,16.68684008555651,0,1.363926232156152,-0.43129023618956575,0,0.41851167227867636,39.999616573165326,9.922858273066446,22.60938397269195,22.96576767320451
1,0,0.48033162525408374,63.746075418059924,6.870914508754,2.8572466668055903,1,0,0,0.8493122182635187,2.8718882999751747,0.7901210359073527,1,22.03913480203638,4,1,-0.9626061166249542,1.2056086866759654,1,29.173627400544614,1.193215363969539,2,-0.33597099901692834,-0.8407357753199072,4,88.26700466582713,13.280966559560913,-8.502270536151276,21.957134155969214,48.50511475948603
0,1,0.800199901200757,60.7765528979491,32.69697135207766,1.9242841007211202,1,1,0,0.7368469919256145,-0.2553015893513659,0.2621071494568268,0,25.971842649273853,1,0,-0.2548848513189821,3.831953346967873,0,67.31568278308117,2.488521430247512,1,-1.4791129039263233,-0.5645980647130189,0,60.293804147116504,10.1036130905104,0.5469612727351212,15.8707368400492,27.074051189385486
1,0,-1.062662062238391,61.24177589144706,2.50861341513135,0.9587559684396498,1,0,0,0.9365746938986215,1.1847827608016037,0.009185842566675761,1,19.08453459809445,1,1,-2.7871625085272385,1.320880574934058,1,52.53818076514713,0.8726356455540384,1,-0.27348711804439035,-0.03587390935890163,3,94.37826649551366,8.13882126128071,-6.8884516610595785,21.816702987363602,64.85971306717349
0,0,-0.3371746014956413,31.93743256262217,16.683496620242344,1.5252342686253142,0,0,0,0.20590326969575679,-0.8959575166438521,0.4553512889419014,1,19.607806995142035,0,0,6.764425760183947,0.4312067339329041,0,59.60369081181043,1.4134438057480314,0,-0.6078216916933814,0.47218718880348304,0,81.70014168029134,4.994110344942939,-3.682388665854459,2.4804352593022427,48.348937353205315
0,2,0.5524171857087934,35.63789419564358,87.28119400260638,8.175959145862462,0,1,2,0.22444562828155445,-0.02969062030745748,0.5705831702274972,0,71.70072332812886,0,0,-9.357414513481531,13.071520562500178,1,73.22367600399457,7.012755048901811,1,0.5315785659391125,0.2661603250362931,1,12.32167519624124,36.09734831018105,7.615144987508753,25.073817791561304,24.459225288062665
0,0,0.07617825434584864,21.37409889393483,24.904577720062715,1.8912800772114076,0,0,1,0.08653555317053563,1.4898994563448063,0.2662421908139804,1,22.574019723569343,2,1,-0.3007075345558299,0.6086588482547889,1,33.25391789457682,1.4530978696772134,0,0.09755588282373294,0.46750356895788275,2,80.02892432800508,16.97833575207974,-4.066401576168337,3.1264047963556307,31.21994551061525
0,2,0.6850623152935476,42.43878128720133,72.11131254463612,1.9823961791961682,0,1,1,0.26905924873415826,-1.3417729385032664,0.08411165633628187,0,35.25265564890592,0,0,-0.9772148084251313,7.515488436175095,1,23.083171156476,3.3580676753230536,1,-0.1270414094108394,-0.1761880038555975,1,37.90216234927614,11.39356056059665,1.1243400338074423,29.823171283710526,36.72280363732479
1,1,1.1982263262927317,64.80513344021495,36.581663243314814,1.4761909695211466,1,0,0,0.8030649352359314,0.7605671942042556,0.6083423369126385,1,25.47021129918063,2,1,-9.718718778171576,5.452777572273657,1,78.99493769878619,1.6902749630143048,1,-1.1893015262703743,-1.3886567175978082,2,70.17807716105018,9.64269101565171,-3.8382080238727863,27.74469666459142,52.83432332011207
0,2,0.5803696868229918,47.621746786117356,91.72867558393176,0.8957387192001036,1,0,1,0.48780766412543763,0.2858574823598487,0.9915196818187055,0,65.86581923951823,0,1,-4.270937547458168,5.914692203665314,0,6.760318090353761,3.9792537694739383,0,-0.9653436752560905,-2.0693891307266647,0,22.20439991569724,11.734377575935824,0.7903498831251472,13.144429775238367,53.450207118282904
1,2,0.02392942958200021,66.3588147740129,27.66659019202261,1.9813761552540714,1,1,0,0.9750427288237544,-0.2806841586061915,0.33793356064382796,1,19.172028318737603,2,0,-7.285069002962281,8.110872160273049,0,30.773969441554318,1.7105242997866767,0,-1.6763402089116506,-0.35979618110112926,2,69.84028758013284,5.329598021624394,-4.183532803641821,23.55686873020234,47.44075605731547
0,1,0.5382496877567685,34.07897481936594,99.16092992204534,27.717900283572362,0,1,2,0.16668252440620412,-1.5480776111257621,0.9628739085957502,0,79.39253952816355,1,0,-3.5206181849604423,3.416967982446733,0,47.64637570768984,11.30907535208161,0,1.5439976131879052,0.06159365874443581,0,2.3933218572557258,39.94451824201607,6.542016115963399,23.69645017398085,35.06488883375661
1,1,0.08747019159921553,66.56334560167593,2.1733548129164837,1.9511905077850042,1,0,0,0.9597990783145943,0.8529111481597718,0.39410397518101226,1,28.348516956761465,3,0,-9.708176796424267,1.6027499274349617,0,73.08678004666724,0.8262553619103808,2,-0.4412927361870866,0.1328144399373828,4,93.24526897101822,10.957642540425972,-7.18397856450863,10.848592135069989,36.116513327385405
0,0,1.1441454066649779,46.35415976118094,45.079622319116176,2.2869903446581286,1,1,0,0.4352875344708053,-0.8645154059937561,0.5534264686119905,0,23.46728247506948,0,0,-4.545527361677988,2.0083086399307897,0,74.53258879029846,2.144543521432135,0,-0.9487209277077551,0.41674481213874276,2,56.79479428561712,14.286408590167772,-0.225301611518681,10.631032105061237,39.22023598967088
0,0,0.5890376722043352,23.171157968894306,94.97228355886361,10.581845951695785,0,1,2,0.20801160376884076,0.6268856970978255,0.9804828151751217,0,77.0205466913669,1,1,1.1215563129598607,2.1579887119989944,0,10.777741338541503,8.850352463816012,1,0.17898901597873007,0.5674150866797866,0,4.032718973671834,37.912508793226905,8.326858950962734,10.825944023806196,47.89897762838639
0,1,0.48566573857220025,20.755007010727617,79.67066288204082,3.5706519607853604,0,1,2,0.13123308732556938,0.3823019352818168,0.5939697477142227,0,40.98407516003654,1,0,5.1337340416076245,2.7432521881696683,1,7.146702860341954,3.703033799177774,0,-0.3146346912189178,0.9021659639464982,0,34.74185871953887,15.998612886658453,3.5861953267070117,7.254033340441833,25.50518032805319
1,0,0.9764404543168212,62.16572065635425,4.314170134165502,2.0133052895789043,1,0,0,0.8346979876175937,-0.039868565802166,0.5389115419962806,1,24.054853035308806,1,0,-0.9105076879763825,1.0114498007200872,0,43.13663836221603,1.0364537142095076,2,-0.704039807913602,-0.15936882234507155,3,98.00402924516746,7.253451165264675,-6.864562764049332,2.7011427185881676,49.85764847449581
1,1,-0.2629153286734337,49.08715460778928,19.60847742774165,1.3944300312650606,1,0,0,0.5907126045739204,0.15080199995309765,0.24073926973300852,1,24.743208254688685,2,1,-4.136617824204848,5.270338364156244,1,46.84439954762767,1.1930364148501513,1,-0.10002390071322932,1.038040993790196,1,82.9812946370092,8.522937476406526,-5.5331229175076055,7.3307010991816135,58.253598016004936
0,0,-0.5862077078921538,22.092682034351007,87.4129546405461,12.42944422842779,0,1,2,0.12879447552410966,-0.4063425984595178,0.3390279372273015,0,78.03654784307598,0,0,-7.709069006597264,0.7744128829726481,1,64.9790319662059,10.394740927181424,0,1.6839803713572359,-0.6512793690858562,0,3.983223445527395,39.65069010747437,9.443420419309362,32.047713170793784,37.99451510291506
0,1,1.0466215592648966,39.95773413240059,72.63897082911423,4.951360716922123,0,1,1,0.30737499806173857,-0.49344939811877697,0.5944095019923619,0,41.51041075462907,0,1,8.462003899889051,3.29307695154375,1,54.86503414421195,3.5654787083667525,1,-0.5011959460278811,-0.6636930113873453,1,25.154668697171452,19.972518173403273,3.5200976410215326,32.941434367061376,31.32299909456287
0,1,-0.08012294459165652,34.83114353147418,41.510850973999126,1.682938073690125,0,1,1,0.3766576595871518,-0.31785063101107924,0.3583006656143397,0,32.33010875259219,0,0,2.272908847224514,1.8726692134362926,0,17.291844424580596,3.420890765345273,1,0.5415477579326493,-0.11986982248866064,0,43.93954540743342,14.137804688977882,6.2483662101205155,4.768212412971831,42.29136548927484
1,0,-0.12948676898356226,27.526608846781883,31.657566589092156,2.239396087359852,0,0,0,0.21778550257928936,1.29545267776837,0.673981879046552,1,24.58413196570323,3,1,-3.055723515445397,2.1108055370001684,1,26.051306941378964,1.5011942270063097,0,-0.7128883709076711,-0.43365980238423674,3,76.25263664493656,21.6178503266468,-7.618736135893113,11.110164269818545,20.971262850324912
0,0,-0.1604662028160554,28.043879586211354,27.215915771231323,1.4883814746499533,0,1,0,0.20476575876443115,-0.1990480700143681,0.14590875503139433,0,24.66029435560115,0,1,0.5343024550526252,1.0114775433830587,0,29.1065765058843,2.8615841665916735,0,-0.4260939244673057,-0.10884996064080944,0,49.904135183258326,6.286241905935066,5.765898633200859,1.2591178304539685,56.75075157033135
1,2,0.07668615078242308,62.617682056619934,45.15446670327623,3.0213792799101586,1,0,0,0.860789848881542,0.4158136867189336,0.5231179739144516,0,20.741179718012358,2,0,3.2298295886342228,5.0367517363468925,1,66.21764964772986,1.9210823479069148,0,-0.11730589182487648,0.36438081118545557,3,63.97268148406552,18.705899556826836,-6.381569609961312,37.822319914837585,47.741685408012536
0,0,1.129670627404527,53.92036533753298,34.19507756359253,1.2097972870276978,1,0,0,0.7695814178282194,0.7809924142882083,0.7613631492114952,1,20.591975483902957,0,1,-9.895236593194793,1.3031423242043776,0,68.36535702463235,1.6661301353808733,0,0.48608831259745744,0.9354084537912248,1,70.42481911724485,10.818108676904963,-2.762083282343612,6.002500328939657,33.04126676916181
1,2,0.09245759417045551,61.05419177123267,85.197707495942,1.716816062437299,1,0,1,0.802613984390177,1.5714893653805249,0.41491777304609573,1,33.620515134669596,3,1,6.825859274066293,7.431299434562043,1,31.378833344164704,2.8990573897007326,1,0.0385968301845573,1.2667962294849249,2,16.927353162503124,14.83291235589784,-5.751255835308662,39.06415220885022,36.83521511881665
0,0,0.6784846378383294,45.64233952891463,46.74270927409739,1.5770698235855893,0,1,0,0.4263161921478782,0.7972340511782458,0.4374683055938299,0,22.235697269019745,1,1,8.234912012320738,1.388036846977253,0,49.029070976426645,2.2599221464021477,2,-1.0572399154172003,-1.024894042758494,0,56.40783728903166,3.2281218342622364,3.8102688814538777,19.88803747110378,36.860747441594
0,2,0.3863263303122646,28.003295427669187,88.69322236219783,5.957245764425682,1,1,2,0.3364439081467683,0.7550358095870312,0.49596743614556527,0,73.58149394568086,0,0,-9.119730187903507,5.365273540671994,1,15.739781840765845,8.069713436246737,0,-0.062236562236115185,-0.3748801873017463,0,8.328849453711202,16.497286924188245,8.098992933089942,29.65575035432511,30.244770980107297
1,0,-0.16121872664470943,61.32581422894738,16.42423725114463,2.3109453785485035,1,0,0,0.7959667366387297,-0.7311607241125193,0.38754098781177726,1,24.67214540383874,4,1,5.1561309185595725,1.7033119649760642,0,36.97630204417694,1.732276450746214,0,-0.14555055343466453,0.38683285111952903,2,83.35269069051961,17.36241317213734,-2.31401328093712,9.857312662332875,49.65760199178631
0,2,1.5255746951517644,67.7286811474994,28.236768358282248,1.184945449071535,1,1,0,0.9416720114452124,1.0191613438104208,0.3947452997119086,0,18.823675915760436,1,1,3.2858186309472455,1.9756017355607443,0,59.40968349129493,1.6704809341795592,1,-1.3222563520422095,-0.6359328883766378,0,66.659333803992,10.610787541389914,-1.4496686598643098,24.696993318379437,67.42562668139436
0,0,-0.2677376055007552,64.52055019888158,33.28344369674549,1.9056686446771396,1,0,0,0.9342926202883304,0.4687956246968237,0.8249520567754137,1,22.9460287252127,0,0,9.655743839543941,0.6096608722776139,0,75.98497605128193,1.7405186259036718,0,-0.16623023849580326,4.936683952669927,0,76.94683312359865,11.85047709408541,-0.4277199405568055,6.134340559340439,68.53858649816976
1,1,0.9011356396396363,69.08728487445842,7.220177285445878,2.662340890060103,1,0,0,0.9886236434360953,1.0994361509248636,0.868268583575811,1,25.99660463281337,2,1,-5.374371189602824,3.489772235301887,0,58.56640841917745,1.0972261263253575,1,-0.19843828506639025,-0.5739242267041459,2,88.416671995754,15.005269276720554,-6.5424536180435275,5.664822308487785,54.8684561340992
0,2,-0.34226918330985895,63.116503434603715,33.70206594038028,2.313026237241934,1,1,0,0.913742415900284,1.1769341451487398,0.26847885013609385,0,40.087200053012836,0,0,-5.178536267341017,4.850889629660228,0,42.58815678797767,3.0171052975851778,0,0.64388096582772,0.057166314194569676,0,44.224147153511694,14.490083870949878,5.261304375064126,14.960544832643468,69.49963064857896
1,0,-0.8540386914742718,68.14678055149407,0.3380557398999229,1.7157529865152168,1,0,0,0.979323522410203,2.3328950293254236,0.3931739838040038,1,21.232556360676107,4,0,-1.052250607394555,1.8237426682500812,0,62.1129533064841,0.607663251409231,1,-0.06757966726772328,-0.6631018088457057,4,97.56237102961535,14.052229191322665,-8.81902817752205,11.171086543587549,37.81652431636229
0,1,-0.2809006736562793,24.854133727722786,85.89017135148707,9.079585210939044,0,1,2,0.24639146446020727,-1.9425139228114336,0.6134847268500714,0,70.2410709167854,0,1,9.37250713181206,2.4897507128627003,1,44.26247328541213,6.621840903591967,0,1.0795954177030662,-0.8501876871837739,0,16.22958305389115,39.16374973348652,5.859588950886057,26.726037880996138,36.089526491757034
0,0,0.0007155388667350011,45.3807705188846,14.874044547340038,1.4886708606115593,0,0,0,0.3917294225441924,-1.6063781858937254,0.06280387895065298,1,21.07346337032629,1,1,7.956671302276689,1.6432494980252665,0,61.972415633396466,1.48819041950729,1,-0.4907221672574349,0.6879733852772071,1,84.16798637353308,10.169271201971867,-2.649460121560619,5.142924002369897,52.779738087965
0,2,-1.469794107290435,67.95321785099961,31.215839550684716,1.9294558250566138,1,1,0,0.993484320887539,0.1950793860918216,0.6344314501333211,0,21.887734658808675,1,0,3.1682967406739735,3.840352347566634,1,74.03126514014906,2.0707567144326107,2,0.6289569521903603,0.2003452332329815,0,55.40555111018285,17.67198065485412,3.8559461340686774,7.619950142183365,69.99987161899458
1,0,0.6332915137952131,66.79044920215917,13.780787547585676,1.651663019191888,1,0,0,0.9087596874833201,-0.025708999567474966,0.5726368361585467,1,21.94664608364817,0,1,3.6431886600354435,2.693165698403985,0,31.825130365879165,1.2033272184454036,0,-0.8833899181417509,0.2827736100686304,2,84.43883878563332,11.313025572214578,-2.230601392184088,11.907005569019857,63.01722250894083
0,2,0.1647364384630153,55.034181289780676,77.27845683232091,2.4371877233408443,1,0,0,0.6906367600591216,1.0988489812658373,0.5954349477187579,1,30.530861979515524,0,0,-2.2970528387479128,10.672896348641117,0,13.145163933323136,2.853776980072663,0,-1.2448483300357591,-0.331187211391863,1,40.28144690665793,16.050991073625628,-0.3697462787791892,34.69210955298993,30.696220201687034
0,0,0.3098538599458462,32.51846287756058,54.48407288808487,3.5344657885794346,0,1,1,0.17806601086872997,-0.5821186467164383,0.05859202861282481,0,76.05696700411328,0,1,-5.21649906245508,4.829289016493004,1,75.27361214417864,7.804983911946654,1,0.774224438688888,0.041286191645455654,0,11.133812100414826,21.09674233172339,9.696313136405294,5.145833611528694,38.440060092845826
1,0,1.73323598242998,23.572331921542478,51.759885262658976,2.4388430666549046,0,0,1,0.16079241224897617,1.4730189199396795,0.1952205644966145,1,42.09970036115404,1,1,-0.36759029170366553,1.5950456212583064,0,1.9038051959281743,1.9855427526256746,0,-2.009118394015837,-0.6384784424279885,3,64.64438899207484,10.319563654365009,-5.760965898551018,21.996332595236904,23.981561173012857
0,1,0.8880843993707331,43.0445573253692,63.701702803670756,3.3235177379383907,0,1,1,0.26213139859661205,-0.26378034939225176,0.731812215730274,0,46.99427576445469,0,0,-8.44648205144669,2.2280234769512237,0,42.98515326921259,3.9061268315886246,0,-0.7225735299201813,0.20788040950165246,0,27.336152886624966,16.625369441926892,8.086024824000472,15.745211948687823,28.435608941075657
0,2,0.5873366259556035,37.12693527793022,98.91157873255547,14.441475630034796,0,1,2,0.24698724175157344,-0.5818389901693779,0.9071294613146852,0,79.701688299129,0,1,-4.285284692090984,25.66163075279337,1,50.70213099754413,15.776145354415172,0,1.4565075328158437,-2.0723383078228865,0,0.6915387340105661,38.02517173513631,9.638666696558658,25.210745216076372,38.845880892994124
1,0,-0.6189757594485735,30.741566276637776,49.7350634447336,1.2860759146040848,0,0,0,0.18226905642451358,2.2268598028376507,0.5776028726532222,1,18.432164888890004,0,1,8.450791542657665,1.3516259608145686,1,2.8129633071323923,2.1145601331161727,2,-0.33321092469528074,-0.6798209241491657,3,61.65620540361384,5.187984679693223,-7.708467557997456,34.54522353949879,34.58294685554736
0,2,-0.051624955178284346,50.138588841016634,80.48807281560916,2.017003955317767,1,0,1,0.6224644259667228,-0.19481550452962534,0.5478843960551256,1,33.580322317678274,1,1,-9.714555757775456,5.381348346749046,0,43.577555364710385,3.4198327595989544,0,-0.17078101024403025,-0.34550213872169194,2,31.973556031453477,9.330234941640043,-3.007495606305131,37.61891216817307,30.786724612986916
1,0,-0.9844981743387412,42.19719001940812,34.70301152933848,2.966037964579377,1,0,0,0.5874235143387451,0.13698623140802024,0.7790026137476269,1,29.307954196632696,2,0,-8.636369502272704,3.507369860343039,1,0.20670062193633765,1.5422896673114708,2,0.41710402183160494,0.47503630326969,3,73.1803241313774,25.56267913940292,-5.2673311985334506,9.260661230396991,69.95098773646318
1,2,0.08152176081113939,32.0263508229974,72.39941722947599,2.0053357405217205,0,0,1,0.18269218446521818,-0.6791216779020278,0.45943615017559203,1,22.485124149424685,2,1,7.3873570121557535,8.243279022023131,1,10.692984144239581,2.865317373927213,2,0.1783959039223286,-0.4403995616277761,2,51.34130013234094,8.752488739346663,-3.6208582996749694,19.866442187520292,49.13898521699541
1,0,-0.33025172703875666,50.01863236705099,21.11534947571656,1.4035933983704125,1,0,0,0.5772531242251789,-0.45037559650545944,0.37627869662038504,1,21.168283465945528,3,1,-0.4195136880051127,1.984639926998465,1,63.87129058993594,1.6913767756346816,1,-0.8667087809362217,-0.9408356015318485,2,80.4341718443309,11.631592288845855,-3.749995301670718,19.572910275174387,34.458837136118305
0,0,1.075985468197653,29.97214088479854,83.29482875935935,4.496026079489073,0,1,2,0.1777890877763511,-1.1154798367236454,0.05012438226436955,0,70.92770431387247,1,0,-5.654521226720583,1.8249446427885425,0,26.819334802115687,6.836135429884206,1,-0.5540019123838466,-0.0906490175899429,0,10.737179450589284,15.414415747335672,7.595442216966688,24.396184541113833,39.151903069745124
0,0,-0.8213132814536022,39.318934707728154,30.51514638421848,1.9490796819624137,0,0,0,0.29247936611452297,0.23006231208167605,0.15502027562355225,1,24.868930708723134,0,0,-1.2080420430927514,1.0417475606563154,0,55.584435618573224,1.826710678781549,0,0.8217233756550744,-0.27591619914392246,1,75.91794377985917,10.295699391530997,-0.367900210249811,17.059092674000944,36.73215143423269
0,0,-1.4676853895217084,27.73105629253852,78.16992963322029,1.9998699655653065,0,0,1,0.17151695684044482,-0.44568978096040335,0.9631972397324224,1,27.224769924843386,0,0,9.381445789550476,1.5544480582498663,1,28.527732036132328,2.7801827308071942,0,0.9872967029020197,1.7641080635688318,0,38.87501124331616,18.593702758896903,1.1270603082082413,1.810599104455064,68.68851319256206
1,0,-0.5586397271580863,46.46909643548054,28.75972631438052,2.612874168981764,1,0,0,0.5724730233090164,0.19765017351570827,0.4276014691428025,1,20.852682096671494,1,0,-1.705831081486025,1.9661213236317956,1,11.559953200364648,1.7010731853595265,1,-0.04081197215718247,0.8222031249660986,2,78.13507381767326,25.54467987419702,-5.8444351778857815,17.971870031383528,66.97781166022949
1,0,2.0149897272983224,53.29929879362358,16.89929798350651,2.1970451946493834,1,1,0,0.586893778200843,1.5362770636291825,0.5464815155341073,0,24.066354897292253,4,1,0.7623220786606701,3.304667395308716,0,0.44847277118296613,1.9286552243749204,2,-1.2251504794125483,0.07807261422306264,4,69.5856142851446,10.837698813245195,-4.388882378764705,12.559117520920653,23.62459482390387
1,0,-0.8160256122797487,29.40145393576489,24.359228406361115,3.7319318246466247,0,0,0,0.2748266950935835,-1.3693225065983998,0.4560653153683433,1,24.437531667857094,1,1,-5.715712077874306,0.8242342797997937,1,50.64175332388078,1.5703424210019419,1,-0.2697645268474018,-0.03499657262543122,2,75.7501079268561,27.59029619597122,-4.849910640582094,6.860324692498554,33.6771367933946
0,2,-0.712896731597294,62.36151869190036,97.13478831890754,2.354172516620968,1,1,2,0.8981708660480842,-0.3506287801288761,0.9999999999240767,0,67.86235066582778,2,0,6.416624409558157,4.274115813420487,1,73.73170387523936,6.090656730554182,2,-0.16632657765751235,-2.084019121109613,0,10.25105785015406,15.930300461366443,1.069508527841549,14.979319983578204,60.48426219757981
0,2,-1.8494509870486326,58.16872020493015,91.10513208477148,1.8431643964930444,1,1,1,0.8819774828660947,-0.1594201813812145,0.7511927323872474,0,67.10684466494672,0,1,-3.8388689332352532,7.100365737691455,0,11.685266848000659,5.632255694254462,1,0.9409896576806089,-0.8568252998882429,0,18.26843093670883,19.62707332182741,-0.4800934322864556,32.89936139167798,65.8212007748136
0,2,-0.1145129960287479,33.146243495256314,80.07281404595878,1.6370114105856408,0,0,1,0.23775561317175103,-0.32635298486986447,0.07844649649417557,1,30.23801644184411,1,0,9.704809751243996,3.998292900824759,1,32.837690914730004,3.060922971508822,0,0.10253489282100019,1.7138945423345413,0,36.739847007375914,10.806819064304616,0.1670944370628682,36.337754556988074,43.85728202663647
1,1,1.513262899205588,56.603188607142386,49.17422308136032,3.1182330590196523,1,1,0,0.6691378331341657,0.2250294710015225,0.807749963041329,0,20.113142100787236,1,0,-3.5112789212469595,4.781290213258631,0,46.69590280341299,2.4436082043394562,0,-0.8261216472585305,-0.4252333845161542,2,55.92697780881235,9.995938154742923,-2.5460607343933788,16.475194784064552,42.684199246565974
0,0,0.4251508469189677,47.80783273646121,82.46512525276914,4.843299124552747,0,1,1,0.401869195775183,0.7065568366850832,0.3468998740227607,0,75.18906875010444,0,0,-1.1548037238257702,4.926288392880826,0,11.706637058032655,8.977337644728937,0,0.45257804391063333,-0.3455704947842367,0,5.621407948986196,20.74918670545177,8.958973636419739,9.863487675111696,23.50387707495878
0,1,-0.3163565400799114,53.414344493690635,69.28394342789119,1.9565637412748151,1,1,0,0.591182993753736,0.8883086126990322,0.4316854512299215,0,51.69522293124274,0,0,-1.9737120323620836,3.7229980991410754,0,50.90338594764428,4.9479616586104145,0,-0.001703776849562705,-0.6022219203033103,0,24.989323093150578,7.265136266775125,6.646222211189205,28.87415129080341,64.5284297914775
0,0,-0.4474710486843192,52.83782060089725,28.610575581579432,1.6516888446320388,1,0,0,0.570373853934714,0.5223612819352456,0.26848209073185786,0,22.54230465044076,2,0,1.927518115454772,1.6959710680131883,1,27.298302697710596,1.7864990909163134,0,0.4126625805528966,0.07842265319780695,0,70.87065678951272,9.50780125518169,-1.7493982779330537,25.64899343446685,48.64900029098362
0,0,2.1484522620820656,28.864159425598935,48.59766432251381,2.2423342514565787,0,0,1,0.14094175757301786,-1.372986355806364,0.5510279405007816,1,22.418529119048507,1,1,5.673442771979589,2.944898282490469,0,23.500718356085777,2.3529383536872754,0,-1.7545389984897286,-0.2890993516030421,1,63.36252078188968,10.416466607651378,-2.290257140644597,3.7032385381943578,32.43461596012217
0,0,-0.816272449879655,51.33527210935974,12.58753755098201,1.8804280006548788,1,0,0,0.7383710883639765,0.14252097248678935,0.2953586355896013,1,21.777492140034486,1,0,9.991628369681145,0.7354600509965838,1,24.14178000436393,1.2637174449324675,0,1.1981536761140437,2.2818353034764414,1,89.06521706866403,13.467212032351696,-5.006376856938989,5.361115532986693,41.826857817548884
1,0,0.812813106030742,45.64277056010524,45.822491248968944,7.159149896024917,1,1,0,0.5044576583348794,0.4438312931837742,0.3635265021338615,0,27.640100045099224,0,0,-7.18737753709095,1.2736513936352911,0,79.99445426214807,2.7185502208048375,1,0.4936865036240781,-0.8244301421839272,2,50.29800369815918,34.14034303857136,3.36527968997898,37.024311004943876,24.378134164425056
1,0,0.04367009794140935,24.45122912306213,15.7803343809996,0.7773403629719031,0,0,1,0.12788920202550175,1.992919845562034,0.7353748987580133,1,24.188893488706043,4,1,8.212927432264614,0.8060398942671079,1,54.778525776665504,1.4629617174810832,1,-0.6809710350543179,-0.009250358678204455,3,80.73796259597597,16.574642564792804,-5.5476494886307135,2.003782159478158,19.948530808538365
1,0,-0.5652015794263593,46.62291549788662,29.156259962900954,1.599356970076769,1,0,0,0.6409516123648581,0.46067708960453324,0.778227549229551,1,20.704251253977706,3,0,-5.162472319582291,1.4320039432460328,1,44.060645713430056,1.8523017290301345,1,-0.6662354084990656,-0.8672101477376291,3,74.1015165500297,6.053702942677437,-6.0771369242126525,15.70653784466285,42.78960652477657
0,0,0.14859487966785867,34.315096350862405,92.73591558496366,6.15714612202174,0,1,2,0.21032425621614698,0.09826528522501415,0.7119949299944428,0,69.53136047919747,0,0,9.790772696984899,1.7103270037997256,1,48.57909910688896,7.692698782106101,0,0.9433502123295286,-0.23697618133722764,0,9.911390974447198,27.662400074973625,3.9510945420946886,39.11341814054097,41.57230965241487
0,0,2.268560146943181,40.16986706974997,65.37946315193986,3.112732687862952,0,1,1,0.20046946722559755,-1.2164095681184575,0.007198273499189112,0,77.88142679212575,0,0,-9.205285623762492,1.2023923356927875,0,69.00091878871451,11.4821075315951,0,-0.8492682866518934,-0.07630013209515787,0,3.4337808227975106,10.090872128910213,9.96539953058226,33.854142616215995,45.987145353960415
1,0,1.4520020292850477,29.885721571685416,1.2851389881404662,1.501082460456081,0,0,0,0.1157745351282794,2.17541628884922,0.2359116545640898,1,32.3892128666584,3,1,-5.486985086897116,0.16808846555960913,1,64.8289665518298,0.6927047392080761,0,-1.1578987042751807,0.4764451324591021,2,97.64221441871857,9.739850296812747,-6.521953791650185,0.16299138327707352,27.383336684016903
1,1,1.0830783833760613,66.74159910988786,5.0846024296696495,1.7300024536143768,1,0,0,0.915038081906355,3.0146294973178547,0.42212502308435473,1,19.660301288644554,3,1,7.055425732781831,2.266331043571215,0,40.564210211869884,1.070404886862917,0,-1.5677503297576796,0.16684692851478206,3,90.73186309477083,9.37321304827793,-7.871501512825795,7.189695555546711,47.65433311043958
0,2,-0.3343828210408471,64.751145073575,75.05712036627274,2.1424151898206545,1,0,0,0.9483408665104521,0.2756250112314406,0.3861149385104985,1,26.37190451459142,0,0,-8.480749027282679,6.374227793522552,0,68.36893929189091,2.9057717498047406,0,0.3602929314029687,-0.7448661211314458,0,67.31083370641934,6.6175965523103475,3.1094448043581373,39.17250716590304,31.180064280555797
1,0,-0.8862835546164345,42.95133135461356,29.937282411089743,2.9777347517053823,1,0,0,0.4582624403211502,0.8111524384969072,0.4378226971909494,1,41.841259664255126,2,1,-4.506363168101334,1.8709711915925207,0,45.048565728049354,1.9302314007697128,0,0.30167549606908045,-0.08257369616889111,2,75.87621112005156,27.085445031087406,-3.4912616558999954,9.125481888055297,46.058421544149105
0,0,1.6740634535819934,35.19106563179561,28.67159544002854,1.7328305572410352,0,0,1,0.2338057195360141,1.2315354342575402,0.4591346449594231,0,24.024351073180657,1,1,-4.532542988635266,1.3392472991263604,0,10.559612239428752,1.7908573614558907,0,-1.5569786130976855,-1.462722348910027,1,71.29692328256134,12.176760238713031,-2.230482863234471,4.0355785602891565,34.06658546887988
0,1,-0.32719241207218724,32.234713447642775,77.76277172786938,7.6328817801678515,0,1,1,0.21071433362459902,-1.3531395550081708,0.31901048701628665,0,75.761244623551,0,0,1.2885625384931423,3.459365117179487,0,51.251622531738775,5.9491224103003475,0,0.9854683203360247,-0.5521733107894875,0,9.40685973991966,37.56547189225904,9.047408259269424,17.033272779325785,29.467593749317388
0,1,0.6215812231213347,39.41386014425743,87.48817213612955,15.621905163404538,0,1,2,0.3072453515475422,-0.19815047924146872,0.7799666570027561,0,76.66234414930949,0,1,8.924361181734124,3.454507349447316,1,78.86998301845014,8.709970467563718,0,2.0140084218946464,0.792957267487514,0,4.046019569368947,39.36921960147976,9.117745776421057,25.834398214511328,24.801923119258486
0,0,2.722695135966347,56.66176722115006,29.543540882573726,2.480806240362982,0,0,0,0.4196201700392258,-1.3524146739126819,0.3462103498466007,1,21.317675420930165,3,1,-6.64972097007394,1.2602060787375688,0,23.226639544632086,1.9560278197223935,0,-3.5757647140484554,-0.8532493226737987,0,71.85493079953443,6.484578474315614,-3.6126489433986597,20.226975921689657,42.14641856104072
0,2,-1.1485169455941697,63.92048346740114,71.8614223154795,1.9108793722097468,1,1,0,0.9548493584914369,-0.2289408830183437,0.7347659683480621,0,40.93144105945508,0,1,4.2997537154870376,4.932718845249275,0,19.494094147236204,3.552609120284981,0,0.4498154890596236,-0.7490414435416965,0,34.794248006331244,16.419095825702396,3.732955149825571,23.764481308351066,67.26284567209238
1,1,0.13470720485851728,55.25327251381723,24.017946259007555,2.1096136332172373,1,0,0,0.706829927787523,0.24076027748007398,0.7167886981300114,1,22.822169641949785,3,1,-6.568635866569094,2.473448416860536,0,23.099517105262393,1.7869774996616978,2,-0.19492261237415084,-2.999067343096942,2,77.40738600747001,9.294335968977109,-2.0899956698096265,4.979218422514968,54.490253092182634
1,2,1.4072590522115058,65.5007942351801,24.090127292663748,2.4772211793936023,1,0,0,0.8968657945120385,-0.14768097301592856,0.3324165019061372,1,21.0710004480835,2,0,-1.1779942489549242,5.864637425022503,0,70.19054501095184,1.5046379115715807,2,-1.05516172776876,-0.8111349011455941,1,72.57605080763938,8.953985318422127,-2.4259643234906267,23.012184866441203,27.345624210492595
0,2,-0.05638731005749715,50.50022827131365,51.61959458671775,2.547385097625358,1,0,0,0.5888990684114593,-0.7789724289211245,0.6247033251542058,1,35.333004132591725,1,0,-4.318205295687676,5.6747099853607095,1,77.83015126157197,2.0780740236154718,0,0.1746890133082427,0.5017604135337361,1,64.23248068081158,25.770266868653838,-3.1392075957764654,11.45786529903389,23.52545161780309
0,0,0.8317484084137128,31.105252071339542,23.574169785768557,1.822635005018986,0,1,0,0.2491225059925406,-0.753930496717917,0.0095313809826717,0,39.894271959263456,0,0,3.540974189201897,1.3513598619272038,0,26.71114578714185,3.4872643121746374,1,-0.8014976739037967,-0.4308971865384575,0,47.41262044469961,13.741558601324979,6.712472564626207,12.654926106283948,29.629415589459477
0,0,1.277639050952016,50.98510708774904,70.27007726572769,2.473004674010192,1,1,0,0.3862470675116557,-0.9454241408920858,0.9537091405634817,0,28.381988084585092,0,1,6.067796012780686,1.7212114471937652,0,73.76261603368656,3.34438333467707,2,-0.9003085825752605,-0.13479817690374166,1,39.45250916226078,6.661730040224578,-1.2884310369585972,22.148280202092877,40.33843847703449
0,0,0.16673871289998013,40.21186264800304,83.00167856632984,3.206168151779209,0,1,1,0.38614996703223103,0.8852006874237598,0.6309925157041291,0,43.756810642426736,1,0,-1.019297678356999,2.782593028980031,0,27.596135939061956,4.197140445972172,0,-0.11780824612520176,-0.6467840908468137,0,30.48868895055705,21.83827857193254,3.736176689239443,31.308382381709432,49.32995030136905
0,0,0.5959321705619324,32.54969689129291,73.62842371535358,2.176471768723179,0,1,1,0.14311401675909147,-1.3691805192803288,0.7109144240058995,0,41.40615809026515,0,1,-1.5665081474547442,1.9166054731886795,1,36.12276425236997,3.780118582813132,2,-1.1992452607949668,0.5427774121152537,1,33.38080962947689,8.724364854139576,0.5972677560579793,20.423839337039027,47.69875847262275
0,2,-0.11157761431486624,60.902495043071156,68.9830794815063,1.956471644567613,1,1,0,0.8344111871364293,-0.666271320989592,0.4723902944100338,0,47.13059311399525,0,1,-9.366521444082688,3.5764629920959514,0,69.75246887716169,4.392017661392295,2,-0.22385532057042548,-0.4653586813726279,1,31.473887887812978,10.564138303564011,5.09650924228171,36.48516890465761,34.79982373786818
0,1,0.8006628147834816,45.74864030655389,71.99240607665985,4.504100842301677,0,1,1,0.39248481641639127,0.14451986148375848,0.16241771033681346,0,37.935829980240136,1,1,-1.4641232089293528,5.30652789440464,1,78.915271442757,3.5223503097518916,0,-0.028582237425312147,-0.7184847292576337,0,48.60045516499248,22.810123760958607,2.9014424857036794,30.225986412055317,29.962098033628465
1,0,0.6533766656970624,35.35131865394487,40.25662761856173,1.6768089887568212,0,0,1,0.2209449524524511,-0.6851756893209151,0.8275116348746623,0,23.531008079863817,0,1,0.1386251479392797,1.3000763627591623,1,46.8408107378804,2.5703250572498573,0,-0.6164740363979684,0.5739357826934707,2,62.867598707184634,10.291842386848366,-2.7148457524454646,3.944232429517134,49.244024211825156
0,0,0.2568017956100512,28.877078227544118,69.94157145873189,2.4833933412854536,0,1,1,0.14692211057554772,0.25570809267700656,0.1584218389954582,0,38.11584013830908,1,0,4.873026873766255,4.871483849394446,1,11.764391949250225,3.0901573116080256,0,-0.32752254133235403,-1.759205309409571,0,38.85037482449302,15.749818135551955,0.23380468320989323,21.960254256015684,37.59895767868427
1,0,1.1740536897838483,64.48200922203833,1.7360477957138742,1.944828998730857,1,0,0,0.8819413611056408,0.6886033643234488,0.4677795696846147,1,28.71591519618174,2,1,0.46009963334798165,2.1026122961813685,0,27.189742096769038,0.949040592505924,2,-1.3031827208358309,0.21851183374123914,2,94.38942749878746,8.633659875283332,-5.10882825181031,9.930694751100859,47.34212098598563
0,2,0.37801786053684844,52.88081941922334,72.73603107809184,2.0511190308773517,1,1,0,0.6042877155732516,-0.039841017819096415,0.24073507750897322,0,33.15910396709414,0,0,0.9537550803201196,2.8479814365785954,0,10.15351450906544,3.144225342210596,0,-0.25149656576717905,-0.15018735210156925,0,33.16525847642369,12.475367403197403,2.2967070174956774,35.679275897855305,65.28990055690883
0,2,1.1833451895110354,25.54326315881421,97.88757736554072,11.061760238423936,0,1,2,0.1672226939012466,-0.0738071052256684,0.7530962521643385,0,79.80405626441366,0,1,-4.346283189108756,3.540727455082026,0,1.3318571116502742,17.32514714950472,1,1.4842640551817403,-1.0028799259126886,0,0.7477227108687423,37.58843065339693,9.45658924262549,38.01481322509203,28.43230230776145
1,1,0.2817371774586924,49.994436009245256,54.13850326103373,2.047233190951481,1,0,0,0.48063540634968216,-0.47757618822608805,0.6916826083935252,1,24.680453652746355,0,0,1.470368682036245,1.8409018599591989,0,24.884271085355017,2.357505373861324,2,-0.45343661518287837,-1.5253923220251306,1,58.30850187887665,12.277303305750682,-4.616633073206308,33.25829457346819,41.39186916365722
1,0,-1.1259249463920575,43.12325151450811,59.12072100317792,2.2459831967840973,1,1,1,0.5237289069096582,0.14426378140748392,0.5554269580384924,0,37.36267210220731,0,0,-6.844315689291597,2.6861829577079295,1,19.49754737201154,3.072937891605353,0,0.7563008455753435,-1.0752391231537997,1,42.05000974993398,18.575646436634862,-0.20739622833444393,15.967343430377039,63.31107031589512
0,1,1.6992326304904473,60.28618214049432,44.90918007028096,0.9870187174489783,1,0,0,0.7152830749881238,0.4458191473200921,0.6948763507455002,1,25.469847465381203,0,1,3.9028147895675342,2.4272422947877477,0,32.201257209186096,1.959078672599988,0,-2.3626570980548545,1.8558737066350655,1,65.90012037104114,11.104202371257372,-1.4276654596363585,14.92246391919669,62.586381317850794
0,1,0.1460984067450928,29.066374122873423,60.974667487631805,3.1175593634010452,0,1,1,0.19549038960369242,-0.0013551528399333808,0.1367301600815844,0,28.001074984730316,0,1,-2.969602053886435,2.0021249052342385,1,14.472833472740687,3.1077643465540556,0,-0.05065919671247651,0.4179511646739736,1,43.90120336215966,14.036422325704095,-1.5222701853857359,22.615413847873246,34.2443716574939
1,0,-0.5712122627069421,38.27794646073633,25.39731479066278,2.240788690465079,0,0,0,0.298034397953867,0.17272489835997676,0.461710428080791,1,21.457465673549414,3,0,-6.099252910599896,1.9010698346202355,0,18.4635407120713,1.545312079609499,1,0.5077199543724401,0.15969070423324833,2,77.93215497760563,17.128815172066567,-5.176576484058131,8.582436077806408,35.62472859553518
0,2,-0.26308353198431367,64.1690188829942,81.09160309364086,1.9002308006978392,1,0,0,0.8980879188938391,0.5366472575254235,0.25374753485150325,0,37.37552470920936,1,1,3.5013779521732165,14.226276191454039,1,79.7305455468731,3.558070161025746,0,0.528866478220986,0.48616821312326197,0,35.97024851857603,8.18545329950542,-0.13257058853607973,37.54664291931553,44.91239066687263
0,2,-0.5146774276680374,41.50228351045725,37.94367446113644,1.2611131890219718,0,1,0,0.3407535333047826,0.6933578982860745,0.06732280899018167,0,21.67762991389557,0,1,-3.2019287366973215,2.496280044142191,1,35.44495602150394,2.7557382442218015,0,-0.36235973654909037,-0.20505078519466835,0,51.25381804132117,17.49295652679062,5.070531612423839,16.086702505058955,53.09273401267048
1,0,-0.04175220634705709,50.19031850759778,55.046654411527264,1.7761042460775895,1,0,0,0.5539389839457666,1.2429945208919189,0.8313553264599522,1,27.0383378743115,1,0,-1.999506361198069,3.2953138624445546,0,50.42839599909877,2.3344612234366866,1,-0.48375437754343137,-0.9552267027308226,2,45.98918419928286,9.942282015948889,-3.286201782597489,10.771440637998595,30.279936555839488
1,0,-1.257708798651082,51.3871909069215,7.909167224098773,1.5978468793528826,1,0,0,0.7423434218103203,-0.06629863125194461,0.35907159231175234,1,23.444784248624497,2,1,4.725947461637599,1.0823603522626282,0,73.32191520807989,1.0643934862803062,1,0.4041962049835503,-0.08965733154929106,1,85.15281619897857,13.087861787004233,-2.2814328449183296,5.060732653224303,57.409321407548994
0,0,0.18907624571786907,41.290731878085936,49.99279431100274,2.450282692726744,0,0,1,0.3864832232711652,-0.04959198311797839,0.4305402776234526,0,22.776267228816742,0,0,-6.6049180774838145,1.2832073011342893,1,34.09505379255431,2.1763972829259086,1,-0.09483113074477033,-1.441267662601029,0,79.73257165101089,10.602608806303273,-0.7451935884667336,15.743156053601602,59.45047231354346
1,2,-0.013609512249864586,59.917070910682,45.69603439721006,1.7734814139966002,1,0,0,0.7757438566573162,0.5160009156864448,0.38432453358200924,1,23.24226473103529,3,1,-4.502313893104921,10.161963940612464,1,30.211854272573845,2.09184020123643,2,-0.5863325109602083,-0.09672988678446694,3,66.32947827420472,8.660700350518173,-6.272378290853887,29.979798677640865,43.01313845923711
1,2,-0.17884596183026152,51.389488254440025,52.38974197496966,1.9341074972440282,1,0,0,0.6679438412416563,-0.05058994261561988,0.586835834622181,1,21.857050223331846,2,0,-6.263076489967928,9.101358517590285,1,31.242164597479665,2.710500980180032,2,-1.0293225443497966,-0.5920790203505643,3,55.28180454771034,11.186114848268012,-2.948375617731866,18.714795433472812,31.640920870279828
0,2,-0.31648595555889436,46.292967714334296,80.94025762276995,2.0350217378678948,1,1,1,0.5075826661005064,0.8778810996568654,0.7093784024933585,0,49.18674387340913,0,0,-8.596978744070292,4.4645231399635525,0,7.232822280204041,5.2140427613214095,0,-0.20032298100058793,-0.6035072195924829,0,27.200454297539633,9.943506964416972,2.5533022436651347,30.755907270609928,25.383124892147233
1,0,0.17229553025425767,53.38991965053224,19.186758863825375,1.5547681830320097,1,0,0,0.5363417810192476,0.19648948740706274,0.337663959721322,1,42.82430351512214,0,1,9.527770524982635,1.4413163155030315,1,36.151829337244436,1.3106979863958115,2,-0.506656924289692,-0.08476143570688405,3,77.22013121587389,11.448824713116792,-4.761195304373271,23.749579886968434,66.43139097242761
1,2,0.08636167720660012,65.81313059078505,37.44997772907386,3.0774672472250995,1,0,0,0.9549285314233928,0.8379301855009581,0.6438558208432806,1,29.321467746238554,2,0,4.167407660264262,12.368642627055852,0,64.35955481934204,1.8612567392388735,2,-0.47951355886168495,-1.8903240962463945,4,67.29661004659006,21.31618942393596,-6.044086372967223,29.863066917753287,38.68955566635573
1,0,1.8683292241103098,60.85535670036435,3.084051376481262,1.5127378311130288,1,0,0,0.6172716686945617,2.109882824287454,0.3428377939433796,1,35.720522393384655,3,1,-4.8036321218818,2.45252161312579,0,73.96477514745803,0.9249956839740769,1,-1.416173499452926,-0.4184003030995712,3,94.61588417868016,6.4527804636404955,-7.596313503284156,5.733320735459668,24.546246037642135
0,2,0.016211663325358387,56.67936164577479,98.13685024925172,7.114542463136254,1,1,2,0.8386338402199709,0.14338434495088728,0.8929643939085881,0,77.54063503447941,0,0,-1.4856727125968376,3.2333432858366358,0,72.20398058497322,9.79748394241715,0,0.9009193053202522,-0.32115700541892106,0,2.8833530861326286,36.60617998762198,7.486147006226005,39.95401286051272,57.2460400278232
0,0,0.6660281595855192,36.1182512606233,52.9969092590704,2.4046396650223354,0,0,1,0.3052906680349375,-0.3019019223392039,0.4537853674974809,1,17.048772055746003,3,1,6.919753064820952,1.8361024080904753,0,71.17154382509068,2.091794955847003,1,-0.39313346817411543,0.6277677788199751,0,60.11154238838953,8.900142041319603,-1.5095528406305174,7.633257502516297,48.29577923355456
0,2,-0.9660298893696765,57.90894312215833,60.335602848576066,1.9976607750171724,1,1,0,0.8742009560652113,0.5273836595344911,0.6601127554073172,0,25.67961810726046,0,0,0.024535067661643595,6.174727812017939,1,64.88165607678324,2.660463140749621,0,0.32254746526808187,-0.11177237090140782,1,47.04736942177238,17.646149939418773,-0.29679444541411293,24.96338242285711,61.49713881924738
1,0,1.6080768575324687,62.47222018524599,27.750798704079173,2.138191841977987,1,0,0,0.8049316102856032,0.2336127575606,0.14722165123424313,1,31.72334652089514,3,1,-7.553369607666442,2.043518193460268,0,54.64787496920014,1.5203699085770999,0,-1.1946624314721528,1.4110880817642097,2,75.67439280104787,9.366355317766509,-3.760819421150071,34.519445445700676,35.584818465153845
1,1,0.3846258411747633,67.15160865215537,1.6054214532028044,1.9110196139253557,1,0,0,0.9375540139370204,-0.4000601146512443,0.11308614559579205,1,24.83811155695787,4,1,-2.271702231416519,1.3886116422146522,0,31.501443344774096,0.8546130282884263,1,-0.5088994472379494,-0.2954506361026417,2,96.21303459845623,19.872678838152584,-7.273067669243513,10.820213382167726,37.40215355308136
0,0,-0.22912050036608242,46.05134344328004,75.6756986806961,1.588334964102174,1,1,1,0.46919760788108794,-1.0794198175508123,0.3722649793016309,0,30.120941629661147,3,0,-2.3976423833962013,2.0616375150301143,0,17.311490030167455,3.075649605605196,0,0.02884286338662636,0.2889733142388379,1,38.4357700272732,6.8583573662515,0.004393630660716852,39.26348349352344,64.86963197770405
0,1,-0.13265230451294746,31.11229270727935,67.02201705234506,1.9600603603911604,0,0,1,0.24886872525009662,0.33161823893435677,0.3359632237824812,1,21.540617608896646,3,0,-1.213057476393086,4.1835031514203775,1,13.01033447488674,2.736679068713086,0,0.1478344584325658,-0.017741324409171658,1,46.428592788419536,11.850636471077213,-3.1254380516242435,22.807948634791618,33.83570403873744
1,0,0.26863908671030096,66.5331689004608,23.075499956966727,1.7981796969496018,1,0,0,0.9162165941727292,-1.616630781294892,0.8135650809593999,1,20.012350911525466,1,0,-6.078446452186997,0.8272770288322098,0,46.88408106820684,1.6556226714235172,0,-0.423850484646407,1.6875742616189928,2,78.7400875953033,12.085531926897568,-3.0276994236549726,17.366873201347293,31.042408201255633
0,0,1.4601550115565383,56.37146338236378,56.06510491127875,2.5214538947203904,1,1,0,0.5380481059379142,-0.575677907986586,0.7717465169551149,0,31.50997998947755,0,1,-6.32689242638056,3.466409842651715,0,55.173923467605654,2.7017400730903764,0,-0.9361348198474712,-0.18543439022604108,0,42.68663828853161,11.156245677275042,3.773885177500363,12.937021373030857,44.21988785992267
0,0,0.5080891937702405,27.71111212261048,76.153268404591,8.331172610581563,0,1,1,0.12504728998985676,-0.34961939644342005,0.853781840010059,0,60.92166307184733,0,0,9.51724683076478,2.304680969141405,1,64.99205050020879,5.85759972708884,0,0.1400815217957874,0.26535620471338495,0,15.173825525823808,36.422302000119615,7.520682375582094,5.551811613063786,29.727639883743976
0,0,0.33777731692882873,41.40634098790106,74.59149304554556,2.954687326599528,0,1,1,0.20418485984261786,-0.09854185025885856,0.6131253468247597,0,35.92162008774152,0,0,1.1330190574928025,3.732309761207745,0,42.68071310227743,3.5420916598339693,1,0.3146881360954163,1.6711244874336422,1,37.820868576198905,14.55300425605629,-0.9664954770431535,32.90172450618538,25.3744526175903
0,0,0.5029954421670965,29.863088676594707,76.81535215616546,2.4271823976589038,0,1,1,0.1790523136851162,-0.5818121752863914,0.8243994361969885,0,48.625638348190435,0,0,-6.79962147448543,7.1815150771676395,1,61.276111447334074,3.982519156574918,2,0.45613296065410464,-0.40698057906309426,0,32.631249526390086,14.707255418361644,2.5144776343091824,29.261080875842072,41.157285445785405
0,0,-1.2679237071422222,65.10980741506972,55.72150018080892,1.8419297908560797,1,1,0,0.9428629012093137,-1.3132060464241142,0.7475918541543269,0,24.716816847840846,1,1,-7.641650496261852,4.015390215340327,0,50.01856499000242,2.5078759019575485,1,0.3875672968895018,0.40405489687566426,0,51.705034451552315,13.07170300629429,3.6386858780027413,12.488484164117821,69.99665838761915
1,1,-0.35309661026594713,65.75401274816157,5.96697233895066,1.835689655293961,1,0,0,0.9628282200037985,0.5766663096240787,0.34958935208472675,1,20.418565679818258,2,0,-5.1652313133790395,2.3031264809455965,1,70.04025461075864,0.9975669963857,2,1.1896960819653541,0.15013510488860882,3,92.42031834122639,12.48622451677948,-7.7341897150273216,23.23881183630799,54.886029787315735
1,1,0.14078149182716587,68.66849054732728,3.8439095479278427,10.738775643310895,1,1,0,0.9757317227391524,2.2516214574285613,0.41541723464770886,0,24.911692918360657,2,0,-9.228858781484101,3.3866820842776106,0,52.81862884879699,2.0683752477311113,0,1.0247036576791837,-2.4149128229786254,2,73.28175893720943,37.34742100196556,3.51432186540627,2.7283990198044927,28.327069445376914
0,1,1.4571350463199162,55.3822425862115,79.56881865780096,4.638827989722256,1,0,1,0.5400762454878747,-0.9770864890287152,0.9203557769791955,1,29.96906025600331,1,1,0.9107497813345429,3.217886638248817,0,52.89490817486603,2.833443886530801,0,-0.6622543341078936,-1.5707864421829028,1,38.75822513447829,20.208957625526747,-3.6106258422361996,35.85264865586594,23.852578223871554
1,0,0.2502591345408616,45.44502630623524,13.984350117192012,2.1729692322682466,1,0,0,0.4851612008798017,0.8106655062796159,0.3764058997387239,1,19.598570294293832,3,0,5.474424388927179,1.7968952725043754,0,58.158488732167854,1.3518395135733023,1,0.10160692399548696,-1.3704225960796477,2,79.87966619792428,12.279089760338575,-5.97160028852664,7.404123162625991,28.900450790636256
1,0,0.9807301560495371,43.3647444017692,30.329494020170173,2.1054952888167824,0,1,0,0.33596960358032035,1.0448328258909705,0.594819202561611,1,28.224131006009905,2,0,-0.9082828547719597,0.7782855475157608,0,38.12408236650845,1.9325313852491224,1,-0.8290409897813643,-1.375077113604664,2,75.3199973515347,6.4457568989453655,-4.927318466628206,21.196883592968085,28.6936114834649
0,0,0.4416446989901369,42.836008223154494,55.322830283191216,1.817723743439231,0,0,1,0.3803238075834812,-1.9134636831248073,0.746495632685058,1,23.802638489402348,2,1,2.631805192267109,1.1243875995033692,0,54.83188701399822,2.450231215721271,0,-0.46181079685359205,-0.29572058820994573,0,57.672866633354445,16.10267162125494,-2.4152461845178053,20.216254614887067,38.908048643809366
0,2,0.25326277218198606,57.35851632182025,78.23163894446127,2.771064731887628,1,1,0,0.7029851333295548,-0.05896026611580388,0.5164880159516894,1,34.603098748467055,0,0,2.3172297181997727,8.738947577456976,0,30.86166148880777,3.914804258518277,0,0.030448259341883995,-0.8513897662293577,1,39.91696551492347,11.039036566502975,1.0482888047187284,26.877771260534548,49.825472251552014
1,0,0.48589881194463314,49.876415192415394,53.69291283465287,2.964578602330865,1,0,0,0.5961183968036414,0.427991270888117,0.6710301097975386,1,26.881191635219043,1,1,6.209066847025699,1.936383522620761,0,53.58262283639509,1.8802295947756935,0,-0.16619748635053314,-0.5620973223851878,3,59.97340429526018,17.912805042504132,-5.23706226985132,6.307992562146126,21.62231920671072
0,1,1.0914673998764237,38.12586875403063,76.84332247349337,1.8479494976948128,0,0,1,0.2072370162867695,-0.7049029459453294,0.5185512299290352,1,40.01753944659946,1,1,-6.393369702854953,3.2728997864663514,0,17.803040168608742,3.181241140896546,0,-1.1123028253256702,1.1388775724140754,0,42.3448741900807,10.134823912648399,-1.1691925056488177,25.048557115793116,48.64861654303135
1,1,0.04222626230162745,48.11008665531458,42.64451987713238,1.6682283425726012,1,0,0,0.5871774259061598,-0.09588998058338077,0.5126497618082458,1,22.348207896583638,1,0,-1.6583056044344815,3.013150500397713,1,68.62918458865032,2.3598666719644905,0,-0.5559161351741018,-0.17097639796947414,1,64.31262256927288,20.645002839390038,-2.488004690684594,20.028679426036234,31.6316607792146
0,0,-0.22401808280620686,22.620365121216174,94.69990468206421,12.250294677025927,0,1,2,0.20109983612409676,-0.7587007106225423,0.8852605645533138,0,78.92283748746208,0,0,-3.307952656456415,4.038973447756595,1,49.031627119503476,11.00940509280247,0,1.665651734582868,1.1427186847134916,0,3.6125405335464658,39.209485712222175,8.82556461589444,18.194943316178534,46.463794568439
1,0,-0.9867977855761517,69.21136251869058,6.0872041074731325,1.6724661159143643,1,1,0,0.9987913429155705,-1.6950774909185538,0.41515420712235396,1,21.19397728735711,3,0,-6.298170769410477,2.181207895847708,0,67.74159334090265,1.2740665407362595,0,0.4973166193359617,-0.3298933914792058,3,86.90165947262997,13.989562189953674,-3.142779561301303,22.556905002774407,68.62293018343036
1,1,-0.41124992778912484,67.13395791866932,48.75691985010613,2.006240846418826,1,0,0,0.9566961444120586,0.8045481276353283,0.7048331094738516,1,23.881909860043503,3,0,-6.113349853249645,4.45042714502113,0,76.17367391807005,1.8249306334123951,2,0.30241262086860593,0.34684884120905707,2,61.530687176683216,21.341373894608687,-4.59374268001254,32.691448944882126,59.3423272863364
1,0,-0.579495935452488,38.75126426888794,6.540002234534054,1.8352588649059023,0,1,0,0.331294282378143,-0.39311534790142355,0.35812707775687447,1,22.255437751907525,3,0,4.616406662365694,0.7502005250938959,1,53.69531735281964,1.3069944375150861,2,0.22087378259987386,-0.8433820797108202,3,86.73925212654459,9.896655846446816,0.4966279778083553,0.889240178379278,42.705003613077764
0,1,0.9178061790945388,22.572184968331637,93.8486409865399,11.311738946821814,0,1,2,0.17020353111622305,1.0984004103279494,0.21290719287398985,0,79.22896878128088,0,0,0.13865757903765896,3.8196069238391606,0,6.094203019162916,11.923782163968133,0,0.562357860941312,-0.2583009342482573,0,2.073336450422203,37.26067101248598,9.749001728027295,36.97903608442337,25.486854794761488
1,1,0.6899564255950914,62.043852074313115,57.37160452566633,1.9907889441475592,1,0,0,0.7370561731487085,1.4026477294249928,0.5730279989601621,1,17.761899822180585,2,1,-7.421547951598914,6.400083894084737,0,21.054044331974726,1.921704925057901,1,0.20127911824393227,1.156920027682862,3,60.154840111410465,7.160178023492749,-5.382099149176838,34.64305568368718,66.02470818886607
0,0,-0.22070130357258663,32.83485022310975,65.56923038639889,3.1910781710650373,0,1,1,0.28761328678637277,-0.1276620511777519,0.5413935031793146,0,45.57292733325964,1,0,-8.488785852509421,2.158028129446203,0,64.04675787152624,3.948635821941336,1,-0.14286752072824455,-0.31304806430568516,0,30.72403852462866,19.939448744145686,4.7553329138334295,16.38803585333339,28.513794140316264
0,0,0.1809916654089757,32.110111969092415,43.8171610138584,2.0027210186366955,0,0,1,0.2133217397332463,0.1287713796710329,0.5075775468352803,1,26.795493782643305,1,0,2.483111674277776,1.5027725620343777,0,33.714133324511955,2.081322902088484,0,0.1197789440919059,0.22432272552554114,2,64.72578499700683,6.539442103815127,-2.289196568252823,6.46344395416131,37.7222759562743
0,0,0.06596541113636685,34.36046061297658,5.114108776821552,2.1120299200038306,0,1,0,0.24671622971780627,-0.952259690677222,0.025671365919781364,0,19.979141406197556,0,0,-3.7739663222997857,0.9510219006621694,0,47.28541133778708,2.0438224647908747,1,0.4743846838582639,0.07485765724421709,0,71.0602234774942,12.707478637284542,8.537499786737783,2.216373268121068,63.570155370459005
1,1,-1.0859967473673882,50.091504027711196,90.54574370215506,3.6238648166679117,1,1,1,0.7687532208623824,0.8799354093699119,0.8095492880074715,0,60.166778090769874,1,0,-5.218058940708613,6.5802339961770455,0,27.244334402241677,4.70845397032721,2,0.16963146848279156,0.12286784900879064,2,18.910941796820946,28.618080795751595,1.9969952945117733,39.185415343007996,42.641266168670995
1,2,-0.8214114320299467,50.446678269030215,23.575519547714975,1.951926102454628,1,0,0,0.7346114294401116,-0.38992150642451695,0.2586729953892015,1,19.32222488405681,2,1,1.7108519273492142,5.584115237137308,1,19.494864845873643,1.2854444629559627,0,0.14118235773946386,-0.24240831630683513,1,83.82534807964079,14.572716578070718,-5.654334357926116,6.442778000980407,63.232308362770134
1,0,-0.9739855322824985,61.40728702876576,23.360652814045068,1.4039654618629756,1,1,0,0.9042272941713649,1.5722138460998458,0.5250022242985869,0,21.43422284641037,2,1,5.005982113234493,2.681137959245576,1,45.721415426948546,1.962949424144995,0,0.20172022079918916,-0.6385110098370607,2,70.43487209696036,11.570105099683577,-1.9557742480293143,14.513652647625147,50.24262053334763
0,0,-0.3397663527037409,21.846176845334472,53.13918924667571,3.45810351640443,0,1,2,0.21489315977247875,-0.44666069932542857,0.1393533949070534,0,38.232839703122906,0,0,6.871987722237787,2.9128923634207617,0,2.4266115054497206,4.6864538474203945,0,0.78653412835642,0.030562897043834695,0,30.046500281630063,17.612711128835187,5.462239508931949,7.791570331726576,25.246402650273033
0,0,0.8215270252956643,21.203160284949423,98.26059095928478,42.140892249621224,0,1,2,0.1694608031690456,2.248050240740354,0.9694480308928932,0,79.99756833486914,0,1,3.0599686379821804,3.1030261760689606,1,41.32149698685111,29.239605993646727,0,1.7075971941117167,-0.3335391446146164,0,0.11278832912031689,39.987315785053624,9.880534101702871,17.57874630355883,22.83894680049039
1,2,-0.8563873323083493,53.628226882614335,43.14709205416672,2.3306989035976775,1,1,0,0.7284022841844856,0.22366853481399795,0.3158279631860939,0,28.00641172277137,0,0,-7.038718698857725,7.062334477830048,1,72.74456763287716,2.4194731649717327,1,0.6147159306851944,0.3875588105565589,1,56.22013026150429,19.197750777860136,-2.3071432468492272,27.21848840047247,50.25807755693358
1,2,-2.03436290914665,60.72309409095747,54.02966714172822,1.8144054400835712,1,0,0,0.8900028528607673,0.8102587396933295,0.35614062608121333,1,29.373082394242545,3,0,-6.5990831754985315,8.879218076625275,1,64.4052900703442,2.251072798475451,0,1.2709836016109026,-0.43920934249000637,2,56.1370737916141,22.47784559474724,-4.616081121404659,30.49423450017544,61.53401765809461
0,0,0.06274971728817366,24.4246600140215,34.73719715547745,2.192235297438665,0,1,1,0.25189505360200093,0.48061536767812024,0.3596426054848093,0,21.825321768222636,0,1,3.259373068793007,1.3768991235669295,0,16.327266439464452,2.604333323859237,0,-0.3776141699766635,-0.08298724732552133,0,57.0313714566541,10.1285222611497,3.900642052461601,1.1883185360901627,38.12974652293721
1,1,-1.1643000369331247,40.08029682124741,13.308903887427808,1.7222154787418404,1,0,0,0.4731860395380083,0.8838221015249531,0.5799772881955776,1,21.750978524009035,3,0,0.5479173517823739,5.088057749358426,1,16.65492539124877,1.4630971719621604,2,0.041273869461976274,-0.6278015912484889,3,82.43201759539008,15.709415148014523,-5.783259976817991,11.539526067630813,39.74380959168055
0,2,2.1390477885116637,56.32018675172486,60.37866574614086,1.439783171335541,1,0,0,0.5530808492496451,-0.03886199254576949,0.17757346416457198,1,24.052468674074152,1,1,4.329035554741674,8.001838269591541,0,39.284975673638854,2.4580928651046747,0,-2.1947624308241878,0.649476543724637,0,63.42138439834116,8.012572439080333,-2.1702080894383657,25.42449268258926,31.465551449191985
1,0,-0.4648522331148784,69.08109524785397,2.34571624219031,3.161386231618386,1,0,0,0.9896232447964453,3.342085506835463,0.9895816792664445,1,22.171186865910997,4,0,-9.040893637786466,2.2120586970756455,0,23.45480990332927,0.8833165856874319,1,0.20281840433556067,-0.03911775838118616,4,94.3783692768354,21.75051894762328,-9.555577091025174,11.014658822880836,59.10371616389208
0,0,0.5248285777993171,46.43060250270041,74.58803121051965,2.0211256719829422,1,0,1,0.39833584579604997,-0.9717896528367285,0.9943047652584213,1,34.74559471021431,0,0,9.893936782750028,2.8694422353296796,0,47.88975697649879,2.7880139549776635,0,-0.5952766284656629,1.368600836732317,0,50.48853922095988,8.652998639594331,-2.770019195649688,7.609852490477181,29.05251863108549
1,2,-0.47999367693122086,54.650020932230554,66.03951414207263,1.6137264719109268,1,0,0,0.7632871115005231,-0.4535926328834119,0.46851749891760347,0,43.09162470491616,3,1,-8.978782430007131,8.474840444229088,1,57.04997724951276,2.8239901312336757,0,0.0666123842696357,0.024367160285289895,2,47.90808102434614,8.357965806995121,-2.983216207010945,34.25072476989089,40.18737463667534
1,0,0.0617513391875246,27.236967612067858,41.484394978681706,1.2982611883783168,0,0,1,0.22174296303475244,-0.3835272160628522,0.01967106391330159,1,29.383896802435956,1,1,-4.665776124529777,1.8900455160445153,1,8.802096943899095,2.345709746238196,0,-0.7482526356716396,-1.2133775070869237,1,65.05564264848059,9.340487822678654,-3.8288454990808667,32.671957129980385,21.784502644697817
0,2,0.024833476558986534,42.29619359258352,97.53606116644545,12.208798750663071,0,1,2,0.34362435676844466,-1.1138018445761577,0.28624007125190587,0,79.96941978969613,0,0,-5.590998357149796,7.638073161978283,0,46.870251736145654,20.72369529695708,2,1.332591049083868,-1.3819992167694037,0,0.25359032967678385,39.04167252325927,9.913307008341874,39.94078182787334,37.33063850436632
0,2,0.06494112404556035,36.32662557984228,90.43130189646584,10.229256972130385,0,1,2,0.2846248802758131,-0.2011188955074681,0.7810197495907474,0,77.40951357186594,1,1,0.10023201021627415,3.1683554889498713,0,57.32064695861554,8.887626243592287,1,1.926986552700765,1.077611603946656,0,6.040668890828693,39.01006472702715,8.83473405398323,24.53926107854401,32.31961494552248
0,0,-0.3947977876041981,23.875743509942446,38.46025096390516,2.219167066774662,0,0,1,0.21621132479624594,-0.32597659370487,0.37462194121116343,1,22.052664632544776,2,1,7.80591320776065,0.5602066367832588,0,29.092783572744345,1.9823007813517566,1,1.1679914981341553,0.21085628821963281,1,71.55492917122746,11.20084193900201,-3.233200247851162,10.513797279679359,30.657158772390652
0,2,0.6498033363890898,35.00558753908537,90.53931044315041,11.071635333595266,0,1,2,0.391727539231366,0.12733817339708559,0.14616103104020067,0,79.75051017038837,0,0,4.193624962637617,12.641637442967072,1,27.98340586023576,14.407499488067614,2,0.4853982155492273,-0.7097285600941883,0,1.2465916738485405,38.197163025113994,9.801803448345336,33.439483047631605,30.77844532127848
1,2,0.6309559490274955,64.14935076813973,55.28144243595271,1.9254424531471832,1,0,0,0.8895832170544573,-0.383251782654345,0.6907365235449676,1,19.80957814237326,0,0,-2.853207217089663,8.444391465918219,0,79.99766049677434,2.446370050727117,0,-0.7417356324707564,0.2551609402363513,0,57.84804949678581,6.469607729121625,-3.7849721546795436,22.87013265936046,30.782426838764163
1,1,-2.356812312416467,49.69452822507466,8.30205745022577,1.5192249047556186,1,0,0,0.6723240970325189,2.274039719285036,0.22339452692632267,1,31.47643501724689,4,0,6.078191371047797,2.608599947273098,1,17.200598290566838,0.8956581018169328,2,1.6599061293220778,1.6173496684347126,4,96.83879818327696,20.3315121266307,-8.622667736451247,10.091902385696237,56.824673712127804
0,1,-1.1993331914817689,44.74100083230367,60.647281778715964,1.7127365409889024,1,0,1,0.5503578586352352,-0.4194355526932681,0.4142323732979884,1,25.246121491149268,2,0,5.360089639576305,2.784645597076994,1,64.49198587608451,2.5414247361286577,0,0.5657753768783983,-0.1372228358861756,2,53.58812083338592,9.422319093572165,-2.423673401154356,32.23402037665936,52.02903273695697
1,0,-1.404206569504093,40.47282491585413,67.95482038068268,2.0379649292260122,0,0,1,0.3855299904568939,0.5262931315117397,0.704140713663012,1,18.50398416788434,0,1,2.391440004423316,3.5482115101838483,1,40.625761293739934,2.7054918161991455,0,0.36955669492835663,-0.10982714490039777,0,47.5391531840685,26.3667219352413,-1.7949922508830927,22.58019304229383,68.70033748763666
1,1,0.33552003949548065,55.20300825306416,15.65689377842278,2.2883371351090576,1,1,0,0.593007537666454,-0.8999702455436266,0.7540963053585785,1,19.63016724009335,3,1,8.417323591108694,2.747901972613537,1,33.632443054881534,1.3357130502288488,1,-1.307223843907556,-0.9835033319513845,2,79.83580571818563,6.242514827584225,-3.3768965951147587,3.787522765219329,41.547036832108724
0,2,0.33941169197660476,37.42088793911724,92.066019666137,7.676022281747954,0,1,2,0.18702000312774236,1.1367619684166343,0.26926242644604836,0,79.97295806001341,0,0,-4.1048650701605105,7.154341479177262,0,10.95421041783911,23.950664151052177,0,0.10689738317952098,0.25841356720468045,0,0.4307862140339791,35.762481753392834,9.993916110060304,36.40941605887403,38.18904988919849
1,0,-0.6957471015941847,55.142015385484136,28.35482284042773,1.5163604358591385,1,0,0,0.6795525085938636,-0.8809074461072403,0.5239322706862493,1,21.55279700901554,0,0,-6.036271424155576,0.7579801746157231,1,51.434477993509525,1.6862262805952244,0,0.18440692539603556,-0.9886515860218446,0,72.07361092203139,11.10714703763248,-3.637473323329523,26.840113768487722,57.73803155772094
0,0,0.34977113695856793,41.343444290804236,34.91619964921391,3.6906969639257405,0,1,1,0.28591340208787946,-0.18056300678347903,0.08966081403223819,0,52.06082116738503,0,1,-1.5260281051461249,2.671597980308499,0,79.95702814824561,4.473103257682604,1,-0.12851937387600446,-1.358468898433064,0,30.510816863126543,16.487314381252464,9.410992718133741,5.943299774261108,23.834731276218953
0,0,0.8353077600185869,25.290918735554808,88.30461769165396,11.018909810800125,0,1,2,0.10980348126251999,-2.0919916894900235,0.5508903389487967,0,72.89782701988196,0,0,0.4333408221714645,2.100329191921416,1,49.35528031463309,7.525275694260042,0,0.477156728203547,-0.9703560836634074,0,7.0759282054415396,37.31133108466211,8.662084303161581,20.967232977752317,34.28380762590307
0,1,-0.17955226590477782,26.16616055853229,95.30500036023969,17.531239535565533,0,1,2,0.20735564900039855,0.4276690096891815,0.7422417504976562,0,79.64868665307199,2,0,-3.9042684145150215,2.918713224191958,0,32.55589229448904,10.361507751701533,0,1.7314127508850816,-1.0265568001181724,0,3.6281908335916437,39.50556164521183,8.938194440138005,36.255081372753246,26.768542290250654
1,1,0.7835499849313748,64.68009136567741,4.087608514307872,2.421315790958953,1,1,0,0.9089159798111437,0.3990108882556087,0.6887812043754726,1,27.497898521420403,2,1,-2.9617283852877936,1.6940162561073748,1,12.356485160051488,1.1684608949473325,0,-1.719178360139628,-0.14991220313631398,4,89.22743343102248,13.796948788959504,-8.392669497956692,22.91428474042305,57.147680203227594
0,0,-0.40031909995709214,31.006071075068043,55.30568357103039,2.2124436435026062,0,1,1,0.19360033073421268,-0.3004034434503757,0.2720397026110942,0,33.959176306495884,1,0,-6.749037460939848,2.462454346086491,0,4.464180150504253,2.6255763082924855,1,0.6574275267826186,-0.22991705320592298,0,48.060967866795934,14.300547479900443,0.37797936185636694,17.559170259424054,39.775143427645574
0,1,2.4575213334660693,55.89153620464344,34.537333120795125,2.1490355794618576,0,0,0,0.3933797958481724,-0.9128537910821246,0.6328331365125829,1,23.176093376093867,0,1,-7.031307722838294,3.2397887609826195,0,6.9396793433306,1.837953653967843,1,-1.875712521421486,-0.4150868509487605,1,70.22465922337841,9.510098119914867,-3.8891848324222487,8.974157168605434,49.14462114253664
0,1,-1.7702260081769547,30.164400564167117,63.09814133426216,2.3819731383595206,1,0,1,0.31769616930169986,-0.5754074197636416,0.40814494396857426,0,23.37615109506215,2,0,-8.30905622071294,3.0583127636278364,1,2.321646120014753,2.71038161996238,0,0.7544275546728698,0.03917846870367803,0,49.28619371216906,26.046229942644544,-0.6824695114294723,14.68465539061102,66.54700237028425
0,0,-0.2812973622016281,19.930910358414263,59.16770639670408,6.600478340733936,0,1,2,0.11852488651132437,-0.009253106994232577,0.8538263900055341,0,71.88094243945066,0,1,-3.0879134791852962,0.5215398878890691,0,54.47068382176758,6.172692789917396,0,1.9236429972094715,0.045423776845599284,0,12.287533398901656,37.14259251584864,9.58629124217071,0.20326743452023788,36.89620307558804
1,2,-0.06481021627860334,42.42876007666172,81.76150311940091,4.749572574936265,0,0,2,0.38890280278834416,-0.23567023791612146,0.5838133533280075,1,33.15045654603411,0,1,-4.331939886077951,15.763387048248228,0,40.01656080576702,3.49519702946306,0,0.4884907559502006,-0.9293271398796115,1,35.471921043096685,31.288056421185924,5.154152735719952,27.40794244180951,24.436642379229895
1,0,1.1356115306899972,65.05218708485671,35.511040846424294,2.4843541410821532,1,0,0,0.8571833227477861,-1.557522781578028,0.46531949617558926,1,19.82094327809012,1,0,-5.440034376282762,3.466210309822228,0,78.03778174105844,1.8974228717008954,1,-2.0415277394593523,-0.30253879858202504,1,68.87402254766572,8.011168243686303,-4.443299135757094,30.77986877063248,44.175989523526525
0,0,1.1514017890435906,23.729108476016528,57.20521023279108,3.1766285361931534,0,0,1,0.18797738692197447,-0.02185293906905759,0.5904657770111686,0,22.6909980922653,0,0,4.816554639929073,1.359731730061094,1,44.92026010884898,2.537677393375506,0,-0.5602156797101945,0.8774153867027477,0,56.00116656221871,16.290264300791193,-0.8936474831761672,4.363074540899499,28.318810877239223
0,0,-1.0145814717398254,32.50465405116373,45.91083055871581,1.8850108491176145,0,0,1,0.2848965631176518,-0.7040033649948528,0.7276897470969647,1,23.303674413406583,1,0,9.777247976012962,1.5603291192658617,1,63.967256007259515,2.03556405158725,2,0.6746492418408053,1.6906408594211724,1,67.89846033285143,13.9528427326727,-2.6864726450294345,3.4118792545439813,57.96712610178004
1,0,0.30821750336128007,69.36336683859113,0.48477360007848636,11.002651515295973,1,0,0,0.9947726144675281,0.28240775796593554,0.3784311959282423,1,23.16645871321656,3,0,-2.7598397265707186,3.048336157375318,0,73.37757446708694,0.5481785415310291,2,0.803088444115413,1.6336030962398824,3,97.73755065726249,38.075583918156966,-8.63168782825077,23.87767396680243,68.3647465730545
0,0,-0.20139906160518242,35.84733869662547,72.05232195854803,4.281987213073776,0,0,1,0.2356292481726468,-1.5457997149937317,0.9720888834538182,1,22.198115997219077,1,0,5.328657440171989,2.0084341100927987,0,63.464167168165055,2.5618606786361218,1,0.3475820679957301,0.24089347674011818,0,48.03219587236413,27.263840513255868,-0.9181968144626911,8.672548864606526,29.65290440227922
1,1,-0.3055416081637449,39.212378978978116,64.91826121865383,1.5390877072038096,0,0,1,0.32488488347054634,-0.5944341762902984,0.6082768410266862,1,24.181424630529165,0,0,8.309837962611883,3.087877839001438,0,34.384639553783444,2.691646441889048,2,-0.7319084706621368,-1.0503886299206167,2,47.26645785215221,14.51798521554721,-3.7556290924130113,28.00229586595443,29.991089608362167
0,2,-0.3616636612971786,40.383186767509336,78.12776837382289,3.238417674444884,1,1,1,0.44162604872036626,-0.4238768465166886,0.21359419343823105,0,68.68835673835613,0,1,-1.0695628031596307,3.903023008754727,0,50.36671591128959,5.170548106135022,0,0.27962645857210555,0.47855019591414955,0,16.777097675112284,21.924722843998353,6.2923207839633974,29.799213918619962,38.88663315791986
0,0,0.17041381341423495,20.442140463349467,90.39451348176905,18.384312076834203,0,1,2,0.15773865054232916,-0.6155874839424035,0.6133796016828313,0,79.77595120315053,0,0,-4.250310237692635,1.797818210244324,0,4.192415771692519,21.3075710903484,0,1.8271132132051104,-0.7306877674414844,0,0.9137998699268457,39.67859871499634,9.989876010306652,3.67860581683513,25.721500232285592
1,0,1.4362921191344067,53.0217741955559,7.1429235915040685,1.7872823546956096,1,0,0,0.5304270651761515,0.429663879515675,0.5279964721840533,1,30.313932470285778,2,1,1.5882323406716061,1.7378543931532315,0,12.81145776177775,0.9706264264877907,2,-1.262153491703299,-0.2454212661913285,2,89.20500685567012,10.087112927862758,-6.337015541717761,2.7889508977411825,48.6872592440226
1,2,-2.98446124391863,69.80113135846071,0.5658145944816284,1.922960067997112,1,0,0,0.9999291641602944,1.3959915207545135,0.1522100611509714,1,24.083840901598247,2,1,7.737492597101287,2.8898033233434415,1,69.89663891791027,0.6149041672785035,2,0.5919813740039606,-1.280711706589046,3,97.55262101828646,30.893059891426788,-7.902024342122691,16.067025966162607,69.99619030700157
0,2,-0.15966626591875216,34.760605655413286,96.32127034686206,32.28105948350199,0,1,2,0.32878258357802204,0.18126589333139764,0.5564329897916781,0,78.8649771247149,2,0,-6.145565340766195,9.156733970044497,1,77.27465623655434,12.747979360629204,0,2.28166292165267,-0.35219923084052185,0,5.808053238257821,39.99222164267025,8.346805788740099,38.096499536317474,28.9566898694789
1,1,-0.35132984226352215,36.3396303121213,44.18367063843142,2.0721738628766184,0,1,1,0.3442353495327936,0.395320117510998,0.41550057649583255,1,20.417874506101544,2,0,-2.4617886439037653,4.898092759213353,0,16.72602526445807,2.00317758984966,0,-0.088649569225745,-1.3349033888001056,1,60.96073918236691,14.923855280178353,-4.792938537577442,13.163578403343582,25.972306741969557
1,1,0.037726943556292414,55.55604297681354,24.720746382863002,1.3150576756836057,1,1,0,0.713140404447837,0.6835019402203238,0.40288182336396633,0,27.508103686435934,2,1,-1.1601231547093036,3.0330887825871486,0,14.139139708472804,1.7182730918705305,0,0.2120867421005227,0.5266426359791507,2,72.80571648569756,10.221076701724021,-3.9790067876770223,17.17863392176791,53.86019786847857
1,0,-0.09217694582783503,54.40651825782309,1.217333552918165,2.0060769951486384,1,0,0,0.7324022963417768,1.3536324074228085,0.43181308354601944,1,25.567141237014567,4,0,-2.1284820772678614,0.9209230439151975,1,39.5598354558242,0.7624358064998545,2,0.08282721011228124,-0.23429959414902232,4,95.97502014843408,10.661189806262069,-9.694435584406646,25.154229286646903,24.50129074760942
1,1,3.3835132476546237,65.81035363857322,40.336878607546026,2.145409664577271,1,0,0,0.7637456002400573,-0.4307720213757296,0.5083228269073599,1,20.950425246588868,1,1,-5.769664354031162,5.501882341582821,0,62.16740527577136,2.169565389397003,1,-2.7327420428454103,-0.20921704907250763,2,57.913358329842815,9.406768070171381,-2.9921732389205733,28.043275960650057,27.05817390027724
1,0,-0.949607729485081,20.407224305683194,28.399085854574047,2.354296988572502,0,1,1,0.12515000196302822,0.46091623944419197,0.3284978815828981,1,21.822621909979706,2,0,-6.579323201682417,0.6989893451018155,1,2.8100897958565962,2.248673774589248,1,1.1962043105834064,-0.6808093394796295,1,68.14310485207132,18.911292187597923,1.3054257269370684,2.53802098200574,34.34114485012441
1,0,0.8050249069066054,37.03736900987277,10.74403752951294,3.001979364310834,0,0,0,0.306110419984304,-0.747484920536669,0.23009273788578627,0,20.125129613527903,2,1,-0.07876277073629723,1.4106715148227615,1,59.206467152700306,1.4045820975418182,0,-0.14336778880837558,-0.4149114091271843,1,86.23477760412128,16.48294010121583,-4.26719298241178,5.844128609324752,38.743258733269606
0,1,-0.6214586474215327,40.56876541569392,88.53767384104509,3.759438161609871,1,1,1,0.45258095765062323,1.7801361959439166,0.6202837859345628,0,62.428471551878026,1,1,-0.7357310139348634,3.4822963235384417,1,25.177571494858356,5.342844555681501,0,0.8554072311431793,0.09634813097207587,0,16.10596077459342,25.94710911514703,4.438572481384192,37.2890320637145,46.83297969812269
0,1,-1.971342547971849,65.24098826512912,51.1939156926157,1.250220257073588,1,0,0,0.9865970370246154,-1.552473712271892,0.47549393046988886,0,20.958744752032608,1,1,8.536901575380615,6.097123127317742,1,44.39680183106923,2.4715565514609814,1,0.28664718903512265,-0.4936794416953113,1,56.55160546876294,12.477843845629426,-0.13517634815855573,27.890965659968572,69.16560718308651
1,0,0.6951140698352544,32.04816480343473,34.46488202879493,1.4018239852715815,0,0,1,0.16689518325732305,0.5938739942213918,0.49112762563541307,1,22.76366232287898,3,1,-8.129421392600761,1.279362094967072,1,15.69473061214718,1.7463598976958916,0,-1.375975023417055,-0.3196378288024318,2,69.06660039194873,9.56740718831038,-3.7428450367474797,7.241291836388379,57.653492570069076
1,1,-0.09263329437352615,52.89966024831423,25.92356767834232,1.3880533498262047,1,0,0,0.7454370245998143,-0.8545788004401195,0.6465408576430471,1,18.38579741642762,2,1,-6.670880263355939,1.2476771290795112,0,10.458457479703904,1.4300375794515983,1,-0.03425303734190762,0.4862105553160521,2,76.63977600651218,9.739566793334618,-3.297080611275711,9.857969008674267,48.20607667087408
0,1,-0.6086097484997987,51.938769794078105,96.79882531424754,4.040440036218984,1,1,2,0.7329742971224344,-0.5316176614454025,0.7143238247043597,0,66.86403060994715,1,1,-8.974191950844867,2.566842542610049,0,30.436860736978495,7.3377749864591015,1,0.7191588558278921,-0.7896937186088677,1,11.359015157439345,28.783209778295404,1.957659568666564,39.96928055081097,60.79333002338926
0,0,-0.6574527307423107,30.8883560487776,63.31971443487713,4.13745714409568,0,1,1,0.25297793467128227,0.2297068626707227,0.4932950339620655,0,28.177928952633415,1,1,-6.580160543862346,1.3747751328390978,0,67.71061858338847,2.9557926304329283,0,0.6908024384568887,0.524166789732438,0,44.086402547843264,34.99789263168005,-0.973679989698411,12.096946436350722,30.09305453080999
0,1,0.33234137785320894,65.32376408292058,55.42120027250682,1.5843731343605383,1,1,0,0.9316824734953146,1.1463261831034053,0.37741343654019766,0,24.6889776007079,1,0,-5.534257425046678,5.24497740806552,1,79.88735344658907,2.950614802724739,0,-0.7170954185144499,-0.26204674991561544,0,50.413306734905916,12.117787995849504,1.3630554038664595,30.406361088076004,65.74324979378153
1,0,0.2957509038571195,30.547173768427427,23.303479030212454,1.7172522167714817,0,0,0,0.2451147657785845,0.07273735319077465,0.46717680701565373,1,25.396658950872883,3,0,-7.226109780987055,1.323643915522892,1,69.63473590907631,1.5028985256289735,0,-0.23010457439813461,1.4646166982912263,3,79.97302358766557,9.67015421358724,-4.345610164820661,4.556904128531718,30.04903188032083
1,1,0.807841357125456,42.34124947642868,70.25255976581606,2.206777163736741,0,1,1,0.3318077859036621,-0.41698414555069996,0.9118446028151539,0,34.988897093612465,0,0,-9.059470370413742,2.5976296867513886,0,12.670605003382956,2.9706732137883374,2,-0.7110844205550233,0.4727924222397588,2,39.983312963870674,13.354013063642164,-2.1166209615403435,22.474868389695025,22.361710759527398
1,2,0.4892607522859282,54.76096162541175,71.8010887239417,1.908777678475723,1,0,1,0.6104201989888466,-0.21793121918708627,0.3092670757887309,1,32.7510754319895,2,0,8.99093955416382,4.424081364643877,1,63.945322787337076,2.628679551420016,1,-0.6959830963498705,0.6437254898969285,2,26.31230894855885,9.917998931772853,-5.474275826932629,39.5535157814302,34.02740299478372
1,1,1.5611604559109975,51.99346465674376,36.209363546147856,2.6376363609031053,0,1,0,0.3460894868652249,0.6180233509308216,0.7455177526526998,0,32.638852021010315,0,0,-7.3809391448166695,2.7387675866425325,0,32.07703482595298,2.525623353041769,1,-0.04848594249322117,0.12360241065299482,3,61.41128068405437,10.508673463865472,-2.189882338102281,9.187487071787952,25.87049942194618
1,0,1.4534849426904812,64.6416587736752,1.0348690065176858,1.7836681452273309,1,0,0,0.8701610871631134,1.8689463933978494,0.7188942521879358,1,24.960615489982494,4,1,0.8077899219091922,1.2585575020634334,0,35.045275356010535,0.8890934864733028,2,-1.2997744658518002,-1.300309627685268,3,96.22749228890373,11.01132152460784,-7.469973969666878,3.0158422483637803,24.86843909112114
0,1,0.0028778234298346703,37.52276378495919,50.33571543602672,1.7088248996901734,0,1,1,0.2269712840441679,-0.7243051002857678,0.4509509018745523,0,19.674579032531902,2,0,-3.62906133075443,5.415720609974705,1,32.557718351838524,2.3991053858026015,1,-0.6228255080180645,-3.2583736624566857,2,53.89312098031913,8.97180142291007,-0.31941452650880287,8.503828868764177,34.057436236792384
1,2,-3.440371159451082,69.51905974452286,51.279658899282246,2.0181285930735395,1,0,0,0.9996060968669537,0.7542007756113481,0.49286838139684147,0,26.97821067949823,1,1,-3.794120570856558,13.327929906892916,1,53.303893453739725,2.3533531740966445,0,2.0825685525657454,0.21436978360068001,3,60.64054204486785,30.621789349844608,-5.37531170707779,39.32646376198633,69.41169875151607
1,1,-0.3066196644236894,68.61388144182808,2.774935954735186,1.5070682220118015,1,1,0,0.9872871673051766,2.0399389672447015,0.6705272090500346,0,19.134608624409637,1,1,-1.1576346380999922,1.9005318519450578,1,44.88776673578464,0.9863437453576304,0,-0.228940086783231,0.17628969808222436,4,91.16912848278457,11.23592626178703,-6.089180519138039,8.984412230053868,69.03507839043235
1,0,0.03842678670509175,52.8866424042528,31.666811739986798,2.264758388009625,1,1,0,0.7427796356083463,-0.9730599222114,0.15579583243217965,0,20.1478157898711,2,1,-7.399816726953463,2.6365383803800655,0,36.19868113871151,1.9722775777692751,0,-0.12421858467074176,0.44345597035822804,2,74.06595837421189,13.25464448722104,-1.0581582955613573,33.05444251397239,53.75532624723445
1,0,1.535862487912448,48.0375671862991,13.191827524978294,1.9681566640197536,0,1,0,0.20097324852403642,0.7445055567723858,0.7042620793636082,0,21.56943242795473,3,1,-4.947235757354259,0.8468733532243818,0,24.132178613430906,1.5208205813859812,2,-1.1912864019860092,0.27545191635374305,3,76.8431375851827,11.023692030654539,-3.950728224863491,8.257183871450842,30.34357338799107
1,0,-0.1919515045067898,40.735578261173345,38.349090976245414,2.8549830736523942,0,0,0,0.2746711329260601,2.1239287906846562,0.6167325835868069,1,21.473730839118783,3,1,3.940911809727524,3.4061656105418296,1,34.96614970803289,1.8149021396966936,0,0.3265316990807715,-1.8059467450064957,3,68.82449207477252,18.07572066087658,-5.982179453472539,13.86602672437668,31.800456336962956
0,0,0.41944529304841055,45.262538742947285,44.439209603761334,4.513208990646695,1,1,1,0.4646084976375937,-0.9224855684459345,0.6096325667024031,0,23.21567469144158,3,1,8.650044406752507,1.6557014941816197,0,75.03739007203836,2.4887226907096642,0,-0.9724863291127124,0.16303967750901008,1,56.026246121355136,25.753628829956938,1.1425527934289565,16.037822217447165,27.2280387582571
0,2,0.4694824306747414,38.62074764130434,87.80006319563363,4.505607874778129,0,0,2,0.231615409324529,-0.1665353172573888,0.7503063368322296,1,43.229844486683,2,0,3.668801997443323,7.6197827535068505,1,32.41510681559063,4.064812466864957,0,0.039424504233390646,0.36983221565724805,0,24.614086146153852,31.529249547670105,-0.3463376692754476,32.25881282591219,27.343116554568585
0,1,0.8786184517113634,56.700276587052265,71.95425828861514,4.065153407207373,1,1,0,0.6942011442831552,-0.4194918561108307,0.5738033946229552,0,27.979987231018768,0,1,-8.467387433153938,3.542828871429321,0,41.53235866499814,3.062288338086383,0,-1.0523641046423937,-0.96638637781811,1,41.01633776199994,18.47976282804506,-0.10015993175164262,35.410809908411,31.546194290349455
1,0,-0.5366042029603723,23.562668979897705,58.202925833170404,1.222216164980183,0,0,1,0.2488857659855353,-0.4915103823351703,0.4399689801533456,1,23.20163040303722,1,1,9.476385488247082,2.7905085717229396,1,36.32449449808056,2.0059404156708673,2,-0.5335076758147009,0.08470222326811275,2,60.303528393313954,13.81383691844885,-4.698415363002251,9.337922842589455,37.33344775322455
1,1,-0.9135612894832975,45.33481604685966,66.8075987827228,1.5754797994052323,1,1,1,0.5467744500997566,0.7867685896351049,0.42047723525307595,0,30.186603106621813,0,1,7.817577688383988,3.3876028127673776,1,71.47414616504821,3.095636205546397,1,-0.4717034528093845,-0.15252200894873813,2,39.832190320847324,0.5236637462740545,-2.4184335289218577,37.873251240829845,26.70770302183788
0,1,-0.32085177869227194,40.76502050009319,87.05707465564284,20.126028603813293,1,1,1,0.4639578110917817,-0.09251374012625575,0.36510439687842633,0,79.79931279027896,0,0,-2.273515351772346,2.961900803957613,0,64.5308873115128,12.999610481547121,0,1.788510065115383,-0.21370633143983547,0,2.6047995108117283,39.92467103375934,9.785017334193661,37.97236146743999,31.59389319890351
0,1,1.395698503378011,33.80817935642939,84.31389772216053,3.585623151956929,0,1,1,0.2748221228058912,0.4873080034966556,0.8240934188318234,0,66.78718246176678,0,0,1.4127316547713065,2.469203431392736,0,14.591225933302812,6.845754645828219,0,-0.8896350212393329,-0.18542835228222465,0,11.42761858338947,18.94263710363656,6.86267757210873,19.12385579547369,36.398215164774356
0,0,-0.04938314917649424,25.525640737228063,65.77357795223602,1.902177423438379,0,0,2,0.13342221725514286,-1.0910091227765268,0.526145681981389,0,27.00890098384867,0,0,2.1850767380261296,0.7339642569166218,0,43.075514395878116,2.4389109503676965,0,-0.21803282313551928,1.4964249252442579,0,45.323456932890366,11.457293907227308,-0.16134712036421917,17.444939062081776,34.493173519624435
0,0,0.33863934990123673,37.21276152410366,28.44882957431266,1.7695057003537613,0,0,0,0.25078056862488185,0.49217084171247877,0.5597737694696425,1,18.41220353903963,2,0,9.172640638653903,1.7707018830019536,0,41.20981321462844,1.529168182680843,2,-0.002947232360222777,1.3873736663987357,1,78.01889891959962,10.022038570928459,-4.380784736170376,2.6630594086067716,29.905861072689916
1,0,-0.8706721675384945,45.65994479598659,72.15602241173663,1.9436726477115571,1,1,1,0.5387196468978916,0.6768817818953881,0.9976781879903187,1,33.07277565094187,1,1,7.599965957950854,2.6953399589212292,1,39.17576290855416,3.2696255788257336,1,-0.22658068955367267,-0.12116460346100369,2,42.10402234483468,16.188297233277368,-3.843778612137351,15.774280602917635,55.41008692443418
0,0,-0.418808465222215,33.50460376077535,45.556811918327845,1.9532049618913878,0,0,1,0.11337504750486238,0.6703578177426949,0.36140641615299973,1,20.23626375208555,2,0,-4.2336351174148135,1.845456197413496,0,49.55929753663477,1.907858652138438,1,0.07689916287451005,0.37553351887345565,0,63.136792895716766,12.88945612745663,-0.09675166847363492,7.358653344397985,37.19119625890909
0,0,0.7206826021400327,18.182659069058264,95.63956793509672,54.598150033144236,0,1,2,0.0523107125350491,0.3316626084724708,0.30867992251887966,0,79.99968465548493,0,1,2.2741576915615305,1.4725614111351777,1,26.885818413993828,48.003191473458294,0,1.9390178362241193,0.6389758819226601,0,0.019337420338189082,39.99878808249535,9.999542873077132,23.687946566398963,27.939744479487597
0,0,-0.20481202383091257,28.64437226924376,76.89823446031929,5.572307492704907,0,1,2,0.15875773427029605,1.085185492668019,0.29324715506102583,0,68.25331654350285,1,0,-5.213040231414219,2.5069795528938768,1,59.16591186329212,6.256858046286988,0,0.023570674876062132,-0.6037802513871119,0,19.622797270231572,33.382776938958585,7.484232534869136,22.55457326032986,31.547427684753302
1,0,-0.5979363291525331,39.685468501916766,42.74100481093336,2.095501324155995,1,0,0,0.5656751245233714,0.0545060936047289,0.6890293453217651,1,31.4263639653185,3,0,-3.250251653805762,3.065601535162265,1,67.81980378945855,1.8698380994169497,0,-0.6437531095197205,1.4236434070812114,2,69.48880014944687,13.03740497998114,-6.320512231280102,11.102821879435965,33.69908042958725
0,2,0.28482406193152376,34.395768880023624,98.67248726888047,19.98012591143663,0,1,2,0.24971372990834562,-0.6629860878393863,0.8181693543045305,0,79.97065186663596,0,1,-1.9689131924640222,3.133185084585607,1,62.95298936244915,25.95615673002343,0,2.5618557117364165,-0.4636064494337742,0,0.27500144712721,39.68807016763461,9.955430092679563,38.64490283874662,35.15105118022032
0,0,0.19390290859832196,20.346208559437773,36.20307882246846,3.0863893403765474,0,0,1,0.12293684310632852,0.09618529160714234,0.037364733038122155,1,23.040817355334973,1,0,9.422518182455647,1.7711881091410533,1,31.388239688968653,1.4007915049990105,0,-0.38058180483559056,1.1032347395758009,1,74.05202835488474,11.3947732137205,-3.8466549233069225,6.185326411570163,21.1892643131141
0,2,-2.1860543704103406,37.083587421926964,95.33732651141793,4.9295923643920085,1,1,2,0.5172619094071901,-1.7947141074106834,0.25072385490230326,0,74.9769158340639,0,1,-8.63037735669837,21.09895069664992,1,4.663708136656686,7.030783970534804,0,1.9381205148469112,-1.469809634513275,0,8.764473487850166,37.75579423229617,6.66341040985337,37.26588041132442,54.130409827953585
1,0,-2.056681473449795,37.00324265054516,55.502311153341054,2.1535135548853095,1,0,1,0.41485556942592344,-1.8832793426318912,0.7206104944952567,1,27.18780987136779,2,1,8.95508435591399,2.529157278069601,1,39.30204757305778,1.9316544191879803,0,0.8588070186103958,2.4277176454773333,1,67.51693432671055,27.77913039817946,-4.281265147421777,17.055102525952456,64.78965278675689
0,0,-1.364542773558012,38.362490981307914,75.87733555487908,1.2092593544153378,0,1,1,0.3370396736140975,-1.0799611928748123,0.24563315934519125,0,67.28575666011832,0,1,3.1974158511662676,1.117487251045025,1,48.15183149926621,6.463712936106577,1,1.352669475076724,-0.8473469463572806,0,11.27746977153879,10.510590010384673,8.95523242850566,33.974582052498626,66.30921447989294
1,1,0.00046118024942465297,61.039546295860376,24.20972737012994,1.7634773703691962,1,1,0,0.9204127817180996,-1.2622827754609525,0.5527186867243689,0,24.225403014175214,2,1,9.666092423428609,4.247901103961491,0,4.333049944694909,1.707232963080611,0,-0.30875866093488724,0.493149755601167,3,72.30678443077335,9.394752425207429,-3.5387749757373594,17.375270339769603,58.636711358687236
1,0,-0.3806203890478088,31.396037561240526,45.47934177583641,1.5923114748644709,0,0,1,0.1904555873117535,0.5343641326787365,0.5160301779159132,1,20.962657221746976,0,1,3.4255718073718313,2.06605459911957,1,52.58436014894908,2.068367654951736,0,1.042501655936763,-0.2138305469062083,1,64.7926379614831,10.120541602202792,-4.795220199726073,14.721211305715016,23.654441965007738
1,0,1.341150614832499,59.68663147264616,6.873933887794892,1.8248447407800996,1,0,0,0.6621750578849328,-1.5786925652483765,0.582908577054345,1,37.163763187855004,0,1,-7.265544840504289,0.8892233081629388,0,73.14716886433254,1.008640064079808,0,-0.16811744553364213,0.7861277942906809,2,91.92886051502269,13.760776197627267,-1.8334990580839037,2.932464443132312,33.426702549460515
0,0,2.303422422331236,52.71656757393408,43.685778834803045,1.676692938132496,0,1,0,0.3734646070428197,-0.05143664211052897,0.5293495332502042,1,21.355640296896095,2,1,-7.67450115997385,2.56931309239206,0,66.70442070700989,2.3825547461903693,2,-2.249247868657736,-1.3693700821401755,0,62.62710739198698,9.114829918392193,-0.5805068121247494,11.617174735985444,56.915863416314096
1,0,-0.7916960622498813,34.6330835690052,8.456837530332816,2.240135396060817,0,1,0,0.254680827584407,0.9364268230505567,0.2561190174407771,1,24.21499900500826,3,0,7.552284239419514,2.430263997012036,1,22.6938897815384,1.4764913702015579,2,0.4245367916726229,0.08458645345994506,3,81.67196428986392,19.063723279465247,-3.0003758333715265,1.012810043400414,41.677121823526036
1,1,0.696684991803537,68.43159149473138,4.731592470356249,1.8601045145311879,1,0,0,0.9751167396472558,-1.1320317491370673,0.3418298404781521,1,23.3498901872234,2,1,-3.336672232107645,3.1597027915496145,1,18.552533426595584,1.1055272670067136,0,-1.2699378491194335,0.6485089885466624,3,92.98311304353437,6.840180880116318,-6.927231649094425,12.83854599072686,69.4987322739225
1,1,0.8780815596781941,62.06143954608586,28.75971828689408,1.9140341906658418,1,1,0,0.7905333342007212,-0.3123459072975999,0.7499830476420679,1,25.399101954613652,3,1,5.383536303264675,0.9607729934744457,0,48.639387474159285,1.7387542019868891,2,-1.2476205991436202,0.4375512827512847,2,69.98118227431678,8.329405993819247,-3.6050456966802997,24.639033529411375,63.028023251477336
0,1,0.13763147210241355,21.804473724235216,46.11673172174564,2.8661737964970477,0,1,2,0.11393263770292245,0.06647054830550023,0.008174628704565423,0,34.260566446916016,1,0,1.5075392289236937,3.556121192406462,1,47.08798796724649,3.2068597255425857,0,-0.1101049903490839,0.5542971922491026,0,39.35668303220561,24.18397122036364,4.727503981508649,7.727914319605715,24.293732022931703
1,1,-1.1035116084266172,48.736561834145135,94.04655228973017,1.8689783805050768,1,0,2,0.5735710544316714,-0.0937764654085916,0.9068758817817851,1,43.637498932959545,0,1,7.997756191221011,5.970045834528448,1,36.96672018885293,3.7580228600047105,1,0.970395050466209,1.318835310720804,0,28.139110587577754,14.131826731208568,-5.495554065207341,39.3380576025684,58.849567008802474
0,0,0.7017062054550679,45.249583512765014,17.111951886923205,1.6695809578158076,1,0,0,0.4760421350104669,-0.8108956468206518,0.0879676884707763,1,27.922251167248994,1,1,-4.392756711158766,1.826685162468423,0,71.57838744786999,1.3369812294940084,0,-0.7658363477109155,-0.6583359993144696,2,80.01098553986643,10.47074302941608,-2.56659091837129,8.40809139532998,45.53077298953583
0,0,-1.568209161039361,24.44328982479005,73.71943237195528,3.169265055402419,0,1,2,0.1653430286809035,-1.6015436064259347,0.27073238269695277,0,73.6851234155489,0,0,-1.3402292141816847,1.6736153761513388,1,64.28225712995727,7.274604826316868,1,1.033862859922751,0.5405248602183442,0,3.5207278298289846,32.1379574535457,9.283185722358795,8.80731681585712,64.07315822672436
0,1,-1.2703165841399833,27.86903170802311,71.43389013279764,1.384014225730543,0,0,1,0.25803715229308577,0.6005466797164589,0.5087778782923238,1,27.655803760190672,1,1,9.99092664682938,3.7800415403090417,1,44.333885990389746,2.1941997605118533,0,0.5650341751236555,2.6099514655231046,1,49.41530510137096,10.932962547620185,-4.7956334211689144,15.28723392011127,42.70155691381496
1,1,1.1025878722968354,48.55331308170277,30.391916563390808,2.309315169579912,0,1,0,0.30201715586310224,0.785894233806349,0.6487758000345514,1,23.03711831024569,1,1,6.025925843668691,3.1972510749962826,0,30.352864425686185,2.067870037885409,1,-0.9340266992797471,-0.2722737054435226,3,65.40552365856097,5.039048291863448,-3.879088052496553,12.625865763255103,29.59431034195211
1,0,1.8738464897431468,55.380653613778044,18.404770840787293,2.1168403619905445,0,1,0,0.41575372165197905,-1.8860535924236528,0.22387816554327122,0,24.70246616245162,2,1,5.281618686935941,1.9626315338535962,0,59.86861212327131,1.593629006845817,0,-2.71403211216285,0.7793290582049095,3,76.12519013078953,13.774359497908133,-3.2694003521676587,17.823630835512407,49.26972869428782
1,0,0.5504198363680798,46.591454100028685,38.86833883388058,1.764478196541742,0,0,0,0.33873554411028306,-0.4705303013471763,0.8448719415698596,1,19.784827729580208,3,0,7.251061220257636,1.2660865088837006,0,18.997717807278434,2.146277868929219,2,0.5906353498130678,0.2422680749398306,3,41.08638394167022,9.517014902740947,-4.000290500642249,21.701760216396288,40.909405037857226
0,1,2.0401466217791557,46.79381539846294,15.731713071380321,2.001752745746083,0,1,0,0.2606129053975218,0.4708781517985761,0.2685178163044493,0,26.479886853071353,0,1,1.0969978164236664,7.9625669448834895,0,20.073829300167255,1.790188770344276,0,-0.710456702709385,-1.114992297190931,0,73.51554977662907,9.6033731535453,3.831060673304396,6.568215525206003,54.79922284634561
1,0,0.1448659964012306,52.62754617788774,15.769996217341154,1.2808033124306673,1,1,0,0.5835339160083791,0.7005411935565398,0.39359636672833975,0,25.45739693814071,3,1,-3.1637530504492837,3.4448161843098575,0,31.115649874244497,1.7412234651384733,1,-1.919264136521708,0.005249882920108058,3,76.8761040910402,10.623196515062007,-1.622205134127963,9.164490022016246,45.82725975554249
0,2,-1.1596789979391562,60.389408921192214,77.43650040548012,1.8377391886980612,1,1,0,0.9320979010433292,0.12706448939846032,0.8089227860316677,1,52.32983998334095,1,0,1.4262466184221054,5.772025845058023,1,78.33540352368571,3.1780668060944173,0,1.265358905649054,0.5629552016341066,0,35.57812372706306,14.26431986451615,-0.5722423319835297,32.8826624591028,48.63018970757983
0,1,-1.4811040693189172,46.93629889525867,38.636383122598524,2.0190764277643765,1,1,0,0.6609225536909161,-0.68657557966156,0.0016767794984268725,0,23.005795205839252,1,0,-0.5836216500895723,5.606280866295454,0,8.79407593173553,2.827125669482188,2,0.6478522797577841,-0.3324468626740391,1,50.47076249420953,8.71138161626044,3.3199761344112044,34.54477724053682,61.0582208024797
1,0,0.19661690348371674,33.30404992011473,3.3504319542544128,1.5057245986771253,0,1,0,0.2389334933273793,1.0087019005578919,0.0009994039971155666,0,23.170571269765354,3,1,-9.387994761521167,1.0809064767347605,1,10.115501551086705,1.1068691282565108,0,-1.5430253323330452,-0.4823653597957444,2,91.86294648596176,9.07066726357684,-3.3430937211313028,8.414468682891837,47.712848461657984
0,2,1.5459070859806543,51.100726758426426,75.17857304938718,4.239480628044853,1,1,1,0.5493946955215823,-0.05713870433799069,0.23603319906939552,0,59.286019346314404,0,0,-3.4585857592376783,8.647015157727571,0,68.64454963342403,4.951668964114951,0,-0.16489665759509392,0.2934715242182325,1,15.081067323933,19.359908673054484,5.569938864886124,36.99363559488368,24.140999287684615
0,1,1.4778916871786307,62.47429267890069,18.206860227692307,2.0344035466605126,1,1,0,0.774889642390403,-0.469098058641042,0.4693081047681991,0,26.61207446104663,1,0,5.904861275248251,2.364702506160511,0,69.76004689883743,1.3486903989659702,0,-1.0791161309759207,-0.5687233675832949,1,72.1784533767244,6.300026109902028,-0.7148472250835862,8.06088888568924,61.53972587714724
0,1,-1.1816946878256969,35.692711868771696,71.76792163369328,1.0730171527361398,1,0,1,0.3947863238936394,-1.3379629125993011,0.2995643657837025,1,27.43552628541526,0,1,8.689966349600187,4.076088379544397,1,58.4492112563469,2.466185163564484,0,0.4914355629230733,1.2406303499546432,1,53.58905245669189,6.782902753586373,0.45114884499340846,24.3227069539828,43.045243253884635
0,2,-0.06522138393960383,33.3563917382798,91.16506840382858,11.863781632539958,0,1,2,0.23504913828454693,-0.3682821989225408,0.6225617341168294,0,75.8376011972296,0,0,-6.278375920546279,5.332527174102807,0,48.28105394916676,7.300908996888582,0,0.43133897205956373,0.07022762760741212,0,13.347167860320752,39.16165977115435,6.124183735634897,34.0840779180335,24.062812914869482
1,0,0.6395993504677805,33.957922895663856,69.3639459624487,2.163024963271992,0,1,1,0.19159516460172749,-2.47948363364057,0.7663203897006483,0,31.630761850972426,1,0,-1.2527317640345466,1.9424197885874959,0,38.37234983226852,3.0218982389471702,1,-0.020806243411009798,-0.32048226251240747,2,40.44625828276968,11.653026853745668,-2.1088578084429246,26.127217463965128,33.24256895193658
0,1,-0.9581034672830364,49.79523480696625,70.718185618339,2.5018117742340227,1,1,1,0.7173129818932487,-1.223112324312006,0.6611825234530839,0,36.05785109151129,2,1,-0.5556652671407267,3.3873000550254115,0,64.12181555857033,3.479340643541275,1,0.6285738198378664,0.8289101489067743,0,36.22163728607589,19.953481768341256,2.522906419896769,28.518120725338516,40.780171773016775
1,1,-0.7596204003938719,58.84627819759993,30.162485179180575,2.002130389517761,1,1,0,0.6923150918804762,-1.3764663577242022,0.3177186862755824,0,19.391521193758425,1,0,-3.930524932424473,1.9085660552210606,1,70.85622364826976,1.85020389224552,2,-0.34078956403794836,0.1425173343555152,1,66.55902976506445,13.887705073562365,-2.687098214654866,26.585241237570823,56.972258278487196
0,0,0.009089408848019736,23.191882626712534,67.13266428675593,3.5310698266367084,0,0,2,0.18734685977902993,-1.011694984723867,0.5680214234938353,1,19.33148766500082,3,0,7.634284261225247,3.139114334397555,1,6.406999398067339,2.602304829604249,1,0.3158024311334368,0.12260835972879543,0,50.53488017879766,24.475583056868402,-3.873040531291082,7.185275328262335,28.335930141325584
0,0,-0.7397903333672017,21.91592992964931,85.40616658227572,8.179962896524357,0,1,2,0.1624165119443977,-0.4502399238240321,0.31234942792245873,0,78.59318631721662,0,0,2.3872836724880635,1.1475482134427268,1,53.63670038698848,13.67901923768741,0,1.202120238027778,-0.22097787504543484,0,2.572365736613147,37.148702561862905,9.871975604752397,23.321063313949836,49.85146849368551
0,1,0.5224795973114021,53.087099690895094,31.24061554977483,2.1623639040612623,1,1,0,0.6633516802142639,-1.322685670812977,0.17528953672306125,0,23.84692820552742,0,0,4.618459249286801,1.7850650552364238,0,57.28547955812914,2.0635336255934877,1,-0.4166429688562016,-0.155498161657646,1,63.31599627852502,12.166611823371461,1.2529337149278952,17.6560568412077,49.75029607621221
1,0,0.07813994277822842,28.57790000546299,12.899073829219127,1.9227288133712888,0,0,0,0.17758561160048086,2.5461851405809126,0.24568598571934624,1,22.156785157843117,3,0,8.825310589695992,1.2608666587557487,0,25.215338593506715,1.0378532121828539,1,-0.7554992650710299,1.575604231769977,3,89.61225757797703,5.871135255349906,-7.709005234963655,12.826528745495773,22.593230009877683
0,1,0.14216780868018622,30.003157469304114,87.10245426516434,6.737754815687966,0,1,2,0.18948203881275105,-1.1528684492271908,0.9806521271859112,0,48.73718758279358,0,1,-0.8372590338800556,1.4245724766125445,0,35.30403555552245,5.076594405781891,0,0.8500562860698657,0.27966435614827656,0,27.03471015416399,37.34708267186116,-1.208983699050684,24.508604186651368,23.470830544670477
1,0,-0.2961491502427875,21.514917191311106,35.42761295600438,1.4762831921950006,0,0,1,0.14527265315349974,0.4198983579402765,0.40978262343577726,1,18.98871250187041,2,1,7.993291113558765,0.3389340288779299,1,33.765032294699296,1.6416072299219313,0,-0.5017622359581534,1.6903783360155915,1,73.9157131526211,7.424787290382611,-5.43408166483559,11.506564310200616,51.44032235717935
1,0,0.8385356629645867,48.94348321444113,65.47895804578074,1.6348300897866832,0,1,0,0.4213226073946515,-1.2924964520928204,0.5529323037628684,1,27.476611124181566,1,1,-5.804343799545205,5.378373560146886,1,59.47294792209006,3.0365249300790693,0,-0.9522536980475252,-0.26271822816523316,1,42.60927381585798,10.978490349727124,-1.3765551928893434,26.87826064546408,50.8913024843433
0,0,0.03635561519512868,22.802603564440865,60.20861119414499,6.487056715208514,0,1,2,0.23420330154322294,0.803627156024079,0.44049516854372595,0,75.8709125182034,0,1,-3.1431270481753018,1.6436112677728323,0,49.20080594756367,7.968480616008826,1,0.9016070586775423,-0.6670341511786021,0,8.583726731688824,35.215959378147815,9.540715749339537,4.707349258260162,26.493559368053944
1,2,0.6101278753266868,44.01117807824481,93.98112328352039,5.614893233618261,0,1,2,0.28659834644058774,0.03046326509646017,0.43390498040477204,0,70.58316488554131,0,0,6.351602011349517,11.943619615169736,1,50.08090689037458,7.049694231276699,0,-0.34201794596574875,0.32337616199606856,0,10.21461941353275,29.370714466043676,2.961478518588194,37.442116895826466,40.593409778398666
0,1,0.8168345664101957,33.351589054687636,82.09987849898994,4.584896073720379,0,1,1,0.26171187419568975,-0.9045709208794424,0.5066908877964146,0,64.77747435163913,0,1,7.064118471892151,1.1827801294268885,1,51.35887900837959,5.368743559870516,0,-0.512213431895724,-3.608649602158744,0,18.612484902765207,24.309458751404705,5.66641371920953,35.37211679049989,42.83509620414184
1,0,-0.28319263375195186,60.10125001299043,10.411407461973155,1.5812031357026444,1,0,0,0.7815340363150763,-0.13897083789789447,0.8267546973999602,1,32.07676094221411,1,1,-4.679416378731386,1.060999827681124,0,66.34619708673006,1.2542541267622946,0,0.09634407354229176,-0.7115153998565723,2,85.30808180152911,12.219270890703822,-3.7642568721266976,2.513236085564108,41.63514751887545
0,0,-0.46802839674662067,23.465870172437036,82.83897059733708,6.895731527812934,0,1,2,0.19955984312338565,-0.9551492741288781,0.4994719351479159,0,77.78640939087013,0,1,-4.169507976891343,2.157542005394013,1,47.274964800105444,9.427167553210307,1,0.4525646680022847,-0.1421048913161393,0,7.609020287996354,36.45688283058033,9.497841577343632,16.905448872821637,31.78386386055384
0,0,-0.5136497997544706,26.54987429403343,76.20611068915761,6.435462344616227,0,1,2,0.1498453842308421,0.5896045240068388,0.38214174149385477,0,78.47437577770137,0,0,-4.241873549811061,2.513920899191984,1,52.45376068938284,10.295585030764286,0,1.2274654744677513,1.60966049323189,0,4.3531445723647035,35.88472324757983,9.726563566385586,12.728431339797602,37.67912643376554
0,0,-0.020743392020258187,28.844836819138333,22.928037247090067,1.8974594552528714,0,1,1,0.20233906071185898,-0.009808024549629073,0.0318231239000657,0,21.864130256808274,0,0,-2.5558372003590435,1.855355560423932,0,7.508906632704719,2.1088490900509655,1,0.39876058213952026,0.025507395800153276,1,76.01651842441211,11.363866693323704,1.043664791550757,2.077289470197734,26.163135428636753
0,1,-0.8220457242423045,43.29393338980666,63.053523950187284,2.2918491742750535,1,0,1,0.6084585296046223,-0.24677523902344592,0.8167608614202428,0,23.871362856612592,1,0,4.13318212522042,2.229502016698769,1,61.01319233352102,2.8829808246292026,1,-0.08964639273214958,-0.030823916759147592,0,50.638218507655054,18.565314025656424,0.31334599873281377,16.767774346576076,45.83944981304648
0,2,-0.19609651383996904,43.55721896875231,77.5198531162719,4.505512763099565,1,1,1,0.40327804820356394,-0.7158639227612134,0.2753664901210787,0,54.35243065108811,1,1,-3.843389861632569,9.408408599906766,1,70.96332388393652,5.488728411264922,1,0.9418437444263661,-0.043055819483146233,0,19.363460110668417,33.528706426051215,5.825723732593545,22.972139772617922,30.86299854517921
0,2,1.4900274624736756,46.61337938385267,63.997250902633574,1.6168942225829679,0,0,1,0.3150595543474184,-0.4871341823954381,0.5963336674544729,1,21.573323692936242,0,1,8.946845388929077,6.255838420788418,1,27.146833869865738,2.1774995709826057,2,-1.4690839818787864,2.396067267392954,2,59.5011450946666,11.841257265377429,-4.051556163143797,22.15540421843377,40.86129277131028
0,1,-0.9680691550548538,33.78345284691051,98.57170853177946,13.719733777906708,0,1,2,0.2880197162760306,-0.045447688358999254,0.9999998502017953,0,75.50837115223287,0,0,3.175590035471041,2.582752151668669,1,25.538262186806733,8.678642978062344,0,2.3999728653829373,-0.0452637256279001,0,2.0428090790897357,39.79253065127668,4.20442187551223,12.826143239108152,46.69268852256107
1,0,1.1755952823390385,34.80315485985781,16.618098465165605,1.7241613785356615,0,0,0,0.30776375312706106,-0.1653014738459226,0.43944874425701436,0,20.973430872093815,2,1,-5.0569835273631,0.747615937000193,0,49.7467980159763,1.3142963316242446,2,-1.1354669376873443,-1.637877715882479,2,82.97845189482604,8.023379475310504,-1.1452865732816413,3.5131393420541945,41.37223710197546
0,1,-0.01800675304190709,27.101888502272974,57.33409269590498,4.350426544350017,0,1,2,0.21422878919971605,-1.3261668433366078,0.3527091957971144,0,38.898015778230395,1,0,4.63130385021374,1.6694220922016476,1,37.58651112646698,2.817327502051787,1,2.870918453414293,0.06990256576427997,0,38.43120115608759,27.55789752453342,2.681129218641434,13.888155108106371,24.527420788531558
0,2,0.8398722668414903,55.14675609417482,42.21828544121083,3.334117259339596,1,1,0,0.7048746383272474,1.3481096961994326,0.24807103972715028,0,18.421643950992923,1,0,-7.3420315089810355,5.3883245391474395,0,3.44301636464567,2.538271183561816,0,-0.0538048352953986,-1.624521293915709,2,55.65801163968052,15.176710003636266,1.0368103237986777,22.311217724429554,59.977410232679816
1,0,0.09697589868445933,48.86506232256971,4.5713219282544735,1.4557880977995836,1,0,0,0.5601510046942653,1.4519793386866475,0.864435545338347,1,23.961066627041802,4,1,3.155279178782118,2.0345248531765927,0,16.375983904677835,1.0910347359928254,2,-0.5276173642147607,-0.6819408990064477,3,90.17795444626842,10.00851327576628,-5.566498726005655,3.042048604862735,44.621577615078465
1,0,1.4403197475337322,27.72558931465006,42.26588503857534,3.1370906282011215,0,1,1,0.22144411547250298,0.10672876216934377,0.10941515168901061,0,24.327090336809295,1,0,-0.7390780660563419,0.8574322791641834,0,8.913022569536594,2.6507652817356075,0,-0.5380762233638964,-1.1932198233538285,1,49.04638825184806,10.347872688926945,0.9567601464362259,12.61929095614998,23.67580339195632
0,1,0.9124836058337331,40.74546613691933,64.05562140556172,2.355828734696026,0,1,1,0.3651249466840725,-0.5915814118108135,0.7835428969697369,0,29.16990316027743,0,0,2.30933069364524,3.301622886211152,0,54.009877392836245,3.1309594866172397,0,-1.0254018223572503,-0.018908257846624678,0,37.842581804778305,13.812081542263542,5.19003884875627,17.326698419727546,39.61949549437865
0,1,-0.19288478012414106,22.551234059410326,99.21271884594393,18.75123194742888,0,1,2,0.20111029144605302,0.09369893637706053,0.61083014914021,0,79.99655887891501,0,0,5.065223212449377,21.20704983080879,0,4.8540685301509745,32.11489018184359,0,4.170477686848354,-1.1352447648528345,0,0.0784170602321943,39.81590158327389,9.981845133805304,16.680297509800667,54.31882195018271
0,0,-0.5222301254662518,30.296257320697578,60.52176124891098,2.1112072757458327,0,0,1,0.16137030144381487,0.2502175863172577,0.9664927700747664,1,23.75608780736765,2,1,-5.451502059698392,1.810372834740121,0,10.766572851084986,2.655710024196381,0,0.2738983253239624,1.4567613295425745,1,55.629962001923914,13.475719628433271,-3.655070978794508,3.0768078573212887,45.928424992458694
0,1,0.32284832664224833,47.328164930415205,80.67291235362978,2.00265481182765,0,1,1,0.3200824912193717,0.2979676525765719,0.47450712524181765,0,70.4430678258818,0,0,-4.408300913352171,4.38570589132557,0,29.21773486390757,7.663527710607809,0,0.189162065317155,1.5561071984935133,0,12.037899376497386,7.39564604908159,8.894595942502054,23.801098493585645,64.12259240706192
0,0,0.04986754619096147,21.99699369908657,62.322530130568545,3.204370616001747,0,0,2,0.15970191857957144,-2.8328113888702253,0.4492845192837117,1,19.18234713706663,0,0,-2.7796526352850552,1.0354969254178796,1,27.94538758922011,2.7481410158608135,0,0.11984835893410538,-0.6183064534600718,2,53.40476013716818,12.340038184558733,-3.1874588355555193,17.42858703502668,28.24415065202144
1,1,-2.336028089399825,60.47135802194606,7.056721902927232,1.7304582325325901,1,0,0,0.9586734480306031,-1.0588851872492897,0.11033413013635912,1,26.418717173982387,3,0,-1.5185551835069084,2.7787591768672266,1,58.89686617479401,1.1988924606464153,2,0.6999392635451451,-1.4271657711569163,2,86.59491368288235,21.209913204380854,-0.5982405494854639,6.800962044982652,63.90699805545129
1,0,0.7958726762911997,46.25818257290123,13.67876991658094,1.2857999443854724,0,1,0,0.35043186570780777,-1.1748142883753117,0.36534380857590104,0,20.621248263378718,2,1,4.157047009330981,1.3478172543053355,0,22.482221616551506,1.764016485852959,2,-1.6736263318641855,0.5296495318617435,2,77.92458610347663,11.768477130380088,-1.9562219016603084,7.632147437810939,36.57608085613452
0,1,-0.19861245768984404,45.85965578676294,27.96059501012522,1.9499432827536516,1,0,0,0.5646833223379017,0.7503454670362881,0.048780844066650564,0,19.255964447494826,3,0,-3.761650306627187,2.1895415822945896,0,28.50242891295112,1.6835566431868763,0,-0.3606539752903727,-1.9134244023057898,1,74.63554389618754,13.978099225723316,-0.4731586090594053,12.928079506452299,48.935114306389686
1,2,0.08841151260914229,53.33919886829759,92.88616159192986,1.8591037074493237,1,0,1,0.6485472401790544,0.11011269686031717,0.7797335941628927,1,52.249233568933384,0,0,4.948126892278427,6.636345869108875,0,5.094945870565808,3.8068247404524276,2,-0.27689694146297567,1.4302389256014625,1,27.702997979648696,12.315447488778517,-5.13056459123924,39.97387596577897,40.50471271590848
1,2,0.9714173501772062,35.069519401356274,60.22622313026278,2.229248847776689,0,0,1,0.27270056976612433,-0.7950654543020498,0.32750515123379775,1,19.464233743879742,1,0,5.181649255692481,2.6485066584183925,1,13.988219121808578,2.1461508734535255,2,-0.7478514578147217,-0.10629157126012193,3,58.905749083504574,8.250620451532935,-6.680959622216064,33.98464866875619,19.714859621861933
0,0,0.5879996150202119,57.254451546957725,59.14819246008033,2.799858001274909,1,0,0,0.740077090518447,-0.1167987850468686,0.9395369287084303,0,27.575720908591567,1,0,-0.1607445947516588,2.411782847581355,0,50.19168003247674,2.309419873629184,0,-0.22881854287605274,-0.04747261115796846,0,46.37110880209406,17.18579497782745,-2.647210348992073,12.407339559700429,45.48150663780203
0,1,0.07136788141537642,36.04406302902696,89.58349006573131,6.76858013757762,0,1,2,0.2950378304085728,0.38022898874719696,0.5654268899396449,0,76.14185998439932,0,0,-9.953847295248554,4.445298963647635,0,51.67535545787416,9.84917539953256,0,0.7580365364578131,-0.7537894905045301,0,6.608702714078385,36.190968337082545,8.841777665605232,27.89418115972984,36.31037665041688
1,1,-0.3010477815336504,53.61275225700172,19.67682933179188,2.1190882553906367,1,1,0,0.6905678616184832,0.9719976681621765,0.2541738652427419,1,25.603047201244713,3,0,-6.143806567597304,2.4329344940429904,1,48.976800731499736,1.8918503351232232,0,0.10980804693266823,-1.3217868754408988,2,72.63030223795994,13.543619743753773,-2.3456754254217884,17.58723467431492,39.832769636991884
1,1,-0.28568344686532327,32.290662179829894,79.71473923053381,1.7251266829732135,0,0,1,0.24883754212922338,-1.399919834023781,0.6503376084404304,1,33.14804776055567,0,1,0.7904789182538074,2.79944294179638,1,2.7662956047667686,2.703887880131044,0,0.06084505271503332,1.629787603164833,2,44.80445292264991,9.476591072253465,-5.053107035753733,33.83694470810955,33.88518829751941
0,0,-0.855073112077391,42.45086297865904,90.08054613919167,1.6455013115221226,1,0,1,0.4677600735900243,0.7644782161633719,0.9645414437018969,1,41.54814753432142,2,1,0.7156385705346189,0.9295815449478665,1,48.76210788387902,3.6533596989436816,0,0.30319581551714836,1.5113470334712764,2,30.470425559290483,11.629008421577856,-3.032700437181669,20.636913225460845,61.0072652386449
0,0,-2.724500827373755,20.191676928031686,81.50958117407166,1.835777663108724,0,0,2,0.10906227399263196,-0.4214774948074463,0.41715936356819433,1,31.861400939534896,2,0,9.811235410095207,1.2424304276326865,1,28.679366357052327,2.9888575248819853,0,1.0741459509143798,0.7186701270850115,0,34.762013101560974,26.591707630686905,3.621409758535531,13.198313485037833,68.59809235928068
1,0,0.8123127038507546,40.924529418476936,27.37915143605374,1.934922756775043,0,0,0,0.3569371649955497,2.2519627273492913,0.08437652295948533,0,27.70337560552872,1,1,8.20324161537826,3.723750043772402,0,54.33920359776076,1.922396718383256,0,-0.8455396937952642,-0.3146811291078502,2,73.00695408435594,10.903485437168122,-1.5213014078888438,11.723451310424482,22.772014496032234
0,1,-0.4957241619353977,42.24181038289215,79.34864572145543,1.7577156700526948,1,0,1,0.4637274215020748,1.3144816722100114,0.7696049465856096,1,40.47531771203487,0,1,7.787659507843159,5.147440626048996,1,9.549023547821571,2.597896167670694,0,0.06102247452190065,1.034622244538346,1,41.85371259053364,13.932596206797555,-3.1822217242271478,12.68623296170703,64.10305573272245
0,0,-0.5093488690490044,20.44657912514568,85.92547793696681,5.733079640656544,0,1,2,0.1710981982143414,-0.9570026191147617,0.6542017065647467,0,68.95776463131993,0,1,-6.190332570935904,0.9909802417189052,1,24.299488548242365,6.587079764826205,1,-0.2441686132397635,-0.22059468495245607,0,10.23428578109452,36.741423544681865,8.70086436845832,1.2622324725917045,65.84749066699028
1,0,0.29398450548153726,68.99989539650306,0.4173670732501522,2.1577643566376152,1,1,0,0.9828529964562708,0.4630203623938843,0.1836049877470961,1,18.003795838218043,4,0,-7.521005771447933,2.826976409388752,0,40.35662128717965,0.7325842889515776,2,-0.27686626831986755,-0.59755227562623,4,96.36027252190118,10.0766623476645,-7.477364049273094,15.295792686864065,63.279108610724386
1,1,0.33585854097772405,38.04681371732545,34.03011948040864,2.01162493796902,0,0,1,0.2989686793584797,0.09286139812671658,0.52132018127354,1,22.57467534633978,3,1,6.56173963887629,7.968876884434955,1,9.34593451817593,1.553983025989928,1,0.21679397760395983,0.9811736663172426,3,77.7453472089066,10.820464649549216,-7.398950276209247,10.898324427333899,22.52662012976407
0,0,-1.261843447508761,35.05566477586031,42.69204428387855,2.0877109167206136,0,1,1,0.2746092614700916,-1.0008516138287884,0.12762090851622143,0,22.07709887045671,0,0,-7.489712358884696,3.9060428407088192,1,77.19312148954371,2.5246380662003514,0,0.9437191556410962,-0.031234111672474064,0,56.125174070791296,18.275274889668662,0.794956498177239,9.22558550755587,38.92824616155337
0,0,-0.7287329222190758,21.660107320767633,92.10938092397691,4.663797721356137,0,1,2,0.17703330902632292,0.00855837293815595,0.6507713534592121,0,66.600525238057,0,0,-8.907671805632724,1.7477133963177658,1,6.694720952308599,5.933536287035548,0,0.8503097683586743,-0.9215690271474203,0,12.297466765671999,33.4338867738385,4.102963183563176,31.967782613781655,59.74094367651912
0,0,0.7903015667476535,53.66167394192169,55.46071121127206,2.0396557626149656,1,0,0,0.5661323723627096,-0.3115314219159314,0.472913492126846,1,25.39276879270436,2,1,4.499312235931168,3.6888923685366932,0,60.72051502757887,1.957307354782469,0,-0.7699152919779355,1.9983319078438875,2,59.84957212761508,11.563850376092367,-5.627996049051719,27.88433624177051,32.19974829657913
0,0,0.021169450508786204,18.537800291665114,61.82474677202272,3.300691168067985,0,1,2,0.10716180929390418,-1.1797324642189482,0.5469520578026618,0,39.069189930332755,0,0,0.9049340565783055,1.338175121710131,1,0.5582714712301895,3.361516281359816,1,-0.05021023350948884,-0.022775278186947655,0,36.40058959307898,29.2321516498264,1.3965555965965706,0.9374404510994161,34.974916239791064
1,0,1.098197327768219,60.9493041098885,54.46772208378091,2.204790073583264,1,1,0,0.8342326743760371,0.8749644208268027,0.9065115332641644,1,22.759010130152806,1,0,-2.3411199456493845,1.8553838299082777,1,58.16835108967297,2.353908408768863,0,-0.9007309735474573,-0.3833308669375048,3,51.2211851649801,10.50764590793488,-5.250341291697555,38.295127238567076,60.071334939475705
0,0,-1.1189372701200055,26.139400782711448,82.38567306515148,1.9975991148572871,0,0,2,0.10049894847077762,-0.17820243392638765,0.7016092200898193,1,37.97177850040849,1,1,-8.373841698805899,5.935014393892661,1,5.832557101591984,3.4552492397248806,0,-0.13370358099532828,-0.5392729141539544,1,33.02910933306924,16.49694472018023,-0.7493536761716051,15.413801513903472,60.79236587348458
1,0,0.38465883200065665,41.16343919465403,33.74893889685083,1.3985448681356005,0,0,0,0.2590138395922399,1.1445071384274719,0.615709116177133,1,24.101718187967265,2,1,-0.9409605859047137,5.547555076210666,0,3.3667591024260712,1.4492111269408494,0,-0.9664388047725089,0.24327835947629334,1,75.83284714915544,9.378565013092077,-5.82164005577893,4.986625904709651,47.72006498299638
0,0,1.5752126731873244,18.01784013112367,95.23349553088917,54.598150033144236,0,1,2,0.03975351878284972,-1.7702179037150283,0.31347929801052427,0,79.99948317184307,0,0,5.262649455320268,0.7285995028507556,0,3.395720377097904,38.453612963635564,0,0.793205843410166,-0.7153884642343666,0,0.02438818167604384,39.999753577232944,9.999781581126882,14.489620926736066,25.3126125691227
1,1,1.2872726508439003,54.74439884995141,50.815974850841826,1.9672229072102192,1,0,0,0.5460951148541634,1.135506148652163,0.4164084587657366,1,23.719337575803188,3,1,-4.362783636229322,2.830703233119258,0,57.050362094533284,2.1714089661389564,1,-0.9978740986537706,1.564353141505795,3,56.90391082404807,11.995295685504054,-5.402343726328535,36.098377845220156,21.206318002140463
1,1,-0.7209050132095296,54.75221112986772,12.023574334096232,2.406602521206674,1,0,0,0.8104358899322119,-0.735215694539677,0.5444685540197678,0,21.18455801793477,3,0,-8.93660857746005,1.6493728769630036,0,37.7471380052387,1.45904325918563,0,0.9003311853594488,1.20663545493743,2,83.12592611889185,22.629275336052714,-4.356335632377015,29.17903964207642,34.7006382994275
0,1,0.43257928891600944,25.178705983016368,81.18781649449447,20.60411392726592,0,1,1,0.21840173027987014,-1.551610584281285,0.24243205930633543,0,79.41813044929276,0,0,-5.873152929092203,4.699452562854477,0,70.90196864984348,16.73754629696286,1,1.9107869919102942,-0.3708687196084478,0,1.6731881783305758,39.90683019416305,9.949508634020642,10.808760461108168,20.608426295836644
0,0,-0.5021660166341996,33.16098899455013,76.6003857048402,2.8662025560713276,0,0,1,0.1667348222736223,-0.5129869415680345,0.5640170939875458,0,32.65646406102927,1,1,0.9212860556472631,2.737925401714028,1,61.23056200035173,2.7494295599056815,0,0.22432064011231745,-0.629109580088623,0,42.02455698858237,23.003186328427642,0.9788074469206354,17.405262441036253,59.30140233987264
1,0,-1.0972677860406082,36.70638509903223,13.50293522401868,2.245280232403945,1,1,0,0.39083059763139266,-0.4677344052041345,0.39043728943933,1,20.480111381221953,3,0,-7.938813130238493,1.134892287345443,1,75.39767328910982,1.657576978890497,2,0.6584350253088678,-1.0907532378213902,3,76.67270718623635,19.613938203134328,-3.956217591382474,13.419086627730222,35.34532090560857
0,0,-1.0208467680309874,21.005636771844475,76.29528140890295,7.533603850916626,0,1,2,0.1303724325925429,0.40468374118806943,0.5607079750607527,0,64.80436487387999,1,1,-5.979512574645619,2.3989813899386685,1,51.436192267549515,5.729015307028369,0,1.4182494752769417,-0.33485623613448673,0,14.519664404121995,36.12072767786393,8.585231078092253,4.0689910942765035,37.5061505848933
0,2,-1.0730726505984498,45.98323444760411,92.70497325190857,5.7098606271462025,1,1,2,0.5403706101332906,0.015548715916748104,0.34483994425848175,0,79.84541253188699,0,0,-6.783255874655242,6.569745371857372,1,50.95153661657154,15.726243066933009,0,1.026031311826148,0.8657953306989314,0,1.1347233583540006,37.506181273518344,9.954534053149146,25.465332354480662,68.89428410449337
1,0,0.2706151041592153,55.287155510698064,7.455346996895046,2.023647926224447,1,0,0,0.7006872474584509,0.09338798743013609,0.32242286563767264,1,20.267403066868155,2,0,-1.04990407796965,1.3717567578718997,0,36.27455247028695,1.0810896204297682,0,-0.5749622298309077,0.3075612330747539,3,90.38804507035519,9.719737231622512,-6.525753238187413,6.75187993590157,28.80649594802899
1,2,-1.142736055156839,58.98814422888179,27.910626299789943,1.7817973292508482,1,1,0,0.8924296594443631,0.5543058691481481,0.3826381509420831,1,21.706875421233136,3,0,7.996410484880592,4.92174267631942,1,79.86339873468113,1.7491596645130236,1,0.9352557714448008,-1.1589502255793218,3,66.82818547016255,22.24452414333534,-5.1594422782889975,29.92796497278769,39.802029609600744
0,1,-0.984156402173466,48.148131573749595,48.35713241145733,8.442547979557554,1,1,1,0.5636177724149871,0.36192314008189586,0.7243394902470957,0,21.508029629622243,1,1,-8.203193708582901,2.7322959843723034,0,23.586369435939574,2.635097907160099,0,1.792562469469614,-0.4646996428888462,2,49.86640630927216,37.84775070058949,2.484143615403738,9.627933621750726,60.99023736304399
0,0,-0.3196549478955637,26.361358014302212,41.64947880805545,1.9507896140292365,0,0,1,0.19328643363082382,-1.6377542468726982,0.29808775709566293,1,21.344188068944216,0,0,7.306493787496649,1.4329030010265236,1,76.09941442087938,1.5557406620237118,0,0.06700241019131846,1.849873266787158,0,69.72524867907197,12.825176643014082,-1.66235738899414,15.449170417240847,45.311297432931404
0,0,0.28595429455975196,27.388687785537265,90.69702395466275,9.533567768181843,0,1,2,0.16849841961605289,-0.29334975479434333,0.4981474180329792,0,77.93763550264201,0,1,3.0093677298328423,4.572525548680783,1,54.053670015282776,9.926800761260441,0,0.5802971334540408,-0.4511781575107031,0,9.59371356146353,37.77548969955079,9.298007979733804,30.00425998077109,39.17012457933457
0,2,-0.7032628193293697,37.68291000657014,77.23240699440849,2.0657400143810385,1,1,1,0.34590440086750496,-0.11712639861606718,0.20377505964078074,0,41.5820135078428,1,0,6.690937244426287,5.228179672054242,0,12.976899463091023,4.367879565164067,0,0.8106927737234044,-1.1353115247775547,0,31.91976240234714,4.055185756981494,2.753216374142335,27.153507374926193,39.279187146752164
0,0,1.2778054550014135,28.632242094162752,56.86376369553271,2.884189206074055,0,1,1,0.25377368870651507,0.4869672046664425,0.5179608540591064,0,45.91491578184013,0,1,-9.443704300963002,0.9417114612156283,0,35.54342824342917,3.82620249538582,0,-0.7038386548411134,-0.0340012633633232,0,25.396923880993473,18.917955182475783,7.952819272570217,9.129887466273312,30.815727826233825
0,2,1.3460337881127502,38.508612371020845,87.41406979931008,8.625403943368442,0,1,1,0.21559076873658622,0.21425933245008663,0.4286905555679275,0,64.06465663418956,2,1,4.4634278459026895,4.130799668987667,0,34.86109795187163,5.386114978409578,1,0.9348963812172193,-2.4058255558699275,1,14.66824086653915,29.97110765788067,3.4873862817320873,38.66378618845748,23.98056738102122
1,1,3.430443390639018,60.67613215453798,18.64530542602381,2.344151450082945,0,1,0,0.48943284681079735,-1.6793462428370067,0.2692734686306443,1,24.72033044821775,3,1,4.699734376211042,1.982679571250301,0,49.450098168262585,1.502582202378153,0,-3.151024075021344,-0.7110852170038103,2,76.19914813545172,13.078799337906784,-4.316937472918775,19.949469885734285,33.34290662471922
0,1,-1.5156368443018615,26.545757452399258,88.60048869572506,3.9464968914682044,0,1,2,0.1274646437099357,-1.2666923537529038,0.11959519729987755,0,74.16249978183208,0,1,-5.578771851048039,2.1375452042362637,1,50.401488796132085,8.22417286977488,1,2.9362011913193355,0.2491950729338877,0,6.763020945697384,33.25738175159489,8.903885744838568,38.7460679577897,59.453285011379734
1,2,-2.066822411413263,54.20702291801532,61.32835697842195,1.7157523794608063,1,0,1,0.8633295342081035,0.6376403425450484,0.6309774778267403,1,24.390482262770586,3,0,9.359091576512537,8.123860837425786,1,10.284799266310598,2.563477725597974,1,1.1803148937070211,-0.8571947583964202,2,50.343253518159614,20.77487494117612,-4.6697890256414,34.01263795911952,57.703123165910476
1,0,-0.08903466255325687,41.67626356661552,9.445438888956348,4.63506920822562,0,1,0,0.3140868727189623,0.4633336766980153,0.6638630397815573,0,23.85255811029705,1,0,2.1541004867492006,1.2682385626395327,1,58.934862289603544,1.5866718259532921,2,0.8978380773720419,-1.5323138870260842,2,80.27899059753469,31.275792516980772,-3.2405403855651382,1.5031275998302207,34.198475395688554
1,0,0.8101001661995345,32.470067562018755,49.32447711289689,2.3288868723518386,0,0,1,0.2634160611154982,-0.5760185883794123,0.5839767487724316,1,24.606099824147964,2,0,7.955218511239895,1.3747107800376124,1,66.17666252542092,1.9463765977852967,0,-1.1401223739478752,2.252797744208866,1,59.32702788181682,15.596878561177673,-5.226972975819743,15.831247498829914,26.07147194399724
1,0,2.382888055880867,37.6744407046649,35.580839285339096,2.600863614195193,0,0,0,0.25806786557524963,-0.7085422536442588,0.7167742890183233,1,26.82724839214051,2,0,-4.107788331770536,0.603742233094318,0,27.853052038910082,1.7735470407188492,1,-1.7798754197315214,0.14898509766071297,1,67.7044460390815,10.430672775617488,-1.5654019649298068,11.936222303300505,37.311023548232455
0,0,-0.28872519745084424,27.503539675884834,41.51861238646063,3.164548479430566,0,1,1,0.14046363480424257,1.414834960701282,0.5147683574133823,0,50.23290544226485,0,1,-3.015429904918239,0.8374180798837245,1,15.426034014778423,4.381378310424948,0,-0.3257093947610186,1.426889301339788,0,33.72705270508875,34.24970123550189,7.179240928125282,7.700133006228178,63.5988233038391
0,2,0.5638241903255059,48.717222517707555,77.9725802976944,4.793729643420942,0,0,1,0.4205697281145595,-1.0705742864943941,0.3309672239167969,1,38.255475382878245,0,1,-4.525335815684821,6.082971530004719,0,56.49235064263579,3.0416318626656813,0,-0.45541879489690956,-0.6965943188899213,1,39.09889661379906,30.359311599226714,-1.4210970207976086,36.16828166570549,28.33006867124059
0,1,-0.5559388954520662,28.31192545399201,64.10138869040493,2.690246935046792,0,1,1,0.21361807432167113,-1.9158313925987505,0.2891817478855245,0,32.80119248284079,0,0,-3.373591147974686,4.333843441116398,1,62.44204243402833,2.988055528191103,0,0.41254497458946376,-0.5762401490728633,0,41.963375127073185,12.442236357505312,2.0260607439776415,5.828625064814357,42.97709414624201
0,1,-0.5375240409066531,29.389430885809215,77.66032156752199,3.133252362142912,0,0,2,0.20726594701342466,-0.3586919305703889,0.7509552593944424,0,29.28391243744599,2,1,8.094444087809176,3.6908155910824103,1,19.484283381038956,2.9588976323672442,0,0.22584998127694636,0.6191379176826147,0,42.488700278759225,20.173400100533083,-1.7492706169685786,19.538916508410953,35.95241998013063
1,0,0.13985922873000078,27.428964178268853,81.23386083410942,5.005867826929088,0,0,2,0.18930673383224872,-0.029852301883379555,0.7666212977142647,1,33.23290397224273,3,0,0.942371686552745,1.7732035960141985,1,21.85785293893149,2.8917265796498053,2,0.5642368567852757,-0.28558058331894076,3,41.00076422050065,29.19591229575769,-4.754225258028965,38.20731697609892,31.25527947938377
0,1,-0.5258541404950305,41.835119716311866,76.66045750263217,2.782817858376041,0,1,1,0.37741812536761005,-1.075566991208882,0.5240603925556243,1,45.00056032560204,1,0,-5.591582336650058,7.858982638231186,0,46.274289608743544,2.8724720007593896,2,-0.8207459538581273,-0.3498986922668732,0,37.04937235688608,17.095442184704318,-1.568771889845232,14.212110163489747,30.957672475506946
1,0,0.34649818407175675,50.049109491935404,0.7495386224446621,2.019588123530062,1,0,0,0.4944715635738031,2.2958899141717564,0.7572774726503706,1,28.91203921471781,3,0,-2.2089041908399807,1.1408477855000736,0,39.65872078388734,0.6807187568910447,0,-0.4772067608042801,-0.6930345092168715,2,88.23248653453568,6.258606734477468,-6.26869635525127,1.4361535817991355,53.1577654677556
1,1,2.3255625306283103,59.5635800397961,37.706028018333356,1.9404532329293687,1,1,0,0.5333070127785726,-1.2618224145604038,0.6336389537348216,0,20.851009438606944,2,1,-5.142787643215824,3.7230567371720205,0,73.37345978841557,2.2156175272403758,0,-2.0809530015144078,-0.15385359911512797,3,63.96803015535899,12.219524843269395,-5.197515406846096,29.531557009107065,23.895958946075137
0,0,2.7116928783439294,43.744023417676644,64.18071973759814,1.1348666543290384,0,0,1,0.3243845147735196,-0.8026835266779007,0.35649452208814586,1,19.59167107146324,1,1,0.05509334304088753,2.714467290119674,0,24.95286238427837,2.7002609733088434,0,-3.776523082109544,1.7059731287222788,0,52.34476611047695,9.467606459198494,-0.20705856735703598,31.12137456777511,29.109250411449224
0,0,-1.6871057962100837,23.395808009165044,79.45680987234847,2.6716041091996643,0,0,2,0.14395635415839186,0.33216355321126023,0.9838730050837048,1,35.21097979096546,0,0,-0.15075869852663715,4.6454858464435675,1,41.53954980481875,3.126619579596237,0,0.443150580758447,0.7616649303857433,0,40.9895045373818,28.80125779169944,-3.504679731809695,1.8301900203511634,54.69385449509829
0,1,0.251035079009355,37.45617082581247,73.57094656994994,3.8928463047656305,0,1,1,0.20035209928467562,-0.456199781663308,0.6287383623467997,0,57.39946447776363,0,0,-7.940309501385854,4.341068318323321,0,58.08995259684618,4.670700444347529,2,0.18019037466761878,-0.2870935302232768,2,23.73302000650222,24.63467308491297,3.202770784184647,25.245252789162144,25.999775980211144
0,2,0.6927607881927872,36.431187684218514,83.0457081221711,2.1514537402954406,0,1,1,0.32984246813953627,-1.3374297566754745,0.5282899934866858,0,34.109324073526935,1,0,6.657871910901353,3.002173398176528,0,0.3223786203060719,3.779021622409775,1,-0.2993069539509288,0.2689769071228229,1,30.96796634349066,16.49269446347557,0.7112471687544648,30.796696389801376,40.807039452903794
1,1,0.03332606451513446,31.49328456926896,39.347644211227646,1.9700911105837464,0,0,1,0.2171739800338513,-0.1932181267552862,0.1921586355291825,1,21.883619047925844,2,1,7.05772130445888,3.319496774738624,1,52.67037474994096,2.082167423884415,0,-1.0080580984070666,3.077546124263122,2,68.28209690897971,10.394800721963527,-5.007003058911663,19.208299524671293,24.910644783974
0,0,0.20479675881868054,60.47475352708823,9.407196030263542,2.1831327775077263,1,1,0,0.8612250330690461,-0.07699221515634613,0.08687402229264574,0,21.753881550255095,0,0,-1.4794519361781227,1.5360044247781277,0,35.845573479943255,1.3739879263768522,0,0.4565549905574625,2.2190634542827743,1,80.02767579927992,11.99682371634979,2.2498971442821727,6.676296771659464,69.69629332401487
1,1,-0.025151322146005493,41.73997603133818,66.04746708846451,2.8060944768130267,1,0,1,0.4204805833720648,1.57643012875839,0.7549210805048872,1,27.738408881801462,1,1,7.175630316318781,2.570278201424544,1,33.00673252862622,2.3056877913380815,0,0.33331368824323726,0.19087887375427745,2,58.789682700603265,18.23098612343368,-4.734817335171697,26.14587555560549,39.313097037937524
0,1,0.12263018242698343,28.578848538224154,58.43370343992169,1.865083186296834,0,1,1,0.21556323574740344,0.22563490598682165,0.239590071849466,0,21.275175448065866,0,0,-0.6390642480279993,3.8867624730828876,1,3.976672246168169,2.8447171362174757,0,-0.5265510995796159,0.017161124848775123,0,47.32954130439884,13.936075806818842,0.8131031609333874,14.367932405538856,48.1740789493589
0,1,1.2820690922650504,31.79344283733463,66.28543655497495,2.7856860272330572,0,0,2,0.1788136660298632,-0.009496512071263103,0.9057239002087614,0,38.05961130893407,3,0,5.56984819374204,2.40459987689551,0,30.076661646460245,2.218263842996222,2,-0.949287400951387,0.09759670558076272,0,48.49751090841623,7.596100770404515,-1.6874924671868143,34.47392053459444,23.30001202943365
0,0,-0.146585839763767,67.74989716115674,40.38806209621624,2.2586339079411357,1,1,0,0.9795807695638384,0.06751001718896013,0.4596919805949407,0,40.835797849242724,0,0,3.6037421126639213,2.1335262517773894,0,64.0867579171484,3.3846005656965206,0,-0.4340539108834968,-0.21968683090621968,1,46.56407651516963,13.100231580110266,3.5964363614512003,15.369939696212116,42.520618390120745
0,1,-2.4972952431044333,40.34405197723997,59.231303062797416,1.0634377687268193,1,1,1,0.6524769107435944,-1.3043635666376607,0.565897637562361,0,27.03999102993139,0,0,-3.8164040141798026,2.6245432396516937,1,24.807574333935523,2.8698897783210047,0,1.0140758608463767,-0.6686251049754852,1,50.665256700137085,11.979089567802228,-2.119282976495958,22.564975246922458,68.20291029073765
1,1,1.3934691643676294,58.655760222148196,70.68206679242604,1.9430114013835889,1,0,0,0.6039251494803384,0.2700558783575429,0.19588693619616115,1,25.18781690578402,2,1,9.721773650500278,5.262940625693559,0,54.40717304043905,2.3600377314434384,0,-1.3419082788717964,2.2807808636025757,3,53.17879725976509,11.484866944563985,-5.463087218703398,39.775749128169835,44.661120580061564
0,0,0.6677313962173868,27.45318539458958,24.266286720913605,1.6202762568487756,0,1,0,0.1695761189121321,-0.21959729849004264,0.17275495583802225,0,20.2742120537914,0,1,-1.0416656263693316,0.5813971521084399,0,35.7754357630854,1.8015976995634475,2,-0.1808430271334019,-1.2715757862725101,1,67.39536301453684,10.343824029983551,0.7366681431706468,7.777012638052936,23.246311621961407
0,0,1.1717427573867314,35.916469278292794,61.985271058969325,3.781617705442617,0,0,1,0.22421740668798135,-0.4764065640194001,0.7309262053726344,1,20.59174005257974,1,1,-7.283610596554641,1.1315325199506756,0,63.82339999619362,2.7292037653560572,0,-0.6860579409824074,-0.006874133432524239,0,50.260033999528986,16.12356784557613,0.4173769101253697,17.547179253345593,22.63118182837292
0,1,-0.7105434593551189,35.096721081216614,78.7721088172916,2.0555410022126153,0,0,1,0.22464370850440596,-1.7335590272928325,0.33799418043916046,1,24.495397878349088,1,0,5.537368690951839,6.275622898750999,0,0.7051524379913499,2.8929524915334377,1,0.349961507965033,2.410005462152889,1,43.42271078944471,13.533898235827827,-3.184135142703064,29.37228378767802,44.55547034082654
0,0,0.629087946779526,23.877653786036582,17.71229829627476,1.6741825753765724,0,0,0,0.2795398107424124,-0.3034248234892113,0.1030116046638469,1,29.029128365784167,2,0,9.173895271827167,0.3979026615959649,1,59.44409041023313,1.4087437249081347,0,-0.28386593226410317,1.9834908628229455,1,82.8449859159257,10.98777907554798,-3.7713803492579423,4.533180104202749,50.61644362937077
1,0,0.20177942297498735,66.04804111494002,0.5328696530038035,1.5076791899536972,1,0,0,0.9445283191874554,1.866713141578571,0.3918580047921954,1,19.338871465552945,3,1,5.021159790855027,1.547067675236404,0,49.643975420631506,0.6985806167610407,1,-1.2065200827434808,1.0564312121624708,4,97.42804196113677,11.131372531647328,-9.037016037284495,11.091029843503692,38.38948868767963
0,0,-0.2131013710671486,34.53474658486796,96.30236425442436,2.061901927828407,0,1,2,0.1642053409377563,-0.31070825806969077,0.4329845422261818,0,79.80382572106994,0,1,4.740271314248371,1.4774536569682166,1,45.26584937925543,16.713662778461636,0,1.1657248486438994,-0.4232580969579287,0,0.8765556589095613,10.812271862784037,9.941419252780086,38.837128808585476,69.90697763987463
0,0,-0.1474111743555945,20.07039262520217,90.02480568312778,12.202933057744898,0,1,2,0.05148030900419398,-0.6584022803430919,0.262041408027397,0,76.17846688037281,0,0,-5.297307244618532,6.445181142419729,1,10.73978076112773,9.314190286315519,0,1.730642936484254,0.10616226023099383,0,15.858521570619965,39.131503931083294,8.760039368734184,14.42887603219181,25.35033105750568
0,2,1.481722826197439,50.63744678518697,93.62207331056793,2.3643929629033402,1,0,1,0.5187565473190923,1.5855262545845552,0.7822138993381822,1,44.03376914575345,2,0,9.651355453607852,8.172225764025804,0,1.7670235447848004,3.470911647583443,0,-1.143970852072296,5.688500456987068,2,18.304701179812955,12.210745512027795,-4.3863605524595295,39.4048792623314,29.16783670751041
0,1,-0.5083505143316205,28.39163639104877,64.01475728087883,2.3309067031437136,0,1,1,0.2943939287580628,0.3279292159813421,0.33079599772448653,0,35.04111317078789,1,1,-4.722440516130629,5.882711701947281,1,30.66131472830048,3.449829363039631,0,0.24995480087268487,0.8300257808557494,0,53.27115797721047,20.593078220287584,0.6213762885398388,10.318381502292118,28.09319428112824
0,0,1.0368018784892925,39.31657408502315,45.837202784443825,2.3183391146017476,0,1,0,0.2869662449849175,0.28446800229183977,0.32888381562434976,0,25.66450706429777,1,0,1.93972027552131,3.313002291024723,0,71.88820906835466,2.5326394213411505,0,-0.4635212274889576,0.6049536929509886,0,56.07739014295997,8.813992685766749,-0.04187991776536926,9.851764598671252,32.95766131043128
1,0,0.3561020907450048,35.90900767519548,1.3874580382220614,1.9499406576364886,0,1,0,0.19327671822918763,0.1920722858869507,0.21865394244007053,1,29.181417153110374,3,1,2.9227926019894355,1.0427581328459907,0,14.592682322340963,0.9286435903725142,2,-1.2193415176730926,-0.34983687360035315,3,94.547271614564,16.878480636183284,-5.784341099539892,0.1545805501425579,32.61671077500603
0,1,0.24807569830269632,43.01895726374724,92.70029787342028,3.006950045227282,1,1,1,0.4290913919511159,-0.7464020343146361,0.6147699018013157,0,66.18194635198341,1,1,2.221767521910266,3.2390122742807037,1,43.95610268186804,5.30584299585995,0,-0.029176349284068166,0.4939687832363252,0,24.66322657540907,15.409137283815808,2.5923115714829397,38.769940705120426,51.341560455211635
1,2,0.3623462254395329,43.13146552351451,57.73897215727103,1.9289548236041627,0,1,1,0.300657101078566,1.1912729040509642,0.41997904266792946,0,30.27388332243447,0,0,3.543960190769134,6.870158516788989,0,23.32317404138462,2.660627777465394,1,-0.5907221584440613,-0.36316128901290257,1,42.83796315837735,22.16517479935939,-1.3305734460310052,20.315626249357397,23.30135162574552
0,1,-0.08826685951292533,32.960493967688876,54.70515226652539,2.0765889879011836,0,1,1,0.16725625294020957,-0.7255195711773532,0.08987477064145233,0,31.67050255330267,0,1,8.08542588247741,3.0890853612670734,0,19.122722980367488,3.252049211287433,1,-0.15050383298143466,-1.4240280552447038,0,44.62933754239273,17.98240751997313,0.4672512889042668,27.733891811832805,26.41135476630786
0,0,0.9637442682046136,22.721820064808874,80.09253456511881,12.785399917438948,0,1,2,0.13826953571277562,-0.3951497423555507,0.6145543900090346,0,78.994498548306,0,1,4.188319684368684,3.236890063564658,0,8.926870514348266,11.07367819201955,0,0.7252168229094875,-0.2540751230510391,0,4.867509856982371,37.88901838385661,9.683686941630285,16.2429497961772,21.280207707141773
1,1,0.11791844311058818,55.12165370375411,30.57112248677083,2.379049566604067,1,0,0,0.6834964087461171,0.05820667933909496,0.5133495293544297,1,21.76555460604004,4,0,5.353360289618536,6.2629084097758465,1,43.34908977624413,1.6342679318223585,2,-0.46817588975207297,-1.341887512660164,3,72.37933073251617,6.030316691806663,-7.248808312176153,26.67348944964925,28.45293160560896
0,2,1.1144589870335122,50.74262130030509,78.6104786411372,3.0048793761987778,0,1,1,0.49216784472071173,0.6425544710584796,0.5628082259139076,0,43.37823984774062,2,0,0.6434217679774719,3.7805572622804173,0,45.545100092049005,3.2115950966295386,0,-0.6672970119717383,-0.49828491596441177,0,28.263790943430177,11.13057334048376,0.06074224388945737,36.58466148831469,30.92756667162598
0,1,0.5282963129318492,22.280019013495743,78.11975476477967,6.249649817244207,0,1,2,0.1918297931241546,-0.430726114109362,0.2112730168832011,0,65.74416404917038,0,0,-2.40335038488584,2.44968145334533,0,6.826092440181131,5.591632974391797,0,-0.27387578128300677,-0.15330340285695362,0,16.097006430877403,29.914208933836036,7.028720908855128,18.413642715075056,23.336044400256448
0,0,0.15502249152259318,33.53397638899104,73.23901239647749,2.012666646530794,0,0,1,0.25419645177705424,-0.5251780348612948,0.736213996397672,1,27.57015467366748,0,0,4.943284343794653,1.5941883395699157,1,3.4322325247547036,2.6467861557784405,0,-0.3798640292057894,0.560030086675049,1,43.86683007265974,12.500583866777733,-0.5255677879684502,24.762076237275906,59.55143997609075
0,0,0.4501295934307461,42.99367066198805,22.408839512792046,2.102531912348015,0,0,0,0.2998667324929394,-0.8549929789328993,0.8138271610777208,0,20.388413433912554,3,1,-4.612204796874937,0.5209375322662827,0,76.25491016655681,1.5150501423090108,2,-1.0325816463945363,0.621045598900154,0,75.78434227872866,11.554931829405984,-0.15065277735475213,0.9498425881842243,53.816868698336975
0,0,0.17283219707242928,48.30129895612815,78.87240866174989,2.0905300723048668,0,0,1,0.37323534548699255,-1.9122845012466478,0.7075264111860202,1,32.264041045881065,1,0,6.546758461860648,3.2533071061319085,0,7.773922837701099,2.9843065710447485,0,0.06429997284038746,0.8407977048597834,2,42.650725313274066,10.727069427155513,-2.859884128288156,33.24410811501566,40.41504714795187
1,0,0.08182949340075263,60.33738134767327,5.452208321774915,2.9186124450246806,1,0,0,0.8037695271876699,0.8791525436400405,0.5857370966276666,1,27.84428158379314,3,0,-8.608597294789817,0.6977122542475959,0,43.21669505578783,0.9195055944008642,2,-0.20569699116218865,0.16834267913694576,3,92.57914890858487,21.951380174769536,-8.310652028333653,23.892370945634323,40.68544252022765
0,0,0.23904311275959478,31.731861163508704,67.06581939937509,1.7461196415029479,0,0,2,0.2474486574781976,-0.04715385520442181,0.26315503241524674,1,25.46822764953709,2,1,-1.190301594596452,1.7233096768489966,0,3.035487664870895,2.037188926049176,0,-0.3586358386204163,0.7981066705514284,2,52.29022645045662,10.405352879829719,-3.4169875857412304,32.601056014204445,51.43808958659672
1,2,1.180934433693121,63.97469196944012,45.24707101055703,1.8408373470648973,1,0,0,0.7573163200777828,-0.35256667012571674,0.48739704189165206,1,27.191399366010323,1,1,3.929792350869686,5.605007467392281,0,62.937626403974335,1.8563391856396976,0,-0.9759063135223037,0.18755806231321667,0,64.46981788304322,6.8445392846578335,-3.6129622164013506,25.47430023140777,46.38390889789008
0,2,0.02276316151177099,47.17118551173387,49.17547052622384,3.172425344755181,1,0,0,0.4412901886109105,0.5086660090565731,0.2086703241620863,1,20.76150542762999,1,1,-2.4236687363264444,6.468137402030633,1,19.769747099924075,2.186760045605722,2,0.7398666335664615,-0.35284171691145916,2,61.0913000823807,23.409375692847064,-3.4551315593413605,22.37326704383436,39.42337392280977
1,0,2.187808090237083,44.122068898161864,38.06007527204205,0.9681116516528059,0,0,0,0.28251594327425245,0.47674416146045234,0.8503134749958627,1,23.37473413138898,2,1,8.887008378553372,1.784500765766129,0,22.24925112737664,1.7118894803281561,1,-2.4596600262481174,0.18212743306797202,2,70.66682756427498,3.767346188660161,-6.04749463600064,11.727243526313384,21.823812663451108
0,1,-0.7580773513202645,19.716992840009794,96.61924674243967,14.232729346876853,0,1,2,0.12158293951073962,-0.2441735742520832,0.49627635578563023,0,79.99111180117636,0,0,-7.895169479794885,6.28465097423568,1,52.04615182083681,25.357983171231307,0,1.9878856858062064,-0.19395743612786562,0,0.1333985905922208,39.775832377412165,9.982954655465477,15.121753148248748,43.649337430419024
1,0,-0.36568738262067224,30.0239571781777,57.12556119183188,1.6372343005029746,0,1,1,0.21546099711888722,0.02243545681847971,0.4595024459119992,0,25.586153190259537,1,1,5.480260774079714,3.217385838436384,1,28.583931458186164,3.0444792210097997,2,0.029213771173933478,-0.08537309098245235,2,39.53543412823479,10.055702516734947,-1.2885109076092878,14.648842163017113,24.2177429431585
1,1,-0.6294599349805045,50.323022150810196,28.507671675706792,2.6803796774160213,1,0,0,0.6225545827750051,0.7299582711295031,0.5011709233980277,1,27.230106639782463,2,0,1.9383794988811882,1.6122631774137937,0,40.82781056538248,1.4080652365911597,1,0.20873805531328463,-0.24197618483799957,3,76.71127326799197,25.305064722211938,-6.289091066327329,16.32213244602046,26.227658635323294
0,1,-0.5241343392183133,53.061254256756655,39.9969312782439,1.602234073034511,1,0,0,0.7778755639529678,0.22663912009408224,0.49183163462470286,1,25.165205436469016,0,1,-2.638012016745397,2.2679383554840835,0,71.03625486952784,1.758490055605053,0,0.6706065443104878,-0.969664800764451,0,70.84390514993314,10.519542874513803,-1.6841564256054493,14.14712706070053,25.638694242888818
0,0,0.2825541282551558,19.49081152550449,84.08212771440944,35.64852513741144,0,1,2,0.11527760780718244,-0.13435646558486972,0.7152822415231559,0,79.99826807974601,0,1,4.687011524340905,1.2606614253684654,1,68.54023028572,32.61092261085119,1,1.6582504323539398,-0.5037082690315101,0,0.17540616869098358,39.79972844412782,9.99911361619833,3.2293230584153543,19.36424189130196
1,1,-0.23563818831951105,69.4330347669063,1.0737809095620998,1.9338595914049035,1,0,0,0.9958597207193951,0.5876275499633763,0.3612311236925366,1,29.6341622871292,3,1,6.333887912628327,2.9072707197123653,1,60.55532070326167,0.9020235689957776,2,-0.4213903084504844,0.2918787792941374,3,98.20461029865643,13.303490684081737,-4.2746823689391755,8.439685680864011,69.7511116100658
1,1,-0.03924211900592731,69.1240094099956,15.910385594094029,2.183911498645414,1,1,0,0.9954158623379323,0.35547751897622054,0.8410929092761481,0,16.735692582104345,4,0,1.49895628949686,1.5406267687145103,0,53.387285944657776,1.5539175034397539,2,-0.17404349130479063,-0.033994558812016525,3,77.4350352640528,15.434547981632612,-5.449919385725591,33.97172010645556,56.074677830943
1,0,0.3652257078473708,56.81853197174321,27.95660252929807,2.421424430038143,1,1,0,0.716991776367406,0.17321038632229915,0.8367677729886724,1,21.60521080855191,4,0,-9.129815522817669,2.890702974495527,0,45.06367118320135,1.9674856623695336,2,1.484009484750017,0.2653108962679133,2,54.42291266661663,16.122724846460535,-4.850756560242458,11.476206447995152,37.858162991792625
0,1,0.24334631861192094,43.384561311533744,89.86812398658802,5.915223586574024,0,1,1,0.2536923152055981,-1.5716062308948893,0.3965157175454692,0,74.23859131845033,0,0,-6.4617408776718435,3.4270438856529664,0,22.066975734331983,6.356803562074493,1,0.7525179204806761,-0.7755138445063693,0,9.222349607995028,31.547626829131975,6.413365480824439,38.897407950557096,25.92568774146421
1,2,-1.8013971211406532,57.01782608501375,58.572439069670324,0.5796567517777756,1,0,0,0.844455264302119,1.5893823297646072,0.6765638473842843,1,26.74686641156103,3,1,-4.57988471116876,8.347375947043984,1,36.80863741326826,2.672996471079822,0,-0.11229370853879139,0.10696918673610502,2,54.592296158593136,10.734918720576474,-3.7398426503857873,25.07347417203224,58.94905781636365
1,1,1.1314663586885219,69.73154988259472,2.2610985334320324,2.1041397777578923,1,0,0,0.9955198935173759,0.49777700027086186,0.734484477436144,1,23.832594094120985,4,0,-6.729634594211538,5.706887263246025,1,63.461782740917826,0.9734336660706632,2,-0.7464504921796872,-1.510160208496553,4,92.47175434272566,5.965879453304801,-8.456835831343742,18.937523686867255,66.23718993345821
1,0,0.16501534101419357,67.58312302600154,10.57002691858122,1.8739134809108597,1,1,0,0.9798982602634099,1.7177496560251548,0.3725121645459955,0,20.865305290296163,2,1,-7.043487892140115,1.2317564157426968,0,76.7271926948563,1.4448068726544399,1,-0.1103970862211481,-1.0520545126018939,2,81.43585822824507,16.378356206208874,-4.63338239836262,27.42264844863437,41.08024315241737
1,0,0.7719463507509186,44.68538323767196,31.297270400527786,2.060470518154193,0,0,0,0.39632621424547493,-0.5363130698474734,0.3704925032486731,1,27.83687812366837,4,1,6.553677230135683,2.414035749851063,1,63.46380659370596,1.6843907521913655,2,-1.0546869534390995,0.13065178603858038,2,73.46667008980039,10.243968409415494,-4.990480260495129,10.825585339128407,53.18894830324261
1,1,0.37881115791978504,50.14195567750095,30.651428258458647,2.2768459248041335,1,0,0,0.5380337358198249,-0.23499604502851112,0.3381861885079254,1,17.332878245998245,3,0,5.62056747051216,6.882804942355249,1,13.486524415421602,1.9724769175687138,2,-0.17047150981003303,-0.015012554658799346,3,71.20387583740109,8.185804373815786,-6.6549632076435605,15.915316104158768,40.49272342689841
0,1,0.32242176064709194,36.63163686453447,92.46464580324438,1.702918223370616,0,1,2,0.32990318772453736,0.10334472435894854,0.5518750900299183,0,67.55624105391311,0,1,-7.510492236317054,5.290968654778602,1,5.431386099066189,5.614380704672771,0,-0.3470272268929235,-0.5630477051545556,0,15.187874449616773,8.342127769731459,7.409300883913193,29.30762362802019,68.87204537271847
0,1,-0.38356621986853184,44.80233854034882,85.88865182082867,5.276295039984404,1,0,2,0.4498670681513579,0.1854470538969543,0.773541400317816,1,33.666615351353734,2,1,3.6743355500917136,3.030149443751853,1,71.55089496182923,3.065910433975557,1,0.9500333037168465,0.46993567272888165,1,36.51852226288603,32.77712944309731,-3.784233925772643,37.495627072828654,33.49690095639477
0,2,0.10105583870692923,46.59481887179395,87.84926453550852,3.2489495140370974,0,0,1,0.3691080346137554,-1.176095434468821,0.8089225707517107,1,46.5581612492953,0,1,-6.741148918270642,2.9023670510192225,0,45.025211119190594,4.267863623041898,0,-0.9594994393284852,-0.28968872332887674,1,29.549948470397908,22.205161923848316,-1.7777422502555513,37.547425339201006,36.45568548849475
0,0,-0.08931562941478227,20.248126475681442,98.08134743090827,17.0046997843171,0,1,2,0.09294487463603018,0.46182465398777134,0.5740636985767629,0,78.46382318957521,2,1,-5.926530352932763,3.7443222348273557,0,0.009131816480958399,10.741318890450541,0,1.6008230561168078,-0.5157764486120987,1,3.430822512741777,39.70630382862404,5.7141846318781155,39.42685947210557,27.022625886800327
0,1,-0.24583509113738386,53.75445520345107,83.32736812428946,1.5976295574955883,1,0,1,0.5933311641890691,-1.13086156720904,0.875159348764732,0,38.143132636146824,0,1,-5.926990722450433,4.576341930260685,0,61.66956215172861,3.5368841785104443,0,-0.9190708804753406,-0.4066659108071178,2,49.551959985260986,7.436031405965549,-0.9012615281649623,28.69758999512179,56.096193125495475
0,1,0.8279654056379615,32.03539436947585,89.63705082828896,5.757261241107524,0,1,1,0.19493492256891137,0.6626187175985582,0.4461134101171508,0,73.8159823825199,0,0,3.160169263282061,5.062015098304339,0,35.140745888690425,9.516066896363188,0,0.49900298310707486,-0.9655523542161434,0,5.944570695645535,26.469640298792882,8.815849854458119,24.84140524226287,24.016992892777616
0,1,0.012697835282687545,28.29285165082213,55.924587507851996,1.8531475067321224,0,1,1,0.27219300564214055,-0.9103403236759894,0.5096777332826854,1,26.01488763747488,0,0,-5.435339397319731,3.7857090113933696,1,64.35222736293964,2.7615840256897637,2,-0.2716839576837706,-0.5599648022566236,1,50.54061409891456,10.053696417869432,0.07254097926885983,7.0195109182486215,28.053285162892685
1,0,-1.0025119702531795,40.068651255743944,33.38391865652814,2.3274710598930817,0,1,0,0.3591611501625058,0.14846085675897902,0.11260193679707248,0,28.245604616485007,0,0,6.317604972359362,1.8519015586693384,1,72.56126197429833,2.6476836301050755,1,0.6022084243622545,-0.6049969619057317,1,35.95475332921415,29.321174510689076,1.4078368667786947,21.773892070026246,47.259060954794215
1,1,-0.5856076160634239,56.78215001310096,23.90798596614376,1.2313194210785108,1,1,0,0.7980321973356774,0.6884621364860591,0.8081324792863107,0,20.649317974555885,0,1,8.716394654016138,1.5512081827210922,1,70.31451884337916,1.5258408618062962,0,0.530927086777202,-0.3693791602361859,1,76.28220999532513,10.11447184251618,-0.750925948035599,5.267586063827632,61.14743556566354
0,2,-0.6761401200761032,34.0996319606653,84.40780811319482,1.9643286311555075,0,1,2,0.2897377841429969,-0.5045942808458171,0.3863734068770689,0,61.028736349238706,0,0,0.4517665349226725,5.211713661944968,1,33.73042302160755,5.707387480578368,0,0.19761646392136753,-0.23492490383094794,0,17.572168865638726,11.36663775903246,6.014879172313911,27.55513763337372,57.977847025514684
1,1,-0.025119157676893066,68.21596628062201,18.75135989787221,2.45566575994685,1,1,0,0.9801827796261753,1.5961025571972929,0.5689564633895258,1,22.600429362295422,2,0,0.49093044261528007,4.066978038773601,1,77.3251010161136,1.6341329305195302,1,0.25862874647008605,-0.38587904134903417,3,73.53672683192897,18.66008854882204,-5.278115872003451,6.492772232721997,59.9193881870325
1,0,0.1848590600346303,66.7591461753708,8.439863591275504,2.242256843819095,1,0,0,0.9676195461668988,0.8532535924188636,0.9724664730925987,1,26.543797023322682,3,0,-5.94231498835261,1.9296263142245156,0,67.27073177108457,1.0866492644414454,2,0.2402422454862028,0.31460442223591084,4,76.80354575107273,10.484791716879084,-9.301726767117014,9.624208779154985,30.388148399807957
0,0,-0.9455952788801506,40.80376612266339,55.6702703806989,1.5804525494757429,1,1,1,0.5137331881269972,0.9289328622892461,0.5911214051675386,0,21.911455348560924,1,0,-2.8738933968839886,1.450669706410838,0,24.740083179089574,2.610673941048788,0,-0.0014154034978552652,-1.0775348545123822,1,64.06843717700636,7.832778829493206,-1.2177945842541096,9.872307070780268,45.715451944773434
1,1,0.04514559912471123,44.58878283008682,55.71098567527958,1.8863933939452335,1,0,0,0.4746379944988838,-0.5498859692952772,0.6329722150968167,0,29.9243712034364,0,0,-6.179730550830272,2.8909652333491302,1,44.45500139352863,2.4828632331406237,0,-0.016339999518306548,-0.06317284372088355,3,52.274467535498516,9.56847373637907,-1.3704380336284423,25.766174780574353,49.08440367536838
1,0,2.2369089951006695,63.78139204359369,39.42679653753985,1.9509006164929357,1,1,0,0.7314397690241727,1.0208644083710763,0.31335262334171304,0,20.765830320262868,1,1,-6.205685345129046,1.5205847937153936,0,34.761494442175334,2.726710934606727,1,-1.9707082897864,-0.28321990588727725,2,54.65242155680716,11.470700281343849,-1.2318651182227551,39.445889629748315,43.61954393725199
1,1,0.5335065294024082,59.39974139370984,29.914095258907036,1.8172791358770717,1,0,0,0.6001281639810182,0.15795368731936724,0.4658135017718677,1,22.661270346561313,2,1,-2.41330429309087,2.520651790609201,1,4.557531094874228,1.5021614336417577,2,-1.1771329152918417,0.5851091078165884,3,84.81923127203055,7.477338024824,-6.891545091653547,33.1031719920074,52.9252638249972
1,0,0.2552976171120495,55.695050146891084,2.6604871301059263,2.28769720141482,1,0,0,0.660692701405875,1.082372652776276,0.7076623143618728,1,25.721579622668305,3,1,5.694533652648008,0.8346653730519744,0,12.058974681685823,1.0103985989459625,2,-1.052495046070592,-1.5887121563842697,3,94.08994711186058,16.259619557667367,-8.361293342409017,3.4280494684003626,44.200900439590654
1,0,-1.152611099710454,60.16736566753427,30.123197406167723,2.069293689808769,1,1,0,0.9147764268310414,-0.253601735339457,0.3155414486835493,0,22.214312814145522,1,0,1.2732189613129314,4.146542630819355,0,54.50749090845241,1.942549534336355,1,0.9702236808130492,-1.6329262516658587,0,68.99286944097203,21.302537373919968,-1.9855940695143026,18.902834137648206,58.15648939958698
0,1,-1.0654666155806098,28.310699993984706,56.98245627023953,2.8818196370325797,0,1,1,0.23105725370905716,-0.24973363046093291,0.01786108214197102,0,52.62463479177371,0,0,8.595752154114187,4.199650546488535,1,10.488765420839691,4.190508705859377,0,0.4065413100012649,-0.9184672561175031,0,26.56833669221294,25.379546206196522,7.016529573500833,24.304528253803866,59.760400046251014
0,2,-1.008087164658251,66.59514959833089,65.32102018390354,2.516035857982509,1,0,0,0.9692699362845536,0.43636093256488045,0.4117007102150012,1,20.365361870186803,0,1,7.553637833668965,9.513440156335731,0,56.88603612686397,2.6661594263069133,0,0.6393519942703522,0.43940310237917424,0,74.87420538322519,21.290762577711114,-2.5409809674022377,25.664053873675677,69.02068242006513
0,1,1.4978463719131863,54.766438809576556,67.61390051447027,2.162640868190722,1,1,1,0.5201536762205008,-3.235038959813696,0.42901540696586604,0,34.37880939721546,0,1,-9.645251300045881,2.841819210181168,0,27.81833582522482,2.707287655275015,0,-1.1607521195354935,-0.15167065507707178,0,39.5517009896844,6.788069685622096,3.2186349892062687,26.646802573460818,65.27287045604625
0,0,0.6839574452628947,22.239300760289037,82.65025889856076,10.949722047151734,0,1,2,0.08038455429431818,-2.8871279327501647,0.45748075170631863,0,59.18634699015652,0,0,-2.746580762235875,1.1650499037561315,0,18.735705964189666,6.670519659553788,0,-0.3615700670436166,-0.47623418777781107,0,17.762375475111618,36.149610442572204,5.523764160698551,28.083991530655116,25.864799892264863
0,1,-0.7316365010219608,54.95015428281094,56.737940779667674,4.362923740990756,1,1,0,0.6992335430190326,-0.5946575852953481,0.7011645286156849,0,52.091214356415705,0,1,8.18816903143194,3.4971639719019008,0,70.63151337989659,5.717688863537022,1,0.7517754688759233,0.2010361742722521,0,16.377779493206397,32.768953779200906,7.674516738880865,14.996291038889654,59.13443567266337
0,1,-0.5155610433243986,29.586606634670375,84.96594447531633,5.257446461422308,0,1,2,0.21891447867125396,-0.9354836805044473,0.06736933742841661,0,78.99364800383535,0,0,3.74242466219755,3.8195205944197275,1,66.04043573462815,11.695935446891717,1,0.29651858739277526,0.9451422650313177,0,3.625201866332961,34.99982774848128,9.833039106012087,24.191903039299277,52.219126795486304
0,0,0.16693466363393397,21.01332894687966,95.48193784133223,7.964308152892239,0,1,2,0.14822070912537144,-0.7696190948179713,0.44707211482695264,0,71.225863214686,1,0,7.6144021347326145,4.40614925972089,1,14.472732364089973,6.086323653410072,1,0.7414640693069858,-0.7518233216843819,1,9.226702999527653,34.64180600955131,1.9756189669831414,37.94501419437264,31.674059159836318
1,1,0.5986555923539209,54.650212692400046,37.456893409864854,2.1467323015961273,1,1,0,0.6147307500178566,0.5736030800303153,0.16517004446287004,1,27.978867945865215,3,1,-7.443117653970467,3.0506449484749876,0,43.56771698341272,2.222171013037116,0,-0.8605341740987782,-1.3254223207574078,2,60.73828842855675,8.137611898678598,-3.6049786843483833,37.00511303846877,53.00592274292382
0,2,-0.46462969968816453,20.970003547923817,88.31431537276274,7.581604617067447,0,1,2,0.13947576719633886,-0.22287453885197223,0.5302614832622543,0,64.53902298219799,0,0,3.46554348657258,6.959203762261978,1,17.544858163418656,5.449083246046362,0,0.9900086194315959,-1.0996013650011163,1,15.491839253491163,37.10892843105696,5.5081712753958385,12.585379890095474,26.526357853144724
1,2,0.21600944315624457,45.11831796597646,23.183660877471034,1.383763875353256,1,0,0,0.22588929373299454,-0.401367338303656,0.37040370132812833,1,20.931948227991555,2,1,1.884837232564763,3.93692021972183,0,2.6377524830257126,1.4306298814080902,0,-1.24041175269547,-0.6010048770276329,2,78.05199194820815,10.00531715777171,-4.854336064664779,20.03218741825755,43.3332720841359
0,1,-1.5946618363860516,36.34296180797129,39.50465722414896,1.5084730809069113,0,0,1,0.353071014049474,-1.1236298567577874,0.022111678810684043,1,20.64680897715334,1,1,-1.023115700362343,4.773841307848985,1,43.581296963252015,1.7492689890772493,1,0.8595957297928873,-0.559205481834105,2,66.66100153776725,17.903983662869148,-0.2897484635305343,21.279944083577327,46.4536396468951
1,2,0.7834479078788742,63.617081504964226,19.17976641697757,2.532366305908626,1,0,0,0.8761331020151841,1.6703070634901767,0.27310139993779226,0,18.3903694381798,3,0,-8.737888270344715,7.004811435533772,1,75.82990049718599,1.65876058710337,0,-0.6825649522834089,-2.357323771851299,3,77.03282112038569,11.652180726676672,-0.21533414272267848,12.116465164571594,51.760842786105535
0,0,-1.2886268891708628,20.757537183711243,77.21516422941899,2.4687897900824765,0,1,2,0.12127773266981906,-0.6650877755899652,0.6738365929127315,0,36.805696150906996,1,1,-3.0856878158481216,1.528323557275492,1,20.27511539282077,3.3871362443255735,0,0.1260337106642966,-0.4450608560073276,0,33.20820562034298,24.02593039307385,2.308123523083772,7.558951216147234,43.64195499741731
0,2,-0.7048647432855201,31.418357280634858,89.63157334921186,12.444799519947487,0,1,2,0.23110204437544024,0.3584446154084042,0.16394624557399023,0,79.57795217777813,0,1,-4.0332625147530905,14.409061852383898,1,75.28580032534629,14.116118884119379,1,1.610765636271412,-0.2834275681487607,0,1.395088278328288,39.666611605566764,9.650418405070347,33.11938259606681,32.9459044314703
0,0,-0.7980848379976385,24.17978476530093,67.994465677545,4.263661459102671,0,1,1,0.1350010122506537,0.40251286877709086,0.5434565114724816,0,41.91604641017229,0,0,-7.2293347846158,2.0342477142091946,1,62.32998049924059,4.039016754537074,0,0.9363004273901233,0.8868941613699358,0,32.106079855285294,35.10357374904995,5.132524897545135,8.254200255883372,29.522241275108964
1,1,-0.7068107970417398,67.54656724113104,36.76717846819672,2.050684675209826,1,0,0,0.9898904186665577,0.4259565499738608,0.730904590088532,1,25.675066928916614,2,0,2.2462008101097624,2.599328499286533,1,42.48398727078333,2.215217780019224,1,0.2365923182602656,-0.23409073111050466,3,73.32528248250532,14.562967474923019,-6.17673468225905,35.1159605009131,68.94216836732545
1,1,0.9523565841720621,65.86626031806844,37.84712743648719,2.1681327961032064,1,1,0,0.9006420183632926,0.20384083356451635,0.6134202570733865,0,24.044938016708564,1,1,-7.179046063870725,2.963978275373643,0,60.195099094139195,1.8276187174421192,1,-0.8346596891596445,-0.504541288571576,1,64.45933048004433,8.925090198498769,-1.8547906002080659,33.827099877339414,44.54150917250874
0,0,1.2552012488822244,60.73720648790323,74.36499560673427,1.8731210263405604,1,0,1,0.7164020696366007,0.39672367444174,0.6592191436837171,1,28.5598405866395,1,0,9.779428363930663,4.167605069540185,0,16.00342721001699,2.778597225215491,0,-1.1155711334652654,1.3925685727903057,0,49.3084690006432,10.183656510275263,-1.9275325504096799,37.67306101072083,57.09445549103324
0,0,-1.2727665022779469,23.653960472704753,40.30871923277499,1.921309456208827,0,1,1,0.18108853625269394,-2.4944703375171584,0.2834790328081098,1,19.49712305672786,0,1,-1.2519967963240006,0.37495869999279186,1,53.53439064419865,2.380335686940399,1,1.0196451922397012,-0.24456321934781938,0,60.67101137728015,14.986063576314116,0.230359871413647,16.992788303435162,48.02662769081696
0,0,-1.2615043421551855,24.26493675657996,89.46904731699514,7.2174946915965705,0,1,2,0.13198873722128251,0.7243127527132256,0.7533886767578204,0,47.42762099059636,3,0,-1.4872476247364492,2.05388315645452,1,39.03249535652792,4.013439500225292,0,1.2664517151155756,-1.36717420964388,1,24.503198231876016,38.47230364963437,-0.16752898361748159,34.39228585177854,33.520119109905934
0,1,-0.6296887282244414,62.7409002569641,57.92234944003847,2.1767670215854342,1,1,0,0.9320748842166775,-0.06187788413258081,0.729028775325834,0,34.76550232251949,1,0,-5.521329752967437,2.0552396930380215,1,37.21475432127048,2.230269656747185,0,0.21850741127158035,-0.28344100613301204,0,50.11441185393677,16.398776671118505,1.0344161241237888,22.263321985309954,49.64844172911112
1,0,0.04899481934556885,58.08579270164188,13.33693226890707,1.963853294341445,1,0,0,0.7881337403135563,-0.5234707467038656,0.4793038467096262,1,21.865855369643853,4,0,0.07773598902839574,6.813479932500529,0,32.2745599637018,1.2668820600214084,2,-1.686350929598225,-0.34285956460108197,3,85.73457819287391,8.517774976257034,-7.760927354553618,13.702649763025844,37.87786545390536
0,0,-3.1124639385018837,23.689754990270714,95.96363553344193,8.165689538860086,0,1,2,0.06921097215301292,-0.41632861311933866,0.46454479205579163,0,79.88110489575288,0,0,-8.364539860725262,2.216057009082223,1,62.306404705915995,15.13006012324582,1,3.7504970379062392,-0.3063601650368874,0,0.8444400061353385,39.76055074619099,9.792789281798747,35.375296400308265,64.69218111059578
0,2,-0.764518450388361,35.28079887748564,67.37452108480974,2.0497885926757933,0,1,1,0.32804387971795157,0.1503917650282433,0.07645898376956978,0,35.36141207367621,1,0,-5.237036821156671,6.953266414196836,1,18.09150779998336,3.796482489677829,0,0.8162989983328396,-0.14320579964238872,0,34.1035605414837,15.065170859814573,6.008131959861942,16.30204690439102,54.170545189049285
1,0,0.5731223524330068,36.894624348940404,19.0017745791616,1.5854227240079592,0,0,0,0.24373260470819225,0.39004719997181453,0.33238970249343536,0,22.08443574620066,0,1,-2.3121861281123763,1.178107200496693,1,40.11375318191884,1.39203970313384,1,-1.3740941900969263,0.05285098869366119,0,77.66739255904879,16.705294778070957,-1.157352382395887,18.67770472502234,60.82613663154939
1,0,2.245221510945725,47.66621367961882,45.056495956854796,1.8304154649838076,0,0,0,0.33193285895770325,-0.040878574188681883,0.5985222149753056,1,19.785190843014405,1,1,-2.0246173309485513,1.5409722849395049,0,61.730977283827684,1.8790454966873003,0,-2.351779240132959,1.6744600969429384,1,68.30057332834187,8.919300831919763,-3.7941738298076357,20.917918760356496,25.4038234437542
1,0,-0.1949650681079182,34.06248609572092,49.30038655889271,2.311678440081752,0,0,1,0.2349482255444985,-0.4040895423183416,0.1318313305618231,1,31.485276905971347,1,0,4.716165153422933,2.359901803541009,0,3.1592076212438513,1.829994508079288,0,-0.27204183389328906,2.7639707049591222,2,64.03116427195951,20.89023615618034,-2.3764335869061926,30.452640479091244,39.208218883443564
0,1,1.8132428408501802,35.07349866419882,49.187026341500776,1.8404472392032674,0,0,1,0.20495821516000662,-0.31805659739359465,0.3800969358119947,1,22.62898762195573,1,1,-0.21015312845375078,4.014886089054682,0,0.7846081115921733,2.1647341148076276,0,-2.7406386904845226,1.441974961202659,2,65.85194752750802,11.124611871161829,-4.724753468188031,7.224189455254189,27.1219216463548
0,2,-0.6723836559442776,21.457544292242435,99.26727608085221,40.285346521660585,0,1,2,0.10427929653009449,0.0992890424867181,0.4232439285807893,0,79.99723781317502,0,0,-2.1575901916210753,9.291771560955247,1,27.13802606429212,30.322489956434417,0,2.6680002893628685,-0.23494780729510556,0,0.04840142770818345,39.99762455241432,9.96649292240113,38.883787959693514,36.400073578691135
0,0,-0.06085376484924206,28.89443245313691,85.91875586641706,7.861861007398684,0,1,2,0.2801043656644602,0.10242726345884558,0.3149141396117958,0,77.05861049935965,0,0,-5.243174383528522,4.46107816701592,1,77.49600240385884,7.857131296172574,0,0.45399380433456404,-0.5382525647142937,0,5.891368848524181,36.67116942870362,8.189074089695154,34.4174252897911,34.58002039217402
1,0,0.7743265638936068,58.876843165885745,3.5944750619657464,2.2209669009016024,1,0,0,0.5949084449339362,-0.5752744674870728,0.10801409786838229,1,18.334903598752362,2,0,-1.7262631799455193,1.731994640624942,0,40.335637206426696,0.9699485208053185,2,-1.222862275426649,-0.0719537449545869,1,92.65169414436066,15.85851065314346,-3.656990175695787,4.477088676400129,57.23956096541091
1,0,0.5334739344301918,25.188056296004184,90.16580555561391,8.292511734321392,0,1,2,0.12010926751182349,0.5814457816922403,0.8139725024478626,0,58.04526155612361,0,0,-4.94157021761735,2.75279838313182,0,3.1539953518058494,4.591009102232756,1,0.286989395421137,-0.8862518000827896,2,21.140065607032042,32.17213054875421,-0.4569058831956987,37.14504547619037,21.803026329087675
0,0,-0.768389765975971,42.14837200481078,30.18369385677947,5.156556950076175,1,1,0,0.457630669375224,-1.2625704413806975,0.14501155861029807,0,26.760382466288473,0,0,-4.340736328041546,2.1933137788018042,1,55.55776166428633,3.106351779234754,0,0.6723615911742018,-1.3377021608555915,0,23.004660360421692,37.527221210490644,5.609915022174212,6.9311274260791595,63.89231117617353
0,0,0.17330682649586976,31.79371305168678,17.30681764649229,1.9873010508260656,0,1,0,0.3242537431968256,-1.6445728010932266,6.1683719243532664e-09,0,23.496512573105484,0,0,-3.96202317401281,3.1420793251322805,0,17.42841574605383,2.412885329862606,0,-0.094029626794036,0.15781127337394543,0,53.96292557057967,6.2382515257837445,9.09440238204165,19.970543069514715,30.881785773938752
0,2,-0.47716820077670496,51.89481958390173,66.64251910756714,3.7223508788733732,1,1,1,0.7119362995390053,-1.5044389295379537,0.31410783852992874,0,32.288794907417824,0,0,-7.555695658106318,5.08367490893481,0,72.81968405827979,3.3351513864655264,0,1.5532225258705457,-2.669827542328417,0,40.46469458978224,27.51297115432155,0.7212938333882573,22.204082167891062,36.6903415098527
0,0,-0.7049793503005523,21.588035598781453,98.58263115828177,54.598150033144236,0,1,2,0.14617973511079901,0.2432786032207826,0.39449572517232845,0,79.99361110449998,2,1,6.384773923783513,2.3641160016782785,1,59.661131818576294,28.405041900146347,1,3.4828702162750433,0.21462055363146001,0,0.4879963273111354,39.999733405659185,9.807046896915,36.008957940885374,25.524169844838138
0,2,0.2643998659709073,43.996836962909995,34.3102210477093,2.188843768393166,0,1,0,0.26968062443378316,-0.6531041096612547,0.0864053200774525,0,26.784374421198514,1,1,5.527307356283643,6.259876660896231,0,52.88931597075922,2.4387480331452807,2,0.651916606177988,-0.34004291284861077,0,58.56209786896991,13.377191277868745,4.407822402418624,11.655160675893736,26.00199486696161
1,1,0.7955862128260681,57.68845722597741,53.63820736606687,1.7872633122077735,1,0,0,0.671965450529788,0.12221243618796274,0.4815298210235374,1,25.815887749732255,0,0,8.497155851575076,7.473324602197533,0,62.87640572990525,2.1056743155130793,0,-0.3006645559844114,1.012898538693387,3,59.629982255634204,14.51287533924151,-1.4454697609251959,20.96578262661934,53.074180009703944
0,0,-0.34393902378422414,30.66816264274538,48.633178049190164,1.1432198816169385,0,0,1,0.22928421322534825,1.9332238102281099,0.5590488896655808,1,30.815189551799357,0,1,-8.600426736077605,1.7708547527162735,1,38.707072081069825,2.2082998524351165,0,-0.8529430932505387,-0.6661198303515832,0,60.951308756143675,11.923515409617293,-2.8471081091205317,6.814149397686274,28.14054557858544
1,1,1.2961309322813273,68.34090568019394,19.14209568689838,1.908201562256242,1,1,0,0.9489524885925995,0.15333355315572758,0.4478488732301307,1,27.70021961356937,3,1,2.6218902385665555,2.578789754239581,0,69.77996895270293,1.7129903007781502,1,-1.2715034459927674,0.4333674634750685,3,75.3560795356574,7.689395520342233,-6.19556408868275,37.39513000172075,29.31903646952864
1,2,-0.15610231200768196,59.25295158940649,37.4834075709939,1.9695779475687114,1,0,0,0.7819282881944599,-0.04793731867831245,0.4319849876426627,1,27.24698969406048,2,1,-8.29109318782207,3.9034031374966167,0,69.14515289554386,1.9114424546073263,2,-0.545714578397616,-0.0023229061502573864,3,66.39798094730665,9.91465575945374,-2.3222257918064306,23.376465925316513,27.158845181104763
0,0,-0.49328086723294673,44.39858573531752,30.52008093140275,2.5556043258715166,0,1,0,0.5675267759697302,-1.0030654915308381,0.1519207389107265,0,27.64752774105751,1,0,-6.305192135875153,2.147827227153761,0,65.29611090223915,2.2973632118315592,2,0.4070517238303206,-0.4171237620660026,1,83.28149580945545,20.808175239164235,4.254732203978978,4.982965652275471,43.12450785872064
0,0,-0.15842844935159747,21.41471968285182,84.52888302103277,10.24668047949434,0,1,2,0.1341838297359073,-0.5215070880723176,0.22447014369996937,0,71.8720600501928,1,1,9.665980900164598,0.9579291016667709,1,62.54627746994817,7.482484602949446,0,1.3272992749922943,-0.25633594341727717,0,8.769759849831814,39.07493361864464,6.877833561990499,37.83822406081569,28.481865227171795
1,0,0.3440784743929028,55.86918718956357,30.91067441054055,2.066317875341212,1,1,0,0.7611956836895425,0.6365373709136113,0.5072594891148393,0,21.26432930961179,2,0,4.701597808992981,1.5252224442464402,0,28.299760468349202,2.0066992896974645,0,-0.057218373192233704,-1.269424999269324,3,61.57341706898678,10.354775779861413,-0.6791437788543035,25.84765787728212,64.89910649196084
1,0,0.16227420188850228,33.95229743581734,13.202523727928344,3.302643332128026,0,1,0,0.15662005947286478,1.1261319272851695,0.0038205991067442047,0,22.69873580444301,3,0,3.545179798005666,1.6084931603635422,0,78.69160847370331,2.2765945054419094,1,1.2252395404594207,-0.8387204412128738,1,69.2697717815905,17.835055505504474,1.6126096324174917,11.413422133944389,41.87222374851684
1,0,-0.01782619218554467,62.5803120999834,7.858623539778719,1.9501823811683106,1,1,0,0.8742173376805575,-2.1523708022807932,0.1422976286838507,1,34.710452886854654,0,1,-6.051860312575563,2.684803014938264,0,56.201412056405395,1.3584455842182241,0,-1.2727056719007996,-0.014120954580153939,1,93.70572717013312,7.992625669635467,-2.5469818790092873,6.478008575798524,69.95676594037639
0,1,-0.1600408967850999,42.32154142761193,76.43052471747949,1.5933342462603692,0,0,1,0.4043481864173287,-0.14999326582829306,0.4562320642465276,1,38.52560369894856,0,0,-5.911980534463216,5.080369887225231,1,13.029421150797047,2.9642491772996875,0,-0.8859423609560636,-1.6196551144962474,0,43.69245383379875,12.227823778500087,-0.24340230399755214,29.9110532366312,28.245260516291385
1,2,-0.08503068236767437,47.53954454919813,88.62474975894997,5.056076584512629,1,1,1,0.5157257406944387,0.4483120019192565,0.41210563354132873,0,50.04216459592142,1,0,-8.142912938844525,8.388004527797294,0,52.09563601662005,4.260666104840483,0,0.044303640052688255,-0.5917461428884481,1,22.40074819206283,29.042403495140068,-1.7282119861766922,39.537974122723654,23.266973370696693
0,0,0.8080799698703302,45.39415899775325,48.78192317115851,1.8099266128572635,0,1,0,0.1939040137348153,0.21668519702106645,0.3387271303345387,0,26.653005927071458,1,0,-7.452920952645444,3.102324394224152,0,29.19533680334371,2.952778954889663,0,-0.35517981005962834,-2.2219354493270433,0,51.139014856755,8.407385227177821,2.599008418154085,5.293633215052418,61.309955273601986
0,0,-1.6833598061823156,18.46600559417976,75.15892703720853,14.994208119420106,0,1,2,0.09409803029585578,1.0823605973928978,0.7029273723630993,0,79.37352744225598,0,1,-7.597056840376105,0.44667950748234,1,36.5666510188388,16.69291704076993,0,2.8090056587789998,0.012992856939994388,0,1.6721465105845879,39.9336987515765,9.980956589423826,1.4424509866618096,49.44573268959777
0,0,-0.03581404542393655,51.24914800217568,63.60995403686912,2.6552207235793297,1,0,1,0.6281079017300161,-0.09201608118349751,0.5494544262255373,0,39.19928909900609,0,0,-8.17463415714659,2.0398850696049466,0,14.850206919219136,2.728910108408472,0,-0.030800537370285014,1.4982707519224456,1,48.81793089995017,19.436335632884788,-0.7663940529132454,31.542767352942803,24.404057608475373
1,2,-0.993864345919646,28.045873837490856,88.46700836250723,6.605538281485101,0,1,2,0.18451283302784793,0.27747454582788494,0.8932219595168465,0,58.61642795861911,0,0,2.4982970714023356,7.288201655124969,1,32.633117213489,5.504973201102892,0,0.9418710790238949,0.5300013369868368,2,17.337186876947435,37.160004670731425,2.3420604387925117,23.291026641627766,23.770161507525465
0,0,-0.9186186117122928,49.533224623772455,20.218056173461008,2.892708427088579,1,1,0,0.4957562870598849,-0.28078994054907874,0.4065387523011229,0,22.08408002059185,0,0,-9.01689222929997,1.6684987181166107,1,53.730877282698955,2.0588042321439515,1,0.9419872029676242,-0.28741667839952134,0,65.0421176000443,28.009948396397885,2.248374115052112,5.2953532566513655,41.14032960872662
0,1,0.28925996221526085,21.248941029100283,86.00852962733747,2.3005171150453396,0,0,2,0.126193078693077,-1.3072624298572275,0.6786215890936429,0,34.83631950235788,1,1,9.042568115227091,3.2215970688881654,1,2.4899608541716445,3.427801516562726,0,-0.47654187390630687,0.5109195630359314,1,34.60782851513691,11.975249998776329,-1.1487242131099151,16.866414131576516,25.077487090111426
0,2,-0.265582169198963,28.926338046192413,83.88569341316818,3.3204468542123475,0,1,2,0.1928394262142994,-0.8327849387844842,0.33899990625887144,0,51.15076541623814,0,0,-3.487253447952183,5.9065771981424975,1,13.889874790933092,4.194990476780508,0,0.9185147419911912,0.9437733001723637,0,23.93331462551604,23.20710579366997,4.122646111661483,19.625752758282346,43.822054579493646
0,0,0.07357428237409447,43.555901805202,27.58055268395192,1.6518615382221784,1,0,0,0.4377676998845465,-0.5454625910106682,0.23687393251008243,0,20.707987069980422,1,1,-3.860870325367266,1.5221984732670801,0,78.27346815983708,1.930842750300186,0,-0.5451512221999236,0.5570953061242104,0,72.4259329399243,11.54043492506204,-1.1711590970158987,5.381644158629579,28.172853611104173
1,2,-1.0559380480352552,36.77433640083075,78.37244744356995,3.065597137983916,0,1,1,0.3520852850537064,-1.6501550150110647,0.7210911332444279,0,35.24004103621766,2,1,-0.8695066494010248,12.5740518501452,1,63.420658392215685,3.1715523000419354,0,-0.04730776056315343,-0.3313704519360715,1,34.19301365069109,23.03078007384009,-2.5796703991373073,15.825838908130654,31.584092771723974
1,1,0.11656588689051883,34.76894911460248,58.42812500296215,1.7605878452743302,0,0,0,0.21817656293458199,0.1066441770998082,0.574526773360238,1,27.55413938227023,2,1,2.306105679785965,2.4306028534535535,1,44.34752674240444,2.5983503116116458,1,-0.4985861162155436,0.5058003971902351,2,51.34700019192483,3.780267301022664,-1.8344241742125718,20.48471234362408,25.07358757760742
0,1,0.9250993909023393,39.7039116954591,86.45814936376757,6.740136572266325,0,1,1,0.25330874510422896,-0.5912444342835816,0.7760634203473505,0,53.22077876001701,0,0,2.258960304819027,4.895202074513011,0,44.85506245840014,4.768081410031401,0,0.1456170583973927,-0.2697916418172171,1,25.24342796089568,31.954017119042703,1.075255070817624,25.95611328949415,27.87508992530352
0,0,0.5219620357845581,30.41951574346054,52.73601452982034,2.4951506723346606,0,1,1,0.18756938766901526,1.7934034029329076,0.3565322696414508,0,20.30386336051142,2,0,-4.207459827711535,0.9268932902610039,0,65.16256648260037,2.73759458282677,0,-0.05562150080249718,1.514066136556367,0,48.64320273594153,13.493055683657126,2.8086624677093504,18.97894810523974,39.56116830959007
0,0,-0.09434583971944265,18.939165546322698,84.11084052515288,14.091946148226207,0,1,2,0.10266647586762401,-0.13777182951185551,0.6065339485645902,0,72.6490040901966,1,0,-8.331432800189996,3.684639289323439,0,1.3574873411645205,6.550781225281909,1,0.9778902811433982,1.38258202188314,1,10.659855704692568,39.41836842710107,5.895289135825138,8.17499468173466,41.42010302998331
1,0,-1.5857920441999096,35.9190058254308,75.80516799715448,1.9244200106253242,1,0,1,0.37658262366970885,0.8381748951954073,0.7293752221835608,1,25.159624530438222,3,0,9.412275084411146,2.284491775940916,1,24.499684449375806,2.0168949339786244,0,0.41566145186136016,2.2746607302453357,2,54.364758378213054,23.59846167999006,-7.3707804700361255,29.085970548508566,50.865234054518645
1,1,0.7396153401114645,50.11907765077418,81.88394836521435,2.496684170475428,1,0,1,0.5505667441122906,-0.3881639486064057,0.9848923888346224,1,30.904479951604156,0,0,8.131352256961833,2.863114178368459,0,43.68353728841231,3.119264779698843,1,-0.6275351424390648,1.837135732561754,2,45.43560491910594,12.096452592484287,-6.49094860424639,30.30061138881177,40.499932145781564
0,2,-0.2792019190804393,52.53726642584153,89.4831063547366,3.651161207149868,1,1,1,0.6498166408777941,-2.1982661302246878,0.6247805824352022,0,52.91781837628582,0,0,3.0593624115592366,3.9518669482785334,1,70.15431980704925,4.764332827518254,0,0.4722012151918522,-0.31345590654298194,0,23.77567316903648,26.087527437093566,3.4369284277544594,36.434540086532095,63.11620190452118
0,0,1.2633162325160174,33.76443202266232,76.35055139568267,1.563501066280282,0,0,2,0.30627717237437524,-1.7178322218694995,0.9823962482886768,0,39.858826555888726,3,1,0.29023470537609697,1.4801526638946603,1,9.414934054720847,2.894230583473118,0,-1.328279236106049,0.4236478213794288,0,56.28232971291269,12.749977634405873,-1.1155950273230282,5.1132344974587145,67.82164785029748
0,2,0.2437219874542529,41.88175666193284,79.48323676003977,6.1615250885234385,1,1,1,0.4056533809583586,-1.4818865798396679,0.5991844566558315,0,65.11268301345874,0,0,-0.4901007794352612,8.692918816712,1,78.46759200716419,5.144189294774675,2,0.4161978865969711,-1.7943656557509995,1,15.945141086886938,35.99850160272748,5.264276836279166,21.305582063880493,26.69605171375755
1,0,0.49315989601557475,38.64090894519622,54.151922688093364,2.598403552813008,0,0,1,0.2787652404452408,0.44998866164211604,0.9196639504523545,1,19.87396503636031,0,1,-2.759675288121386,1.5346715499474632,0,73.91727604195539,2.290082155841142,2,-0.7423042856830001,2.0765013666608754,2,78.28106372751095,18.74450570137396,-2.2391194906106495,7.8841472526997585,22.056437087484717
1,0,0.8203762478308625,46.35714322655983,24.95295687852809,1.7719184562255135,0,0,0,0.3240439971664887,0.19987135379689638,0.8347340312150164,1,22.154676424821382,2,1,-6.21996466363308,1.3959726995392054,0,20.987724659251622,1.6224540560671665,2,-0.6674922825365357,-0.0903984215172864,3,79.08814204351071,11.433616991822696,-6.410104196042203,16.167713145836217,21.17099546637293
1,0,-0.8556976084192425,20.98751828021429,45.88001016207323,2.4844607043287072,0,0,1,0.12388224499076622,-1.688712735467678,0.9815777090445357,0,20.058739789415334,0,0,8.582547882328953,0.923691482043577,1,2.744149107038454,2.2068139303911214,0,-0.43081449555088147,0.024709438896687818,1,64.0393563717546,18.658675386206728,-3.554000647503952,0.5263961260058392,32.47491970975571
0,1,0.6457620907102528,28.40697661871698,84.80608331255905,5.323618418878197,0,1,1,0.17928312028834253,0.8092932902969906,0.6804945598157016,0,68.67592418154248,0,0,-7.599534218213767,4.91947882521264,0,19.44381964366274,6.085282433840645,0,-0.17494178996163826,1.0195835291180642,0,13.069565976022018,32.81951223685549,7.574665551625557,23.613676228388407,19.71295957227999
1,0,-0.14491685867391949,40.869253392482065,48.086657139054,1.768500689458512,0,0,0,0.3461423134203828,1.2476231667737319,0.8352312444927202,1,22.08761318900323,2,0,0.05935550780749921,1.710196720339115,1,70.28210594432028,2.10019510608549,0,-0.6571568054870448,0.2756621642013212,1,38.664383667441534,12.316119895012964,-4.48823733158389,14.469791201041382,44.5837715435072
1,0,0.25998783829308125,64.49994706035783,5.396994493611102,1.9241723541374136,1,0,0,0.9414345107991557,-0.302097062649012,0.2825046502527393,1,24.635831454117305,2,0,9.493870072684338,1.326384266300929,0,58.91022073165174,1.152799070800309,2,-0.46163604704407524,-0.13605612495638517,2,88.58987528280215,7.955614861773814,-4.81552053398879,7.119594420908468,55.64656791938812
1,1,0.8671238501592866,67.19585035768307,69.19369415924984,2.017072868545674,1,1,0,0.9409699151441646,0.6308576430567345,0.6732006915104476,0,27.782032325033637,2,1,1.9145564740132883,4.101037211056255,1,41.01856805339328,3.3297340992883595,1,-1.107480674128449,0.22524052725811117,3,39.43224292513183,9.577377344233932,-1.9334714136071014,39.60434772222776,69.99676217307896
1,0,0.31829987992325975,62.790713720729826,10.137872013561694,2.3167540705028693,1,0,0,0.8070793686266928,-1.461257101561448,0.5009222426496504,1,18.813408641722443,3,0,-0.21600435149393427,2.1210238731499618,0,44.921188401753504,0.9884096259062302,1,-0.3959669108758657,2.532041248450347,3,92.58105765390104,12.464892728168648,-8.49059157721885,11.861568296756456,56.720062188271875
0,2,0.21406788265272209,23.57980150271396,94.29965807385459,8.661161776040682,0,1,2,0.1360486858029371,-0.30938060694539293,0.5418600256867747,0,79.47226946465784,1,1,4.234794442999002,3.250157786002619,1,27.294887809438325,12.406231183402506,1,1.033891623330662,-1.0117036170842644,0,1.8567878088196876,33.58472406261125,9.814528414188302,30.657837188181027,32.46071499401891
0,0,0.07817861662925894,24.664263703407542,87.33478523340649,2.5228809029600026,0,1,2,0.19681974690745713,-0.9428298316455874,0.37177156131555045,0,73.65797478839055,0,0,-0.27416308728476046,2.475569273612834,1,36.50754920397078,7.6137432551936035,0,-0.6349217637843471,0.11651551974047547,0,7.06732088527996,20.10987822593644,8.511449292112104,31.11452612710471,62.59108070359145
0,0,1.1350603548467897,34.53192454386562,62.012242041066614,2.2151905396333356,0,1,1,0.24911942232163148,0.29949215179041705,0.25771467549037563,0,25.429107623907083,2,0,-9.62399531970336,1.7097921509296226,1,23.433107549426783,2.9283910367927284,1,-1.1752001921989468,0.6801286584524155,0,41.66796745471626,8.368678162002771,3.8438170944769556,24.384134297999292,46.57895461844092
1,1,-1.4030223346465076,45.0227679314795,44.91297564517961,1.8193699351296033,1,0,1,0.665523118634413,0.15491818642110933,0.42310814478315517,1,25.971874054186358,1,1,2.859550376931775,3.61927331293148,1,44.46894661913757,2.226862495058936,0,0.9865093787523289,-0.526651707297372,1,63.203160775101594,12.2703457783911,-3.5203484735462354,16.999577393043527,40.2517093856436
0,2,-0.4243272415239248,68.50319325459857,79.34709435460209,2.1621028280238734,1,1,0,0.9837233121576702,-1.0202395302019802,0.7808102635559377,0,38.43984533339799,2,0,5.7270694698434355,9.933267888189109,1,77.97547764276533,3.3432220551826983,2,0.5876802340084699,-0.2957962481192867,1,39.321272122418975,16.534250227736898,-2.8747888793899463,38.643685010150364,69.25713720147311
1,1,0.41238633581394163,38.04366634379808,57.898990415061036,1.826205010608044,0,0,1,0.22814459842351759,1.9084969639130283,0.12328023023009704,1,23.788166363470996,1,1,-7.741454108734307,3.722031095147427,1,40.48118171821601,2.221217656290017,0,0.8199124349006128,0.9551681344279982,1,59.96429259186201,10.711120264911143,-2.8016920564161385,31.777970890465433,33.52876561719493
0,1,-0.9806663784527824,37.23760173034527,54.036290160102226,1.5738643078117072,1,0,0,0.4665240767677495,-0.7782962111126588,0.42544277819802745,1,23.972297554518576,1,1,-2.6081603037527925,2.258158767800128,0,5.279022649330343,1.9694405746924055,0,-0.1319072479501518,0.9545700605028001,1,61.23620461804076,12.06825798193234,-2.808250888964362,16.167246043510374,51.52906252508683
1,1,-0.7318016225840778,35.14787202888044,76.97178568758486,2.443768494453453,0,0,2,0.3763893733427185,0.2909150310998185,0.9272626165325426,1,36.66284727384286,1,1,1.890519262843874,3.7561364347768493,1,56.5660844415384,3.2218939222539804,2,-0.4377190420693405,-0.6431526631937496,2,37.96678026806498,22.460775413342144,-4.439093295411885,26.74110650548826,61.14825509024172
1,1,0.23883807174959473,30.09832588004527,96.07039090058892,8.04649196611838,0,1,2,0.30218323828038063,1.1120786743618811,0.41524129218557193,0,70.10707817631649,2,1,6.746290924426379,7.514353092826619,0,3.906358490848927,6.873238315689115,2,0.7070842810377782,0.5656153711735912,2,9.267116292583083,35.564512090643184,3.0384909731081855,39.95685666543902,24.017549620096467
0,1,0.4125336560632973,60.268449627504474,24.857486125379435,2.307936089938112,1,1,0,0.796589719226618,0.3767998009914731,0.2560984316420142,0,20.72690014491797,0,0,6.539547669339008,3.064640208220451,0,39.385342919460456,1.791796571003969,0,-1.2586123222372028,0.1369725151478109,0,66.20601286533223,17.082750369503216,0.17521223303022815,15.808171325784121,53.33408254446788
1,0,-1.8097507281851863,46.393417829511655,31.74559139873041,1.9109337935519466,1,0,0,0.7371436813434774,-0.8499532037135055,0.8583493920502618,1,24.074964872355295,1,0,-8.047682862958021,1.239027200661818,1,51.91071983257291,1.7121011556828458,0,0.6786711811258712,-0.2501751810286386,1,69.6905407947972,20.95064416137776,-0.3101428425698316,8.847166333108145,68.99376492071153
1,0,1.6659852310685315,28.237548877948505,19.78791687510694,1.581565125283914,0,1,0,0.2431085424316637,1.2717708873224771,0.002879079913641003,0,33.33469202334092,0,1,-3.2350533957609393,1.0869874372475592,0,56.91307316262167,2.4165004370956984,0,-1.1606045095085658,-0.15696143253286965,2,61.17938678657169,10.008430414082593,2.9855782449014594,23.792212155526858,20.31063793709381
0,0,-0.19286438252159369,25.93382972450558,69.06998027660498,1.9692681096225508,0,0,1,0.14448568726865563,1.0662922476775,0.600065687746994,0,23.312469187180977,1,1,1.8629657109751268,1.5319860725710939,1,34.88981414620463,2.819434468789996,0,-0.6844385777059565,0.08837716311921753,1,45.115748504636485,8.23290558957002,0.8548975957069338,16.30133544516897,62.562869870766356
0,0,-0.9423433037185759,31.979750135670212,37.99153898465033,1.6951602783955149,0,0,0,0.3343931096988597,-1.0380927278079,0.09942802715382593,1,26.878685050621876,2,1,-9.579973271229319,1.834448546784679,1,67.0395665452265,1.9361122407652953,0,0.29447073184580547,-1.3662562921803518,0,65.26011138042196,12.821489502588523,-0.12338239912716809,5.91921607716388,54.184267988522684
0,1,0.5727183427518465,43.20206214427246,56.69038425256081,3.1446053613512213,0,0,1,0.33401405882940893,0.8486640056761581,0.8625351341762402,1,17.420899440226847,0,0,-3.1403979227819026,1.6182692700479873,0,35.75082927746344,2.253842940105383,0,0.5153385156755739,0.7725510047245395,2,54.14682526120086,16.61541902571892,-2.976634277209051,14.103960922887019,25.419838759458358
0,0,-0.16193527634865898,22.39900363218229,61.49872389440135,1.910935940411777,0,1,1,0.1684162166741634,-1.5490117161461958,0.8632338594569373,0,32.98732558518878,0,0,1.3490674857877405,0.3546185985486076,0,21.66197862719669,2.96687618984019,0,0.35376340962518704,0.10157959049293587,0,42.01781320073928,8.337856199428922,5.045275604493655,2.0034278421875173,57.49051723005098
0,0,0.35056911256127404,35.512496090431796,63.65939660762802,2.3951299719443937,0,0,1,0.14908162907435574,-0.7162340446150762,0.6583248662840233,0,18.889251260639345,3,0,4.7307886095736045,1.557934731444952,0,56.730399157787545,2.7604445507486033,1,-0.09335687799406822,-1.2725329387129896,0,51.20881065667843,11.369990934195462,-0.6901599206682612,18.107471844667028,40.31394274874647
1,0,0.6776670706907059,31.690995163783988,38.80627933845775,1.904397949109868,0,0,1,0.17045566922315125,0.5006834588761208,0.243159848134473,1,18.237998829168692,0,1,-8.930701447650648,1.8046423134092808,1,74.93344275929363,1.6963754505959683,0,-0.9251122546228256,-0.23870921818383029,1,67.63912613628011,10.40986410672527,-1.5262404969905852,14.614074717100468,31.07243127222234
1,1,-0.6972670248312401,51.050138407818,63.01252934016108,1.9293563240796046,1,0,0,0.589848661450963,-0.10115317986212669,0.3694372492437902,1,19.975097345156897,2,1,1.681042878923087,6.356504960917343,1,22.69634546519849,2.425976391546464,2,-0.22980648752678243,-0.5900968678445556,1,54.057787796510404,14.994575144369215,-4.528953191156701,35.44983365209564,50.65803435268358
0,2,2.186223635961478,44.32613786241393,45.93806021628927,2.277038989139446,0,0,0,0.22102370492372048,-0.3467554348963976,0.4545546921273332,1,20.590321674150758,0,0,-4.9477786108153134,7.225687051430473,0,11.853389318250315,1.9505238001454206,1,-1.8936458614722493,-0.11312204620152581,1,60.529023612828425,15.638018706050541,-2.392337419766786,13.851456884403683,26.707364221731773
1,0,-0.2757726607133631,49.79238563297888,27.769178846737375,2.4731279884593986,1,0,0,0.6847586338842857,0.3781537320637006,0.690400172258126,1,25.684865029580095,3,0,-0.8205692193853622,1.2613990922268774,0,63.76200003882852,1.6390589640950095,0,0.34011969546474646,0.42201087793382447,2,73.94106132072828,16.463880895895183,-3.267153604664186,18.73817680115196,54.239525251387796
0,0,0.9422214930790156,42.84674984918239,73.30927061085495,2.1104638719639977,0,1,1,0.3805798731894888,1.2884588153251066,0.8121081723508932,0,44.372086021420415,1,0,7.22159599157639,2.2295719480400047,0,41.71678454245459,3.1411170928508487,0,-0.40721154068633514,0.7863350997552504,0,37.20883983933048,9.270447197611754,2.3797510024041912,17.2049203574255,58.906544001321194
1,1,0.9536281220349614,64.98736847057407,3.847667427744861,1.9874640182079357,1,0,0,0.8909852315164479,0.6878688647077719,0.298048328677376,1,20.022106890531415,2,0,-1.6251768583762072,2.502707601586985,0,65.94119924454638,0.8031260997452846,2,-1.7627924885771216,1.59829808569039,4,95.18927479655949,9.673609233879414,-9.185037664899532,30.884358530355502,28.751907622215995
0,0,-1.309840621447688,32.743724745628946,62.393986521176245,2.0526463433667312,0,1,1,0.33176519466958343,0.18480179719335876,0.5049078075209297,0,47.783467557896756,0,1,-1.332952983406468,1.2689500098418645,0,2.892905640588208,4.0029244454980155,0,0.9607649211645972,1.1724982959003647,0,26.22964178649282,20.544068245942068,6.39664658009141,9.958444108454783,55.45354193370913
0,0,0.3277130600735078,19.458067799503723,90.24953048218454,27.123110120478515,0,1,2,0.09656057615811203,-0.9693512421601486,0.5827367826722614,0,79.9307512689314,0,0,-3.738664541730583,1.2733946030682575,0,27.75291439532614,22.33021929708185,0,1.4175738303183572,0.05750741497004152,0,0.4600337194499482,39.981240115550854,9.990503912270942,5.596035069155764,21.224513485343667
1,0,0.41232918399296153,44.71857217041726,36.034696861219174,1.9338299270245363,0,0,0,0.3035376773712976,-0.6498487182561089,0.53475001868596,1,24.307762951731583,3,0,-5.676593868092795,2.2291053141245984,1,57.1497979257682,1.748846838260433,1,-0.6031513870694724,0.10605476523072875,3,68.95113109220055,9.335792086640096,-5.181212868929478,26.356265677580986,24.480354319579334
0,0,-0.6395116496647415,30.072895348105114,40.12030687662468,2.7079235502600443,0,0,1,0.16949054473951392,1.5799401076859707,0.6452871646906018,1,23.90035534620437,3,0,-6.9207418321684795,0.479994309126004,1,18.94083996705159,1.7603966004186933,0,0.14504506428319786,0.5626314296806032,1,72.61780599697725,13.56656482865313,-3.0904664741934385,8.784646324151344,66.25829100013256
0,0,-0.9703061778517887,31.000909773961045,38.69897376033574,2.3326702235905183,0,1,1,0.30333146790058907,-1.0439431394674608,0.5859603429020274,0,19.124695956307896,0,1,-0.39089440986153434,1.476050382812939,1,45.763359851672206,2.028095432714118,0,0.8140248714579295,-0.3521647766144599,0,63.871209125169294,32.53196447811853,-0.1391317075682803,7.014501270627553,51.39722388938084
1,0,0.2655359631478613,49.74789257076894,14.938926179716283,2.3993451699964696,1,0,0,0.530068272798685,-0.2888476077306813,0.42596805011371824,1,26.606552631347455,2,1,5.361114411776864,2.056184192267479,0,63.30906878123989,1.5122913598824095,1,-0.011996335940799921,-1.3114912116998325,2,82.18461264739169,11.447766999040843,-3.117405140880079,7.317084087183061,23.879213373675444
0,1,-0.769480938290764,42.62902701357982,90.66456646783301,6.942036355101899,1,1,1,0.5075498912241204,-0.4376450585425052,0.5841961179756718,0,60.05988080382984,2,0,5.072749262049578,2.7640838818000257,1,73.56792922556296,5.875663386361824,2,1.6350052745106924,-0.2637217634779579,0,5.482109293856246,37.325190048223085,1.4864482519333322,24.244674533460735,53.05470074232415
0,2,-1.4984061856118216,21.07656755759103,90.25449873920917,5.522903155804172,0,1,2,0.10154502278372168,-0.05833310967173555,0.4460856420356934,0,77.38410310127,0,0,-2.7316851352745175,4.559624805969057,1,4.42809270742853,10.777343700090322,0,1.5537179858644827,-0.6365308529558549,0,3.8834022584864956,37.76197233617648,9.599202699216097,16.576850296657003,31.026895267370747
1,2,-0.5279032696430263,50.426599701677326,85.44264640287787,2.6053316611055712,1,1,1,0.572295038417534,-0.08673910767340082,0.8586369134132311,0,47.77593330475404,3,1,-4.218643703074427,5.283597747197919,0,31.088029948839,4.419459467980753,2,-0.9977401969313324,-0.9046835669688886,2,27.46040039131108,18.481016564630046,-1.174295938434918,36.27387833820724,37.59253120928521
0,2,0.4983040486543025,26.006067390774028,76.93406366019798,6.8068293361529415,0,1,2,0.1641319156633979,0.7105431929107243,0.3180844535917966,0,63.67201527607358,0,1,1.8037824622721885,5.528872458768734,1,34.98395596984324,5.940993830931718,0,-0.0015098904723270946,-0.332527187169008,1,19.188341524699972,34.69178487190077,6.2869880980646755,24.526524369206,20.46919031081198
0,2,0.1419331884100584,53.96802500923696,95.35850551963425,7.134551116179231,1,1,2,0.6743559942078526,0.41770259433761064,0.48074489706564905,0,74.05112414601534,1,0,-8.390048933036965,13.511954736909933,0,35.73391941382092,9.032459436919067,0,1.1301967362256355,-0.07556856382549594,0,5.785645561366303,36.097075040131806,7.1821584628697295,39.82913334762972,35.56872755584833
0,2,0.30845716638062776,55.76637825813572,77.96221834371309,7.805431196749296,1,1,1,0.7291244396085734,-1.4802450460109835,0.6873357425267584,0,64.60082732503307,0,1,5.4519641830387044,3.4154745229247467,0,69.83792456873336,6.357950270377808,0,2.079996414948832,0.6136208292020392,0,12.392809897990897,35.82458109742811,8.552291281721043,27.171578546471086,36.71274262514976
0,0,-0.11418684256225674,63.493813799415186,7.738369332301226,1.0455479837302881,1,0,0,0.8510888108822118,-0.8274172299957976,0.46234128124157425,1,23.66446492161402,0,1,5.395301410118151,1.2876895056374045,0,78.86252123782407,1.1144943314502984,0,0.10924897732808868,1.284235263631442,1,89.5723512666304,8.498775504293201,-1.551861065865026,3.4008219678164453,66.47679735282824
0,1,0.6362014923168816,58.94752095634757,75.70510891589501,1.7938154990875845,1,0,0,0.7187648017721568,-0.36289561067864795,0.6304968661512929,1,24.211056690032635,1,1,9.975664388754325,8.383738483034596,0,44.64457303117929,2.7841026886299893,1,-0.5119332936852151,1.645044409626735,0,44.501472545889285,10.164357898413318,-2.8327991053466173,31.363395345720548,35.171103430490234
1,1,0.3688221872653092,69.61450820399193,2.004626251648489,1.6266682631917895,1,0,0,0.998570963590262,-0.04901516563757041,0.40451931408355074,1,19.71302168634661,0,1,7.381099343639569,3.065450163228844,0,74.21927737167722,0.8597497647823404,2,-0.73549983659253,0.032552860901150685,4,94.40672822629342,10.931234981166602,-6.597320077823422,7.910710845793689,43.74224181611954
0,0,-1.2819613579531888,30.74253113537011,71.91685321134503,2.1518917162289917,0,1,1,0.17182215791767597,-0.18393806728756817,0.3992835337309679,0,40.8099201619683,0,0,-8.378846587824626,1.8511705643548966,1,27.855467644405874,3.826935995358065,0,0.4567284139581339,0.6300001657923644,0,33.119432847808284,21.227227829517993,4.803678007915249,19.968074174074708,49.91814180702854
1,0,-0.13743380225355847,19.78681615044963,4.189686331280296,1.4647979331642706,0,0,0,0.12097716294147565,-0.4890924109538128,0.017065502948706956,0,21.250537625323716,3,1,-6.422563669390643,0.7052956214369361,1,26.596265297082915,1.1443999199126185,1,0.049507486654937344,0.22822025570588475,2,91.63334102479163,12.43017763363563,-4.552061523572553,0.40907349009366323,26.77865508790437
0,2,-0.9560378800993947,62.41635761307679,78.91530540938668,1.6715137187402962,1,1,0,0.9467388474304924,-0.34319636131783865,0.5164312364468859,0,36.464261704960926,1,0,-7.407630122959933,29.746629614300932,1,17.165246266607358,3.4121220961427197,0,0.5240685977458268,-0.9473384487594174,2,31.47428491131341,13.776258569479648,0.3754086539243868,30.880733272675904,69.65728694773068
0,2,-0.46857403012960974,61.873386305064955,39.02752670163368,1.803752465869333,1,0,0,0.8415677978554674,-0.37181860380467263,0.8301619078209237,1,19.748075368487314,1,1,-1.874859420144304,3.2051257611495343,0,61.18843749252723,1.865389406398949,1,0.013944824716156773,0.112047860483882,0,69.99161378725722,5.3384650050379605,-2.738381938745337,12.921203444112681,53.44698310713778
1,2,-1.0895914407664204,65.46158960443358,25.37238636778998,2.088702709160966,1,1,0,0.9567360302512634,-0.7729218226752494,0.07764267321137175,1,25.360704148181483,0,0,3.064540318169012,12.77186113626375,0,34.253997333707176,2.1479276214000267,2,0.6205230416520359,-0.8663595425682072,1,72.31348406938818,15.005393337937821,-2.31931719937828,25.77137343142949,63.42725559967301
1,1,-0.6737294873742415,54.33822570365041,26.14609154817053,2.5162148694431745,1,0,0,0.6968994158867575,0.6118770921493375,0.4226198838859401,1,20.16657580309985,2,0,5.825228269374897,3.5567605724535523,1,53.688761522529475,1.5370142057848621,1,1.7860342453501,-0.7455136260953454,2,73.73044131848614,21.327997100061168,-5.321225288961998,12.162349119526896,65.88684202970916
0,0,0.49479317736384293,31.474213984582228,84.50296889309486,3.9034363806720815,0,0,2,0.16913066399839494,0.5708182773766682,0.8201845279230979,1,37.73167106527054,1,0,-0.1173809405482249,3.9452246050945723,0,30.368717575801266,3.5021625954279627,0,-1.2314720495913036,-1.7155990008276476,0,32.43568264481261,25.875460538697055,0.8039835472800405,20.734732500830223,43.06990891826228
1,0,0.2553235707705947,61.797178592401266,43.520582217638605,1.8011801124155202,1,0,0,0.8185464386305654,1.1531289212897402,0.9853604257365275,1,25.045705180916556,2,1,-2.298389069945996,2.473689961399813,0,18.429915203165606,2.3314364999848975,1,-0.009324143520422157,0.0864467091913775,2,65.48125520694948,12.839459678040264,-5.560701668651255,10.873191525227996,69.17131352172882
1,2,-0.2598784852270344,55.12643895989033,30.151886304704746,4.313698922229208,1,0,0,0.7076640915578712,1.672513399300007,0.519762044507727,1,22.585334132826354,2,0,-4.135431514427762,4.810331488172031,1,56.762967714711294,1.9212344639130743,1,0.9386166647141858,0.11270546576154532,3,70.95614215797312,23.854725929667357,-5.639084487088749,17.264392233717317,28.572965971074396
0,1,-0.4403573030770627,39.83806113156221,87.38905051249463,3.510798686919872,0,1,2,0.2851865586580835,0.19389639393918148,0.5471879742137918,0,75.94415568291973,1,1,-6.212641655499834,3.988547508661828,0,32.92201127571009,7.04392360146883,1,-0.7541302453050951,0.34558965207979236,0,2.892088126621278,30.604708095000568,8.980633520244513,27.25255949983159,50.603947144368334
0,1,0.7232498380684842,30.02099911711975,90.00190120761012,8.103320430089918,0,1,2,0.2757811700821642,-1.189257096082302,0.6713440088841774,0,56.64269318446613,2,0,0.3777838408276999,3.3087636975934673,0,31.709893500908652,4.56691370722854,0,0.3117936697571285,-0.4583987948252461,0,21.242727687878,36.020047224858786,3.736481220284473,24.97295213073622,28.595222986228286
1,0,0.42346971347144235,67.34718882205922,8.978824789082179,2.4237662950072423,1,0,0,0.9730762862454203,0.8269258803536828,0.7873088313189599,1,20.495539404071835,2,1,-9.851793321612048,4.879180612920793,0,78.38487437940445,1.195107831305962,1,-0.2809462876443566,-1.644439629578682,3,85.69686633135427,12.047616068281963,-7.268260170540781,10.47309818041578,26.436996891308375
1,1,0.7702411882766924,66.29640389017909,11.191013317980286,4.215231900628052,1,0,0,0.9124061847351658,0.11371559342607673,0.17625618783201602,1,20.860301408851818,3,0,8.841376936703824,1.9302985204049443,0,30.147575168554216,1.1540935385692035,1,0.02982269955428709,-0.0010439386380882434,3,87.46020363179959,21.142469058240184,-7.47683469296469,36.614656441789855,43.06250359945
1,0,0.7266771919093993,52.31817710449543,3.2549029917929184,1.9192910663368743,1,0,0,0.5024909435227128,-0.008772891144688788,0.19167154279609722,1,18.202971713276984,1,1,-8.91765292792299,1.2116379356526077,0,65.62631280753223,0.898193833760018,1,-0.5285552617800853,-0.7146753037333713,3,93.42119958231332,5.9884103855370725,-7.744111528482053,12.415033600491958,23.255816455961764
1,1,-2.0710947984220938,65.65560061868584,29.452343858205786,2.104407224934683,1,1,0,0.9880451533581482,0.09207315505683489,0.6899139204005993,1,22.88361753310143,2,1,-7.767714932341719,6.536183771332947,1,63.96631904678092,1.9593941260239216,0,1.3740638790191306,-0.1425644676138333,1,64.64427871329426,26.083010443351043,-3.0723730223588674,17.33611390606025,68.74366858267575
0,1,-1.2833893836724533,25.05150756532666,63.85139619551124,1.8775842670286877,0,1,1,0.1667806141772375,-0.26456295848502803,0.0573079854944622,0,61.855224655201866,1,0,-0.05395204122240749,2.9535624109665504,1,17.735423274087513,4.235600300489651,0,0.8434694526620107,0.28632142065480615,0,20.247779439980164,17.160953901142463,8.74981433907622,11.651798385523986,40.856132013844615
0,0,-0.9662587920305434,26.392642904875252,86.4732389208881,3.2124793824164,0,1,2,0.18140878427668827,-0.12119572181612873,0.5109451882816021,0,60.201975231140956,0,1,-8.261028581133381,2.142465735374592,1,19.974857859687628,5.7483982929058905,1,1.1330071981258885,-0.43419271633898693,2,18.323399553911962,28.918917354608773,2.1818337471299323,35.51398255254367,50.496044272289716
1,0,0.9898553920172584,37.83767980803586,19.273120555112,2.2564049151870567,0,0,0,0.2693307750431254,-0.018114804939482598,0.3257342594453534,1,23.151549329098255,3,0,0.31780188916129326,2.1363148228708693,0,29.128367883501536,1.3436600364874092,2,-1.292988757795358,-0.05136155170709504,2,80.72739890793291,9.144324787780299,-3.3765175743095543,2.181505330746434,31.857869267118136
0,1,-0.12687840237421108,38.8106315497089,61.40045411246524,1.8430384699134048,0,1,1,0.37293939667553094,-0.14562076668322238,0.12368883162235145,0,70.23488681818912,0,0,3.545705812980664,2.4127699920874686,1,61.664958973190394,5.695128842258583,0,-0.014272098314556825,-0.20440544701571003,0,19.906476035796565,8.090572983046497,8.330772015675336,23.28081096849435,68.41611962368543
0,2,-0.5805173835817795,36.66874736267872,98.19089707753878,28.180615002064588,0,1,2,0.3273875275897543,-0.02183573585184793,0.8800327180213201,0,79.98660101835229,0,1,-7.371376392053348,8.882541167270702,1,71.08678057351781,30.967658056263865,1,1.7842382899224263,-0.8313027136874542,0,0.15507483509188402,39.985933753224394,9.945060333728595,35.40436916715775,22.42697502819094
1,2,-0.10400125929020562,69.97212259805576,1.1592598173900848,2.5503985870394126,1,0,0,0.9999623781417956,-0.5942356286360532,0.4769770689250581,1,23.506710078173363,4,0,-7.084614402106684,7.296237014613049,0,62.94729141665976,0.6939609709297866,2,-0.2491835838893014,-1.6300887289280674,3,97.3893927708018,14.242742754805391,-4.455734778400682,11.051621151860008,68.24978045548595
1,0,-0.30819144118370245,35.94115647745433,36.215969700578995,1.6635849328313714,0,0,1,0.26905892677128906,-0.7297076025305671,0.41334099875096353,0,19.29968514471139,1,1,-4.3066051730737875,1.9050414264668727,0,67.03156942669773,2.131207218207974,2,-0.70017040936904,0.18217544569039815,2,66.54183090168011,9.556954909693967,-3.9800028865351598,10.364257925519109,23.677931146224164
0,0,-0.4796021942187929,35.8165477272821,38.866267681471264,2.170689441165432,0,1,1,0.314206154925018,0.34744273713428764,0.18459700476334412,0,20.718601961764733,2,0,-6.696271726094545,0.9880409431167138,1,67.82757899995596,2.414447783848225,0,0.40743085839912174,-1.9538860828080402,0,59.47158736086209,14.516995454151091,-0.21561948176761803,14.57189666434681,46.20891544984907
1,0,-0.9513824494924685,54.523021428188045,8.942564329205544,2.770885564386487,1,1,0,0.7602939496593448,-0.32640997499154645,0.609338806664243,1,23.082269510816676,4,0,7.096828305512005,0.9392810423630849,0,52.55167080888874,1.3713256662825972,2,0.5908053537177436,0.6884856010340724,3,86.01405195306553,20.89725976315904,-5.78242154480702,9.995469478976116,35.98317485916937
1,0,0.9504989745941489,36.938556860323146,39.46265074044477,1.9117404389559156,0,1,1,0.2850945221937563,0.28420236437006446,0.1096633817803892,0,31.12498115926006,1,0,3.7749317345439195,1.3838074803904565,1,26.136906291470265,2.1755490603490397,0,-0.18982391888132194,0.11941150131859853,2,59.70295330150521,8.828482185071387,-1.3043014086550215,30.679663517424697,58.59359664537991
1,1,-0.9580013431450836,45.33947882551644,67.53161223906756,1.3635900849925133,1,0,1,0.4939997846186411,-0.5246980308522445,0.7576427864511052,1,19.661721919301627,0,1,-7.520690891023662,4.115792010329622,0,5.845625392228806,2.526067511348051,1,0.02843938232949316,0.24870488136646052,1,52.983950467069306,10.801555559225381,-4.941120397963836,28.4937051294353,49.8152210960958
0,2,0.6573738749150349,30.54343003855312,85.0858585588957,3.910137902659501,0,1,2,0.1652638048789441,0.3868563899838974,0.6866863856966413,0,66.42979822913139,0,0,3.985515868435204,3.5259288724320976,1,18.38481624756868,6.23237115377454,0,0.7792780395541263,-0.22484169002341933,0,18.42558164255254,23.1774742910153,6.685659660408799,16.819637696007188,29.52529878205243
1,2,-0.0578604147589237,48.374157409507674,72.79961391905552,1.705830971229887,1,0,1,0.5731068117641884,-0.007504868138160775,0.4089713545412916,1,17.62367790839579,4,1,8.42116068242353,5.0296015584337175,1,54.05063713241013,2.9559582395513186,2,-0.11972261587162965,2.178769910976016,2,51.091697384508485,4.644101161121319,-5.959226681935631,38.220744111863176,21.623995366427682
0,0,-0.20438962633474503,41.368043674115924,55.68650038442946,1.7360917852409907,1,1,0,0.4289163264836932,-0.7918644635950837,0.40385948377436376,0,43.24556471218686,1,1,-9.43064543599003,4.46373747014406,0,10.176700046354949,3.365109800497121,1,-0.10242952436650894,0.26537710168553036,0,37.69359833187724,6.7138029743299725,5.754409373355998,5.5183443458814825,59.78027075491635
1,2,-0.4856280480692122,51.933971058299605,33.439921179928724,1.742185185997735,1,1,0,0.6859563902910446,0.4814517064510235,0.5046555014389644,0,19.560147264133235,1,1,-9.715217052023924,3.4344166057971677,1,68.652256545335,2.1997270460472578,2,-0.03405444231547099,0.1272036129867801,2,59.77583581376638,9.053723163395453,-1.7759385218369257,17.43027413635894,43.70425776505292
0,0,1.1336879579035664,23.47555057844009,34.41111444843135,2.568030019142864,0,1,1,0.10704667554703479,0.19055647422912286,0.3118637048815666,0,40.14019384244637,0,1,-1.7551020489968465,0.305167600364413,0,22.418983797198642,2.8662754223645193,0,-1.0185524150716718,-0.40714157117619854,0,51.81748020214735,12.201906422331295,5.508948196875787,3.476521641831154,45.74159131406369
1,0,-0.17003898711669763,42.84431525756703,27.329966064091625,1.7140238197346218,0,0,0,0.33367156358167605,-1.117626726985604,0.1793080458464859,1,29.613682886972104,0,1,5.7001090996885,2.3383821743176423,1,36.82767944132761,1.6642504209042581,0,-0.16244636151826752,0.027754160298352107,2,75.7468794560981,6.7928950088584035,-5.390117886285564,27.784227981301388,29.71074234722711
1,0,-0.011016881984060539,30.144717685488587,13.654864459545452,1.8352659108429272,0,0,0,0.2816498138277329,-0.94413584110095,0.5325420369039688,1,19.00783768697488,1,1,1.1905094632200548,0.24359817936265654,0,68.2065042188377,1.3719799592394986,1,0.1267361356874839,-0.8005567083023301,1,85.69624383486025,8.18981096224758,0.8848447418581777,1.549976506946995,24.698345345095927
1,0,2.137614587847414,59.26302707549821,15.088703392596381,1.6732037736300496,1,0,0,0.5594994715677859,1.3529403351457434,0.3327980477458923,1,20.74674660305039,3,1,-0.22285838176773254,5.336315607401482,0,50.91171863973999,1.4125536855192438,1,-1.5809642177923715,-0.04499623285601939,3,79.01622713013995,12.289210348801802,-5.857822574560812,16.604940062748625,20.180460915901154
0,0,0.6590311761636126,27.86086876489688,56.807515356952884,6.559402157206293,0,1,1,0.19600350548634526,-0.8819589234364229,0.62498913738289,0,64.09420482084408,1,0,-3.704088973473338,1.1121506351749353,0,76.92724241238267,5.247283256293406,1,0.6118304177462937,-0.2971998057446089,0,18.78055349688543,32.44836109296182,8.805870337433959,3.3827476230518894,28.742685843231243
1,0,0.0014559695544121046,19.376315927104397,18.80787925029973,2.240612731719407,0,0,1,0.08710853677414587,-0.6891907795445749,0.37434683652998557,1,19.297418629535592,3,0,1.0144521333865253,0.9649653958372606,0,4.059440826352447,1.4766158497502189,1,-0.22123879148913625,-0.7497442005711339,1,81.40135172954437,13.916781880888918,-2.8468261632847334,7.293521479530027,23.113997892413188
0,2,0.5825418367960451,42.00773035081413,87.75948490167839,3.242036420250781,1,1,1,0.38464351200393626,-0.8360567728809355,0.7109414623678942,0,46.36632125445538,0,0,-2.9723747924238566,3.35719898728804,0,46.02691964789946,3.589022546327612,0,-0.21850048271549213,0.3157674839479121,0,25.29897213218736,18.27989282712747,0.34002422923915887,36.17084256271414,32.784749112558885
0,0,-2.0326586202824033,30.148463275866824,46.90483081442995,2.194303673927488,0,1,1,0.23335714821596276,1.978892821051333,0.5214605773549001,1,25.818410474900148,2,0,3.918760168031149,0.8405041569297093,1,62.39748824361399,2.8570105340818293,0,1.2863049949552945,0.11711600092231061,0,55.138733414581054,26.324290707457017,-1.1846869344095996,13.69089415251629,52.253878298203716
0,1,-0.3039699047044944,23.152426384560275,72.11950323400085,3.598025665638083,0,1,1,0.16815534066789523,-0.1999215246991132,0.23872431623082013,0,47.935062453598924,1,1,4.314643142465343,2.409302160838055,1,5.1175002686504545,4.148925163779149,0,-0.4399052091267935,-0.7809750731230092,0,26.517758570490145,20.88846181240988,4.709282290390808,14.39150567085835,29.848064812774
1,0,-0.5103664471526321,46.66375346739093,23.887946014696297,1.7176592842507137,1,0,0,0.487660154263266,0.4998896082981047,0.33912670168091474,1,24.841198596523668,3,0,4.348072216461752,2.657219882205964,1,29.468118113955377,1.681900714676703,1,-0.6841988635065392,2.4539865477205685,3,78.15180657694016,9.654293228649191,-4.44973122815866,13.248202056286713,63.205709701257184
1,0,4.033595158209655,44.43443514878285,7.583207432117833,3.451550597599707,0,0,0,0.21847724451510647,0.7018881487391574,0.34222552337709566,1,22.848162352290284,3,1,-5.200285178228855,0.7575778531655659,0,21.66449468770238,1.2774842135549145,1,-2.943763250773742,-1.09052991788378,3,88.74023806633728,12.019681955713555,-5.550619549391106,1.9484292839161377,22.838558880189098
1,0,-0.30299723675140505,37.95071382446436,43.000088840908,11.098005463975266,0,1,0,0.38843114388525635,-0.27339316948867504,0.694903258314713,0,38.7758967231495,1,0,0.335023795664533,1.6371878675342382,1,64.27753367160817,3.968358534576245,2,0.9928336249406381,-0.16634066953691834,1,36.72416750209435,37.539061773626855,4.594049638413015,13.342288575871102,35.503959412715304
1,0,0.43459565050111587,65.76112175543898,0.34508337586696136,1.6182417198050394,1,0,0,0.9457279387643365,0.034960759221979824,0.2266718691178719,1,21.52643359427995,2,1,5.01929004766316,2.1522013737201497,0,46.09491996577137,0.5420657954219449,2,-1.3041684948227206,-0.31456554335761333,4,98.42957055541193,20.082024438398726,-8.766383555675691,2.3218268021338595,34.255806513712656
1,0,-0.3424911951451654,43.50160981578429,34.99084370471772,1.2533741903745532,1,1,0,0.4440171846712886,0.2679921216391619,0.4560744245020917,0,20.44763965906614,1,1,7.643914039698046,2.6097707987056507,0,23.158969090589263,1.9624313441588708,2,-0.04194337374196349,-0.4966744579799825,2,65.11099574048991,5.63688093627285,-2.493267023571189,19.59076422418883,25.233732104354882
1,0,0.4545730491174963,43.60181797941427,15.76484388301247,1.7751810924249944,0,1,0,0.3414106243495697,-0.07498763389149611,0.4794063242652033,0,24.505573594033994,2,1,-9.334774319947183,0.9920942841679823,1,16.4623700310355,1.8254354749307418,2,-0.15321757250133394,0.6672936676083758,3,76.13842361696344,8.238038835161223,-2.9742494206111854,12.925982677341715,24.54646837663154
1,2,-2.5346006110085564,55.79967263226472,63.75245233252518,3.1637077409143415,1,0,0,0.9179202971359837,0.7127837611666015,0.9988695040743575,1,22.95342122987405,3,1,-1.15077747699201,8.917639306996946,1,8.579036191241919,2.3562669159459086,2,2.1546930991880218,0.5607849984354353,3,65.56847028810165,35.28811316937407,-8.130654093960795,15.809487275013595,55.1597306272008
0,0,-0.17713399490145915,26.741230546469176,30.48815954279773,1.798745690695605,0,0,1,0.26116778927307216,-0.4750195097831782,0.004908765018204364,0,19.861948733620615,2,1,-0.5801573470082957,1.5836712338711525,1,50.78481758726002,2.00838747027181,0,-1.0506188390953142,-1.5200382229698162,1,67.37227233743958,16.92515384795986,-0.42122000652822855,19.884022628459412,28.818491997683253
0,0,-2.19513308944966,28.332959800407394,57.450003437904186,1.4437263209485829,1,1,1,0.29089062409042477,0.606141281091588,0.56667080868401,0,30.21960320431536,2,0,-8.034115025193255,1.2716716862209858,1,74.60339013454069,3.1900165937157254,0,0.6009012271690881,-1.3058022648030623,2,41.25030041278546,14.384339047331283,0.655239064675321,13.784907295288576,52.753343814430316
0,2,2.333920801369022,60.00604815844732,94.95796192216942,1.6951324363071152,1,1,1,0.6426835091481271,-0.6249638798697262,0.8124823290589558,0,54.094551335603214,1,1,-6.413816104032208,6.628045758272339,1,65.57232403932132,4.787474846738069,1,-1.6198137622593796,-2.60732428495268,1,14.999523205915155,11.98366180603347,-1.0971741204361898,39.89171894331203,66.1524238910615
1,0,1.3014436404189147,48.30094341773466,1.1935162862475701,2.5163674031892875,0,1,0,0.3987580446999749,1.093829241236546,0.0003064728654628146,0,28.20036814812879,0,0,8.779483900580722,0.5383270356400662,0,14.114461529854697,1.1347927521362278,1,-1.4095108251791186,2.080798925227616,3,90.93931844168743,7.748172624398033,-0.2704435997991954,15.02177609699169,66.52416149370913
0,0,-2.772101409411881,29.666050561756265,81.70759150706617,2.0727912644118294,1,1,1,0.3612753917520566,-1.4313237404066075,0.7904937320850653,0,53.57412533687459,0,0,-6.959461608018701,0.795639876205326,1,5.22247307395272,4.044928435955391,0,1.3500042068303004,0.6342531315885973,0,28.534975487099413,32.14996652977773,2.6270321434359474,25.444719533152526,69.03079407876172
1,2,0.9415333280966743,55.65943532096777,49.38064320838017,2.319533758676315,1,0,0,0.6433248873906559,-0.8491463027774466,0.2691622937120337,1,25.308623138206606,2,0,-8.148823819227694,13.943083956654448,0,16.36165628636406,2.0744567099753852,2,-0.5581323119781875,0.18787280908388432,2,69.90433596535958,13.074014993707452,-3.2903960474153315,20.692545352813735,34.48565437348424
1,2,-0.8217601280375647,64.5430526298105,59.367414702094436,2.1060132265628866,1,0,0,0.9563393452307314,-0.04585234469054629,0.9495611588113209,1,29.32417819850679,2,0,-5.138333045080091,5.270696382617022,0,39.499376155655405,2.128183117632216,0,0.6140248730624266,-0.3325433318152829,2,50.58875317167648,15.295107669235586,-2.9756715007710275,13.836436842364144,58.165567223320046
0,2,-0.5519574442566573,46.461162323880956,62.00407665679556,2.3286298722558594,1,1,1,0.47514045247411324,0.12432891410257886,0.09516581205179153,0,62.71817154558743,0,0,-8.09557942709716,3.5442949010830023,0,68.3870860116347,5.4094220443728975,0,0.1746639364360173,0.14365894703135768,0,20.119329921985635,19.833395781127127,9.195147513314147,24.065307779390505,30.815134278465106
1,1,0.4596851778559202,38.46323468714614,25.723943568709252,1.2985659411657604,0,0,0,0.37814578490545936,0.6185195223828368,0.8258490838919799,1,22.872058667809444,2,1,-2.303570364345515,2.1157046225995164,0,24.63313416779642,1.5477420900768404,1,-0.7594487278424047,0.9608984673759757,3,78.07080584465378,12.21495531581123,-5.5222409273320565,20.852701032449556,28.18306422588809
1,0,1.035696814943664,34.32970295547552,2.58526423132282,1.0671216051980559,0,0,0,0.2663245033788435,0.6290674188579165,0.03898119505988934,1,21.470772713802482,0,1,-5.9050307902965375,0.5070674422341916,0,57.25627937243356,0.8422213413380397,1,-1.664170918890125,-0.29638332536425455,2,93.31323485007985,6.0377077886472375,-4.20032414027633,2.693244284442178,34.57537855279834
0,0,-0.26168622103181205,34.0005534852001,46.51123249359288,1.8456906860918059,0,1,1,0.26502257355297176,0.3139507872360353,0.40219420696241126,0,19.21338977605316,1,1,-0.5663785029392727,1.3285312735542343,0,48.45009146652322,2.3445405115836624,0,-0.26718108455141226,-0.33582349365091463,1,53.4869230357382,7.455914240476165,1.7543840114987148,12.68271303103164,35.107471908621356
0,2,0.4804378315804871,32.9978209203759,95.37744289981566,31.578976062697844,0,1,2,0.37304356803913896,0.35903054381147026,0.47556494815912187,0,79.89358350329313,0,1,-6.613386828833422,6.83428875643676,0,6.3913518744822495,17.847603911847674,1,2.684156424550823,-0.4151340163217946,1,0.48084673351670437,39.95188695844516,9.77496843246158,32.50414543100951,24.07851871174366
1,0,-0.43837041337654264,58.652065412904996,14.80012851658133,1.7830817770328862,1,0,0,0.8099068318726328,1.414847053466451,0.9061628197187974,1,18.14513603864696,4,0,-6.414723680937433,1.6551529237465683,1,49.23456649054923,1.2012862594203129,2,0.01988211993029944,0.9961660197844868,4,84.54995555247837,13.887536636770786,-8.036978179462274,18.235255106403834,42.80077964725369
1,2,-1.0547901608122707,60.961187518195565,25.310419068986,2.0180736427715997,1,0,0,0.92743666396749,-1.1050485220743538,0.2552798592060186,1,30.284739691024065,0,0,1.9360936823805197,6.217306298832295,1,36.14072489048779,1.2507892271205336,2,0.9790833443013863,0.8212927269753096,3,82.60861852657058,17.06202575657633,-6.55830608694636,21.479309584076493,65.39992566299102
0,1,2.213207008950171,57.93248362180585,37.861626928121126,1.9874742510754018,1,1,0,0.6055798537358248,0.272725677949251,0.5243153320426321,0,21.603307062572476,0,1,3.7969992061709092,3.520292920340778,0,21.515927289749595,2.412648914443359,0,-1.9755124991119073,2.671023842337783,0,64.83028037080115,6.494281791743182,2.2190050932595966,8.566578392711426,39.0963074900765
0,0,-1.6451140492105525,25.293282752382645,74.43892121742229,1.9458868976395982,0,0,2,0.159452787666788,-0.010968519775435098,0.6399547026208243,1,31.78968182364777,1,0,9.949074396249642,1.782879634302209,1,33.86346159822634,2.148629548725035,0,1.439304931203082,4.001644191975943,0,53.33826491545589,16.140175897213282,-3.3856946909510777,6.810842137541746,63.60164794718985
1,0,-0.5366233231143862,54.59542864962983,6.865953148632942,2.852959353461853,1,1,0,0.6721745992781135,0.8002151557810931,0.30887930368069016,1,23.306528379407567,3,0,-8.064018395025386,1.5604948861564967,0,35.495575717529505,1.2861679170110416,2,0.10816105976112955,0.5352630287983237,3,86.72914714470947,24.001155627844398,-5.437068429909492,7.861825745602788,51.807949598482686
0,0,-0.7096227947235104,20.613642243736795,93.22602947883303,9.391322294267148,0,0,2,0.13806522425341589,-0.5026365324702498,0.49952296202396307,0,55.2596037228207,1,0,7.485485744734358,2.7239580230859035,1,4.0890912969689275,4.349703289428631,0,1.8675971225547403,-0.160540694689695,1,21.439750466611024,38.48426765837951,2.2938875832216077,29.24551431895253,28.442080685774496
0,0,-0.15431635545599054,23.900947632849043,58.70972036079678,4.112893368746359,0,1,1,0.1391040282720094,-1.2611753850542566,0.22408109592217396,0,53.523488120475555,0,1,2.594468387676388,1.3253461544619116,0,32.95675659787504,4.655231557735294,1,1.1450485031636075,0.3297219159632959,0,25.801399262587477,25.88537033389028,7.48456454788878,16.93451732341788,26.377199568650234
1,1,-0.6069025992365593,46.62233257776644,28.772194956168086,1.7968878717747516,1,0,0,0.5321856266689184,1.414469350084038,0.3387143467161664,1,18.780143068119656,0,0,3.477964827791851,1.7539672811156126,1,37.85778566825047,1.455711074315855,0,0.263268009497028,0.29887395613465256,1,77.98582358985082,9.696485555590598,-5.839731019631071,17.64517269032137,40.96534847300626
0,0,-0.2087494833464143,19.68878610373098,81.83023352525316,5.02910020844682,0,1,2,0.11717028747511038,0.28713828896314053,0.168250877456466,0,78.11932264854971,0,1,-8.034418205988187,1.2219530723942231,1,4.470579169054032,12.01993147346429,0,0.23820228190647516,-0.31282030608575073,0,2.3163767188570827,31.345865767145796,9.740372104691211,25.37893858571145,33.05663476194371
1,2,-1.9801128529570269,61.829277070790724,69.38582568548436,1.9887827066971149,1,1,0,0.9604476707872747,-0.4644661571308263,0.9644616591528383,0,34.177202712362416,1,1,-6.666841537073191,9.214130337885784,1,61.498704798633916,3.006594890022101,0,1.4183590777805282,0.013223262496651109,2,22.33737607852521,24.559988187211125,-2.67506691165432,22.034799262622013,52.79297222529418
1,1,0.8758790366269003,41.494875484466185,60.24553124874503,2.4418141973001974,0,1,1,0.2983711668301816,-1.390263315690655,0.3828245720955794,0,30.845545109918554,2,1,4.798952551874509,6.88454508549151,0,61.67848379135062,2.667031986880518,0,-0.6053488430427338,-0.2636631450051098,2,43.725889519798024,9.29845152006707,-2.162969619122026,24.0575112418737,21.506196324112402
0,2,0.568139791187857,28.084369494897537,98.72884842973806,34.986308092549606,0,1,2,0.10547077416455253,-0.632183476526066,0.7424030943503992,0,79.74302200068212,1,0,-2.712831236300839,7.547091315445759,1,74.46380755153682,17.976542076153663,0,0.5198272951037547,1.2249399845997024,0,0.7504032455255383,39.9871498908929,9.573451629267282,36.33613749514636,36.61427683389316
1,0,-0.7298836256536166,22.589919311448128,34.031027864126436,3.7835151438103454,0,0,1,0.18472028307705857,0.20263765508166562,0.7393696539047473,1,23.94317851735307,1,1,1.331505304285109,1.067447850380873,1,25.715055794046357,1.710862332168664,2,-0.4978145178604467,0.7093907682860846,2,69.63741167518174,25.196142371676782,-4.051890001182752,2.054703459493903,36.360532103381864
1,0,0.38148931164853234,23.763793542116687,41.230899511185555,2.383481936288356,0,0,1,0.18573206418429644,-2.4679673391257357,0.335304072843183,1,21.08010721825966,0,0,-3.7025467062102972,1.73583988216813,1,49.878230329604875,1.9868208942321628,0,-0.8509538041302884,0.9713919853648414,0,66.39909920051879,11.532531590335466,-3.5885895288626335,7.600172773082898,23.862166414517297
1,1,-0.21296549324125857,69.9778721119194,29.76198000351531,1.839721688171385,1,1,0,0.999966323265691,0.8347604264804387,0.5511647639602699,1,20.831021186888027,2,0,2.438551769056323,3.3920493824496343,0,36.60420774213659,2.0944188420522267,1,-0.2848209642992664,-0.7130409236075848,3,71.2751122969483,11.296362548386124,-4.3572087311980345,39.96290955159428,69.99972673562866
0,0,0.058968204775172665,19.029201318640997,92.9569525021198,44.18870066077539,0,1,2,0.06438561767673373,-0.7591254707003597,0.926618005767909,0,79.94318306681151,0,1,-5.4815298227515665,1.3697240711391199,0,34.826027501546555,22.446900892134423,2,2.0272477510526112,-0.7823401998776474,0,0.426958025926788,39.98856208418491,9.954711226342205,12.481242757667662,24.395139180714924
0,0,1.3359700648046493,32.132733173675184,78.35867333912749,11.206011935630531,0,1,1,0.19236207446124765,-0.046560442327560174,0.5510469258454042,0,77.70804741972917,0,1,1.618384779733411,1.2410275898067127,0,73.35323418444031,9.449066904091406,0,0.23276663219060098,-0.7469256064039013,0,4.16261637846162,37.43689246602375,9.840183644824961,17.74889442746014,32.4575441317588
1,0,0.23421158590031327,63.14916928348722,20.877521022196543,2.0705504032922337,1,0,0,0.8750692619750327,0.5246633008531226,0.4878953228441173,1,20.128929788042708,3,1,-5.7136904842259915,1.9757033456608935,0,58.189677099453775,1.1787071811315735,1,-0.3982962911256938,-0.7943934045532547,3,84.11392891070027,9.019650361164578,-7.9837088279255175,37.111232920176164,42.003383794547105
1,0,0.9805140413101203,69.58325856540046,0.6505170609651556,2.2967285303031066,1,0,0,0.9955884482077011,3.032371197184782,0.18894745349783448,1,25.195951800357157,0,0,-5.105715168840646,1.0378081007607085,0,37.958271627357824,0.7299314265901437,0,-2.1129076602442587,0.5035387244531576,1,96.0656723189947,12.12702327462682,-4.354234279769049,4.98082620332154,69.97577593936512
1,1,0.03031628852670869,52.0009333357916,39.907601732955285,1.9306183656639104,1,0,0,0.593907341028973,0.6402603804102603,0.4170401989770635,1,27.25684473290436,0,0,4.150945196768852,4.16172652094871,1,53.638380478680645,1.7547646479498396,1,0.4132810975284527,1.0751776873392085,2,71.22669170099087,12.31286436857959,-4.94897121237746,22.36243626205891,41.683359470439
1,0,-0.3420467912632789,68.3134715313484,0.9383786389312976,1.8149122938761857,1,0,0,0.986224922917132,0.9061824305300394,0.41770096821423536,1,22.92179040422259,3,0,2.7190232626980517,3.5913562601198485,0,50.21295379636932,0.7012301838174038,1,0.15447586235144253,-0.014328841722279703,4,95.59734609915549,11.669521633176368,-8.838074731228087,6.60562614275606,54.39228521984235
1,1,0.16424614876194463,62.255062812721626,25.45379425332581,1.5966165871819122,1,0,0,0.8435255913550713,2.6716361528738912,0.247132002387222,1,20.183450344239795,3,1,-1.4374877967340716,4.075796790052967,0,40.86651893224346,1.5933787891166828,0,-1.1128450442234186,-0.9042561645271263,2,74.31750816306145,10.359737776461383,-4.432225225295715,19.46849269255471,41.71903558673311
0,1,-0.3262978880882104,44.10968030247035,31.597505845553247,1.853430471299254,0,0,0,0.334211368569468,0.21249413174284076,0.7357667745802469,1,25.032747009641056,1,0,-6.0478159720834395,4.755726921140541,0,50.281210264608056,1.7099570514489582,0,-0.07318261662974296,0.02201013071659816,1,65.265033682619,17.61942887381303,-2.2131571819716243,17.395969385089362,44.2956300482047
1,2,0.17325695386243017,44.875329373420385,84.51922357356612,2.5490485593246297,0,0,1,0.4043955275716425,-2.0843326175032972,0.7628970927507286,0,35.78614077953366,0,0,-5.071546547416359,5.976262255624329,1,26.269619786681318,3.8215689259358108,0,-1.2959529035882649,-0.2201869113317634,1,32.607915175779,7.147446544516853,-4.263964504612295,35.9412408067869,34.90974979837287
1,0,-1.062207525625302,64.60966271799026,16.531002287459685,2.473535138532521,1,0,0,0.932712265881597,0.029837096192484626,0.5568434756713065,1,22.954955910929122,4,0,-0.1925382092548258,1.787933987439723,1,19.60061609796274,1.2062113167971829,0,0.6183506233651668,1.565919542706875,2,80.21726433654455,21.736346236299887,-6.108774228676168,15.018557983123282,69.99363175081007
0,1,0.008053263616425539,32.13234525269564,82.35804969431513,6.7361941159227126,0,1,1,0.20184135226732175,-0.5428127298018361,0.8092512695793097,0,56.23550883076283,2,1,8.93901138889408,1.5579552166211725,1,69.22839193381344,3.855949265012337,0,1.190467976298874,-0.16939190500478235,0,25.897056199244606,34.20212356726792,0.45048382880297666,31.85896087164626,29.627653337566958
0,2,-1.085481153222205,53.08087755880472,91.11379598832295,5.183558226874458,1,1,2,0.705664654022542,0.1659946089666812,0.0893713262071032,0,79.19284514999403,0,0,-2.984055153635703,12.487954413911593,1,76.96951737125866,13.16630407030409,0,0.6751202966684559,-0.718874764326689,0,2.0973604771546697,35.61103489425876,9.65658809059137,38.50713610302465,47.13591658589206
1,0,-1.318335308827101,50.205906011278124,5.251188804678214,1.8132481110062233,1,0,0,0.7428149321646073,2.485909638495009,0.5966078847346796,1,27.917435814988316,4,0,6.616597788728097,1.4589802400912983,1,25.74474298412766,1.0500977440762007,0,1.4587318922663486,-0.4064665590405079,4,90.62363271581559,23.45531373135291,-8.114348863163675,9.533604432018357,66.39686593442703
0,1,0.24163256725764146,30.038165374512054,53.732810765005034,4.2171953972743035,0,1,1,0.22846313044465227,0.2061607194298314,0.182464361736268,0,50.87771976885061,0,0,-9.829208585119408,2.3288171153100237,0,50.45087887056581,4.202181128697456,0,0.1544302219550051,-0.12734179711109864,0,29.57132615430076,19.98310455425736,7.202244685946315,14.337469861314553,26.104009268386815
1,2,-0.8905264748643509,51.72780839328169,51.10779459086929,0.4934184491576918,1,0,0,0.6807262732353164,0.3423375486580762,0.41783364892519137,1,18.479116146521136,3,1,9.196413174101504,3.853810677994524,1,69.41177748780008,1.8350718052156543,1,-1.847199910185121,3.2350788099906778,1,68.0172925852669,5.354315334590911,-4.768141098995223,33.603911757250636,33.73990505898393
1,2,-0.137895103413355,52.11553401465787,56.61168224819969,2.4722343921082746,1,1,1,0.6565014388159213,-1.5644546407279867,0.3724045144668663,0,36.28352074185482,0,0,-7.5214381106389965,5.6332292528222805,0,51.768928622226156,2.3218455934648623,0,-0.5076028816204661,-0.4658380152644389,1,53.5642408773072,18.858405431112455,-1.9514489431342472,29.32575870530918,30.349410076493115
1,2,1.125224400895185,67.18511670890908,5.32843922209919,2.532580206877485,1,0,0,0.8938508502344467,-0.6346070571218948,0.43138005110902455,1,21.59191477872053,2,0,7.568763144753802,6.095102506542236,0,32.57303103141813,0.9221851417257573,2,-0.8838651818292399,0.9912733060310477,0,91.95877832905825,12.794822808521026,-5.53679773000332,14.267173570597755,42.20254395418134
0,1,-1.3626310257354786,61.951129042582515,25.43353218970973,2.4608093270194713,1,1,0,0.9169547391461259,-1.053802531949624,0.5372659074306949,0,25.320887789889834,1,0,4.151098661408881,4.870548007755928,0,39.55516976869992,1.7768990507664122,1,1.8461560081856736,0.6710188718411251,0,70.00309995859368,22.627751885413513,-2.4650920784524333,12.35161531260773,56.72662239972955
0,0,0.017264211470810673,19.259668676033137,86.88778301040175,15.739313570522077,0,1,2,0.11930213975992532,-0.1846806516081888,0.5676822173698283,0,79.61428560496745,0,1,-8.003286308553797,2.900027068034831,1,18.235517905045768,17.284273024228455,0,1.1807684909861638,-0.7868174033442651,0,1.2600930158140677,39.63622230931364,9.88818795168886,5.283973422946704,30.683563411235248
1,0,-0.8007619004795556,26.011335581374905,70.26798736865076,2.3330294197657624,0,0,1,0.10029518923413272,-0.6247364333081048,0.46940234663840036,1,29.529964058137047,2,1,-6.664619562843245,0.9841875963917021,1,24.971078466971484,2.713682036686086,1,0.0634580536900175,-0.4596696998501809,2,57.1596793484057,21.102034914941324,-3.022208577296375,35.140445075261155,41.561167748984495
1,1,0.24757447634328625,40.90312556698458,52.65803036869574,1.3310478574437454,0,0,1,0.23241481635555594,-1.3960085720306687,0.7674441253105782,1,21.194011768777248,1,1,0.6678988052972841,6.645616783898681,0,4.458236858093603,2.296067339807216,2,-0.05212831444167961,-0.4476883363828936,2,54.616674377295226,11.715608777456467,-0.7506086757057666,10.38959216005092,24.087374862841386
1,0,1.0489316286372978,23.785169757616124,30.66412035974264,2.0520992824786,0,0,1,0.19744882276595238,-0.7792415089124402,0.325677624417694,1,20.059547519056707,3,1,-1.5041048408514115,3.467136422740735,1,13.581764008494757,1.7127506902219327,0,-0.9450039705215411,-0.7862538659127479,2,70.94993068770479,9.362943289489765,-3.5540711773187406,6.028191520356685,28.871005618269002
0,1,1.1246243316383966,25.865486036891788,87.08222870619447,9.072817438322922,0,1,2,0.20782154204442838,-1.6414473896827468,0.6294158210742083,0,75.12691710140045,0,0,-6.005316966716125,3.311035610698569,0,1.029342542701177,4.757802699999388,0,0.41452270084652676,-0.28327734689201345,0,7.01693609672488,35.02448790495251,5.183313208451095,15.661329635538554,22.535728588655708
0,0,0.8961726729113167,48.32089003575971,48.50343539923424,2.458242340307857,1,1,0,0.49448964592044165,1.0320498644243,0.2925008183041971,0,27.03409927265049,0,0,-4.466460080314589,6.050951202600866,0,74.33115601650394,2.617126874984393,0,-0.8721757965579229,-0.08223472547237329,1,74.56173394089433,15.048665134829331,3.2261651231751305,7.815866452045812,26.18417974808677
0,0,-2.5117208847332826,21.476318404225932,87.65885137901907,1.2276729186227664,0,1,2,0.12151945898987909,0.7189437834894775,0.775723351099095,0,50.33567875892044,1,0,-1.4752270012764832,1.8773461945561971,1,0.1957285875136172,3.6571573178507135,1,1.3824554259347925,-1.7612819516746303,0,25.744459300617883,14.99411312041043,-1.7820397382750048,24.620295929043184,62.74829619506986
1,0,0.7894817848481137,47.991597326230206,11.302762998990378,2.0517467511556196,0,0,0,0.37573716414516634,-0.20008689400124965,0.13760975559277566,1,25.98497487367815,3,1,2.5116207502268892,0.9085799365658455,0,74.77564739259562,1.3211198863626468,2,-0.7163235807963931,0.7316454851727484,0,85.35908880722299,10.07509486684759,-3.850066021504963,8.866974251010296,22.13157955102728
0,0,1.4009664035464184,40.90075814693613,58.548195959890194,2.6841440807413934,0,1,0,0.27057264021521854,-1.3927000287470388,0.5207474816630991,0,26.450333043322615,2,0,-5.007867842595704,2.174643541806655,0,43.03490669735271,2.861352314772943,2,-0.7225197677998012,2.1941119331102974,1,50.47180978851191,10.828638348970227,1.3714780156130058,21.87649467627624,29.491167045033606
1,2,0.1811772781600106,69.47878870143538,8.370561867544563,1.542393796383006,1,0,0,0.9969391074293776,1.1582016040050218,0.6147808858064268,1,24.929410826774593,4,0,2.8241545216406667,6.275807795588756,0,79.86629461666277,1.0785548630930755,1,-0.4420863556003609,-0.846817153866243,3,87.94011098721339,12.44218915934658,-7.905334613703138,20.714650895443278,32.190686151305
1,1,1.640836446606314,69.0979427620776,17.114772877715424,1.852905620489107,1,0,0,0.9786027121607176,-0.3475907395095893,0.6856171282919601,1,19.98667467477796,2,1,-4.588725976048542,8.236108579600659,0,61.05874758687974,1.1326392405484718,0,-1.8892447609569016,0.9947812005986395,3,80.65913273364058,10.482543433070752,-7.529628346121204,21.44434004750934,54.114685067546624
0,0,-0.043933560765892936,24.377029785039248,87.42804644023519,6.5418966380299,0,1,2,0.20188600660940875,-0.657407704849664,0.33737008726507534,0,71.36370485487427,0,0,0.903575810883229,5.224433426717989,1,24.596868970230016,7.494104271117117,1,1.374865186367197,-0.43663727223668053,0,10.928415436888194,35.14695906978501,7.595031224969901,23.10167029672926,23.52821761330856
0,1,-0.2727144107310635,27.885603228890666,51.713328146764766,3.038138030017858,0,0,1,0.2769464014621711,0.5798183761983601,0.15494855200400642,1,27.03844166091015,3,1,9.251835875261154,2.9023292954387947,1,45.18784533505912,1.8966633790072813,0,-0.010029808218175614,1.4035268082566281,0,63.94517017229964,23.62451950510163,-3.7406992061810707,13.473475678190647,35.98758475630892
1,2,2.435688209210306,64.82337936577865,15.773686132106086,1.6056842795288984,1,0,0,0.7407208463781211,-1.1703058593037035,0.4361251704074536,1,26.462351579150713,0,1,0.9964390964706276,1.3254140903908567,0,49.66879337584483,1.4597002696257038,0,-1.8472418426171338,-0.2805171239648573,1,79.05783653417481,9.038237825207423,-4.179413591662046,18.929393565861954,42.05150880412281
0,2,0.498419993885425,34.0288761246226,96.19964916561732,14.268535746320124,0,1,2,0.24913603329791634,0.1509346210212624,0.30380583053261856,0,79.51529583950685,0,1,-2.651654198051193,15.744805938688295,0,40.964146932113565,15.377203934786529,1,0.6985711981993582,0.028687999169324255,0,1.3284836943338707,39.18965389516692,9.615938265051849,35.59844305452792,24.137405539894523
0,0,0.06097674092442439,27.428828255335986,76.5063360248533,3.739573427697479,0,0,1,0.17903231911571527,-0.20278253540066346,0.7216811995562176,1,43.534410088729956,3,0,0.9352013592209651,1.158987886390485,0,21.230006372727832,3.229126679412491,1,0.6271712831901919,-0.40480550789611447,2,43.4601964016836,20.2379635250453,-1.9729284464286891,2.6040951961115355,38.6939697974307
0,0,0.04909320212724044,22.419976513775072,93.83193781681484,6.512473243834714,0,1,2,0.11564376024694584,-0.44919007813839507,0.9821144602764813,0,57.615866604281365,2,0,5.17876212530089,1.711785466337072,1,25.29019937024958,5.157969921071482,0,0.6675952239220793,-0.5162068942543171,0,20.540003250103105,34.240853070959034,4.619505256803723,14.384433406215873,64.5942091207664
1,1,-2.158895409126791,57.622773647909774,22.708635816953016,2.4890491039873646,1,0,0,0.903485510322748,0.49753832929708725,0.26391373831332743,1,32.54646821387886,3,0,2.743495689600957,3.7819294202212643,1,68.5767523612271,1.6825198549577076,1,1.7310153231121659,-2.5014881092268846,2,77.13943508517671,29.137913755123634,-4.303786557621782,18.246684529945266,61.123790633416924
0,0,-0.951262318843197,21.423962949304883,97.80053150357146,13.800063763133739,0,1,2,0.0795746764471717,-0.3730880859941902,0.9995556727920877,0,77.18278477716773,1,1,-4.845640432950185,1.1570586190642298,1,6.057075138920749,8.965582809856208,0,1.9534929152269072,-0.28081974932907616,0,6.208110731568761,39.42343526434142,6.475336769879384,19.86614297917338,49.080354079710936
0,0,1.871013162193693,68.59920342107074,9.18384520380105,1.745140610323831,1,1,0,0.9433289060918001,1.28189505260916,0.8976099747457312,0,21.569191312104053,0,1,-9.21049710018793,0.9884912026870856,0,36.74994532954716,1.2961213621772139,0,-0.7232417204885164,0.00929256426399532,0,83.76919042588291,14.5016525662649,0.7437242856261417,3.3293134963055127,60.01088426822908
0,0,0.05133564211530807,25.414597320836748,72.27772839239928,1.4898440140953284,0,0,2,0.23606030742881756,0.11434309767775493,0.2743349693398742,1,31.01190055633781,0,1,2.4771167180094658,3.7645879200745704,1,7.760755023504031,3.1200966222926314,0,-0.817372613789069,-1.7520258794051056,2,43.08681663921011,13.052406943668228,-0.8038359107959572,22.568417010574148,40.601580822193
1,0,-0.7654296358044651,38.553745910912,74.18356397015793,1.2269251944113635,1,1,1,0.4320210478523582,-0.146926398167009,0.4916517988060118,0,35.14114610343944,1,1,-1.7817621292803594,3.337123473188915,1,19.90500739740565,3.3763622633581445,1,-0.3637178122020091,0.24608379508262188,1,36.4126467425792,9.921831937098002,-2.1919571841852523,35.017657068109656,41.99425033462961
1,0,-0.9825666557361257,48.9734834859398,29.31566119194772,1.99564813279733,1,0,0,0.7458818905047052,0.13172272687544523,0.43491788154394045,0,22.57234645789036,2,1,-9.145908047913657,2.940618429524232,1,73.73465100439351,1.77144717363849,0,0.22724718612069492,0.2468722445911899,3,69.24720849174722,33.62830172430863,-4.351466836995139,18.401675979993446,36.206289248092475
1,0,-0.039220202519975024,33.796789185436694,52.05084287905728,2.3584796364977363,0,1,1,0.25797394428481907,-0.3676007214078985,0.29290797719716044,0,29.12764961946681,0,0,6.16584410625153,1.6689842284775798,1,68.64021129993378,2.937940243717741,2,0.03463266783938331,0.527001407187054,3,47.94975925069059,14.353397461473683,-3.5466506993671647,36.085040956715616,22.203048940944495
0,2,0.5283589976721671,55.07202810251125,42.06370122612836,1.924400024244705,1,1,0,0.7202513791032887,0.7299886031790513,0.0787063786967308,0,27.49772869853373,1,0,-3.5097423095095612,9.93706676429769,1,60.79782601377643,2.4899673662926145,2,-0.17279961494309956,-1.1978559744949109,1,58.23492556265616,7.351466536031364,-0.11411930000071457,20.55812854896216,38.17784316788361
0,0,0.14584118378074673,21.2481125119361,87.97216206491892,18.8499447601016,0,1,2,0.1653861364812242,-0.6251348384762346,0.5301509641924258,0,79.31022769667501,1,0,-4.355217722024265,0.3778876940475179,1,56.205841655575014,12.717022770780638,2,1.2792401078978883,0.49804097444828294,0,1.3427423631220792,39.83896120876034,9.770939871895145,14.392733986518621,38.45058314097291
0,0,-1.686059405887089,26.094137857391456,90.87322978056164,20.584256654285173,0,1,2,0.21689436991711236,-1.1830867797358888,0.6009133298997142,0,79.02284914837227,0,1,-3.867519620655009,2.244811805850587,1,79.48910030166824,14.580269726053366,2,1.5750110260388486,0.13291291668825833,0,1.967716555763399,39.963677909053516,9.66907902666599,29.465126930649042,36.02509527829688
0,2,1.4674977514165084,43.411827356943405,90.93903042534917,3.305194478327335,0,1,2,0.2249725477602107,-0.35845019840555054,0.6041609861645799,0,71.70906589188436,1,1,-5.141901904928934,9.093586366991437,1,66.11651498696928,6.474088238471378,0,-0.4786823749944597,-0.5243249320910185,0,10.595338662531862,11.329374018887982,6.082580969473291,25.177395585854796,47.18164541579647
0,1,-0.10319167653389646,57.002204415409466,68.31666839854189,1.8508928630251753,1,1,0,0.7476408578335842,-1.6100068158469854,0.4696854993109213,0,30.392546204924933,1,1,-9.52259040754803,1.833939044524926,0,61.1688935171879,3.229659758211605,2,-0.22316726477547633,-0.8162440639218583,1,39.37637010540339,10.951481186059464,0.09368085862264941,31.132841976585404,58.0040895902874
0,2,-0.8892302294050627,44.69547136047194,74.5130192648014,2.990519157825986,1,1,1,0.5666436152802565,-1.5407068781076587,0.4474884459678687,0,46.41491574151757,1,0,-9.01325220131842,5.302297529286515,1,70.80775362458522,3.5644725224165446,2,0.6018757708472358,0.49778075131544697,1,33.73370661953833,24.965894891664938,-0.215581578352257,31.508499797900676,29.409847721492902
1,1,-2.5418169661012437,57.84282547190594,22.790485951089796,2.5756168770270387,1,0,0,0.8792111434565855,0.7319117104070654,0.3843590794821118,1,21.482678733769124,3,0,3.08908154754028,2.165349968622753,1,10.08313981723898,1.4002017677743026,0,1.0561491013469455,-0.9253008161822155,1,77.75116464460893,26.796416904362253,-5.7270192923224785,28.730903300266593,63.80451512283919
1,0,-0.15310376743701268,49.38605700063674,14.988396500948397,1.339274618314417,1,0,0,0.4699932644446686,2.4881159894251956,0.7103513895857887,1,20.14005085655316,4,1,5.961871493723718,2.1240460853540486,1,30.517633237893662,1.336956749310326,0,-0.4061694712217625,-0.02700446065185216,3,81.26354308669931,10.243511251128467,-6.11138950272683,8.794430088750659,40.43944565309719
1,0,-0.20246101829156585,35.179431935152934,73.21916009939733,5.2613451261938895,0,1,1,0.3061796064982362,-2.2659229743696683,0.999877466524568,0,24.561537213799333,1,1,4.98221729920761,1.1819690189398568,1,75.67134518302358,2.9861921854187274,1,0.33708501855632017,-0.16556610786342144,1,40.237805020885496,33.02362749456525,-2.9259821124845082,3.860801686373292,34.74695201876892
0,0,-0.1268079317281219,27.35526052962637,61.022207763581925,1.5906725806916528,0,1,1,0.15746659525553064,0.6508683240969512,0.03629118889318217,0,43.41665943013044,2,0,-4.505429957783898,1.9467665639835077,1,41.948428638592425,3.068648228409583,0,0.10880309197974149,0.6818646815629117,1,45.40225594291956,8.656760752529795,0.9943573161658925,36.11186625480364,51.324867851825346
1,1,1.107512913248908,68.49450736879291,0.9686113637247473,2.231158855188697,1,0,0,0.973154477462985,0.6847641545374883,0.5514549754664276,1,19.065927119089103,4,1,-5.649440392985276,1.6082446522173415,0,64.49272390874795,0.7278448351225337,2,-0.3308093732914398,-0.343739997562709,3,96.76069883728611,7.9842294693933,-8.121552168630865,5.995929200929757,42.29314999990227
0,0,0.4574473493790083,48.67446802204573,83.7450419490477,2.771670054825379,0,1,1,0.41874491616769227,0.46922104178958374,0.6292379835913984,0,47.624619721237124,0,1,-2.3583001723556514,4.636735034811389,0,55.95994366110317,4.585843830794483,0,-0.2626352815762194,-0.06748209201852516,0,25.553446384985236,14.910323145226902,4.0056268333389475,30.52726632650387,55.272585226602324
0,0,-0.8677143278606682,36.21796907562074,56.67907271484047,2.6785007340151337,0,0,1,0.35922447208293345,-1.1414702147426916,0.32273267948710577,1,36.125689355637306,4,0,9.369889774734993,3.0244463315505756,1,64.67920853580482,2.020316308428047,0,-0.5354603982188404,1.397078865386698,0,58.80202765988418,21.440092918543918,-3.325431915016721,12.508591167579088,44.11652896396285
1,0,-0.16981894610248788,32.08267065207805,13.07898528209493,1.636673593787737,0,0,0,0.17886398199157716,-0.1452093455813437,0.5096210942587691,1,27.198285331656695,3,1,4.088133777260756,0.825314135058666,1,12.642037253000375,1.301609721527593,1,-0.468555417976969,-1.0181912412774203,3,84.54247208958338,9.092277905930944,-6.339795969875866,11.376233054390102,38.96839275591663
1,0,-0.8253268039177808,63.97517992277963,24.70032992281815,1.4970120046859487,1,1,0,0.9227642660298051,-0.8503802214983579,0.8086579958382851,0,20.086566619118766,0,1,5.614600359730774,1.727022982136214,1,79.88160978348634,1.8863458011422596,2,0.39324025343875857,-1.3370477564580414,0,69.8713936378734,6.906497906341647,-0.11865900158801068,11.17861017429394,62.965183386929176
0,2,-0.06594834668212898,35.357095323509654,80.43400792280738,4.61632566212274,0,1,1,0.24841793924783967,0.3281381136463406,0.23339684034699332,0,71.03794818498683,0,1,4.439871933063229,5.556621801768376,0,31.68799622987698,7.67496193268463,0,0.2662893442676737,-0.6227009617703753,0,6.864283179074427,33.35564415645392,9.244870455824831,17.26049509151451,28.987757006892835
1,0,-0.2679106197388544,53.6517977061533,11.857199840278776,2.450318439634969,1,1,0,0.741524585212801,0.8078118495733702,0.4264846209418644,0,20.85263400482125,3,0,-1.2175425360342444,2.6883157817349024,0,35.21723746361462,1.3983639399388423,0,-0.0040344469419359005,0.09356767599976944,3,86.02236059041016,13.693055774183222,-4.390419785857855,11.323318110505387,23.554444862946994
1,0,-2.820449487213428,56.00145764171361,12.446356898327792,2.129418837257272,1,1,0,0.9667240893281608,2.034503997451053,0.4454595715788553,1,23.487336452607565,2,0,1.8836353919000608,2.1348215178990584,1,23.50743925655498,1.4971735103290862,1,1.1291703612011401,-0.3658256594682872,3,80.47683844615796,28.03520353942131,-4.874125584922854,22.973101571925604,61.840881474456936
1,0,-2.6728196370520716,49.932285136745584,29.425519794660616,2.1809753648595414,1,1,0,0.7848213743382573,0.01364075432214104,0.3996629636777665,0,23.135995824155078,1,0,4.635272777009622,1.6667246337340669,1,49.86297699200846,2.0511874858925885,1,2.2226029293007388,0.4450619641167496,2,67.93505673908176,35.52488253555534,-2.6762228759365616,19.462601363569114,67.8680502944882
0,1,0.25172428361667154,47.888062317395466,86.13395993629109,1.7166475332155116,1,1,1,0.5200316391250174,0.06593312981778922,0.875784731962155,0,50.923475448794484,0,0,3.4797436180022796,3.9908369007717646,1,27.579231664160375,3.783531732895926,1,-0.46492756513379097,-0.3082631046522469,1,27.265934247246413,9.288750976724895,1.2144390556132318,36.01879691169526,26.794072456573048
1,0,1.283833634802882,57.528105767679875,3.663045083227062,4.318925814083447,1,1,0,0.5526060902593939,0.2722654514107224,9.87347958000262e-05,0,24.946343178928387,2,1,-5.1834075692009005,4.456102006538842,1,23.042705238032013,1.3580491114442639,2,-0.37898716223868384,-1.0633625775910036,2,94.19922369627187,23.19990878081868,1.8877563233251653,21.76979890756791,66.2949074429018
1,0,0.08189826886799,26.842675043148226,58.043695481304894,1.6493844810356904,0,0,2,0.24836951373672228,2.3022832908725137,0.5481226268157957,1,29.294815159681754,2,1,-3.9885237628123527,1.6477308602983438,1,25.368677385994296,2.2384154241662757,0,-0.13845223987509905,-0.4086925848893279,2,57.4983779766951,15.316766507845132,-3.9699028088864434,19.84533057323311,30.45762509116161
0,0,-0.6783302986159118,31.805255001215308,77.14863340855003,3.034077892033777,0,1,1,0.18680012247051048,-1.7449116331204906,0.9726168781454612,0,44.41060556470823,3,0,-5.290604761467048,3.374408391093292,1,43.24224132958339,3.641656040914811,1,0.6390689818996376,-0.40743399969590555,0,32.9393900177556,24.40165884822359,1.042806821164179,3.710036357878317,35.13706896831148
1,2,-0.30305216682106273,52.762630446745256,84.36004694948723,3.3285864495721524,1,1,1,0.7190314106525983,1.2408548162598358,0.9745162084144288,0,57.52325787130194,1,1,-1.6725176418326697,8.507892278820734,1,16.734045899520584,4.44551021202804,1,0.30846528066910894,-0.7123583246951656,1,20.647042559603396,26.43223845271827,2.9967972265224283,26.319010094525673,68.20639396637283
1,0,0.04724273165716506,47.11403915629115,41.94931084976132,2.0481235833888967,1,0,0,0.47479367122519495,-0.03419093742228763,0.797370839026351,1,21.278176322251102,2,1,-1.8542777987959163,3.970763264222924,0,48.44494114410983,2.2792290079382114,0,-0.20527334127414476,-0.837156467320387,1,63.837596173530976,11.716511331186615,-4.497214940792582,11.343212769325778,24.831514720935076
0,0,-1.1901373496296683,64.17107945611036,51.530305034779985,1.6793187814393482,1,1,0,0.934235144193277,-0.03224146592680526,0.04945135082332064,0,32.78167611133063,0,0,-5.4294617519460004,3.3378075664378777,0,6.240639021108727,3.2970355366522375,1,0.9872484597089901,-0.15165300283587357,1,43.222352279830496,13.60175073310584,3.3490233464899877,38.98991169989096,69.9348162175641
1,1,1.617842532256936,62.6081766126179,20.883493621449507,2.722084325530185,1,0,0,0.812934735123586,0.7106934147253582,0.13092045228081178,1,35.442672775931065,3,0,-8.875773444832642,1.4684799105637878,0,19.022389741564965,1.546570470523877,0,-1.2212399961280433,0.8191848399769645,3,79.86925556197914,11.250547197515308,-5.6084594759249295,22.775758005423377,26.58432967838348
0,0,2.331777739240064,45.6300075072579,35.41765907728164,3.5608027396312942,0,1,0,0.30317184760540117,0.16039848718191688,0.08364113732948542,0,20.732178349375946,1,0,1.3269608413815241,1.0932368426544676,0,60.98276570202532,3.1118966728352673,0,-1.5578338220668184,1.1047792718739646,0,52.63447526675201,9.644048212780941,2.9732552226385227,20.020580319543285,24.557181690691674
1,0,-0.6462197127312269,47.707569855712435,44.60211591346313,1.9736162470564766,1,0,0,0.5617877261254223,1.1573026662178345,0.6187648975236881,1,21.733218971910894,1,1,9.824149969274124,1.6680301270545577,1,67.56734137080534,1.5954016487470626,0,-0.008840416917365927,1.6834723601332513,2,72.765708147839,8.02387440988368,-6.747516958665621,23.09770924383428,45.940890981712585
1,2,-0.11632498217589382,69.21131054451564,4.67097370110095,1.8913206974011336,1,1,0,0.993107300218701,1.2994064750164303,0.48151929206818267,1,23.16775833254561,3,0,-4.19677402041586,6.700713658887804,0,70.18612496830858,1.4367252944598479,2,-0.22981444232773562,-0.023887078900419426,3,89.18537482995625,11.881213879962061,-5.954414791982741,29.922018255038658,57.09538813851555
1,0,-1.1094336056772713,23.63744905748929,27.508079577909385,2.553865614841916,0,1,1,0.1530907769365546,0.14334488124783523,0.34186076504036517,0,21.699838791220373,2,1,0.5645269721686716,0.948143282143271,1,0.4760870435006703,1.886732953705816,0,1.116448844840269,0.12443957686993978,2,67.37389074608548,19.621254096853527,-0.6070390327104143,3.2427901512039203,62.17730018455324
1,1,-0.2799955419625705,60.64576296343336,39.16779036201804,2.038543235028352,1,0,0,0.901570842326686,0.30453718974869487,0.2912863787362439,0,17.72008261682189,0,0,-6.140636349093121,9.044725533635965,1,76.05632023734981,1.8845086780662015,0,-0.274004755137267,0.18928657162606977,1,64.72429717832749,13.704069467554925,-4.126936664126588,22.564337264025852,30.949734352226635
1,0,-1.1187578827415792,56.67566088962219,15.268568027104212,2.6190028646520793,1,0,0,0.8634473927641082,0.849457529017751,0.894482088780537,1,32.20674084823216,1,0,1.081340979022901,3.296478789278798,1,60.97420633872364,1.2002575007563456,0,0.7339973727167324,1.6311789902380671,3,91.03973581306627,20.92171003266348,-5.9929369979107605,7.50295135888414,61.407841883924306
1,2,0.743513550022155,54.10413665818598,57.3456255126616,1.756444126943101,1,0,0,0.6557028159924848,0.560333966572826,0.5399729221418643,1,27.489412743901784,3,0,1.379894500482152,2.688170977962645,0,7.306478060888177,1.6808404925457325,1,-1.285443902275878,1.793131510497398,2,66.07091641461213,9.428617598787966,-7.838421331636694,37.770056931217304,23.394260109607362
0,2,-0.17406201010023098,25.40804464272313,90.80999390095566,6.428362450058657,0,1,2,0.1629230550195651,-1.657021128728134,0.015670043923482757,0,78.71383805340322,0,0,-0.796518793872508,6.5543583303132325,1,12.5432683614847,10.61744409344717,1,1.1988450148880847,0.8507730382382217,0,3.275008901331089,37.43104652146475,9.450824204350198,39.309472357830856,39.83345204152735
0,2,-0.8561117080790114,27.985263517443045,79.40261046965813,6.401535989210264,0,1,1,0.17818311890523908,-1.6662727192606313,0.5068264582239047,0,72.29183443788864,0,1,-3.956429016652927,3.700214806051099,1,45.14218510012527,8.43219902038951,1,1.122590034534677,0.8250720431494372,0,9.69394463299061,37.39940022051344,8.914100102568558,8.545618761251891,33.791956761469606
0,0,0.12166616366500387,21.300278247120282,73.3682770827725,8.90428546676586,0,1,2,0.13178268128509668,0.6526160226284973,0.6936077010955284,0,42.62486025137741,1,0,4.130160597415607,2.3736898253593246,1,46.34928456762235,4.043103119002712,0,1.094982749383013,1.0188990914598912,1,55.45904472568153,37.7487070553215,2.5078860732523225,8.54155878223376,23.07867194515651
0,0,-1.0091601469972085,19.37826898409957,76.40454795045324,16.666947482817495,0,1,2,0.09325672350657882,-1.0652982894123961,0.22298506027720427,0,77.49073381234902,0,1,-1.649572834666536,2.859274878719265,0,74.00782494404503,9.853073054730263,0,2.8614185450867704,-0.2784053612117533,0,4.978244170922092,39.52837316426035,9.636898608400088,9.634497304172076,33.095158385477795
1,2,0.4555541675343684,44.83659225647374,81.01749819300576,1.7402372662700574,0,1,1,0.3624280584827101,-0.22037099501798124,0.4005921887609325,0,56.08813610947404,0,1,3.406836185551425,9.460909896726367,1,11.794706094236421,3.326516516204145,2,-0.6387125260194618,0.2807321977832904,2,35.062349181151376,13.939589568798002,-3.044156805860297,36.791742494153794,35.977150265665124
1,0,-0.0693025363215718,30.118724136503968,11.247828189570141,1.8360744345053261,0,0,0,0.18510189555237738,0.17886125923294327,0.020872233586767486,1,24.259191889849472,3,1,-8.559866869389142,1.7694000611127152,1,35.896032444441104,1.2896309530599201,1,-0.2846435448388992,-0.29302869761724964,3,83.88176595263685,9.941930988512446,-6.022003194593493,13.72225582472498,35.4335577479234
1,1,0.23950241709123538,59.72299063246969,5.025060127780262,1.2030864192045914,1,0,0,0.8073059085478709,2.5537852411974225,0.491606655364075,1,20.472335057478222,4,1,-8.941460177623611,2.4891112801687,0,10.064403647024843,0.9918790550059383,0,-0.8237179293547351,0.12996426267338657,4,92.06892716992155,11.15487672748015,-8.463502781608952,14.067139022546735,30.161521189385915
1,2,-2.109413529711953,55.39988678789579,28.98381704213574,2.171735253807877,1,0,0,0.9034793622424263,-0.6374105807232147,0.4423520434984858,1,29.051935035575287,2,1,-4.2859014857871784,2.4267455752305374,1,30.62816288143118,1.6527442559449788,2,1.3073323194161741,-0.04812167319904423,3,75.61005577782679,24.863810826371058,-7.287367347644177,37.379633121994395,46.787721163218706
1,2,0.3665254694378462,50.72185133958188,37.58121041091971,2.240017173178008,1,0,0,0.5975082833398316,-1.109058877408867,0.3852026536189509,1,21.308182630205465,1,1,-1.8032671287817639,6.075272790966942,1,44.85222955859019,1.8047857175091022,2,-0.2602812408250181,-0.41394138270789027,3,70.463071728408,7.332816392075068,-5.9726271464446,19.028781141176616,46.61754685629221
1,0,-0.8122556894957388,54.282436375624556,38.3369162801325,1.4078065096047465,1,0,0,0.8506085094198312,-1.5413516449649047,0.7985668861607363,1,23.259338935677185,0,1,-5.34556966043298,4.574661174967231,0,45.88139141872227,1.5940269174183246,0,0.026107793418991675,1.856176780699297,2,72.12370355562328,15.056553760354552,-3.9399084668875295,6.6339870856302845,54.00269812431843
0,0,0.9030028582008066,26.113855242629043,71.76306400513232,9.090851098938606,0,1,1,0.250700033734491,-0.42180194976892493,0.3622181343966351,0,77.81906204117854,0,0,2.821132954003435,1.326957533952493,0,49.09180597792762,10.84219425779281,1,0.5184851538560611,0.040585315548601654,0,5.35939111433672,36.95176934973006,9.712063776943364,15.495265652229913,29.652754471860312
0,2,0.13725889707682454,46.83216830052345,84.9295098375227,1.7845297144685413,0,0,1,0.402498812608028,-0.06040918120144842,0.8157193651432044,1,28.061279701637886,3,0,8.315151246245943,4.361045599378883,0,5.27147546255641,2.7622301215633764,1,-0.4995985929549445,1.465812888963299,1,41.38426683085986,11.831353663088064,-4.202176231320268,36.68369195279904,25.33038060807099
1,1,1.3348854830536987,48.31897341441075,65.64865990936913,3.4466828938707583,0,0,1,0.3340858553082736,-1.2029005684348888,0.8367601712882635,1,28.99900216697748,0,0,-2.130543008422916,3.421567814085869,0,74.27029636083722,2.5783946189774802,0,-1.1358528253588054,0.7293034351687332,2,55.6797381648269,15.139923354973469,-3.129988263394024,21.850155026527815,28.243210263547425
1,0,-1.2689395266726604,60.98486406549026,6.380621419639931,2.0243266251045156,1,0,0,0.9283866878858595,0.3097943581346037,0.15980010105691833,1,27.76216747879177,4,0,-7.857430238093589,1.674114205154051,1,70.30131515189395,0.8675054676660223,2,0.5992277661032217,2.42137750570162,3,91.60401486297883,15.356261175004873,-8.438607765246841,24.79130256283326,39.62489308294175
0,0,0.21785573683301565,35.79239539215743,33.569254608612084,0.8750046804597335,0,0,1,0.1823799947330954,0.5989554782520267,0.5083984862056786,1,29.011642479805168,3,1,9.978033883692994,0.5903872790960475,0,74.9521370046553,1.9095918603313917,0,-0.7281827224859546,1.100286817211914,1,74.08772228537929,4.528482910259202,-2.520477453994813,9.676551435994476,36.564299372780326
0,0,-1.129317064781045,40.39851037200451,40.94955067031773,2.2304103423342068,1,1,1,0.45794549674197693,0.18943624156498712,0.41625963709012836,0,27.81718908014483,1,0,-4.285711660615224,1.7651061974836049,1,38.266375944993264,2.0941306482498105,0,0.19038338133136706,-0.869610349481052,1,61.404292676565184,17.657548722414145,1.723732944378538,17.072872517464805,66.92451841597561
1,1,-0.6334221836164312,42.5068857045621,78.50253312587893,2.1336951174159338,1,0,1,0.48285169717703613,-1.5393798159577756,0.11579648115084129,1,20.024735517469452,0,0,4.4816581330523775,2.922122163293029,1,49.375190825990586,2.956610636484495,2,0.26389027651541613,1.415387307706507,0,45.30839912156617,22.58955435582674,-5.525356253457114,38.05846029834179,52.43244286903753
0,1,-1.3996639250605472,32.34640268070526,69.48468052830277,2.1925507269334643,0,0,1,0.2617836285373282,-2.362689287085142,0.7283439805005283,1,27.7312008029184,0,1,9.322379874986598,6.0575575101940125,1,22.09671647830166,2.837255558137093,1,0.4975292005169819,1.0301469020930543,0,50.31008750874608,20.111315657504253,-3.351484407494474,4.868611080899177,50.193762908238426
0,0,1.6936347590383227,43.160976497898375,47.68302171607236,1.9725896674514098,0,1,1,0.3379591254007682,0.13050555825203514,0.7637800425444785,0,22.73510797646118,0,0,-0.4404118697731967,1.4023871428465915,0,57.75529701882974,2.200742081689225,0,-1.3874011650128564,-0.9443335573501648,0,61.7679368426448,9.899808889906325,-0.7435107274740815,3.2384243902742305,28.273876780460103
1,0,1.0140525425884348,29.79155553809134,16.66116689688612,1.8826927420922634,0,0,0,0.16465295732311663,0.039945505182610974,0.0063294549014086265,1,17.589043721961506,1,1,4.985355022519935,2.0664058153938907,0,14.35813223125181,1.4255573087182263,0,-1.3961050257482859,0.45319917812415245,2,82.70669073236827,3.7760634681143523,-3.0018687125632244,10.408843458940446,25.44131088330131
0,0,-1.2062942204133997,25.450600057053336,83.79978180654474,4.015861553861739,0,1,2,0.19095411333605833,-0.8874582587338424,0.7185758947978733,1,41.090835320150205,0,1,-0.997522777816064,1.3957805853703833,1,65.58816758397668,4.411407844640373,0,1.067409964197552,0.0512043984737534,0,30.355708064088827,32.367215073185406,-0.2012646377254228,30.340921949992598,50.507657077674324
0,0,-0.5082759096032141,19.50276136982483,48.35565861352534,4.447848029362553,0,1,2,0.05554098191533341,0.18350443869078675,0.17334369495916446,0,32.79947029259207,0,1,-3.2457279270122985,0.9006191059262734,1,20.004332835543714,3.766579407401527,0,1.2646669585939463,-1.008038743943624,1,39.73047335274692,34.16768105790958,6.30356062059078,9.884207496415254,29.514406923867618
0,0,0.022479328055530032,35.11892176482989,58.63335761282224,1.5578213586189873,0,0,1,0.2646976706435734,0.6099500460950699,0.614010291203209,0,25.60820143474613,2,1,-5.9712079883267055,3.5055810658411612,0,41.373662457610855,2.5540974122701603,0,-0.4227569567669863,-0.02518683150997412,0,57.49163724315986,20.441138443268486,-1.510786757356266,6.215590079536537,41.6690401524601
0,1,0.9260525438470961,33.191513802903216,54.0255542941408,1.6070427454245864,0,0,1,0.1888576164816983,-1.4416714666458894,0.12342687639195171,1,21.433685465750933,2,1,-1.640893504287737,2.7679907301272704,1,33.77544342885605,1.9806692950918028,2,-0.21269387501999484,1.016678272988299,1,60.16025284650275,4.834398358655301,1.144437649268351,20.924031765124006,32.123455349188006
1,1,0.023356571449340578,68.01977295726346,7.062440765891226,1.734266453723417,1,0,0,0.9694508145170644,0.5459498015918629,0.5045643505278974,1,21.292522449074426,3,0,-8.836247015506885,3.1198465665424404,0,67.67465589594286,1.201944422932219,1,-0.5206880941953114,0.6114138427828606,3,88.67235983722178,11.440520874530055,-6.383133414813895,11.425060765237912,47.121322085553885
0,1,0.349585484912179,42.39319176110965,76.2186803109857,3.14152796041357,0,1,1,0.2651498985221529,-0.4546188847300794,0.652520027659834,0,43.154477370482965,1,0,3.4643908792402023,3.9071555280931722,1,75.45019018642748,4.27281895148496,1,-0.4136539887700398,-0.7600453045768243,0,29.14912962640182,18.290470228066102,4.081191860885427,25.02678681979519,42.625931952483
1,2,-0.9702718109574492,67.2634818819873,25.60994811103908,2.5218260757827373,1,0,0,0.9863971857665205,2.602573763335057,0.6350895915938191,1,25.222027338944706,4,1,9.741803684835023,4.959291519813449,0,74.9307455498444,1.8866613688979186,0,0.09049982618967228,0.3516155854439335,2,75.05453380562955,22.68109175253744,-5.876452271945086,31.682209540357285,43.277236463734475
1,1,0.5730754354653226,59.59832376923117,18.80211391597747,1.7088383407147023,1,0,0,0.7232175852853522,1.9706457136361553,0.5850916102191377,1,22.101777699915488,4,1,-0.7982057303045877,9.30919351991561,0,52.85664985292733,1.439230695713007,1,-0.7318157684283703,0.946193079621829,4,84.49135755016025,11.732937284409067,-6.708087458794642,17.25404923805941,56.74777214065202
0,0,-0.771983372261673,38.820935204025375,43.82738187686892,1.738459255139377,0,1,1,0.4419366921860853,1.1714563066450803,0.40422454980032363,0,32.625479781253766,0,0,1.1753945011171822,2.5946243352388576,1,40.9529162218565,3.254945862162543,1,0.03308310748433038,-0.5927814275445034,0,34.4701872975686,12.009513953390991,3.9469037855697735,9.797596631199884,69.33544923087626
0,0,-0.27686465253420545,35.371934284947116,82.24270840351569,2.0080792152713847,0,1,2,0.3015248067240919,-1.0840515918120546,0.3791335290399477,0,73.67856700236288,0,1,-1.9516777068640874,4.114326731543013,1,44.15865903808601,6.849082303953109,0,0.7379986299786606,-0.8499999802803212,0,9.919941887981876,11.247925853146263,9.141307568342206,15.572413206356297,63.623368204769434
0,2,-1.1652192396805183,57.46106952891189,47.54380940986472,3.7500913654937302,1,0,0,0.8861698386460821,-0.9157594611836396,0.7084293465997235,1,18.581564652106618,2,0,5.359831604772943,6.559249093601941,0,9.249389442186885,2.34848735609739,2,0.4476508184946972,2.22606056670407,1,60.36990843370528,29.833808331149648,-2.263374415342688,8.958255322610606,64.25975080486359
0,0,0.7557864075274151,34.65974356415999,70.7940861478319,2.9299630452235648,0,1,1,0.19309808536211542,-0.42058820254653556,0.8322102567069647,0,46.17241419916374,0,0,-6.087069436193183,2.0887156576298347,0,50.847087551959106,3.595006794517494,0,-0.5478110764461377,-0.2281582730867889,0,29.426834804996016,13.7384497556315,5.804621628341312,2.4627521749406522,47.391762445159614
1,2,0.123130955350888,69.57301615162027,17.84469334592748,1.8956271769688533,1,1,0,0.9948907837222525,0.7685759871180571,0.21107727783632657,1,21.81833111775714,0,0,-1.4455157849228293,13.70251374410502,0,30.110321181889308,1.7521915124036809,0,0.05512599857468196,0.5615021238294662,3,75.04304738020862,10.517636758572465,-4.184610773945692,33.70533999272891,69.13244075608728
1,2,0.2892404057570652,64.88244756359916,52.45606725915187,1.6424877591213194,1,0,0,0.9243552975140901,0.16546021651754453,0.5931300624379341,0,21.080325362333827,1,1,4.000466551956375,5.251982038948968,0,23.235775034640138,2.422847253745216,0,1.1004246315608712,-0.3225627933572659,2,59.483250037001625,12.799197143357052,-4.889745436362287,35.07385022885813,67.57085053339893
0,1,-0.059282883689589214,39.100644659938304,39.88514872063843,3.8542364048184297,0,1,0,0.2649643409291985,1.0404300287100234,0.30834544746036563,0,32.5396658418689,0,0,6.017105275862274,3.0888835926796787,1,78.70465244277457,3.6975316999236076,0,-0.8995323613187268,1.8370166241429111,1,46.245356150442404,26.338053213692504,5.0059904445375825,9.333864851791432,23.27465179628145
1,0,1.022861332751574,51.57935390755778,20.153320831709603,1.3154785318196893,1,0,0,0.5859465896100897,0.784836244108939,0.6570372912851878,0,20.99175591165334,2,1,7.518527644393632,1.8923885543014278,0,71.68958221763064,1.4604315091517068,1,-0.8302384535849373,-0.017522327780111757,1,89.88641222690914,7.523335283401337,-3.035489061373675,2.017840274140217,51.616114280591354
0,0,-0.21627597595659834,26.96073390888362,70.58417757841666,3.6970758213139048,0,1,2,0.10942010484629855,-1.4233299105267927,0.33407583892888065,0,67.02260584208113,0,0,1.788770618651137,3.1950395190173673,0,9.699447055128028,5.765536514583846,0,0.00380855994128423,-0.06020262121377285,0,18.972803481006462,33.54197742774589,8.241506963465717,5.836479677546689,53.84286652933838
0,1,-1.102542933981348,28.387226157121344,58.27851488548944,2.697570093779726,0,0,1,0.11404484350152477,-2.1732124151073706,0.22375887123405003,1,23.736130119270847,0,1,6.085539134617676,3.769305096671853,1,50.763735415719054,2.3316273020958986,1,0.5819253846404079,1.5403863306665675,2,55.28009020535855,19.30554744180625,-1.246667859267795,14.615306606521433,48.20665771906748
1,1,0.009467785063246895,58.07532817852286,15.639947202442016,2.215123747376338,1,1,0,0.7122743358519077,1.1125839693801158,0.6193536150489668,0,18.16422660692778,3,0,1.9101687513899215,7.453658084668979,1,29.733167862651612,1.364257326860493,1,-0.3267030789225632,1.8744872176013287,4,77.3239451223366,9.12585909979546,-6.943107399987118,6.661640037621779,35.24076398406277
0,0,-0.985713428692106,25.44848002459929,80.04611202641291,2.2655203294425306,0,1,2,0.1784708025710064,-0.1665148257162813,0.406794778778643,0,54.872369367021996,0,0,-6.350912578098315,6.568555311881424,1,1.2666213152828298,4.656578538926316,1,0.16544158720153068,-0.9383101996746849,0,17.645946538901562,22.32331615483284,4.1093336785249885,13.2442676249518,60.50347101294788
1,0,0.16360291045139172,26.11074006220509,81.55066486851314,4.192460672468024,0,0,2,0.239360708498552,-0.05910329658190694,0.5297447370464219,1,31.52756814318331,2,0,9.095876284567982,4.639516369501867,1,34.029752983108686,3.061592324297737,0,0.25431706869501314,1.822580855833763,2,39.87034676231752,24.97482474106288,-3.98491273197868,26.757146626507378,26.462941381934414
0,0,-1.0280287918243123,21.242349333163776,81.29298333533812,4.472205708124111,0,1,2,0.09752584315725754,0.5061159778805201,0.5028891616253923,0,58.15659776403423,1,0,0.4314530733200641,2.453591652675297,1,3.960886639453638,5.4330896031205835,0,0.8012746742881293,-1.1066178204861359,0,19.76376160895608,32.17777077321547,7.428237580306938,8.41367800776694,39.745661603274826
0,1,-0.2619229925327728,53.99293697655361,31.844653201414697,1.7296439813627842,1,0,0,0.7170137268567177,0.26564754636222065,0.10791852173786942,1,26.043479233331396,1,1,8.782375796990461,3.346338014200297,1,76.4146222247628,1.6335069769700519,0,-0.3408641758826898,2.4005306605203103,0,73.1594683871017,10.361808577239742,-0.3589344001191854,10.970162928619526,66.03931057459545
0,0,-0.9710410198679921,21.737499763865273,74.35333360359276,23.69617065258744,0,1,2,0.16217601533713027,1.1013058471987784,0.522756332866261,0,79.72233809010673,0,1,-1.1408458576731242,1.0344838910782606,1,67.57583269395613,18.7224789831037,0,2.2603268557710052,-0.8897511749726013,0,1.0018589131390532,39.97814232243492,9.986432361136178,7.051881552501005,42.97245736316255
0,0,0.02046157363995788,20.335020412119132,80.57655719040488,10.430571414668716,0,1,2,0.11553408460653858,0.3680131399305028,0.21089477449781124,0,75.99586279592144,1,0,5.0750123276188255,2.8486062265575076,1,44.28337384767409,9.352911243103298,2,1.1938223820211233,-0.7341028557228415,0,5.9565864218882325,38.726158542682036,9.33189141122606,18.731387598634093,39.36526927490986
1,1,-0.11173279288372122,55.940200768431325,34.688986261676234,2.5234089274149283,1,0,0,0.7581498418595354,-0.6709015709739319,0.48392927617176273,0,24.46656926384709,2,0,-0.024962191099902498,5.536990343352302,1,79.68671654863743,1.7891248796431158,2,-0.003057873617406215,-0.6339181682723076,1,68.27284910878141,16.69017451359355,-1.6894732097309735,7.105622361045398,27.203419445227603
1,0,-1.6750370994348858,53.241497515602155,16.015823982012545,1.6492945384558817,1,1,0,0.7835218657827625,-0.8047849509723194,0.4841398394858508,1,18.66413831351908,2,0,4.89580038335947,1.0700575280741262,1,3.4158487575777485,1.5226352997452985,1,0.9076471304268902,-0.030821028971642326,2,78.92761262071024,14.064991987320358,-3.969455349196915,10.359573498026242,69.35934309013017
0,2,0.12220128485086225,30.779767565344663,86.99593070212441,7.249002530419851,0,1,2,0.32781531988495616,-0.024298470650589064,0.2774073757521817,0,78.49767619571256,0,0,3.3654820732867012,4.557203216736877,0,36.20106165265872,11.112248447941809,0,0.38666660602536984,-2.12921025118348,0,2.9702820254897953,36.5517996510475,9.706255724287885,31.548723233859377,28.42292016681268
1,0,0.05849426155662614,22.28584730950638,17.851391680011158,4.233299405900846,0,1,1,0.1372436671543687,0.06382956175676215,0.347686501955477,0,19.525644875260166,0,0,-8.459978972982475,0.460273346366844,1,49.52849007532342,1.7746421627570954,1,0.4619886994936332,1.8009296323912778,2,70.95200262145073,28.517893106775848,-1.3197834315663837,1.0678010278834438,23.103039533742894
1,1,0.41495554593593365,54.58700407069526,68.72666062887573,1.6362670798461711,1,0,0,0.6868538018913137,-0.21053569571546693,0.5599534582541003,1,25.720938842595697,2,1,-5.5573007715768945,6.992346222887971,0,46.79616901787682,2.6442444128641673,0,-0.3108138350604302,0.688313324225503,2,47.348019199987846,13.981128512579954,-1.3124965008056932,32.283356798049105,43.359730232556245
0,0,0.40948377255258855,24.047352489293992,38.35508373277603,2.7074233211263956,0,1,1,0.21750975773265807,-0.8656926908439223,0.16179720100897577,0,29.054872641191135,0,1,-1.9742073956076567,0.6958425153842188,1,29.505118512311576,2.7361503494851145,0,-0.21205752275189893,0.21511984419772096,0,49.22054276196969,14.998269361475254,3.4801489233150917,7.673034084010211,29.025354769011123
1,0,-0.8968472265914703,30.077260205474552,23.16810438833057,2.4643048490712194,0,0,0,0.20697528944848648,-0.6835100557110586,0.07857980634101142,1,18.788359180476345,2,0,5.868338737800274,1.316714838945274,1,19.990045146456552,1.350588248632966,0,0.16043462190390748,0.7522507470445344,1,78.73415581305345,22.334840291199278,-4.471692699293466,11.74826547460627,39.593555913760355
0,0,0.36059328076334474,28.456736481335746,85.2603722943411,11.583659535956278,0,1,2,0.18329648995421616,0.0652200376844697,0.9626289952534883,0,68.16049790114599,1,0,-0.7764073402818674,2.0397536242556225,0,71.4818217309824,6.290121608049185,0,1.033267743403662,-0.23825189406027655,0,15.088325095214895,39.09322012518614,7.085295751255064,7.047370013427859,33.81197457072996
1,1,0.5339982220927652,24.27049725792638,55.500343668901195,1.2545753328837148,0,0,1,0.16488819774162816,0.5680323670216098,0.33446202648390944,1,35.444437856410836,3,1,8.624167283081142,6.301220678934682,0,0.0010804994976743032,2.1740456265126435,2,-1.4561867572470182,1.1420382027219829,3,65.3758503913316,2.520837039958397,-7.193050729326815,19.560002914845175,29.495670797918173
1,0,0.6378041854658333,63.7959848487366,14.887541241808638,2.799334530140536,1,1,0,0.8762429014150757,0.1952854900760027,0.5138704624166407,1,25.191528530158696,3,1,7.075266578953851,5.038623647223363,0,50.43361115583288,1.7168231595292756,0,-0.8310482480705003,-1.136453444481685,3,79.04384411779535,13.943951529105334,-6.611298705355201,16.57932683863204,63.68555947334477
1,2,0.6155875664024743,54.344984034858406,39.896793767874236,1.434893083914994,1,0,0,0.6947156435255777,0.5901619250045617,0.5605364195585081,1,22.937413662518125,0,1,-1.1181372323117245,3.6951965562697815,0,29.893709268196716,1.8538953068061,1,-1.0098436538797144,-0.15577358610516637,1,75.09891123037352,16.082012978901982,-3.15387040537781,27.640511398022085,35.74829788326365
0,1,1.5836080660174061,36.14021406701974,74.41461005177447,2.442499494488708,0,0,1,0.21801854889339645,-0.11226321954981738,0.3823774052038728,1,19.389117786320202,2,0,9.979242319751584,8.909094082091876,1,37.802851763872425,2.454291752246468,1,-0.576652449966301,2.915146435895704,1,52.6381550931181,7.567023744553378,-2.3167873728838684,14.83870408267962,33.92774737724363
1,1,-0.13711347935380577,38.38506026649968,57.773172988043896,1.1830785585631447,0,1,1,0.28069512524254725,0.5028051505789513,0.44579725696933514,0,20.731423780802317,2,1,5.339033160104476,4.4115681071658885,1,59.04737661371988,2.6650073242684296,2,-0.48638650214156415,-1.0567836296226574,2,49.919971392179434,7.464587477567559,-5.751769901896795,36.00671524805,24.561496663206025
0,2,-1.4839613499469622,34.26698180186132,62.42998382252867,3.2274201842012546,1,1,1,0.4500843208942219,-0.6479423716149577,0.5646166713723174,0,34.73069085151206,1,0,-3.8060351152944456,3.0223769288873497,1,1.0163986549748172,2.553951092731798,0,1.0429545714932686,-0.7311672475524688,0,47.03061772420056,27.180352386012782,2.0774685713346734,19.63907481358369,51.631162332207886
1,2,-0.9867294781202693,58.42464705320268,15.417034327314349,2.3420572349663695,1,0,0,0.8443799486917867,0.4143857632346061,0.1942491454616208,1,20.97633626154,1,1,-8.26591865857582,7.852999618651179,1,28.9866024296894,1.486708192337898,1,0.32390498854900973,-0.9045882879493661,2,82.18075630350106,16.889247853973448,-6.7525522730267715,11.660071120201573,41.8341818761628
0,1,-1.09286276342401,37.771707607240096,66.18036750880509,2.5801243205442175,0,1,1,0.32949340316256004,-0.45951791898134114,0.8133203242297036,1,25.047711491040925,0,1,-4.253277720772768,1.8146806258887835,1,61.90873896275079,2.56202304274759,1,0.6153035654940958,1.095932109344247,2,44.745560569229895,25.611809625702413,1.6922734588922275,16.648336924402003,33.17054316913569
1,0,-1.0034813618960672,31.686773237622557,73.43110393312571,3.7790287434954233,0,0,1,0.2511714748014052,1.4712707647017154,0.9302627048028691,1,32.470219810743814,4,0,-3.73244104023684,3.9678454398407594,1,43.238444025348784,2.6159731544056486,0,0.6677455528397835,-0.4824427604696827,2,44.83742535044178,33.091858098690196,-5.053931738208531,22.567381786153398,24.688433093295586
1,1,1.2072999170469567,41.58785355422177,51.097233541067425,4.70930943653809,0,1,1,0.2790579130713143,0.6947420594940391,0.6910877044688926,0,48.72551785507868,0,0,-1.2420805878723957,2.25150153030767,0,49.733139912508335,3.671896934615699,2,-0.2803023731798038,0.010148790523004726,1,37.877392457883516,24.671992661225424,5.274788715178458,16.579074918411187,20.451001920461042
1,0,0.36365643457329966,25.64347575475287,47.243685668098735,1.708718270639201,0,1,1,0.15532037422637668,0.14645873350354355,0.4134788351133351,1,21.606726778693766,1,0,-0.004347816880580169,1.9376575385877612,1,3.7720999619813256,2.6971754328240696,0,-0.6179460750854796,-0.4919748862384526,2,57.34657028799205,12.045842894491443,-3.9633456179176,17.457725769788034,34.74839801793869
1,2,-0.24868211284840266,66.52677588155339,58.81501935237957,1.5526807572452053,1,0,0,0.9337979485509779,0.012902711929455586,0.5759765835083163,1,20.855024593759364,2,1,-0.6267737695744291,15.249018781282585,1,57.67103611274699,2.213921323094754,1,-0.3742597063583155,-0.1837727820882114,3,60.15715072571308,11.477718047657014,-4.735563255066757,34.98259055810239,54.36035323229527
1,2,0.9029946876575864,65.26877076574404,24.919985890069924,1.8498761978431368,1,0,0,0.9000641841588393,-0.6891531230886165,0.6294746548234353,1,38.78762204883473,4,1,1.3450101476342464,4.133498493524963,0,56.86853926892251,1.2471964057496323,2,0.11927364466564702,1.0379266469100412,3,82.34017406129699,13.98255236053952,-6.14654929066361,29.720461278506647,43.31116777013658
1,0,-0.7875807666866813,29.526525538906256,30.108440165200946,1.927179619001351,0,0,0,0.12246657606959832,-0.22475099796884002,0.3017909193063409,0,29.05692007623314,1,0,6.857238132910091,2.5874877910111893,1,51.30189965272028,1.8480537581927705,0,0.24989608030913588,-0.20646679949790145,1,68.55403098915383,14.67852565109415,-2.409150409731513,3.191878383760791,30.772666697378078
0,1,0.19794846816279463,34.24077594451393,75.72200302469687,1.8014201709274655,0,1,1,0.11773774940990295,-0.40895773007505365,0.5030643178173174,0,51.09229642868759,0,1,-1.535223120812466,2.5727521577666486,0,16.098418637535616,4.110476266865267,1,-0.4054635252546819,-2.87721175430557,0,24.628487022380845,3.502791173515638,4.937119383139629,21.42165963792106,51.53897809515325
1,0,-1.1602064631355695,41.82992156053931,35.633460351392266,1.749639189531166,1,1,0,0.6426366768851443,0.0759775608191317,0.38986957547861145,0,21.053239079797464,0,0,1.9709963041333154,1.5097335581542501,0,23.651016111008396,2.29860308160402,1,0.6935995870088388,-1.10582255772146,1,64.35450823884933,13.595922794343336,-1.074879192716633,3.642171332970512,53.2724522612074
0,0,-1.3116489044463622,18.67640420147083,54.65250635109681,2.695889099333255,0,1,2,0.13727184123415642,0.22578084546461,0.9017153229634528,0,19.56091029134463,1,0,6.653991908725828,0.6162783602060787,1,8.841749317607558,2.6997853770213696,2,1.0585356692896688,0.34529062105726843,0,51.546904254205295,28.776481924061024,-0.37913602712943906,1.0109681944675675,40.15656982052026
0,0,-1.2068355601341654,19.227797007776463,78.41589983453783,4.53207038868624,0,1,2,0.12634457041616654,0.04153431137272564,0.0648079195352404,0,75.44416612499839,0,0,-7.474882964079649,3.2937048310608414,1,5.271753885182067,8.008694695960191,0,1.2763575999544452,2.359622666860309,0,7.4464746647182665,32.08575210394941,9.221608118287435,12.691972256166997,40.763351404826395
1,0,-0.7406840640915372,43.87588195108461,33.451313812808905,1.9097802869885918,1,1,0,0.5120242187388899,1.2551743474245782,0.4897458876478593,1,31.894518028101736,3,1,-7.210490795102004,1.3045494891015128,1,37.18115483004673,2.1614137550597383,1,0.5754547427814567,-0.5290916126952049,3,62.167824393743786,10.34562198372007,-4.252183682109248,26.47780305467094,50.53366418498524
0,0,-0.38494188510635985,20.843205039804907,51.03951146850038,2.479298151465257,0,0,2,0.14102446636510124,-1.372194257971753,0.22980721001207688,0,24.436668026949462,0,0,-3.336694068605633,1.6998564752881056,1,21.45454983591357,2.560357689756435,0,1.9457506823263582,-0.47440177748431883,0,59.442567233689836,17.37705580117867,-1.9948331392705683,7.109554476878426,50.82622645612706
0,1,-0.5174926481932253,33.59626908111166,72.81843909500346,2.458596695977068,0,0,1,0.17039460383150246,-0.4400909510256288,0.8041481133510476,0,26.293337145152886,2,1,6.449572779527802,2.076032199247273,1,21.612485878865986,2.922020623091193,1,-0.018941035903507167,-0.23163026347486654,0,49.53172855168005,20.342466665992184,-2.4891590427105452,18.731993245194623,34.131410736672805
0,0,0.7305877739357811,22.683832785796326,57.941201139012264,6.07899337525957,0,0,2,0.11567934402609581,-1.2319468850564195,0.6760063061852599,1,20.56599505118634,0,0,0.21031710923543123,1.4492468225789008,0,5.134682720935468,2.228276839531211,0,-0.07437227896790573,0.7287024483055321,2,57.5336854483867,31.438177332398965,-3.6972791947407844,6.354674772451125,22.282990463599113
1,0,-1.8874329802578784,54.53422725348103,27.123036437731564,1.8768481814773532,1,0,0,0.8871026134247728,0.18914238896775876,0.41593092303165435,1,19.74396556785878,0,1,-2.1132800123089694,1.9410082671815383,1,77.86406275887563,1.879006831701418,0,0.8806595778916244,-0.3133422364564622,1,48.045722695016494,19.83098859807083,-1.643570957678996,16.244014378073906,65.49933939289807
0,2,0.8661884767359214,58.389138202042915,53.84261883954428,1.7583444984846104,1,1,0,0.6991556977932075,0.2328688594439376,0.32203791827311035,1,29.843131142797077,0,1,-8.322480033968239,3.9147894696924035,1,21.14755567793096,2.5974583778351317,0,-0.6506313041337204,-0.7253327097390421,1,53.714498948293446,11.712948095927116,0.3921563298782935,14.866450637571216,57.27831960539629
0,0,-0.0044615700716906185,23.837604058869296,75.92220758680138,2.2010261769531767,0,1,2,0.1528368596628063,-0.7357926870766237,0.6266749244994471,0,62.97442036159268,1,0,8.91352023757755,1.2189609634910332,1,5.248962991351571,4.923736239916212,2,0.5835175933640306,0.8508847743968657,0,21.62834013368095,10.696652889268226,7.622779711560096,16.634452332739492,52.66081664285483
1,0,-0.44382244684595124,39.121765431483304,84.52949279524778,4.060725525809318,1,0,2,0.46848697569983916,-1.9712057514321744,0.9221124528611909,1,32.20995527709497,1,1,5.0749671165547525,3.909910237449289,0,35.89950988712345,3.301189325595734,2,0.8707936088496306,-0.3797416706628363,1,39.01106477719549,30.63479444390138,-2.119243024629247,4.794076319646104,34.42058703650066
1,2,0.7045664994456903,61.90677626201109,62.31800360650084,2.6250320658996085,1,0,0,0.7908477804559615,0.38975389760898915,0.6690133722414409,1,22.26448767522603,2,0,-1.1072250041996554,9.413413270887931,0,29.65205569454762,2.8798588748695173,0,-0.7354765514170314,3.8213950586124628,1,50.82651696831573,12.530967803378317,-4.332284707654168,28.735116730213424,57.94405609644483
1,0,-0.39155437693682427,58.25607482711256,4.889016302719118,2.463173328307701,1,0,0,0.8230285434512732,2.264710174379551,0.18842133650591386,1,21.313749895668373,1,0,-0.1286831608885457,2.9985574937295363,1,53.702955441501516,0.9862593097847153,2,0.37516865220066514,-0.8018405522390161,4,90.94879665085664,17.90236442784034,-8.573892821204085,19.816757398453422,29.733140904669188
0,1,-1.6479423731375684,40.27592808672712,53.85187464653941,2.3439966850121245,1,0,1,0.4726509829594436,-0.12766757847865087,0.4347993331844161,1,28.011002294633194,1,0,4.965822286473731,6.160814045694686,1,12.320157369941963,2.3281294469971594,0,0.8827343263237021,0.6486687134796334,2,64.47169173090536,23.3946511771321,-3.512883972571876,12.283297745320493,64.42101871734758
0,1,-0.047923507366727895,36.85599999568731,97.55727144649498,22.719764668206693,0,1,2,0.2080560487542848,-0.24820227241308643,0.38075828210408236,0,79.8151301552829,0,1,-8.315856960495866,3.0979086099448168,0,58.13551539035817,16.74069968569854,2,1.097762039151809,-0.1893203352992335,0,0.7584855383495348,39.958718661509025,9.50019885067594,39.97867248917984,27.39344150929095
1,0,0.23499630589572673,61.7295890800591,4.534522070258556,1.8491368754464481,1,1,0,0.809382737410298,-0.766438890588801,0.3856724329776742,0,23.67846502904367,4,0,-5.701701752807438,1.186367708570658,0,31.781201161606187,1.3638683387274513,2,-0.5625513336540503,1.310836425396814,3,89.68120272031842,12.41014859613422,-4.437697026636678,9.978291091804248,58.73675570264301
0,0,-0.5954511548480758,33.54665057803801,72.48142994482664,2.0721541267932815,0,1,1,0.2240656176377302,-0.5355513309108144,0.741819475794687,0,47.23630219042267,0,1,-6.746573695582532,1.5824797356409432,1,21.63551523967195,4.066152818586866,0,0.6644111938012728,0.3075754766221116,0,28.61139401402199,14.960985095164347,3.823722396788007,16.424084858824934,56.92130210839322
0,0,-0.37634920194279714,35.02956540581921,56.837113640855264,1.1371563026208353,0,0,1,0.252924998701032,0.3537582657436772,0.45398007700059295,0,25.32981647138986,0,1,-2.7674920903691795,0.9747310242495667,1,35.031619602306556,2.5551290628304755,0,-1.2694825991602756,0.030296471762748692,0,51.153024455147914,7.269959760986495,0.5010751581602051,8.727568198398094,69.2188388601467
1,1,0.2965193598636227,60.93196708274678,7.898068348263459,1.4495625105272558,1,0,0,0.8615821017494232,-0.24239870370924863,0.03616407576099656,1,21.716149191608558,1,1,5.0740171690274,4.106886446802883,0,30.485688566653444,1.0906254777323665,0,-0.3778266636650336,-0.6435355136502738,3,89.88611361404773,12.203877789562071,-6.333135284133281,25.63911288068585,38.05013550166923
1,2,-0.09330645310410668,63.263679968433074,16.95558559405972,1.5098108809298074,1,0,0,0.849523007908049,-0.9188266846148228,0.10278229866742744,1,26.196987303250836,1,1,-2.131096115263352,6.6154088487151865,0,40.63780048675986,1.2795608336601536,0,-0.5110152034911652,-1.0419253108852495,1,82.34355981447369,10.521003803825174,-4.915392902585836,15.686716337709512,45.02464603657092
0,0,-0.039038833503867845,34.51392359320168,73.39446227647426,3.9022766125089055,0,1,1,0.22238167832900063,-1.1587703427822778,0.19712928878111813,0,51.153834301392216,0,1,-0.45218143140650113,2.0298743192686852,0,34.32187318908709,3.819735501798165,0,0.1487901922910994,0.13633838698546413,0,50.27684001300273,27.498959553229415,4.350989836558188,36.26594534849119,28.145910029347952
1,1,-1.709447232211375,18.775330616191418,65.9931741113422,2.766642931036803,0,0,2,0.10019606400008657,1.092646664838706,0.4137830168464136,1,20.897387495684416,2,1,-3.80813091579724,4.606607456532708,1,19.286027790538043,2.598452759217062,0,1.1948036354582379,-0.4928863123442116,1,52.03972612755929,31.012882737475138,-5.1737478781122554,4.46548480979863,54.2689856059533
0,2,-0.3639557833868811,38.315205065438555,66.3829334572888,2.4156229455446967,0,1,1,0.3432815291583582,1.0906348283408365,0.4744527037202232,0,40.376258696337416,0,0,0.5508779323230151,7.386425071945933,1,23.176085206430926,3.5095894146400473,0,0.21454361605349478,-0.36223612756509643,0,35.604041474104854,15.81734889896656,0.8942745194321393,15.944528274289201,41.263603067371115
1,0,-0.8373894662863909,50.79885628191596,10.451678741212111,0.6956387677500973,1,0,0,0.6539063231460065,0.6352473167988444,0.6422024287615087,1,23.86993722376042,0,1,3.078854719198109,0.8714071932705347,1,60.1194770378624,1.2163296176172962,0,-0.6305909603533577,-0.020529810321944158,2,85.59920960225092,12.134758784860708,-5.850751900011706,4.688851417925843,50.06990357943071
0,2,-0.22178689295465207,55.356412762454084,97.07936034555954,2.7177607347995494,1,1,1,0.5386643880858409,1.066651731627034,0.8395513923642446,0,76.205864941145,0,1,-2.5201452919843357,17.138337086903924,0,6.040609756574926,8.220380125191834,1,0.1145813573651963,-1.01042668318148,0,5.267218210937219,21.337361169772375,6.192924193401481,37.49694744468276,41.3224023489727
1,1,-0.1795220689409463,31.620255856919044,73.0819383064394,2.0690155125410743,0,0,1,0.19224044270058643,-0.48419593115647824,0.5545819528751942,1,26.572421440916898,1,0,2.2880743549643334,4.8134416606072,1,21.810344997376042,3.283700592535901,2,0.1487442063617129,-0.2082727036556522,1,58.020050638293995,12.764203715378137,-4.493262943947568,29.28397468420649,32.82304220824959
0,0,0.8274674854103274,29.684924740709846,47.67860216675453,2.6530791115579673,0,1,1,0.24581517156849048,-0.33966700605867384,0.37715684737353583,0,41.67866312274469,0,1,-5.719585344492075,1.4649702974625805,1,73.41858009894744,3.437204546301082,1,0.44927553775205065,-0.23161525155758167,0,33.42747736122305,9.369918611971125,6.369639797819477,6.707128660037968,44.236514407031216
1,0,-0.41185481011902797,46.306139436682116,46.162884561633696,1.641433980643917,1,0,1,0.5145349480547654,0.7657109593607141,0.6058178388185428,1,20.031546926628256,2,0,-1.4654219647523767,2.3669787878161093,0,30.875732517626332,2.097889519900388,0,-0.7006164799233932,0.8588035966377547,2,59.84382574836802,6.3540197395419185,-2.4848572961364424,17.29760332278348,39.22810790053552
0,2,-0.7130402216834175,41.928434548951884,66.98583473341895,1.7333355507887114,1,1,1,0.5363845717257303,-1.0481991686820047,0.13846931858162848,0,32.58103208314633,0,0,-2.6915789310036047,6.566802826248924,1,41.43085455731282,3.078567878065887,0,0.30463162702871055,0.09588407317267039,0,43.435330894999424,12.173233722722651,4.048012663757026,23.007133486780273,57.46665101858913
1,1,0.13559948259733942,54.504386835157355,31.379523765374,1.6778434192058567,1,0,0,0.647331928325195,1.2190325602343695,0.3958866316716988,0,22.741909705272285,1,0,2.7380480512232417,8.261294103229204,0,55.78554204580213,1.8863592018001558,1,0.24740958259821627,-0.06082146719932473,2,72.28305375853456,10.27629972719808,-4.311931439365693,15.43872285036862,37.46048229756269
0,1,0.2705406637074849,64.34085875973997,28.637385067262162,2.106540486388426,1,1,0,0.8798248864418242,-1.095756774541019,0.6092534919557959,0,20.191092361220853,0,0,-2.6216119263954027,5.453371337910617,0,43.463400406351404,2.1473146668113587,2,-0.7758860448494062,-0.822439502476532,0,63.393034015745606,8.212906412355661,1.5787095752736295,4.283090354613841,28.210654273388883
1,0,0.2268303907873156,67.48834633272105,4.567771064095661,1.5546440157088406,1,0,0,0.9576624255333547,-0.5550358527722888,0.4806699288195192,1,29.3940783796278,2,1,-3.83615375758197,2.4796743933776675,0,46.383691234619704,0.8903294052581655,1,-0.6404956066652469,0.6009774721334118,2,91.88283225297369,10.79378678744141,-6.707658546877008,7.012844820012967,63.627814522847565
1,0,1.5514191709715415,23.593268345980064,85.69016253190962,5.268783727388174,0,0,2,0.1678791503144043,0.66119381301559,0.8117751029275213,1,41.045267873444175,2,0,2.0142573827008743,3.7105146979686507,1,18.475556745876286,3.2761758492056576,1,-0.9641047692616853,-0.24692559547527335,2,31.237885049269842,23.973061087723128,-6.9278005940854905,8.507251064471852,22.83780067055435
0,2,0.8781731977773336,34.73873670130148,47.74462552865121,21.95563620999908,0,1,1,0.22922846600158336,-2.6864970858032615,0.25510514445024063,0,37.77422332747072,2,1,4.4844501259547975,4.564634151232953,1,34.66552142495621,2.9435420479017007,1,0.9995422832959244,-0.9490164827682238,1,41.42483758887606,39.738337355870584,5.193967951187304,6.100697651735498,29.01135514101989
1,1,1.6233792805727256,55.78546275572554,23.36247789949964,2.185045295373908,1,1,0,0.5920335280039674,0.07164267958227581,0.5773043673498651,1,24.25391121341,2,1,2.060958971528567,6.083117937247574,0,32.88817166691607,1.6165411227865214,0,-1.1120420891581213,-0.20640749947147302,2,74.09032298966945,10.811415042059343,-2.131186126135046,7.3680406346641,33.45741776836726
1,0,0.01238992114626449,26.249691488953648,47.08233623636979,1.7622943880015278,0,1,1,0.18472684608557138,0.03732873524418824,0.14263083007617328,0,30.549841697386647,0,1,-2.3624427567968906,5.245358652407917,0,4.2638527252884195,2.6164622482031175,2,-0.33142626555707966,1.1111715125548183,0,45.82006592996966,9.475251593302314,0.3730227650298801,9.371503919507521,25.794157333989283
1,0,0.39090449563232993,27.50962547863731,66.83736076493894,1.7539892856966075,0,1,1,0.16693682096924023,0.01091885077762049,0.9798471323201049,1,34.80141499395505,3,1,2.3823247357023725,1.519248275227771,0,0.15954799752677218,3.021508666635464,1,-0.8753420999520654,0.45745803215951797,2,40.52927817407878,11.763077854342816,-3.6331091688362616,12.65257827707269,25.00901693533794
0,0,0.38518572128088835,60.81630170617045,31.071624855342574,1.645681638605806,1,0,0,0.7648432685727278,-1.1456066199353285,0.21938639816271982,1,23.26651197770793,0,0,-3.177769343602175,2.3583559313533504,0,76.67306599895599,1.7860127737605718,0,-0.9754166371724704,-0.10243369020444876,1,72.0228773398212,8.762890112747282,-3.6105524742586574,29.378203674582632,57.26186090423062
1,1,-1.7370921020209336,34.36928389084969,95.71338583198154,5.837893887316594,1,0,2,0.4054096357514152,-1.315314417262759,0.99546393450582,1,45.066911348184775,0,0,9.928484709169986,2.6306864497036817,1,29.25687228302923,3.917182756584409,0,1.6211209208186825,2.2735079297650267,1,27.71289642398378,37.725123767207734,-5.581860228402756,35.78850860333161,42.95225947134079
0,2,0.20071316501747521,42.50964964678268,86.07329242969091,7.037127691409801,1,1,1,0.45157313975923163,-0.820073455129315,0.3491835079342168,0,72.67007194179422,1,1,5.109255629080746,5.201181003836126,0,41.255443911533305,7.983580977854764,1,0.01262661505743116,-1.0380110347896103,0,7.389365823742667,38.57921495984236,9.414268754625404,31.53274008446459,34.76491965304266
0,0,-0.9309664697691269,49.99920686748194,31.68215939499637,1.8980732827156146,1,1,0,0.7171670507004292,0.09699469089883114,0.2724836931226327,0,36.321168605528946,2,0,1.32454138820143,1.6250562916767235,1,36.31141199309771,2.2805364568016095,1,0.18663136293062343,0.5107443142468917,1,66.2945071658244,14.142893023529254,0.9818693312627715,7.964349895961802,69.34708745004951
0,2,-1.8127890307481027,45.54795633193089,88.61361761406826,1.2003913357928069,1,0,1,0.5729208245189136,-0.34589341320335953,0.5257524164889805,1,36.50544113041085,3,1,9.749864048336761,18.466967560190287,1,47.565251799060036,3.8991643551106088,1,0.1151682162109725,1.0198643857452836,0,34.21950809576813,11.045965904269597,0.07507642918260515,23.830641362210887,56.713568485867015
1,0,1.0869683143897224,54.679424835819994,33.77577691647765,2.0036379919599745,1,0,0,0.6490165447013901,1.4103360356809287,0.29692447741496486,1,26.88635088153953,4,1,-9.691619111696049,1.7439485784401658,0,59.07317485594178,1.668176685727096,1,-1.3468223514747961,-1.3497390311935522,4,74.73366368359714,10.086448713286465,-7.938984487368059,24.38139510839983,26.415257343773472
1,0,-1.8585970634452276,54.68945220795833,16.872733580909,2.9131037508805155,1,0,0,0.7884139245965012,1.1846834697320432,0.17000141079065145,1,18.749048818735986,4,1,-6.0718964738623695,4.379534602981903,1,20.319578320114474,1.6434339658331039,2,1.3462073770828777,-0.06673382560108057,3,81.17826693598077,27.87223470861128,-7.266835138607655,4.971472595709057,59.47918740884357
1,0,-0.37916180292541113,37.55566452044518,96.04152347155939,3.9999636515327293,0,0,2,0.23958883754939853,0.1610070030788163,0.9211779525574139,1,60.51646353770436,2,1,4.273452037474446,4.345231510269797,1,15.285888472235051,3.885958651118834,1,0.8784082712807891,2.2422398488211797,2,22.551132327314278,28.29029495648095,-5.125136385335551,39.62518050490725,43.81349925640873
1,0,-1.1198564415564047,46.457406897320006,18.612915132592168,2.1160084577472404,1,0,0,0.6552193634165153,1.0157991201853236,0.42195612458805315,1,18.290672660039128,4,1,-8.4403815648963,1.9018595916518268,1,40.32331618101508,1.32933206008308,2,1.4380761412424719,-0.31658911640034054,3,80.88913002677745,21.023841135288684,-6.992791050255414,17.13468262147285,42.97312014476175
0,1,-1.0196351672023507,36.45648770821198,46.921843467606344,1.8341286888854087,1,1,0,0.3389537076566712,-0.08782004070639432,0.8922967043851431,0,18.712892559566868,0,0,-2.0794783204813996,1.2705181043857525,1,12.843825274064846,2.37960758691111,0,0.39334452581469864,0.42879756398949287,0,54.30965994305809,13.829576580567156,2.6530536863717025,6.518316700380837,56.84839011061729
0,0,0.3988827063237653,22.409115467935997,81.74987986812663,13.570147239759091,0,1,2,0.13898091548720143,-0.6143182795940073,0.3470273403588736,0,77.85171274580082,1,0,-9.793637494746399,1.6785989677413935,0,11.082087116690435,8.178265666889416,1,0.22722351686966996,-0.15222984453395272,0,5.957103405395636,39.48648446350644,8.950982853830958,31.699177042113114,23.199291495279237
0,1,0.12279705382335443,39.171253814495046,26.991243877166603,2.2691385521407628,0,0,0,0.30624934142395116,-0.3332842363153477,0.05678759162095476,1,22.261345276584173,1,0,-3.5846001039150117,3.7408789996553415,0,44.55831837357504,1.8884804060915967,0,-0.045092011022678374,-0.9571569313726259,1,74.96344533107579,8.914791660151646,-2.151661524088638,10.496228170325196,32.426300702060026
0,2,-0.6248442086518252,49.92367061630076,98.92576599304644,8.49248165198996,1,0,2,0.7332849944181907,0.20783875621916795,0.9999999907586292,1,68.14613024487784,2,0,-8.425209222328377,5.086194460288518,0,21.91204516681513,5.027177705051832,0,1.451372622535359,-0.6454395301152758,1,9.371457023055484,38.05019519112332,-0.3850289432375238,18.917893433707953,38.56816769166623
1,1,-0.3875209988175373,39.769805973096474,55.337770268546585,2.6153346179744332,0,0,0,0.36088843154490535,-0.6209292728236622,0.36935907550717195,1,24.417847375213082,2,0,-0.6075535032466846,7.814513448445584,1,15.91817837465638,2.7776414470986577,1,0.3266834229168481,-1.0928718759972706,3,59.078206709947644,28.95036196879591,-5.437825385026822,20.135695967957044,28.97809754927342
0,0,1.0294191778652448,20.862384733628772,76.04326578979173,2.650701372045543,0,1,2,0.0828334903302988,2.103063571239095,0.6711130563907802,0,37.58539771964875,0,0,-2.61982522933529,1.1221578476062943,1,5.533252647227869,3.839383135216398,0,-0.9041058040464619,-0.33209717516576687,1,33.25954495693366,10.193290667683907,-1.8062838641970167,14.879621720812127,49.55447427396629
1,1,-0.26489376659339764,51.46428184588529,40.809068425999726,1.7165439538871488,1,0,0,0.6110432212389776,-0.440799455585141,0.44632041440301795,1,24.630514633621168,0,1,0.5028618917804017,6.309831638994158,0,24.037695637137592,2.093978315557501,0,-0.1726735425876935,-1.2324210794201522,1,63.94744892887109,8.327642974139323,-2.956277547932613,10.863238085853588,50.963340246385656
1,1,-0.7816380843644929,55.48497382537721,18.15274720566223,1.9164568895635445,1,0,0,0.7377401652691175,-0.9850094703587557,0.5485339083003927,0,26.18065009481559,0,0,3.9595983699465194,3.4317617943685663,0,11.076142208188982,1.7506382705591914,2,0.5478156607900583,-0.04088203420681851,1,79.81478950834824,15.900178617545919,-3.580145948667081,1.4914400256995752,64.4389048672097
1,2,-0.5292450253011666,52.55280044626986,48.52775860731746,2.4691385416120726,1,0,0,0.6996832765492432,-0.33666264505430843,0.8332317160324353,1,23.937740420067335,0,1,0.19079619112755175,2.8090112208794102,1,74.80047668876685,1.876312997666631,0,-0.39314592044449514,-0.23334523085991274,3,61.30448994082474,19.014810375187167,-4.4847262379778865,21.68159712161738,31.458990239775396
0,0,-2.0472121138758577,26.401887832985746,81.44425234737437,2.43747260933936,0,1,2,0.23893355712437803,0.3527849598524746,0.4504180067851197,0,56.688829577522,0,1,0.6367886918856325,4.144501154751364,1,44.14589498588476,5.070999521027429,0,1.7241754640849019,-0.4166363661150167,0,18.165093563595473,27.23843333216624,6.013476836665504,13.90628030294267,55.93702834740839
1,0,0.547662745459315,40.85987269502974,32.84019577665868,3.1771861779104165,0,1,0,0.25357586187893155,-0.6082664368764292,0.3089840863612857,1,21.404601972557593,4,0,6.766669444435102,2.567508241298407,1,20.496877459238554,2.0202224126538173,2,-1.1466359723754818,0.9477865193416882,3,66.72188949944638,9.76793065738956,-4.866808757693464,35.51262679068127,30.754002969606915
0,1,0.7241740330773755,19.53016748868671,98.44833517549297,54.598150033144236,0,1,2,0.10606016504534904,-0.5282365125650076,0.32979720967467335,0,79.9999963869709,0,0,-6.588648933254932,1.1881846647023637,1,40.733354586558875,54.598150033144236,2,2.4153493955508507,0.11875062390651686,0,0.020546949746963472,39.999997553552646,9.999984666675772,38.59376230042856,21.49537215575078
1,0,0.29539223958807537,61.25811452697478,33.150902404983526,2.0853166940776777,1,0,0,0.8299059156145696,-0.017832768919100815,0.8056441837793643,1,33.31641027647413,1,0,0.14453864576598008,0.9255691962091429,0,52.78671874805795,2.155884404212144,2,-0.17547199437073877,-1.1872022127365482,2,70.70341981899419,12.651021023590836,-3.8348734010781937,22.285603916269604,67.59239734711261
1,0,-1.259013801163372,25.07022075839814,27.39379058371874,1.3001383669446809,0,0,0,0.2625764712897607,-0.24493170435576486,0.5719251856663893,1,26.333553649523868,3,1,-2.9825907728177716,0.8697827242969642,1,67.72225718772519,1.5178169493501967,2,0.9032574408627492,1.3467032119577391,2,62.253014049725785,9.250655923420814,-1.7143800911280778,3.55011048428046,41.23989732141844
0,0,0.06333984100574656,33.27499955053245,95.98107853594688,20.158226984659336,0,1,2,0.18933961759634876,1.2045492690150759,0.4674702050691031,0,79.89936500900713,0,0,1.285488947160724,3.559565896634882,0,57.138866983728,20.065902054587458,0,1.7330956562359332,-0.23768310570061676,0,0.588970520401555,39.92254995684491,9.879415660811045,38.902582327003756,23.359838125616427
1,0,-0.15769928923982313,55.48243972573614,18.478699578391268,2.202115314674445,1,0,0,0.7933564323419595,0.35167041557571327,0.45546021652573015,1,24.615020254323177,3,0,4.147361948051099,1.836996410638846,1,33.941406802669334,1.137680391794093,1,0.03651873289754139,1.2305571901702546,1,83.20164379794872,15.777083695811857,-6.33043832665466,9.39375381874277,68.86716343964423
1,1,0.23058863417859676,42.432445054942164,39.01762644894272,2.0333060798159424,1,0,0,0.425185703408178,0.18528315458016678,0.3385008590242719,1,18.367979013218164,1,0,-1.2407066871057442,4.657617883365776,1,34.07165041128597,2.2789747965739595,1,-0.34857187460357053,-0.5013636697254369,2,56.80135701071539,11.28292639852557,-4.111044011250824,22.32624391269428,29.4971237881528
0,1,-0.6357235956372974,27.800756167412604,50.20821439542252,2.148165190770234,0,1,1,0.12411877013078887,0.002363310220227865,0.47696280131834673,0,25.059446425715688,1,1,-2.942671767215516,1.7040843144632876,1,59.09706647078798,2.366997852982905,0,0.11106666753074705,-1.518750378746984,1,51.73474591431852,16.762128267250556,0.942859337747322,10.846441669832112,35.78775955489498
1,0,0.02883031423819256,37.100997530701235,9.0632705804076,1.305331510733026,0,1,0,0.2129296930671064,0.43494719039077084,0.6224901283933799,0,28.60068410644411,2,1,-7.166910479962995,0.7845440042950065,1,18.847284730817787,1.6255040309939617,2,-0.16496730533191856,-1.7878269673497622,3,81.48607950347451,12.098546033623796,-3.78574852190415,5.40314413932408,29.502889324398335
1,0,0.8672284031968709,54.802709726148606,13.097623851830459,2.4156656512198706,1,1,0,0.5664847617233526,0.24783826724657224,0.6367609057383337,0,35.0298081608547,0,0,-7.810282394879344,0.9643510860406493,0,17.691546913944638,1.4887261273272892,2,-1.0477140781241987,0.372943308443828,1,75.63982292038473,15.48064957227834,1.3709649142824283,3.2669829323275223,54.42014042369663
1,2,1.4155414943631135,67.82416799855882,17.496697485651747,1.9742594920042775,1,1,0,0.9537907259603182,0.7298959530166673,0.5026840072793098,0,23.53212649642824,2,1,-5.168054878377417,13.817591283702573,0,26.90058025717316,1.925976598410806,2,-1.7163933013305206,-0.43231519539974345,3,78.19347271966713,8.780343152836572,-2.998833595346346,35.257202108625066,50.42540540501146
1,0,-0.027496128463892915,54.84451421293761,33.395202807726356,1.8014192144461176,1,0,0,0.6433213110911367,-0.3669086342674588,0.7977211759473297,1,27.53105971527131,2,0,9.835613841389623,2.596811453624595,1,7.408675767198316,1.807634968416417,1,-0.09316056571626988,1.1368436684362762,3,67.63119236359842,10.466414463985135,-3.842737470338708,6.42354381327263,69.5362306035885
0,1,-0.8719699130667578,26.25135215997497,76.36064010371358,2.2178359002688155,0,1,1,0.25513663966786526,-1.266351210903907,0.5221750031666229,0,54.29645430882964,0,1,-4.791361302086214,4.491054680465829,1,48.1743327944767,4.884312474875526,2,0.09361426480949661,0.07658920358731133,1,26.27393106108311,18.774152735828377,5.697493957839699,6.11321246375768,56.65431529533405
0,0,1.3421730300308836,60.72361208740044,28.018812437012308,1.620418046218832,1,1,0,0.8090641321241505,0.7251983230338451,0.3114527509238404,0,28.366234652362905,0,1,-9.660447528423326,1.2822924629595167,0,77.81579719625128,2.589582347094996,0,-1.1721316555413182,-0.21028444458247098,0,59.97250059745488,9.163102400176497,4.108585767603154,14.53986208206147,62.47030583195666
1,1,1.3398684015643771,42.10420261741538,20.936380295771905,1.7456883842854456,0,0,0,0.21973975370538712,0.9240902736099075,0.2815645464092674,1,24.355241013289728,1,1,-8.800201496616273,2.2584080536948488,0,44.708284835771074,1.6884825599133657,0,-1.4700916562752724,-0.4193473355204621,1,74.22110602935284,10.613535316224052,-4.7658311551628785,8.070109778133393,43.42401995847675
1,2,-0.8691120084039073,54.37817548804441,65.32725551920302,0.8091685695877137,1,0,0,0.7368497776509328,1.467494289328209,0.323690562069593,1,25.9084668146999,2,1,8.177685809196657,5.3982601782836435,1,31.42548291195088,2.6565870281791235,0,-0.7997315769504469,0.7286392577241066,2,56.48604251306138,13.32535889832446,-5.190521381433278,37.33087099944774,49.33678473459553
1,1,0.22769049027149002,58.522736253171374,38.59188241712343,1.8240112132702053,1,1,0,0.742674050532565,0.12627807037963856,0.44428142733110426,0,22.29697878838973,0,1,-7.973638248971499,3.572768717429294,1,52.581343333728014,2.7192012986305225,2,-0.7828803587432382,0.04103970778034413,0,49.29374955659478,8.05748628472301,0.8138279882769375,22.376486921148107,44.411693185377274
1,0,-0.6655810704862067,41.091825340192116,21.50771296930676,1.9421946948697513,1,1,0,0.43355598475319274,0.6490046696273408,0.3309796922684807,1,20.99218484166096,1,0,-2.5056377492071995,3.8111466593598156,1,10.345626037627373,1.432931987900867,1,1.18376939598561,1.6117674962982023,2,75.95115234230963,15.57575707770382,-4.692594890058021,6.827542307377672,58.7675828797677
1,0,0.5721807809941664,51.70991667550077,6.20690653075725,2.2783906170703427,1,1,0,0.5504964826042906,-0.32408428962478963,0.2546801119569464,0,26.79564521557504,3,1,-0.4263452895964779,1.2998375925293484,0,77.5526557528781,1.5481741728542384,2,-0.47409832466724744,0.372949587960365,2,81.77007975643559,11.355567175727845,-1.7835156619434862,5.794379539231058,29.56007164786456
0,0,1.6356223921693522,48.530824208731644,60.67658807906648,1.9127825914297487,0,1,1,0.3410699510980368,-0.40896686066260557,0.3669813798822486,0,27.306918150977737,1,1,2.2269147369003583,3.235317573565211,0,51.72421412847099,2.873808130846993,0,-1.22746277802079,-0.5018522102157188,0,27.00693331177531,8.473628074659146,1.6601657894778832,20.46278870859871,34.32990508965682
1,2,0.16346610787319799,65.74841188017112,55.91235678396792,1.4141885577059745,1,0,0,0.962430660949726,1.2128573715052748,0.6390632796259821,1,23.594221482087235,2,1,8.788801989317307,7.185249801111148,0,67.63278017969334,2.2442050131521474,0,-0.6694167666089805,0.19818149704788077,1,51.88225346315901,11.882072885808839,-4.404834846196439,30.84127396499416,47.52572576996133
1,0,-1.2592562638695721,22.260953037431914,63.88701923316072,2.435611913504461,0,0,2,0.18753031512326002,-0.6232687142746013,0.5187769385072203,1,29.546534223554495,3,1,9.976837397937675,0.8071025541133799,1,53.45268979362788,1.7800071720955277,1,0.894036077708734,3.6233931642977155,1,62.83909707664919,19.156294167351845,-6.125449743222143,27.985447949975367,49.71586678335568
0,2,-0.24362736045047417,26.600538060166524,58.707598157671356,2.556869146392456,0,1,1,0.14398534380065697,0.3054141394924845,0.06068438392421516,0,63.24390772730456,0,0,2.55970900684437,4.084962627395165,1,41.157592067481744,4.233411584194089,0,0.13053235080801878,-0.16807024863457282,0,25.56438169866917,16.458226904246036,8.265095899462626,15.098152083305347,28.651840358110235
1,1,-0.8602893121915135,63.16610533686651,28.14290812339627,1.1597873091125113,1,0,0,0.9221352704187271,0.4504118348096852,0.4529904620660182,1,35.006440743631416,3,1,1.4954259089278388,4.304000933748696,0,50.87732250401325,1.8166162638175043,2,0.45470925485376135,0.2582543088567299,3,75.5526424345367,10.96158911540817,-6.390430296720584,31.12317864619935,48.5696933614601
0,1,-1.5214971632835723,44.12465038752283,85.96372711582954,1.979278600661637,1,0,1,0.6181091191544756,0.22888941724706513,0.6319552122669428,1,36.47548126898232,2,1,-2.2929170877983047,2.934534141681322,1,35.725926292097576,3.897057087412575,1,0.5652872108035566,0.4896046500909169,1,33.63914857321857,25.610841009500298,-1.0532237952445378,29.053110489405995,66.28563324598929
1,1,-0.4286832908586097,54.828024610560256,8.46662128148864,2.0439268482815742,1,0,0,0.7214271047155224,0.8154180131758872,0.11864895889233495,1,19.479738398712215,1,0,3.101302610625126,1.8939592945492987,0,43.4820592073591,0.9430060937459044,1,-0.1296682419546216,-0.7645385420525381,3,88.77108213689682,15.158306790514867,-5.612369358766161,12.347305269534159,39.88573011112676
1,1,0.08587493594481901,51.70217846206462,18.20032195452929,1.9436314920515856,1,0,0,0.60799790443153,-0.68255872096525,0.04907671291518456,1,22.62220525206248,2,0,-9.399801645207322,4.062137709956743,1,16.861126194504088,1.3745742182948777,2,-1.1002722168547907,-0.6885120424515383,3,78.60962747990696,9.282101579448431,-5.446926779038206,28.42646068508662,45.42222367339971
0,2,-1.1981143380581019,50.39265448932849,84.87724801783413,1.671347071939926,1,0,1,0.6373430671863801,-0.4753013666068978,0.595380994482499,1,36.88444279334884,1,0,2.9754979185088715,3.415401981572591,1,12.998183781038822,3.2132254912177376,0,0.4305437465994359,2.0555827163487663,0,49.70433103390877,18.96555696316532,-3.5052383424693545,38.10340152141594,69.68106703501527
0,0,0.44570524480743084,30.616306060837964,65.07723020028983,2.0407595765514785,0,0,1,0.18235537729522433,-0.5040883381204199,0.43526806464970874,1,21.707713115184475,1,0,2.8205721611434456,1.5580358701604582,1,10.636119737300618,2.1637423974240595,2,-0.3802673312067747,1.8932640615099905,1,53.85150431033935,9.106018240618926,-3.265585714073925,27.47703992068681,44.801233115157174
1,0,-0.28752935695743903,39.142276816807126,18.681869360657473,1.2811965226285227,0,1,0,0.25057091038026513,-0.3043407676931019,0.5168789598299128,0,26.66975420150721,2,1,2.392892244992286,1.281668794624216,0,62.95591708455088,1.8831119295865166,0,0.02235428866709874,0.19698448113749475,1,77.82782366769658,5.563846307229559,-3.94468736557858,4.098709099627385,24.46188556539542
0,0,-0.9304849230015984,21.692892655485025,67.35046854873261,8.841303787370546,0,1,2,0.19870965264999318,0.33358517160448575,0.6926018105263808,0,75.83415185866039,0,1,-2.9281211729690337,1.1500303535007161,1,32.05076141010028,9.993864096869222,1,1.239462132344124,-0.6230401851983774,0,6.762841261702573,38.51459795342469,9.613718382957192,8.305908993118575,25.470670450236163
0,0,2.562884268757527,26.912809722858388,41.83768618631216,2.131457345951566,0,1,1,0.18031207398546456,0.5754344123152579,0.609753544070346,0,22.713026475178054,0,1,-6.146227400829384,0.742511776909177,0,34.98922413985316,2.4157407569536873,0,-1.1025585875195836,-0.40362769112657276,0,60.40467164546139,8.0426022002076,6.5196501015606785,0.6556415499464108,45.36467469347252
1,2,0.4015149061599167,59.81552827338152,35.68113891975894,2.1937847417244423,1,0,0,0.7784496156665136,1.1656959904113533,0.22894536673296834,1,28.785335387670983,3,0,-5.03198676836289,2.2524993515171308,1,15.959101994959584,1.8076796142363825,2,0.1912564471581512,0.2798619291272988,3,70.4349295834651,3.097859797927276,-6.020123642108191,39.30772621980602,51.48747895388833
0,0,0.23193794361182912,25.897771200652844,54.98291162604082,1.8303180488356654,0,0,1,0.14260774195798742,-1.348730993006082,0.33298017141965486,1,19.84465277960694,1,1,9.97451887825752,1.8977955794740258,0,16.43543802864926,1.9734721995219726,0,-0.18934929140375087,1.5316113589874811,0,61.808352683322084,7.483193964603978,-0.04200976520339594,5.092756595718628,34.72921416904829
0,1,0.6021312023681614,27.749149075460892,73.48307861253491,6.0800511158449675,1,1,2,0.2970098146087432,0.312742311316371,0.4619913911114734,0,78.49124088907983,0,0,-6.9387479182833856,1.7427158321102527,0,27.57352171537611,10.242518882711298,0,-0.3536655482515395,-0.3726041475708482,0,4.212347824579105,27.921015089551968,9.882647304515217,8.788690736614583,27.815697644641336
1,2,1.3343026222149625,59.853736434602546,36.15907091925495,2.1368287013933425,1,0,0,0.7271396509677451,-0.38763957349610245,0.36940976234234196,0,28.922179121372796,2,1,-3.4945007467721716,5.230148591643267,0,31.586551206853546,1.8682045227352735,1,-0.6576670237319877,0.20675574481897416,1,68.03780918425429,7.578698427631732,-2.977943692394355,19.83763986579791,58.65064681275223
0,0,0.5062017840714345,24.658860000595897,25.4966010960351,2.3610729362637577,0,1,1,0.2051970108376276,-1.0922021809957956,0.20037109983821583,0,20.91892039049286,0,0,1.8104627891370626,1.1440454771296986,0,10.837947663351413,2.674529948302925,2,-0.5563328889435848,0.7597355129564795,1,57.58683136229963,10.804772182405582,5.3234751366948565,2.080354697235729,31.96274569828141
1,1,0.91239911282607,62.27714220880294,38.63705789947113,1.745658569620435,1,0,0,0.8482339740107918,-0.46530995382995083,0.16386351175760272,1,25.206571787706974,0,1,-6.609227115327623,2.06086312007559,0,45.633052574745506,2.1144322370419633,2,-1.1330565874210414,-0.27741522303511235,1,63.71222722944982,8.58829582643332,-2.092149286205796,38.336596146522865,29.430375208495853
0,0,-0.36276479847034676,44.036733529746314,40.811393361511115,1.8012340715735997,0,0,1,0.44189946369284316,-0.2709232674374259,0.30896798940191683,1,22.880292697066142,2,0,5.927960299929238,3.091137859356026,0,21.758776479030956,1.7652816572764924,2,-0.2778704305617761,0.4690144829357503,1,60.28111293623611,7.11200157460641,-3.5166847347501733,11.197117379430745,59.80491393992214
0,0,0.17394129787118034,23.570021159506002,51.419958622223525,1.4382480576176464,0,0,1,0.15428177784171154,0.15242905840636242,0.4968644653855259,1,28.59316246180122,2,1,9.87833201114072,0.9155407706596626,1,49.02401419527301,1.9629528080931433,0,-0.1657980777649487,1.4720056326241178,1,63.24465631169582,11.42065538763758,-4.223990487788303,8.696809664392564,35.989087269116524
1,1,0.48036683218752163,46.707144275344575,5.387880341910723,1.7021905607373602,0,0,0,0.3471494997904986,1.211636109891815,0.13687563914767442,1,21.875013433972335,4,1,-5.026648448183484,2.0110185989612304,1,21.162096986846564,1.023936760690535,1,-0.5714612430066618,-0.3230148772379954,4,89.82175676223999,7.706226169149362,-7.124696393198368,12.51972130946335,29.64956632056523
1,1,-1.5751081236790774,58.74781111929624,74.06851275801255,1.6997057279643686,1,0,1,0.9251780773830837,-0.7275905855693428,0.9336191077436392,1,26.04601565812672,2,0,6.126261842424086,7.807216697987655,1,61.643943983725755,2.493084137119713,1,0.6049071059269675,-0.26418200949362874,2,43.73445453625272,21.071212469928795,-3.925558031284025,26.167823671253334,51.78274712284739
0,2,-0.24867952626854217,30.734246707422297,55.864914722537975,2.254638533115526,0,1,1,0.20834601683788,0.40265377649225964,0.23685349541017925,0,36.94437417091519,0,0,-7.130750099170128,2.645524883133293,1,46.395478755622236,3.433084200249616,0,0.4562862065680903,-0.7883024356891732,0,35.66807760730827,14.927366026876747,2.050247260840493,15.70718080219671,39.73985390543627
1,0,-0.2883597947618097,63.01273310478604,7.216286631478875,1.5772282231774744,1,0,0,0.8932661148862203,0.3599985467931006,0.08415813423028601,1,18.547095031572503,3,0,-3.0329439279882617,2.0322193877430657,1,62.59003323047777,1.0727875157847437,1,-0.1495444468497467,-0.09784850992184818,0,90.1594774059998,11.343582891736954,-6.5277124662038775,20.48480740683931,61.48027857433405
1,2,-0.26435059931980404,47.740230489742174,72.88225771201718,1.4980774790939462,1,0,0,0.4964664878978935,-0.9760363808690766,0.7192624448506131,1,46.9166935581378,1,1,-6.804710619410098,10.606515714618176,0,36.28053991414207,2.3070649858055137,1,-0.0026526185380128,-0.3716597101632306,1,46.26839039763543,4.210845784217934,-4.208216644887994,18.7595562872479,23.671194633398247
1,1,-0.2236958127169551,37.98500955579486,53.80264393770317,1.7059619085727356,0,1,1,0.3025776883947823,-0.08335253632188833,0.47144193092299685,0,20.78958529751377,1,0,-4.0380994624672955,3.4965176728995546,1,53.249919767922194,2.4920193021284387,1,-0.2665910149756277,-0.05731315342090251,2,47.83984273121209,10.011359288297728,-3.369967583669644,21.2497063333965,27.723494852009452
0,1,0.49145545086811104,30.446945884518797,83.68220978299809,9.84320332923152,0,1,2,0.19508711563116016,-0.5602595059965519,0.755034531538501,0,73.86197094555459,0,1,4.418145319075556,2.438880187831465,0,57.17358749965092,8.553984964649747,0,0.28564842586776357,-0.4402004049190711,0,7.176434223074235,35.04202198172361,8.725179528654014,11.414640408812577,32.93710581850635
1,1,1.2180954104020072,67.57726006030433,4.854819993354847,1.6794657518028906,1,0,0,0.9695020378694039,0.3667945212103117,0.17194184011668567,1,23.41076439922969,2,1,-0.1473957028300017,1.4932292971661885,0,71.14148500110555,1.1463244684895464,1,-1.9136813300986208,0.33601193615402436,3,91.01011458936696,11.089125510512552,-6.441126836418682,31.404696045295452,47.361716888531085
1,1,0.004033103456074799,34.718264986348785,51.38682790569268,1.7434317721511547,0,0,1,0.18453899288498776,-1.77758929711996,0.4847577222755192,1,28.625093143040967,1,0,-5.53362989597872,4.392910776305698,1,24.73254952629206,2.3670215391953806,2,-1.0743750763175364,-0.10051763625017406,2,59.556443169675674,10.115345755264737,-4.333346739788302,25.190525264998065,20.777263614141447
0,1,0.17068994816508593,29.197756297939716,83.4049107277485,4.66285296083365,0,1,2,0.15779886802156945,0.6393504447194589,0.6387722688917319,0,77.32441722675156,0,1,-4.637427343058551,2.3437667608378248,0,23.23882288292822,6.6639829931818015,0,0.3925698197116385,-1.0406533115013643,0,10.00338233016006,30.17227050147193,7.134958242542254,23.90491361123424,25.46286602764998
0,0,-0.12016203265427766,20.627238634583044,76.01884606819611,0.9780224835040204,0,0,2,0.12457727682333192,0.08170892662198904,0.7701007046254891,1,31.097474731797806,1,1,9.834075233325326,0.6357304194161452,1,60.59334937813812,2.6338486622591084,0,-1.6708191719297123,1.3293560093648973,0,47.4821716544329,9.533796943456384,-3.1319822181810135,16.257715052331235,32.27419444627593
1,0,0.47068771391196,34.94685966782876,18.626841526417152,1.3085786258876564,0,1,0,0.21121273756325742,0.19747931707874525,0.40950020587948854,1,24.854363438959002,3,1,-0.14892278040442442,1.3778918073476405,1,61.24353774238861,1.7550717668861628,2,-0.9009866887880972,-0.40305115500949024,2,77.12656728833988,9.536417493318542,-5.392691513331914,10.707080510323577,20.586486760717783
0,0,0.7823794936607241,26.38397620486878,59.028341075186276,3.740399518170267,0,0,1,0.11435976342586551,-0.7218210242465268,0.4897031087935585,1,20.435121565738612,3,0,9.999052215243314,1.7316380343822504,0,53.490608159385374,2.2429858423168936,0,-0.18808581144987396,1.428426585042766,0,59.49276086764249,16.03383138034445,-2.5782028640547816,20.373406173335773,28.043422503994805
1,0,0.3331462141227412,59.40705583540476,8.023574905579267,1.2864612428622328,1,0,0,0.8245504403992306,-0.2902953671427813,0.3335773125485498,1,22.752684127513277,0,1,0.30064570072821795,1.475388452185077,0,69.31723803574161,1.2704234278256148,2,-0.36696282031422706,0.34827525983886637,2,86.8458005317823,9.121151798505592,-5.212837396666363,7.673269066908461,26.612880626085158
1,0,-0.11124111934397772,47.350367827176626,14.962776703571318,2.340678092836095,1,0,0,0.5203514811917377,-0.6564383731425774,0.019803726212970163,1,22.5039796764305,3,0,-8.597296713952122,1.1207253385761449,0,14.879996152598833,1.2421797270836588,0,-1.0270061453653818,0.11019630002810069,1,80.90022865582178,13.867095091585426,2.4117915638456147,26.680239310290034,49.87825618129718
0,0,0.49110146667995486,28.388328698334572,73.72430035030858,4.315294572762687,0,1,1,0.16427760062113334,0.20737221191284244,0.8183996076867054,0,51.225362812963866,1,0,-4.996302912369068,1.99250414279841,0,14.623279559677949,3.246776288334862,1,-0.1707682665799824,0.19686587388375995,0,32.05550069604275,25.40892333239572,1.1715716757041044,12.563507350645068,32.55515838523868
1,0,0.47671464461021784,60.67351146742117,73.98848296608023,2.0690269629751246,1,0,0,0.8041237675535433,1.05366362256152,0.9307379862994598,1,30.14014315868984,2,0,-2.9392718729770317,3.097706716012724,0,40.70148824566211,3.5440091624844574,1,0.18595676037994066,-1.0176500093789576,1,41.804022490127736,9.725663732823051,-2.6913800881414467,35.392511113494635,61.41492152712736
1,0,-0.004716673940074795,35.926256473557785,46.22905495743266,1.683204062126352,0,0,1,0.27718578601908084,-0.13413143864768737,0.3542226475597725,1,21.818418031510298,1,0,-0.7882347859539216,1.3079238947917653,1,45.53523635745313,2.0334318144122654,0,0.129365439428232,-0.2719843570834975,2,63.81090600121189,3.6518521783247393,-1.751033681674972,24.789258241736505,36.6814387630165
1,0,1.2313650318963225,46.088151499922944,36.479850890651136,1.5535700439119131,0,0,0,0.4068935357829909,1.6658948864118346,0.7938203576036182,1,30.14283876996664,1,1,2.2608267112998917,3.126149575294797,1,59.83221678935365,1.6504758713139402,2,-1.2389714965680878,-0.6129706487141457,2,67.85307124540205,11.516716095888984,-5.991439823099769,16.344286800376086,33.828223943349
1,0,-0.09554404849635592,47.96925284325066,30.153601752081077,1.9392712515513586,1,0,0,0.5589764743255058,-0.1785530969698784,0.811337154250676,1,19.024229318001403,1,0,-0.9598603873254099,1.8544563398832266,0,43.68355063483225,1.6247861001888153,0,-1.1297541497640808,-0.2888558075477969,1,72.35946025207576,10.64363656267356,-4.961825250499363,5.610634487564498,39.43797014946221
0,0,-0.6502796514530116,19.758159370432228,65.40802403962228,4.705023516414496,0,1,2,0.12658215938061818,-0.08887619511015017,0.08794586626934836,0,72.10063588192449,0,0,-0.22244839599523125,0.8567430260298634,1,54.82678285414333,7.029487395390569,1,0.7792238707722825,0.4117319012466287,0,12.135625356359048,29.643123894477345,9.506681235166493,16.354525292319543,52.31752181512083
0,0,-0.4609204469671506,29.965891093950603,43.88845424911087,13.643970717288562,0,1,1,0.22522653701354917,-2.4035194385093095,0.7265648903819447,0,25.940252476932617,1,1,-0.36519836681910967,0.8697653012147335,1,35.2726927769441,2.725568656830293,0,1.4317948369333344,1.443832643398427,0,59.51004887380408,39.71398411540272,3.0732723087849436,4.529047447809223,37.56868023529407
1,0,-1.3858082271576015,30.34227125328499,77.97759260246234,2.5995264533061606,0,0,1,0.28974095267672884,1.06849230017565,0.9713307260817055,1,30.1702460509703,2,0,-0.663349748572081,2.122612337519436,1,37.19107684833422,3.2807516982499774,0,0.8844383059566804,0.11489588555209124,2,38.84695856848727,25.007251718221664,-6.161279372456713,29.524129825079655,61.084588105563924
1,1,0.40393889943425676,38.534200786205126,35.68435815194844,1.4312939936256919,0,0,0,0.28552853398665806,0.7269968322709215,0.3633188165862565,1,23.318199316427958,2,1,7.6438832966152574,3.2317647571392634,1,12.874175576795679,1.9936886035105161,1,-0.9257147400517844,-0.2183186921766948,4,69.32894965951772,8.017466315357622,-6.609124402394513,22.32151163198081,25.176903228369852
0,1,-0.17119362164793966,38.643513076925004,72.82903003390355,7.3051393519345025,0,1,1,0.2921934232176917,-0.46346166416470125,0.6210946025955061,0,56.82472981227871,2,0,9.057642036937203,6.581586121006331,0,49.06197507160557,4.89200085626354,0,0.6872544816741328,0.4441667899827455,0,23.748634790040512,37.208174748197635,6.482830284027557,17.681975587821583,28.310335917058914
0,0,0.32221484543911794,42.86419880722485,66.125423530888,1.8574845800822508,0,1,1,0.33339228652983643,0.05415760737111658,0.5545932565810675,0,40.711342953519704,1,1,2.2025380169382753,2.071658390154149,1,39.085489650659504,3.693002506981555,0,-0.5248499291316074,-0.39899390825835856,1,39.42616489750591,12.946323716384338,-0.28233366496913703,29.954176392048414,47.27200274520019
0,0,-0.1407874908866661,24.688228384971396,67.09040125685145,3.9927162503509988,0,0,1,0.18799125741461165,-2.5569749289754675,0.3608415489186807,1,23.778785267033395,0,1,-5.892696926488359,4.025145406860205,1,33.38689739600663,2.3111833248215814,0,-0.883290104112911,1.9181469452255477,2,48.74208101265728,32.02860211045307,-2.714468594423728,14.377582823328732,25.428337094090892
0,0,0.3430939297548975,28.750547205730552,80.85365834569384,2.8929587856303844,0,1,2,0.17635870833904316,-0.5174899628329911,0.7838102428756499,0,38.60739753004204,3,0,-8.114524566378623,1.876779752078957,1,24.595629515076833,3.325096500674224,1,-0.3702090098253343,-0.12610970424553938,2,33.614901777309726,14.267501143047884,-0.23947600798408786,22.794885890972026,33.90712124978808
1,0,0.1401250533310413,64.16430592888665,5.191914107820211,1.5748646662810057,1,1,0,0.9290618092907084,1.9563709714901063,0.3801804920117306,0,26.175389565298772,4,1,5.935844985162397,2.377072029413588,0,7.1562766082005425,1.3628424889843669,2,-0.2360538201788975,-0.046495613426150245,4,84.4119230713614,10.577364434437296,-7.519221642712694,32.15293202110522,41.49339413132088
1,0,0.04431546046381308,48.73089890660744,16.21726201980958,1.606143874382918,1,0,0,0.5070363500065809,2.421557152033722,0.5503103318247261,1,19.269225767242993,3,1,-4.877317891061335,1.1809590006984232,1,23.13283997161541,1.4119308072762506,0,-0.6086098736544584,-1.0016439998532465,2,81.35165571759367,11.966820255603409,-3.5968255950340247,3.725980519413661,69.8260742431152
0,1,-1.3154679430894187,31.02211368700585,93.34302685662965,4.140009867337042,0,1,2,0.1607678278627157,-0.6232628541858548,0.6618743147911184,0,78.0871174402588,0,0,2.101606557949422,2.6229557414144895,1,62.71226901063925,9.619026499507086,2,1.3158895749178767,0.6859358237549259,0,0.913664298123168,33.42544174444172,8.770179457552342,36.523238267494904,55.95552770200173
0,1,-0.08157504252480888,52.09993463736542,34.97854732622277,1.7024248939509967,1,1,0,0.6931029730694266,0.3810254661678778,0.39654369371092224,0,17.04198421730137,0,0,4.385716981134355,1.252186580447362,1,42.64265078516277,2.517820610486626,0,-0.8182750472503139,-1.0528695551041656,0,50.838929904552366,7.272858407594336,2.5210904384169286,20.88126739431908,38.40916518346048
1,0,0.07839006629597728,50.450078410498904,29.44485546466514,1.818035669076671,1,0,0,0.49005047284458025,1.2154567982055744,0.8814746440753432,1,22.77217858481748,3,1,0.6290075266812636,2.657237837856562,1,35.74076174577802,1.3713882545059188,1,-0.855371062651301,-0.7766605139018617,3,73.57858708642036,15.517295496407826,-6.552959754194509,6.358759164448129,49.982285000403266
1,0,-0.8732475898852798,46.214180183509846,25.86699531671648,2.0312735742514514,1,0,0,0.5044961202839064,1.0875681724338926,0.6688876897220991,1,26.305634678842527,3,1,3.626739493653833,2.555803944653138,1,7.2991544016011645,1.6029887429012972,2,0.04116376136728571,0.05390705013629307,4,73.91081216691595,16.93494838125075,-8.096411527376585,22.33277804819442,45.06550977189195
0,2,0.40042273835417175,37.64494530962655,83.26961274601219,2.2541527046366623,0,1,2,0.4220675907629362,-0.27833110527629135,0.44634202870388207,0,41.7521764376011,0,0,-0.38640730524791955,4.457861853630866,1,43.976116096329505,3.963098792833568,1,-0.21161530991145375,0.021544928006764698,0,29.76218448439787,9.341725314307755,0.9886302153506783,22.275906286208258,29.34929056082406
0,1,-0.37179020062766516,35.46283108764446,56.33549368715508,1.8755291433874826,0,0,0,0.21014097992161712,-0.5066994237050789,0.30035908790929355,1,21.912374035166593,3,1,-0.8903530961884893,1.4777688218461673,1,1.4936058907523808,2.286610692936224,1,-0.5423411481835372,0.7037159263146848,1,56.620496882631386,5.830198909942572,-2.839065181737035,11.962976880107783,42.35391458175107
1,0,0.9987254609581895,56.444925104967425,7.858337201452004,1.9741580091264783,1,0,0,0.697476795163564,0.3948650043363385,0.30744543841339333,1,20.018173331710656,2,1,-8.815311572217768,1.2923453713644304,0,10.532218850600303,0.9587291277064411,0,-1.116513856185117,-2.53161389371679,2,89.82423517965911,10.296488624836282,-5.065006489500455,8.540459438678578,34.428658065136005
0,0,-1.3003176749997292,26.19669573541742,68.71067610353379,1.5750930474056806,0,1,2,0.18237685867826758,0.5453664056208555,0.41665926981060936,1,28.750745864651222,1,0,-8.113501813870574,1.3361399607576334,1,28.85043570930354,3.0074813746148186,0,0.5160075170898767,0.7645188650552895,0,43.16309232977347,11.037941071189916,-1.007516871911335,18.80916933803077,58.209840362315695
1,0,-0.9076882224676615,38.083431330961005,5.541385367863366,1.770288558291847,1,0,0,0.4732258723475542,1.0400825975536039,0.5012134293684238,1,21.77898036040446,1,0,-5.933446541675847,0.8349466265814158,1,33.08020569910909,1.0900483570223922,1,-0.016580498443767747,0.45389261777960005,3,89.67912398687086,10.87032984580945,-5.967842082152646,1.648866568530385,42.83395247662361
1,1,-0.20290746651319608,34.920944162864494,67.9931599767382,3.118905678782985,0,1,1,0.2672909069102096,-0.012822775611929307,0.7268520818985238,1,26.47247718179981,2,0,-9.436057930454284,8.28589301900431,1,26.111081330627947,2.772363408747126,0,0.23262365903741467,1.1222091903207705,2,44.00728519501397,21.869659897598183,-2.3196153379661197,13.886507810080975,32.561766285960005
1,1,0.1670956115982642,53.10680845964963,39.73657704762334,2.6134098225382703,1,1,0,0.6381474920327246,0.33410513469155767,0.4924235970472696,0,23.008852737528933,0,1,-3.721568541564597,2.7206329566946206,1,33.05130449893535,2.331059586764558,1,0.16809289112927092,0.3893165716455491,1,68.38515775177557,18.171888247540014,2.4749991565413865,18.872110449131906,21.967207683560442
0,2,-1.2764566661149124,44.39165683549585,84.08268060327929,2.2962435981945846,1,1,1,0.5851978099572356,0.5152344721186695,0.5083736398838953,0,53.82910297509062,1,1,1.587430312402443,5.017566328890007,0,9.385114919896278,4.11329928877396,0,0.776517202155835,-0.38423457725351207,0,27.92095960220642,25.074818970081168,1.8253284241697383,36.04758640029169,38.59442595149444
0,1,-0.3500838253817668,54.80296537665173,49.3466235037436,2.3547715986813182,1,1,0,0.6365720546661661,1.1260463927961475,0.018453838862564242,0,36.34497727839276,1,0,0.8108263953942991,1.9387522776200592,0,31.889478276875856,3.172966773983785,0,-0.030844331853099035,-2.4227662334110818,0,42.53666472788473,8.65423094339594,3.615894282008947,38.56449147108255,39.7732438695557
0,2,0.07798663426115025,39.67011435660859,26.698845870199396,2.0575539415769493,0,0,0,0.3589038780932313,-3.103849814190841,0.013470821416990908,0,30.940698461136243,0,1,-9.17527470493916,3.740177283182918,0,62.26487261154614,1.666440184367559,1,-0.7608687357543539,-0.7409733288007555,0,74.74535658952578,10.703030660234498,-2.4256438547121206,13.27893249436082,20.884709894543132
1,2,-1.6159775621177006,60.683853615756945,3.0862155165847502,3.250818807323506,1,0,0,0.9324521981360434,0.3319919990924042,8.394617801915638e-05,0,30.3450893248476,4,1,7.493058232767904,4.847357545040233,1,41.334287228534194,1.0090949715376554,1,0.5757564092609128,-0.47802709779701996,3,91.99610840608182,30.95218002876468,-6.641093828137592,29.354950974090876,53.16939059505378
1,0,-3.219917279978762,50.93041770046257,5.56013460403173,1.6560084170749347,1,1,0,0.840175786117247,1.7361856232753863,0.517938693409767,1,26.21039263990398,4,0,2.8856762439580947,0.7875522496659305,1,62.69125324441235,1.2425171032893523,2,2.302048118918003,3.4141632602965704,4,86.72198461069902,22.87769969986286,-7.495799143223612,24.765983251350075,67.95817091412704
0,2,1.1222533148531266,37.43966190793989,92.65500648338968,10.566710415912173,0,1,2,0.19944208318182688,-2.084418368162216,0.13415014918484602,0,76.75925116235588,0,0,-6.12999319022996,9.328352751839985,0,39.51744621593053,9.893958975789138,0,0.3475048465763959,-0.06379762685674961,0,3.9484674665247246,36.630607329632795,8.506388760076113,39.19777869593397,23.37479689870887
1,1,-1.25459299026783,58.431597837428484,5.276840091230284,2.3738607547100505,1,0,0,0.906670146278907,-0.09974473559734101,0.24080213154296698,1,24.06685649242679,2,1,-0.27777551435470826,1.7574833222437174,1,64.54869794221133,1.1224101456786648,1,0.6518746165249487,-0.06537929394301621,2,89.79738906569075,23.641234513855984,-3.5354065410028017,6.810025471647663,64.19588170193398
1,0,-0.050120850238263535,51.09124949199685,20.78138891850005,1.9649539304735673,1,0,0,0.6682976606895117,0.0919032279425084,0.23148645018689756,1,22.081390429072528,3,0,-6.923914659765713,2.5641292374506444,0,23.983699858097847,1.4168910053401838,2,-0.7005460356055889,-1.3705573529597814,3,78.06854688956501,14.590447835777285,-6.194328316271917,24.57878077109615,25.854131545321067
1,0,-0.21153035498107786,48.09738319399462,37.00982094083803,1.451593003577229,1,0,0,0.6605650078018075,-0.271289854286168,0.6634289806189282,1,23.687087562360993,1,1,7.815649616519764,2.227234262304966,0,53.77897305610713,1.4067056550111128,2,-0.8293013296745579,-0.3566584714708475,1,72.34343665513504,11.966237509499011,-5.440870419023234,14.326443535802282,37.87726554975025
0,2,-0.5246761586971099,30.86478808603041,62.429873679062865,2.978525902946439,0,1,1,0.14989335160080414,0.2620537902109202,0.07659745928109857,0,34.57387595148237,0,0,1.8904965906986853,13.61150676038245,1,67.34067934844506,3.5670027066375494,0,0.6617592463532398,-0.6604020467535278,0,36.227086055008016,25.699558024930127,4.787775639267895,23.864982336101438,26.802909999001713
1,0,1.102959363040364,69.61145267336241,1.2281373289647568,1.8755640308933987,1,1,0,0.9907942605024959,-0.23275782839851406,0.4876483982725686,1,21.196750751438437,2,1,-6.161312528317573,1.9709154652537166,0,54.10799532495581,0.9548708970605548,2,-1.1654796942888335,-0.5849267493048295,4,94.44926596077545,9.021415272068795,-7.988057015710962,19.346113929949567,63.682793000431545
0,0,-1.0114964316723303,21.235655466676423,71.36317063864664,5.991031655099534,0,1,2,0.22143037920118652,0.9906597456421623,0.19164479501380882,0,73.50505671410191,0,0,5.945940881193486,2.070662896809712,1,38.681975450378395,6.807556158564883,0,1.2020882441485814,-1.0707349749838866,0,10.988533292338559,36.3580418751033,8.73740678255335,12.652654619848507,33.313612090747526
0,1,-0.2998644506979978,25.257201391432762,68.85400639486454,3.2934942234216105,0,1,2,0.18662949780051213,-1.9218456239216108,0.45196012166202765,0,45.40665850526302,0,0,-8.675451823697303,2.733870904697552,1,26.123589603383664,3.967372658711586,1,-0.03276111401240555,0.2138675350888782,0,30.00022377283504,24.711187911162376,5.499438683637736,15.035389916138225,25.822749110320093
1,2,0.8854503754545193,63.53148155342126,30.363976583563456,2.40325776740592,1,0,0,0.8624686720129215,1.1078194766050633,0.20644961980978077,1,22.64321490061688,2,0,-7.78383168542805,6.512546272416002,0,44.6834247698517,1.7429852390902587,1,-0.5544448002631104,-0.008280719574364917,2,76.07442958251313,16.296121619572,-5.268709067430635,26.664698941496802,22.233308337860755
0,2,-0.8383459716603753,68.19994380559065,32.64891978230427,1.9281344937261196,1,0,0,0.9883722201613621,-0.6401938923100948,0.4659507370757945,1,22.36816219192816,2,1,7.256075598392062,2.297960824193281,0,70.89514268764381,1.564047119456552,1,0.3334625902776492,1.9821308515523715,1,74.5162213746829,9.343378011580857,-2.6617689905063973,31.944785617010247,59.57786086346057
1,2,1.446058922896958,67.53287381687826,25.782615805898214,1.9735120412388623,1,0,0,0.9127183322558553,-0.014426504461716007,0.400663187619577,1,21.835493000527848,2,1,8.67749524246678,7.2847888896283,0,3.7109255521419504,1.4894902811824131,1,-1.4020481313307855,0.012673741390602518,3,74.84306731034405,8.73789545454612,-3.769732248916048,21.67838845630108,64.2426019968392
1,1,-0.29826957937979376,67.5378569546898,13.40786701220124,1.7146018971988537,1,0,0,0.9651619014788294,2.3179002181575754,0.6897847579955458,1,27.20689475365426,3,0,-5.60860624499877,4.020659636251479,1,78.86452105568354,1.2324314384865753,1,-0.17813443472667093,-1.2384932323649662,4,84.82833028036217,12.51327137494075,-6.904141556416197,27.9805060668525,55.370838066050915
0,0,0.8322439610919788,30.491374075254832,43.66687825068871,3.471529768453275,0,1,1,0.14828625475520907,0.9919369009393187,0.22963155234694121,0,37.02289951130075,2,1,9.508866306685718,1.2077437357694107,0,58.92964660619455,2.508135481226658,0,-0.9116958495540746,0.22940531689552981,0,54.420010648324975,16.13955405448403,3.107769415786393,10.878738329882836,22.202580864436776
0,2,-1.041972287176936,37.95805301673623,75.05891277254804,1.3990152428332452,0,0,1,0.32910078536138676,1.491120490276428,0.662091388281549,1,26.057204004720763,2,1,5.301394844385323,6.443225819946948,1,38.4250629029353,3.297868217921394,0,-0.8896766052101797,2.2056977795790687,1,47.65438895803243,12.683293952172367,-2.8093464185653865,23.166429428171618,25.695686323086072
1,0,0.7588331738161721,41.23536172476312,80.55809803296012,2.03532403936642,0,0,1,0.2524356896568528,0.5793056245885921,0.45450103349360027,1,27.868612804219662,2,1,5.878165909650942,5.557295521615458,0,53.61184519388278,2.9872304786248676,1,-0.7653028630252181,2.571952972553419,1,44.37686314508083,14.577537842156447,-5.719409492938071,32.76375285157454,39.85387525600803
1,1,-0.8248132797055447,41.022866032653155,36.68188778792848,0.536203137468299,1,0,1,0.5106191917990835,0.23687191572428398,0.41891101500523065,1,20.218258684230143,0,1,6.532232198308293,3.3923175572124897,1,42.07808267828766,1.710801284285979,0,0.029944346712388027,0.04368769352318951,2,70.22247088771078,9.014210013366483,-5.111958561569855,10.6991248613555,35.96660163587771
1,0,-0.7861228802688995,50.31007332619747,9.474266679882238,1.8639860676861368,1,0,0,0.5637803165322328,0.35762445817133975,0.01363562194793766,1,28.604782313024945,3,1,-0.7062054570051703,0.2971751518113734,0,19.241499941391098,1.255179994284322,0,0.10084670299514781,0.11663504505923514,1,92.00180735636768,11.91938052630082,-3.713687735880713,25.754528795104967,67.94086525558015
1,1,0.10446759180508133,50.300794695259754,53.329864842935734,1.722525315358754,1,1,0,0.5914658334284428,0.173575542697171,0.47331346422541054,1,23.759930105076407,3,1,-7.942306820269529,3.0962258645551173,0,58.93467361623706,2.5289554060908297,1,-0.6659066866676271,0.2842440142954478,3,51.68086497720492,11.401411150298344,-3.641797989262587,34.271928432913825,27.81639762859034
1,0,-2.637267068131568,27.887018106344087,35.02790119259495,2.0690668271083603,0,1,1,0.22230788904265297,0.5956902268577425,0.8933814227742931,1,23.040426170237836,3,0,-7.223861862617698,0.6158020852546245,1,52.50590198665328,1.9486928720151353,1,1.3705966717516866,0.83235759890139,3,65.36025114161258,24.770565191842017,-6.422410682338979,16.90854255051275,45.3246194571877
0,0,-0.3555212823893742,27.094640105371486,89.98505886943443,4.818226624401254,0,1,2,0.15940642842962394,1.7406202010038283,0.5500741722618182,0,76.93695190732005,0,1,8.235028236610916,2.618226060055136,1,3.355053733066309,10.122789011622025,0,0.5356268633192567,-1.4911982909878705,1,4.847090971176754,31.581143161366498,8.363004067532657,36.65045019198818,45.43021956980431
0,0,0.11709428279287465,23.945520982136962,83.53276583406083,1.6649611588546678,0,0,2,0.11395020262372685,-0.2359768788218717,0.8731737789213193,0,48.328024076006024,0,1,-0.8781736944546807,3.233731717256039,0,4.073539759835807,3.390308912891636,0,0.589026740929874,-0.528017741171664,0,39.472168882595334,10.81745370287052,0.06508815122822575,5.884165119675242,41.36701866878384
1,0,0.3929134241420995,49.55113314679021,42.63787653980749,2.6762296826116723,1,1,0,0.45958018065780526,1.194067099597613,0.2641439337504773,0,27.419686753582457,1,1,3.8995320251648735,8.696978655028758,0,60.887511435598825,2.9608870781937573,0,0.2626451749995738,0.23434303800880998,1,52.2252796824296,12.232683372929024,1.73019652979489,18.54752494006944,25.401896339674668
1,0,1.5504039310601352,35.52331927862915,45.10333341951439,2.734209281664365,0,0,0,0.2624630063131753,0.03629650083746695,0.44699754053974894,1,21.791232236260836,2,0,0.34730490807286074,0.909896501065457,1,40.61648398239641,1.9879150831911458,1,-1.0899817460982801,0.7248771687218905,2,64.52289544175666,9.06656947758076,-4.801917896785753,21.82634729334374,35.26580540138053
1,1,-0.23623066108515436,69.64993204693829,1.3403517598454318,4.111214724490812,1,0,0,0.999212035262325,4.406001886817414,0.720300782005301,1,31.279754243041555,4,0,-5.894772605240883,4.504457996862375,1,65.25100807989219,0.8890534577850665,2,0.08663040746660493,-0.5652315627853535,4,94.6494008294008,32.79352279818818,-9.617025575951063,27.837073644291927,58.21032607428078
0,1,-1.745321136841964,36.291930349565305,51.830109949680214,1.5658692295124859,1,1,1,0.4472952079795982,0.6264850641241676,0.5812704077984912,0,22.33395693307047,0,0,-8.642429481669122,1.421676285441047,1,40.66811840496143,2.6089872020839366,0,1.0398482920938272,-0.878000535806467,0,53.73458573905996,19.42447206278967,0.7277273971573202,14.165877331602154,55.62999449911729
0,0,1.0887417813432951,41.04656333049418,49.28779431151045,2.6989229581557566,0,1,1,0.2986585085895409,-0.002616942709265654,0.462092664317176,0,21.313139285226455,0,0,-4.975303236178402,1.7513608768019906,0,61.1169381986993,2.102148503904388,0,-0.6110956759596886,-0.17422769784880768,0,56.16986156721714,8.93603728839847,-1.0193694929565833,4.616116097187966,34.25397866174425
1,1,-0.3370480686498168,47.99029745230622,61.055855682657054,2.503699101283812,1,0,0,0.6543250437158132,0.11236265611141158,0.9786246097073334,1,17.45922397984717,2,0,-5.959447241848444,4.501402583377133,0,42.940734501234274,2.6798085773449425,1,0.5811695116035558,-0.16374990179724977,2,46.73294479994632,17.980309942353504,-1.6645511949239822,8.399495984724954,24.278498436156347
0,0,0.5226162012793045,44.58124184819253,23.762458518380804,2.200255624360244,0,0,0,0.280425838282647,2.0939080197351885,0.6859285371320991,1,25.452558059216713,1,1,-6.971794069151259,2.416389806314752,0,23.733706912611527,1.7630069493384568,0,-0.5311655706570884,0.15126388410336003,1,72.88033628460362,9.787997460550795,-2.5046172145582757,7.9870133783787844,49.19818278451269
1,0,0.044019893760919214,39.78948569605424,19.432565163775383,1.38868665716836,0,0,0,0.3200557186598203,0.25574113041318713,0.6438415534085561,1,20.605968076890335,1,1,-7.292567643310035,1.5397927616470828,1,13.84140883446236,1.4944452900990413,2,-1.631864018643131,-0.7184285152662102,1,82.26820995116661,16.817020031834442,-5.548307069143833,7.78797408016735,35.98928249851424
0,1,0.32609793503020357,40.14414154001999,67.777881930635,4.796182232081623,0,1,1,0.21743470805511367,1.0007727219658777,0.3459608929490734,0,39.03376610340431,2,0,0.38999663495884107,2.9454215049394796,0,58.67991592995508,3.3666433803538705,1,0.2899694989551968,-0.9764277027859493,2,35.805680078792165,25.821096189956375,-0.958150744778635,33.57074176391316,22.647784499418556
0,2,0.5133391027946707,60.584387444500805,84.30414456141762,2.9103561978495174,1,1,1,0.7815653441522594,0.17935176125935479,0.5816035844894389,0,62.132396898778666,0,0,8.126915047235116,4.394826747450132,0,44.02191840339508,5.936169081012374,1,0.4731356986286637,1.6446560593959376,0,18.01464676696592,20.388589251319367,6.652170466905819,18.2232610619539,31.12045538243865
1,1,-2.777358926964245,51.461586246682984,41.74876992292979,1.8320526651519986,1,1,0,0.8872459703306934,0.20671543366819067,0.6793315877853523,1,33.10984749023309,3,1,-9.678682764896246,4.339928291730196,1,20.890131575729136,2.0851251516471354,0,0.7713005036959246,-0.7744401040571891,2,60.709760729111785,21.436489329903342,-4.025160203592505,23.490034609845594,67.70558382640385
1,2,0.2880253236044553,68.78705027218311,74.54217565717903,1.7469176583495791,1,1,0,0.9602906364184585,-0.9848452519191019,0.5465726801944555,0,30.628811654365002,1,0,-9.135485370120136,6.949449790423746,0,53.19995008399541,3.8746836162179914,1,-0.8229919649408828,0.3629729344569716,1,39.98953850576,11.901011538592751,-2.561844003499745,39.616260340514884,21.180972476435393
0,0,1.1550861725346568,42.57312387543621,64.44112746630222,1.8260273337469521,0,1,1,0.39011733622596234,0.12085779891632778,0.6792836848969918,0,36.63787693468228,1,1,-7.671203525856292,1.260994573398741,0,25.536406197079124,3.0912222760755084,0,-0.7889762033542242,0.3943622608727854,0,51.98410690852988,11.424677384451742,-0.8472029057594632,20.421306387199643,42.64104946995757
0,0,0.6173499990443005,29.34366127269876,81.10839528761193,5.457345178499168,0,1,1,0.18547709072647034,-2.7833777573439806,0.4429921066333589,0,46.51905331899913,0,1,3.4615992544335796,2.3537514596937927,0,8.485753946536366,4.492631939101783,0,0.1897908656137939,-0.18729167978725433,0,27.131081903151642,13.906044377404307,2.394617312342003,27.361501739017356,26.951608519898052
1,2,-0.3948994747068358,38.4805173420704,74.89310181361608,5.150550098265882,1,1,1,0.39739289554170903,-0.5867868101255374,0.41727887420356125,0,47.14694399670212,1,0,-1.5074417429461615,3.299160940847195,0,73.3167210657904,3.915708459750994,2,0.7325418033879504,0.03275605040991493,0,24.639789648266813,29.276185105722288,1.8629067814269575,38.44069063671765,35.43447494055682
1,2,-0.15522864614102275,55.06746331533804,14.033155800781733,1.993196045876833,1,0,0,0.7257126136607903,1.689480886152397,0.26699448753416066,1,21.57525839101867,1,0,-3.6390791591330407,6.078951548997083,0,50.52284900492494,1.4082176770822639,0,0.18467636385475197,-0.1604752870418785,3,84.28996966571749,12.195650892042625,-5.097542054933044,10.873760865628084,24.945474640767536
0,2,-0.1164338331045848,41.68787977748069,86.03451832366376,1.6047359130168002,1,0,2,0.41895084034893176,-2.2645092340333575,0.5986975714137115,1,39.22524132511348,0,1,8.17451100514414,4.48374597945075,0,16.463490213573753,4.303870758195345,1,-0.21497330947685755,0.42932034497020233,0,31.856624830783243,10.635300754205419,2.5688208935405576,26.20643875202373,54.73394714926803
1,2,-0.9639347340382353,67.91150975057776,21.354153947414005,0.8744128745787696,1,0,0,0.9842775102766246,0.7054332454534866,0.4321838288914059,1,17.376276333568885,2,1,7.066631376991481,2.9190047359648323,0,77.5784567087375,1.4978541951805213,1,0.04683976009850003,0.26526324431029075,3,76.89037816483469,9.433593036376283,-4.930736427070659,32.77174832358115,44.430700630795094
0,1,-0.8318875280322079,64.27673975252914,20.97318431562543,3.48276651920272,1,0,0,0.9467700410030022,-0.5799947284745639,0.3687010764820914,1,16.97437519907993,1,1,-6.329054804222636,3.2037916231317736,0,60.09089138233338,1.466138631821935,0,1.118770502396846,-0.9129018897806837,0,79.84774063387715,27.889975127015653,-1.550809443856739,11.15721982968111,57.80388291441038
0,0,0.64282953544008,24.528507058738846,76.09446019692241,2.338126856968002,0,1,2,0.23716656613765758,0.42837749904826294,0.6701264473893311,0,42.88264550928748,0,1,-0.04336263295856391,2.3330495543425824,1,24.658522348216316,3.652381365319533,1,-0.7379679340933342,0.4533217948948283,0,30.070177167889607,9.704277905272882,4.865398374775937,8.170160326686396,41.443558554948495
0,0,0.19651843786373097,20.17835368746118,66.77433351892624,4.676249600429712,0,1,2,0.18596746604519487,0.7863622210101627,0.9008662677378143,0,43.95055592001011,3,0,8.425595365018776,1.1971825667121352,1,30.734123998193404,3.23805813693685,1,-0.0799120915853174,-0.36411121938736973,0,34.51731052758388,30.347325619217024,2.437900093224851,1.271981437352101,31.156643679609118
0,2,0.2581963891459703,31.179091761824605,72.31538518465305,4.814486521120811,0,1,2,0.24915204529046925,0.1988738471539384,0.2386358047255796,0,67.6945794901961,0,0,-4.800191887720691,6.8739979370672515,0,9.309555980881452,5.399723568305081,0,1.5701138779051214,-0.46278640373666335,0,12.584956866614371,25.865314456665555,9.015347018485489,30.628415841994162,37.53275206059855
0,0,-0.1620876696012109,29.866483849983155,99.93032092997677,54.598150033144236,0,1,2,0.2856829027957842,-0.21360610821285508,0.8770550579830549,0,79.99975421468224,0,1,6.102439040455799,1.3175513572520412,0,65.91662020520006,47.11460121720603,0,3.012191732484385,0.8406159832644338,0,0.010647614976089237,39.9999878388374,9.968528426124152,39.99995791810605,27.63296813776778
0,1,0.15869756992028974,35.36210741242276,60.197539703473794,1.61548924950748,0,0,1,0.2025627183985016,0.44888102800278584,0.6810399933629819,1,23.36943665081349,1,1,9.815626002607495,3.3368422197963845,1,13.771625595559316,2.4181463708371234,0,-0.15408636208439577,-1.1435665367904264,2,54.44112964521075,19.453120300018625,-4.303126552767398,12.56880438315054,56.74879041373231
1,0,-3.3875076707688745,45.483427068717816,33.36037083626756,1.9363704856276804,1,0,0,0.775763926154525,-0.2807744462178196,0.5124442486450423,1,26.974751882727563,3,0,3.7473469800067587,3.1761048184321647,1,54.80152241511446,1.5235834284394822,1,2.336681492275005,2.822050893850496,2,73.84163547535036,33.44245733451555,-6.7813112467281975,12.212722736880583,64.64465297911448
1,0,2.544097396460661,65.31715671517702,4.5974683116003225,1.2944463787974432,1,0,0,0.8066792294831292,1.5017946172958294,0.6595081206034211,1,22.64016176416428,1,1,0.6204217867719066,0.7794950298889898,0,22.222645622308175,0.9793215012254466,1,-1.335613031890139,-1.9738530591385717,3,92.30878811844462,5.837023496233879,-4.141135041057325,3.6290135789342925,41.97731027519086
0,0,-0.25048695663988185,55.110532514081115,64.14284959518913,1.8230017165273198,1,0,1,0.6088168283742706,-1.6168502797218756,0.8905861377652996,1,27.065371099683276,0,0,2.4759993234098587,1.7641036556050491,0,56.4394944028944,2.3614844969437145,2,0.5276017185089757,0.39706538293667865,0,55.313803911580536,10.501888846736806,-0.2619741909611051,26.867568394210792,59.43422528027627
1,1,0.7273190565296574,58.07766766969081,88.16235781988146,2.3033010358889596,1,0,1,0.7293060767453452,-0.34512136616838357,0.5629758034357103,1,48.117438813545235,1,1,-7.436912736761884,1.8749251774015872,0,44.415839553468075,3.7768105730068418,0,-0.8101690275173596,1.0873370975761636,2,31.98064278715221,10.91546858601082,-4.0539132987480375,39.77996992877618,58.2203970315333
1,2,2.204224714267992,69.76889324052533,37.063388058179605,2.3739971326890807,1,0,0,0.9429175105156703,0.16860139235120952,0.8937911491551722,1,23.456092227484557,3,0,-2.2763402584509906,9.239007250881258,0,26.656638623300992,1.8435544551345184,2,-1.395803151598248,-0.42022305698817997,3,70.74792934200454,15.253460880900786,-6.463997363092221,33.38743309251234,67.2731174301626
1,1,-0.6368433426421511,48.224507260205485,18.271611640530516,2.2078663620774224,1,1,0,0.600148172520018,0.5307792312327796,0.3155169155026324,1,30.50784569402559,4,0,-6.524354753534396,5.968330953321339,1,0.33882956595558955,1.5646601908832827,1,0.33768199226336004,1.3171710209910739,4,71.49719577046403,12.595270707104644,-8.14709369770416,31.763147549723065,41.79958163500007
0,0,-0.8253806832162566,18.43302492828915,83.15456665248291,11.048769320324759,0,1,2,0.08048104332000411,-0.5188801075209715,0.3210533898604917,0,79.58393620486774,0,0,-2.37350073265421,3.0264670101505726,1,17.506619956446357,16.288481564922957,1,2.0002926607166756,-0.32700320694323176,0,3.15558845463888,39.55640499114715,9.953192447902008,1.9092018696819402,29.00176269986083
0,0,-1.081690987537327,44.86652789101828,66.61261331073099,2.6389748347762034,1,1,1,0.44735880129756245,-0.5337809895999412,0.35756852242080484,0,34.92536425683865,0,0,0.9292495030564929,4.651358915555833,1,55.538733450072755,3.1093343277332726,0,0.4583764088191721,-0.5899440093057422,0,40.23454749865548,21.708097488894463,4.129944661300488,15.63576091951808,67.93484871262959
0,0,-1.5192534091156813,27.2263576940788,70.508327040133,2.1455686811020986,0,0,1,0.15903471314341167,0.08940992547738019,0.8491439886308889,0,27.397130985778627,1,1,5.913742037937226,3.4641118830847253,1,62.930114530064486,3.231210610362452,1,1.0775516010086232,-0.0968382644599082,0,42.81192656005754,20.34622271087988,-0.5164842953101996,8.41540185960353,45.15927364261323
1,0,-0.8678585183973679,55.51721539032298,11.256909120028634,1.925229877592353,1,0,0,0.8236745322782077,-0.1988521604358877,0.5499803579371371,1,23.72547109909345,2,1,8.027596143375199,2.2665342176735024,1,72.90176160885964,1.1921416375691303,2,-0.5310509641039036,1.9525004877500338,3,90.63782857711,10.915272860837984,-8.172283998565707,7.400988421626695,52.28194961972804
1,1,0.5116849278980712,68.66323519178069,0.11709310064764167,2.2071978447932574,1,1,0,0.9888246548340354,2.626158496884822,0.39899634822277424,1,20.887242663196584,4,0,2.9695460711668087,2.297510497972202,1,58.20011910282345,0.6933357267802207,2,-0.649932601731572,0.13620690009460557,4,97.88902146978778,7.93565929228738,-9.27146903647402,16.267961226837112,41.09919350644027
1,0,0.18217551936002493,28.498567476750132,41.95320045581018,2.0996922204904567,0,1,1,0.1634111149380824,0.2723928679034154,0.3713521050529747,0,39.193562237864526,0,0,-7.449915731588476,4.167600577459,1,17.52003243748436,2.872311605906463,2,0.1365537506845325,-1.5732521558587762,1,48.09374720484415,7.757050103534409,1.148449325995264,4.750415623868037,43.291187230434275
1,0,1.9184357050396024,63.53229861370008,38.788776953328615,1.9649044941882345,1,0,0,0.8495390273130874,1.5773038069986602,0.6126344907146645,1,23.626152769560854,2,1,9.797305602905304,1.1337178633207181,0,51.27223466946567,1.6617729433169077,0,-1.2479526598327273,1.2862819161624293,1,72.6099031924533,8.393300130871733,-5.285329924850798,32.61349674028015,65.53860707497793
1,0,1.0362131318933383,43.6839596569813,27.46417223687353,1.7211560529245553,0,0,0,0.2811217843275756,-0.7945313229750042,0.16348883284241633,1,25.992155357412,3,1,3.404780358684441,1.9577916191961706,0,76.68200772671989,1.5021263983899025,2,-0.1655457190773384,0.08625272525254511,2,76.58707945848103,16.093722381234628,-3.637723112946758,13.674541109362403,28.918711391973517
0,1,0.4007386530969416,20.197765121186958,97.71254380185692,22.18643245865318,0,1,2,0.15032211055603106,0.6547745530834242,0.2846056458913361,0,79.69673743751738,0,0,-4.637052001467098,5.515268549005032,1,0.523808566774906,15.429482754618704,0,0.8783926106108636,-0.007736901381769555,1,0.8684680894039454,39.970937825930115,9.12887021714483,39.605188853795205,22.2440955141773
0,0,0.01090402550518954,29.099487467039474,83.05589542562197,10.205916434690895,0,1,2,0.24541099855500614,-0.837273591580432,0.43924436610727724,0,72.9427671931625,0,1,-4.341020110123646,1.582623917380577,1,76.58623175152998,7.489100740517162,0,-0.5648865558302593,0.2545232404316875,0,9.364063360139674,38.18952312722943,7.425976940100622,33.371031141804444,31.33194622437615
1,0,-0.8656870451903481,45.49179752588022,11.37793073298196,2.300076481439791,1,0,0,0.4954579944995459,0.7284656360603983,0.313031189466107,1,19.472899455626603,4,1,-0.3199418302339492,1.7232756422755748,1,26.191008618389134,1.1166767253784298,0,0.8681601325325959,0.0022664134041345484,2,87.36151005405799,18.522633505125572,-5.677010466849929,5.659408508900654,29.34289609786154
1,0,0.9527720107980331,46.92194308380167,18.82599990191264,2.057326658930806,1,0,0,0.4407795435450135,1.1087569230716892,0.6109737727367034,1,21.22378303450061,2,0,-9.557523268770506,1.4519547780563407,0,28.467759265957604,1.3885570877819298,0,-1.0946072112735814,0.8072938428162738,2,80.91073796892265,13.029327119130967,-1.598079333915063,2.4951371410155976,30.107092097257542
0,0,-1.0344237534834484,55.75993609012709,36.76713983292085,1.5402337579190781,1,1,0,0.8274717554052704,0.2632515833107618,0.3489529209996639,0,31.749193158409284,0,1,0.34877795078021023,1.6286852160261345,1,32.737118719799945,2.8943559687331715,0,-0.13715130633792114,-0.2865210184403898,0,46.829492527022694,5.05432388254623,5.053800352902602,15.326505270542796,48.22480143839848
0,2,-0.047821297361580924,55.049791808942814,91.62898356658485,3.787111849542369,1,1,1,0.7325522357468828,-0.9057265310022434,0.670912142271817,0,60.653920798610756,1,1,-2.741492270333177,4.054717498127561,1,57.64797550097757,5.18182672973042,1,-0.4928827547378649,-1.0054387037436043,1,23.246292115724255,23.020808615783043,-0.5576373470035936,39.91083463725231,33.42488030618201
1,1,0.5696220863360163,35.096106287432946,30.77110457142389,1.6183275919605653,0,1,0,0.2336555188826872,-1.3606881488846112,0.17994486728549408,1,21.479397728592694,2,1,5.861337364361173,2.049663385285799,1,44.813059321783456,2.216702264532756,1,-0.5386088571115184,-0.35077399327424164,2,70.05106115352348,7.259661456947681,-3.7037038377450937,19.18177707874688,44.39182790239016
0,1,1.8437460406008004,42.72504538106914,58.19316773090583,1.5871935895849765,0,0,1,0.24701774775834556,0.3130173141793716,0.6406321431793542,1,19.08383039246365,3,1,1.2518887866173767,5.790155706234676,0,0.35645039759717445,2.235609235040532,1,-1.6446488378158797,-0.09005457682600888,0,51.099637021963915,10.961157433902848,0.7208621748173787,9.339640766182875,34.09114956741833
1,2,1.53222572040313,57.78556999665761,68.58981583959621,0.6338699191206999,1,0,0,0.6515700262930548,-0.5174036068630067,0.5669210651695326,1,22.33404839119034,2,1,8.482784902107259,8.193930093874217,0,3.188592068812355,2.4725735660520765,2,-2.183395663950946,1.4148099756818624,3,53.16632608238431,11.506780442281785,-4.805864653020047,37.5881251278068,40.57757878768865
0,0,0.2589628440999217,28.768666183983875,56.69870182865186,3.015137879236219,0,1,1,0.2269994384115493,-0.2859307896344073,0.38386067433608295,0,54.632190198862375,0,0,-3.6180036673658016,0.8346971863537882,0,69.27887088900327,5.487478863811948,0,-0.2911607511317331,0.30772834592660026,0,26.326285322956565,14.546251122054617,8.063108704472569,20.81572606740729,22.446254263714383
0,1,-0.10574786054045783,26.196774129262682,80.18378372452052,4.366726194538969,0,1,2,0.20702591521335129,0.26707076680367314,0.8187696761686061,0,51.61973239698331,1,1,-7.546256344101273,2.4542390126950306,1,35.19984611604836,4.063911087092682,0,0.37282668141434977,-1.1858521020439234,0,28.86029610712176,29.26299921165928,0.7933670126701351,14.626622862752647,33.57717521046819
0,0,0.797136737510412,18.21271546814649,90.57972115034231,22.848454147241764,0,1,2,0.09729058161535453,-0.5908307251458402,0.41339253060644643,0,79.20543156653142,0,1,-5.599427225637434,1.8726843832141067,0,0.559233009139426,14.878589335543811,2,1.1026015297004808,-0.03568982200438171,0,1.8928447921709723,39.94239620470608,9.717789541482134,11.066192656470273,21.65963542170638
1,0,0.3132587295005058,26.934287766796047,55.626182453760606,2.288525742392629,0,0,1,0.16160371364060905,-1.1540475880846819,0.16516214086657305,1,22.15504505984245,2,1,-1.6519181804024239,1.3651518499361146,1,43.00413571568372,2.572618159207245,2,-0.05976559052719585,-0.2744435386162759,2,55.212571783182895,19.409832359458374,-3.842552955293468,31.951054104135153,43.20781364211646
1,1,0.1324637001922055,60.19282975828785,23.6994126792832,0.7893821979562262,1,0,0,0.8840267348639208,0.480584147188416,0.0016136170885249768,1,25.534655565792335,2,1,-2.033141574221908,2.8436521729890396,0,24.398057268488458,1.3254842796464652,1,-0.5269878363641886,-0.5912841147755912,3,76.59591284789775,9.498750810034817,-6.539477325955776,39.925326759014766,47.36414092816226
1,1,0.46580142119953405,61.00342874622555,9.722157609102345,2.21355606608281,1,0,0,0.6965910834563221,-0.529821709928592,0.488276068949283,1,24.43763374602051,2,0,-1.9554641221075215,5.14309289656192,0,21.25990822178464,1.2663968283979476,1,-0.5025715008790843,-0.9475116975726017,1,85.7413709662325,12.867080640592711,-3.4640942164627493,4.16880207290014,48.31033449830836
1,0,0.4707277345967349,53.76877392780316,13.323174955018535,1.7302190922660716,1,0,0,0.5916701195796401,0.8552547915548989,0.3015146533850144,1,19.64833901952147,3,1,0.29363826321259445,2.329718895022246,0,71.93361267022637,1.3321315323427532,1,-0.824435059974698,-0.3335192125498571,3,83.17198498397462,11.962726909340633,-6.592993730864008,12.763585856597697,22.614417745007927
1,1,0.41302794367906376,62.22259074362641,34.986214058011534,2.0272254053967105,1,0,0,0.8146871951070584,0.6758941734194234,0.8717028461200305,1,21.27629070418921,3,0,-9.64408628217981,5.620667177031601,1,67.58759176785662,2.0729110077584005,2,-0.3007520013112351,0.061335379656746535,3,72.78841159405512,9.069615207514383,-7.562034855052627,32.775225953841144,32.382723421453704
0,0,1.016431183398157,60.204372947087165,8.027582969003467,1.6929718990473315,1,0,0,0.6793012329690624,-0.7790862631411629,0.5483464808535338,1,23.00611539691932,1,1,5.219873389984905,1.0363760105400972,0,65.67064787402848,1.0920817122692357,0,-0.6570378682068312,-0.5306119075065612,1,87.7669347022122,7.84783307495619,-2.456575207076445,1.5893267591957772,30.719193540453638
0,1,-0.7110401772465079,29.258533690608637,76.41767775586071,2.052836011217976,0,0,2,0.18604969857278414,-0.7948318216741285,0.4480444795550549,0,38.4135869137932,2,0,-6.68347963485312,3.694270935491553,1,32.3024311291632,3.3096844313694107,0,-0.7996485588589347,0.2990286405021479,1,40.233686619128015,16.466912940704724,-0.8527577564068931,20.79189013736858,46.099232245120106
1,0,1.6413605938202527,48.90195325207292,33.714183416278956,2.309882125995672,0,1,0,0.4325296919840792,-1.254706980237584,0.44332356427079517,0,22.500592578752467,1,1,-7.979267242357513,3.88430405787685,0,53.7699715337602,2.146747186422155,0,-0.9665845618454076,-0.4682454005198233,2,60.886639296315956,10.620509859253806,-1.3042042670028415,10.748547556537373,45.242084814923885
1,1,-0.07916710575930262,38.395259027152015,55.43890854167881,1.5498464956939733,0,0,1,0.293011542411684,-1.2447202526781014,0.5781356528618254,1,19.869975678282255,0,1,3.5255084961705165,4.206454706560171,0,33.781338376858145,1.9251743836865274,2,-0.12199572381979347,1.1564648588244835,1,59.42773216339867,14.087589583782078,-4.294780027561755,18.032386823645236,37.846586444667736
0,0,-0.6117452912388845,25.8124850602833,28.477085957591285,1.5969657654042662,1,0,1,0.271034294594207,0.19394596104839695,0.039487405436309686,1,19.411179624581735,1,1,8.788896509520029,2.08483587673139,1,24.778774662575522,1.4695379738875496,0,-0.3372025972355328,-0.5518432195044667,1,76.2179081540433,7.979939526165203,-1.273832026612908,7.868071042577793,31.084051292663744
0,1,-0.07278483158049137,30.600410056386046,93.3928573730256,11.17203303285716,0,1,2,0.23081609353185079,-0.6202505034039727,0.7964263145336979,0,74.28840898264964,1,0,-4.887950663904012,2.5279880631832463,0,34.79206027794778,7.036944897353794,0,1.2211464924064968,-1.0686372046184636,0,7.145838463451504,38.751813035175296,7.724736973067422,33.231319330176696,32.04409010369686
0,0,-2.1112888705219945,22.75474747991591,61.68894902887002,1.651491728580455,0,0,2,0.15833860943928074,-0.19478454640963105,0.31610311379322087,1,20.617458157935378,0,1,8.181904035866864,1.8886090698327118,1,17.810255536872788,2.2900254340030535,0,1.1757315098310681,0.6828905437008232,1,54.787053337219106,16.531958692536474,-2.779273916327747,9.318851728467774,58.471138553470986
0,0,0.32650551380479453,19.47879812451232,86.08429686769286,8.855242410881106,0,1,2,0.1409665234499487,0.8332361273854987,0.36225782705694043,0,76.46510861603842,1,0,-5.754325022910686,1.8696196313352038,1,11.466602782657134,10.496094056538892,0,0.2837912534028517,0.6484221471831804,0,5.511897259164616,35.85161991166247,9.64570881939516,12.636585242985628,43.01469398739705
1,0,-0.06159792464821021,47.550162045229584,4.880189050233108,0.5206646122781013,1,1,0,0.5509927846880709,0.7316445944709911,0.21542872388662743,1,26.968732646159935,3,1,-6.445050999473878,1.8993513973313936,1,68.86613589479063,1.3145715586948123,0,-1.2915514362755787,0.4943693070219978,3,90.81092688225513,9.975412580839624,-6.9033221155470095,11.93531628618381,27.645194769975284
0,1,-0.8489885349933267,45.19263951268812,40.629359141058735,1.6149617492410286,1,0,0,0.5867741096012578,0.3519149475374856,0.26424318962438204,1,18.882297960095464,3,1,7.612985152375526,3.823158267127562,1,18.208005561149413,1.4642058770791406,1,1.3911280391597438,2.5102481317582193,0,74.34193136435819,11.664435886702464,-1.8331289730746398,18.20502841358419,55.61254419027254
0,1,-0.5376989052774249,20.867724996935213,74.83972609120447,4.156194518389596,0,0,2,0.16341373569066503,-1.2535952209687695,0.711594756616755,0,32.17340045683095,2,0,1.5072137991700671,2.698997414116763,1,65.19477007044537,3.465657042595345,0,0.7288402689466483,-0.33768179009193183,0,41.12067920549241,30.78767926881918,-1.412646448350909,10.572266573383455,51.12931908156534
0,0,-0.04338792318546517,27.226691982229504,60.799337196968864,1.9999004034479595,0,1,1,0.1296197107554658,-0.5224083257864058,0.4993861781798342,0,31.45231678426246,0,1,-3.514856329660587,1.1565524864553205,1,29.18609539807705,3.148064182598558,0,0.6061926749484465,-0.8680516754503116,1,40.60961476694232,12.718724458004246,4.115654397637115,16.463147738455135,38.27592789349914
0,0,-2.986070591574356,28.23050639012704,72.15976551239936,1.8546888583928427,0,0,1,0.2422617203435105,0.48763663824319553,0.9410225157885667,1,23.618508751523983,0,0,-1.0369961305000963,1.3280562394750661,1,44.16801380303816,2.489307509664738,1,1.6184182723373215,0.37586705816743476,2,50.96758381730759,21.299962289759495,-3.071497926075044,8.121702236775473,64.1859056800123
0,1,-0.9005480285673856,33.83030016767699,72.45045298588015,1.8502109453456246,0,1,2,0.2651632124189408,-0.19043582603653497,0.05152431151117354,0,75.5299701895895,0,1,-5.208400837635252,4.146498151664428,1,11.757396766449002,9.173382433981356,0,0.06608408053756624,-0.6454752422511729,0,7.8988644478765195,11.455785498817054,9.744138389911132,23.707356660137876,64.71061971680882
1,1,-0.3950410742963586,29.729115654991617,85.48748392674126,4.346370923305884,0,0,1,0.2148548175586445,0.16293021808779928,0.5557110813366313,1,43.24723992026584,3,0,-6.920837978090738,4.489143538717059,1,38.504828468101366,3.6881829108994233,1,0.5491657463388457,-1.1849873442552432,1,35.645750116950914,29.99417276647092,-1.0233531228191453,34.946406278590004,35.45249561567971
0,2,-0.9080940113783704,33.872885437416286,62.81538401340816,2.5384276523954377,0,1,1,0.2775694234058053,-1.2261404722510596,0.20164684141840927,0,62.54146949911026,0,1,-5.097132363216392,5.6169395488156875,0,0.9067737078218574,6.108765110790074,2,0.8216676003588238,-0.04610471035529647,0,22.49863232052346,24.194430166309246,8.493197315361908,15.998335189205138,53.39161585806056
0,0,-0.5879722048351098,33.926949918992655,71.84574015835747,4.281672623784086,0,1,1,0.2812930213980058,-0.9742715679201392,0.373452082797029,0,35.28171271302774,2,0,6.360357360635838,2.0412238345344225,1,69.15497508189317,3.096132062894958,0,1.5524538441398463,-0.26184675573759203,2,40.121587830380804,22.977565462097047,-0.15590228614680868,32.89763809052174,29.38465203405231
1,1,-0.28491178900973363,64.87399917592755,5.962408679457621,2.3104553396940664,1,0,0,0.9597467982245291,1.9691859882160092,0.6983362883508376,1,29.747812570660464,4,1,-3.756179455316601,3.7820964644145754,1,13.282001696953781,1.1945726443113753,2,-0.139511976906479,-0.06168767762770705,4,85.66206788145081,16.5650380394789,-9.20180286842559,25.29690429011496,30.55850099909368
0,2,0.09389822370242992,52.82271748914254,85.52731279527143,5.625493402078173,1,1,1,0.5414196581128267,1.0050340697764681,0.3222524966746122,0,53.94460103347464,2,0,-4.052750483504351,14.49782287712128,0,53.90025215731606,4.4623991044254625,1,-0.2235159690408066,-0.6812873864466391,1,23.627582520065033,32.42672763833803,2.054175511533307,37.71199751950051,23.55921585172057
1,2,1.0986871154973956,65.50075275369568,34.02379602620188,2.5827912623794234,1,0,0,0.8876598610356695,1.6364860673794548,0.41926853067465397,1,23.788195696013645,1,1,4.962838980394864,3.2164033235595983,0,62.55164139172619,1.5563781025123224,0,0.3421192731383319,0.6738901605777575,2,75.44379019022446,6.182854637418107,-5.433052648596536,33.90266702647142,47.597376200991164
1,1,1.7309103611274541,62.887755164754516,47.48519905380046,1.367551149834978,1,0,0,0.7264097703273099,-2.0660047402209814,0.9166961112932062,1,23.832283672176846,1,1,-7.040660620571426,2.7013704915691448,0,79.23467319629802,1.7777553663159253,0,-2.029558637211421,0.27717975828841823,1,62.47726892555857,7.6562845924211125,-3.7068955411992004,7.092869717064543,46.30981625705891
0,0,-0.1638773796148222,28.5126408822665,84.88544854158066,3.1044158119578746,0,1,2,0.23393565693736118,-1.4419719889588316,0.3528928297154085,0,50.5722574884914,0,0,7.9898429439259,1.7043684153746266,1,26.560417732048165,4.377825004614634,0,0.1156879457962765,0.032297226601815915,0,18.00549098278684,23.310558916000534,1.6134043941782004,37.011622151464266,37.9563804838089
1,0,1.3827033221080915,52.043239159664324,43.50938538602577,1.9670936577673745,0,0,0,0.3882125400057096,-0.7790056144662462,0.22050317342107845,1,27.563422738613834,1,1,9.963764990375882,2.781258439409017,0,53.8308239057921,1.6277134129212747,0,-1.286102935227118,2.459870592067571,1,72.92758086962843,13.025124532139545,-5.76386162419287,4.747373092551033,43.5221808704848
1,0,-1.312872358162053,36.60803477267485,53.61597441170728,2.0043106677753073,1,0,1,0.4264787343226264,-0.8820326015833713,0.18921056227937305,1,22.306963373366806,3,0,0.19772340728042437,1.6898119503822993,1,77.29752250222836,1.9638719162028468,0,0.1515058151268617,0.9137410180964639,1,62.697213555260134,19.300107590342975,-2.9324038880190333,33.07920489460294,65.60455295321498
1,2,1.7646666429226072,68.37779053853498,66.6428995731471,1.8107995397138696,1,1,0,0.9523031167803491,1.4932538548132337,0.7497758920024691,1,26.985263568994547,1,1,2.0893070392675455,9.396453862955093,1,71.92245436835589,3.404339356413332,0,-2.3217516989907714,-0.31751474959522524,2,45.41252418279934,17.43837946078122,1.7169041736243518,36.22704162529479,30.747034845357398
0,0,-0.7053992347167823,31.951409494194902,53.916775244726225,2.1451692595250993,0,1,1,0.2725587744015435,0.9518375656946577,0.26663787259992905,0,40.187474998339184,0,1,-8.169792342721465,2.7549570863358483,1,61.46320953222245,3.4309436015983157,0,0.38409250525236366,-2.1349257224690215,1,40.60289976631143,14.974553259777004,4.866778725048173,5.542533386730986,51.70303429446557
1,2,1.1569804127029928,65.8893232083627,69.06532262348611,1.0618937458171482,1,0,0,0.8775723918769989,0.338402579328975,0.5097756207788471,1,31.492987396444185,1,1,-2.199794854454467,7.581602005766528,0,32.64444033230645,2.8959941967007423,2,-1.2016961747910653,-0.89927268397174,2,46.358472296961004,9.153762020282718,-4.774028430411265,29.08713883508441,33.31782407227719
0,0,-1.1823318312956446,34.684796226991054,59.66457270084228,1.7088001977069405,1,0,1,0.4580035886028635,0.31713054859929357,0.23184091236482218,1,19.218598135716114,1,0,6.532177062206198,2.0305757848023087,1,42.6492319368809,2.417984700439949,1,-0.6526228288721202,1.354382309085985,1,59.37104468023725,11.352715620652766,-4.400598608508636,26.042700501838773,44.08352437290132
0,0,0.5369814372520882,21.42127466524293,76.02444795910984,5.315136748317429,0,1,2,0.11423368282493251,-0.30961804217325045,0.6138678198210813,0,63.966995647590736,0,0,3.618385169968043,2.2404236343807256,1,6.4820647653920815,5.2213418876455195,0,-0.17920697557540935,-0.39778413487650377,1,22.297732610495004,25.23691235124186,4.581893183154051,8.554289763729582,22.254367198881347
0,1,1.9408042753878825,37.57446771030073,59.8186133097678,1.6826104954986805,0,0,1,0.3034850376285202,-1.0911035845995105,0.24361316481196954,1,26.012801916839855,1,1,0.32758085149372107,4.976439787193099,0,34.709929655482384,2.508700854498182,2,-0.7420633156784144,-0.9407299845421191,1,59.421832460732425,7.448443129607362,-1.703589533488092,19.51951549244509,58.558440728882765
0,2,-0.7959023372319647,33.24045512297052,99.80661176654792,16.785183880417108,0,1,2,0.21624919679682642,-0.6044535074760595,0.5176550286057426,0,79.99889085677032,0,1,-7.979800058454512,11.121669644806241,1,20.489671724030764,30.95808529101686,0,1.7646174423505558,-0.7038768507859916,0,0.08761559614053338,39.12185775444721,9.842376460180219,39.993180593427155,48.65527931758255
0,2,0.17597286119960978,54.346710874612995,67.56718971102201,1.134844240327027,1,1,1,0.6311554913056614,0.6651544096448173,0.723953926748502,0,48.16258473357691,0,1,3.3995360510288446,3.1016581493511497,0,49.50866780999018,4.554323735261715,0,-0.9696272356962747,-0.35550654766075745,0,25.03724974904976,9.793487512900345,6.919181752666219,12.977132740143789,57.06012780429258
1,0,1.7683195427949971,38.07330185307039,28.075938366794716,3.290002126047639,0,0,0,0.25057135068318515,-0.6671109184042177,0.38076338801259507,1,25.420910626268043,1,0,-1.673157820670614,1.5389257136940837,1,26.89239745207552,1.7732668111065437,2,-1.1895818350013632,-0.4698664473273338,2,71.45096218772775,10.150624807902847,-4.629686623306075,12.947696077983032,40.201686906616324
0,1,-1.016799850697132,27.245481897856543,87.66745044644057,4.396909811667317,0,1,2,0.0855332940452686,-1.0929512185307815,0.37614567659412873,0,69.98963673079317,0,1,-2.2065587651649157,4.627544642272775,1,28.33220549491486,6.304056902240885,0,1.438502360348314,-0.09155370479859433,1,9.992627288860966,33.2878542904768,7.174091917492959,28.507623314995737,50.4999914293728
1,1,-0.8022646696644649,52.23062218011149,25.1848511287373,2.4583727864033973,1,0,0,0.6528101804531073,0.27413719997178515,0.28758978243302524,1,24.55243052253963,2,0,1.160120774976324,2.483280616799546,1,11.276395856061372,1.5705581525208228,1,0.07478932134351737,-2.0358954350154415,1,60.43572721270667,12.27058001053475,-3.311159984327179,15.989596407468827,68.35982565532224
0,0,0.3325266677860786,29.384039354638606,25.73115146205985,2.44659109805987,0,1,1,0.17743689423902975,-0.5500096841669986,0.14434140885964414,0,18.969309837617132,0,0,2.0655737060313246,1.5746570381207483,1,41.896699043883736,1.6215288106215513,1,-0.3225232149795802,-0.2198483647197194,1,69.56185384962808,13.829558063653504,-2.152062590786188,13.044979763168314,42.4021177993901
1,0,-0.3597715817739738,57.224052024360205,10.440879462859886,1.5016350558777687,1,0,0,0.8437000277988027,0.5986345561238912,0.7755323497496812,1,24.655914279529014,2,0,8.932258429063747,1.5253690963685573,0,37.947606790578305,1.366468689956251,2,-0.3973051829184962,-0.6620835320367723,3,84.47355164134976,11.020224237226781,-6.160691261577278,14.276885158899898,38.66974102531352
0,0,0.766231428707901,24.472532164013217,49.92047972833068,4.429969449873078,0,1,1,0.15439456323563855,0.1370451734374835,0.7994320886397492,0,38.15731689938273,1,0,-6.7467302341657085,1.0502874301259135,1,70.06966447987493,3.5696291634288286,1,0.13531439233950368,-1.594304406302148,0,16.764574587845132,33.74147558112597,4.569094826174542,1.0638775602870387,30.112794172439287
0,1,1.4144637766906982,33.35339682988049,82.65696449848305,5.632527569026121,0,1,1,0.1354560284286921,-0.43392731484199937,0.3793649389514074,0,77.77727288112223,0,0,-0.5671501600139237,3.19418793776757,0,51.15890575914609,11.017883595100962,1,0.3316047541020825,1.7257822001363086,0,4.013495418457302,23.41860032289543,9.636277846290987,22.75487773901986,36.15842247466973
1,1,1.0761059374370177,53.22978486880682,24.900511314432443,1.6482344585251543,1,1,0,0.5503889682337904,1.1469840567130298,0.6984495863631504,1,26.5070804111431,2,1,-3.879366306752816,5.931711203022742,1,42.46187139041062,1.7560425750379531,0,-1.1039161900054355,-0.264007119057162,3,72.61507927004004,12.104115347111787,-5.479555261093409,6.024049706011068,42.5310294998196
0,0,-0.5482677424303345,27.883185262824107,65.6660035204772,3.5484918171293462,0,1,1,0.2616351772369985,1.6473205966761186,0.7976380705474773,0,50.01348060155637,0,0,-6.940064970747946,0.6495119388091013,1,63.90585559175943,3.8875383135769055,0,0.4342530011260141,-0.5532082056097312,0,26.406302659065734,25.65055940497228,7.3750857776905185,9.524689004180065,23.45603942673448
0,1,1.0268488080823468,67.3748687635208,47.61612575762119,1.8879146473130624,1,1,0,0.8844663669541042,-0.48779292525692586,0.35339488160442656,0,20.423465984226084,1,1,-4.656718082227089,5.566671483176527,0,45.03597798074633,2.539932099685298,0,-1.653692033722842,-1.0541633428631876,0,55.89763513284167,10.851158216814163,1.4594093527665208,24.82629587903654,69.68196802968572
1,0,-0.5628596732008729,50.452740736958006,21.32795049418061,1.6667520521978851,1,0,0,0.6268857510469218,-0.3944163506953909,0.7008859879887094,1,19.006661960357487,2,0,0.22157062515480064,1.9870368094476434,1,63.98835634426671,1.6111297475085946,2,-0.8044238022095564,-0.7350312064212023,3,77.64512858139392,13.622085303908902,-5.730091999844136,8.981334427879307,34.424266156663684
0,0,1.8527384234153765,55.747815425956844,28.28915594808122,2.3498671011143193,0,1,0,0.4688399308383441,-0.6565111645281112,0.20747079838478644,0,28.417533906884415,0,1,3.8160888959061587,1.9655404749393774,0,46.24078704957901,3.124123645212631,0,-0.9602386826204509,-1.277117866111286,0,47.71199031062224,19.63789864169595,7.836603682474475,3.582787196748769,45.87580061669165
0,1,0.014150019318548172,24.739489870671914,94.1237563499262,18.052886813004342,0,1,2,0.16411708099403727,-0.09439225286864358,0.522975580037053,0,79.91707961298448,0,1,-6.717974827657608,2.4772584432170652,0,38.5036603008452,17.92585068204067,0,0.9904996379311167,0.26687883681531144,0,0.9042172346188537,39.819430418055575,9.956998472958347,37.712046728293174,22.073962014557605
0,0,0.3321735373829809,67.39453973747365,26.362264000421952,1.9245841826711017,1,1,0,0.9550279617269074,0.5966970108472206,0.3689279248855031,0,29.901826349200462,0,0,-0.09861230370585794,1.4918910920679587,0,39.92359890700813,3.1804739641229967,0,-0.531202728755521,-0.6368113878533866,0,44.0110562861369,9.409140387622356,6.2788454028312835,27.485465513176173,65.5804133135482
1,1,-0.8879885224713341,30.44917556365315,62.71094198661898,3.4159901263651933,0,0,1,0.2074156637764693,0.7852995922960129,0.5280824817937524,1,25.444473394868957,2,1,7.674630958528638,4.7998659134782855,1,47.47641925937025,1.5817239063762505,0,0.3039062899367488,1.753763498364781,1,60.75431833386663,27.628325670481185,-5.836764086996004,8.488978420969243,28.463229418509375
0,0,0.6970871342603814,20.63596619691386,0.14415025801166603,3.6146003488337723,0,1,0,0.16959765277867267,0.26537425275985127,5.384581669432009e-15,0,20.62522897509976,1,0,0.4276891362351609,0.6342953359067455,1,34.61215589012796,1.7958197131042457,0,-0.3449207159286508,-0.3988346406627335,0,75.83921566597024,20.03883350213392,9.711346831561535,1.2338075540416549,52.7876569351213
0,0,1.8558311323306635,56.29077962779533,60.482724933598206,3.1031811842509334,0,1,0,0.4678966686566437,-1.1790249045576526,0.5745760851707749,0,32.922528054799955,0,1,-5.897742303445082,1.8372350893221046,0,77.81773624756275,3.6504672475015276,0,-0.9484989345626589,0.8782201436206628,0,38.95636718138566,10.330746633058713,2.3422242564827798,33.38806236606612,27.773564627977812
1,1,1.00141409399762,68.78586204536296,7.160502458361101,1.689905106465359,1,0,0,0.9881984798347165,0.9014233721259283,0.5662449766794952,1,22.996578104953933,3,1,1.6095653502003522,6.064106039774687,0,23.155160884232423,1.106288734459476,2,-1.2697747912779958,1.5738436305503385,3,88.41989049642599,10.781313588311699,-7.633196571969906,17.804748082126103,53.146060610508286
0,0,-2.0102224413758707,69.82696353933008,10.41487762885891,1.8362677088810904,1,0,0,0.9999446388258191,0.011794938458110546,0.5905863176950282,1,34.88206903802428,0,1,-5.455974517574836,1.7363189857645929,0,51.22168578455969,1.3344111998026253,1,1.056949980466813,-1.0724317019866751,2,84.78078727022424,19.78319414911185,-1.784924076056063,15.189698084511518,69.99999893859129
0,0,2.2131668293746483,46.30136492857879,55.34478715143607,2.54211198441736,0,1,0,0.3889532040332028,-0.554411014260175,0.32378021457114675,0,57.01990843441078,0,1,6.7005380002314325,2.539747313722431,0,43.16319540886234,4.920963683704351,1,-1.1972703339594173,-0.2651223123781031,0,26.969522317159463,9.793613823832255,7.573425754036872,16.954210316558328,28.771041935029494
0,0,-0.6946714463531265,37.19844545534946,14.110435452635361,2.722881629984029,0,1,0,0.23590640494697207,0.06114905829659934,0.14192360992654668,0,27.784301559441708,0,0,1.4652573050651014,0.6094567637944995,0,38.89056918405898,1.8940007921481452,0,0.05110651408046157,-0.11680509214099116,0,67.85989957212858,32.27968307527206,3.8051645896461714,5.138157659311977,48.78116290250517
1,0,-0.20564652499237665,42.277971413679325,19.911977371522504,1.4442289875497876,0,0,0,0.39320045560607286,0.9860940356783191,0.13810433627854835,1,18.764037288486204,0,1,5.440543343842851,1.2907837964610136,1,55.7098222874221,1.8767864570195019,2,-1.4261749008688052,-0.012055453534736579,2,76.74412583083956,12.819302964993216,-4.866051555415478,23.06638320913308,38.98296020648431
0,0,-0.5610142744541481,49.14526482699605,73.19833274252531,1.7969594899982553,1,0,1,0.6914239686908463,0.02495842405952085,0.8964682351161282,1,36.806203747321995,0,0,-2.1231935911708497,2.9078828258679104,0,69.55250835387177,2.675625899647778,0,0.10670336679720377,-1.437300173700323,1,44.66022491571731,14.491536646833369,-2.0666381256490585,22.072596925428446,41.75150773574345
1,1,0.8018985976785379,58.39731862832253,85.11085611753282,1.9780628689534685,1,0,1,0.5672178020709688,-0.7747440994936614,0.7269539648045886,1,38.47845360250562,2,0,6.921534391897676,2.2329702333077637,0,32.574435377267775,3.017728184089616,0,-0.6432452431245875,0.0321939550021716,3,40.661948711616255,5.450708883398068,-5.1780699669651895,39.912555961225316,57.15079937861535
0,0,-1.7406288435117478,33.45807977600741,65.10616673401894,4.3034069274090205,1,1,1,0.3648662213831834,-0.7668323565515337,0.5323189168743016,0,51.47466596386877,0,0,-3.0136866741296275,1.5205699681403124,1,70.98040343045353,3.9026708481293437,0,1.7910679207810178,-0.05218436526813912,0,28.829255207690363,35.80412818684921,6.766896897587355,5.985523327392546,67.22433700970899
0,0,1.023730693560916,30.141905139504935,70.45297817783404,1.958863118530448,0,1,1,0.17339256189508917,-0.6943143115821089,0.23271345982932723,0,42.47365569467546,0,1,-2.8082505013662162,7.900035621447114,0,3.6326494192219183,4.003669618595032,0,-1.6984227592377448,-0.16643428879447586,0,33.00117618214363,5.122334905426298,4.302638733419764,11.189416751896692,36.6831365937052
0,1,0.23426064625517246,48.28472620614488,76.45748157833697,3.9453801779376105,1,1,1,0.5702458932104079,-0.13762877004183585,0.4614327168556949,0,33.494442205984825,1,1,8.808170099425222,10.048597545384498,0,76.84439748003662,3.19563817157339,0,0.23431826450094065,-0.30265079479081636,0,39.39327979827299,23.839086535026,0.6747805590658817,32.42270350677139,43.10745365811775
0,1,-0.6143045913473412,43.08877841391503,93.75709321479788,2.6245501564319005,1,0,2,0.46504619481729037,-1.6828797269913938,0.3976045931998351,1,54.55819539126671,2,0,-5.087069267258864,5.3291464749548,1,51.73115951822203,4.293932033678353,1,0.333725097500511,-0.7592842943374427,0,22.06901301467371,20.97781799490103,-2.2368864736253897,39.91944031077583,61.560496204176545
0,0,-0.8185479272884821,19.17213291330718,85.52430974892025,2.33145975862041,0,1,2,0.1490813587488531,-1.4673596999007228,0.719615426197285,0,66.98344859116233,0,1,-4.2619373644304055,0.6138145440271056,1,1.4492371288325057,6.52408015033101,2,-0.6150610846263509,-0.13619646290475726,0,14.322440755910792,19.74226415295494,8.054303520782604,1.8885747478087311,69.99801052009781
1,1,0.4545056535827896,56.204794177040796,53.87500334540053,1.94819483453732,1,0,0,0.6477366972240683,0.4841507593335861,0.4311290498392064,0,26.14740701578656,2,0,-3.114148700011116,4.415295885004426,0,57.71385138942094,2.1593505586405133,2,-0.6428191783897463,-0.0010957833251572073,1,58.54713496386152,11.888652309018518,-4.599993508272583,34.19906760479465,39.91315119634907
0,1,0.9416601701402699,28.30187473695492,91.35740540719814,9.21409632298282,0,1,2,0.1918655039957855,0.9633333804586017,0.5535362921919205,0,73.97283250101256,1,1,5.679013819226842,6.234207899247886,1,10.413634999450547,7.223091689628393,0,0.2603584856013463,-1.2935542203231571,0,7.717146267666347,36.08971268004065,5.840464488380839,32.9040222458078,28.931218267042667
1,0,0.4287893462493361,43.43272036531245,23.648667522664375,2.0884898750713647,0,1,0,0.5168236451256661,0.3437248879091163,0.24821082444286202,0,23.22772905956881,2,1,-2.430653127781955,2.578196322076338,1,23.814131628060654,1.7751217818554585,2,-0.4514316096922163,-0.20847957148658774,3,67.10121261404403,8.195653791108192,-2.4890878916078796,17.42658412625529,32.06693305187727
1,0,-1.4939721278896376,55.946556880147064,13.324993893268672,2.178465229232295,1,0,0,0.778883516993658,0.9680424256607372,0.2522092277804978,1,32.43137849422551,4,0,-8.79121429495205,2.2508093269774245,1,36.84123278926516,1.4044490001681833,2,0.7688778652760938,0.10114990261191695,4,86.14063611899219,29.214643645267028,-8.776084036991689,37.53806969598141,48.52039238971394
0,0,1.3535269872401992,43.982382651246326,77.73355974177237,1.4022416601596235,0,1,1,0.2604424624610218,-0.4296556534550481,0.32751152028920005,0,48.00251878252869,0,1,-7.297901529373546,1.4324978906464603,0,33.6230636931245,3.8375264399682516,0,-1.9883542327701473,-0.37361316779393255,0,34.4686141521866,9.828321347606915,3.345098996398839,22.403959001677226,54.36164299887893
0,0,-1.149227501898625,21.174986137823915,60.82637213543129,3.0875057947649935,0,1,2,0.13442093373171216,1.074743200939458,0.42291162111811953,0,40.78879316680509,2,0,-5.64183553292663,1.2688934487737265,1,40.37514551689064,3.4696659692745104,1,0.8083247250410442,-0.28669036692273675,0,38.55929677140045,28.20485092813304,3.2709778269996086,9.83842639092641,34.28747042821382
0,0,-1.3465734678264683,19.921678891246128,49.16513794705991,2.1469217605068374,0,1,2,0.1528602150483474,0.5705796115097861,0.0011800286743053334,0,74.9889985564316,0,0,-9.187732163646574,2.1261263868467464,1,44.51836965180128,8.96467417926154,0,0.572099227067092,0.8418014356956636,0,9.07300710685613,20.88732654804335,9.920722962306957,7.986006725560548,45.04703141099047
0,0,-0.27686949577947906,36.857322656388256,42.59921716625245,1.6962321988055173,0,0,1,0.31832301131494245,-3.2099070604728963,0.536001042973952,1,21.680337500044075,0,0,0.8422235025297393,2.975743318641179,0,28.46120892182939,1.817020545505813,1,-0.41654202756148234,0.2899323277986025,0,67.11026614562489,13.54777845921631,-3.98952234440965,6.199949364430555,29.377146356271396
1,0,-0.1881739786191104,60.10880697877654,14.964988117859402,2.2087912484544385,1,1,0,0.8529661268840675,0.12374285209605079,0.053555567045504404,1,19.831005716477563,0,1,-4.873326349838055,6.5745387960127255,0,70.27119599157841,1.548697775426535,2,0.6845431331864289,-1.2932183689410592,1,78.76688928010877,3.7941749696164373,-3.7551095958704037,10.948133581401148,53.96799750876046
0,0,0.8844368390248349,44.96489515781703,16.98951594114069,2.117848156243127,0,1,0,0.32281740907205314,-0.7131929564483264,0.3406417682894969,0,22.712456627464164,0,1,-4.785235106946374,0.7451883904974118,0,46.8617124082717,1.7008516371229743,2,-0.9818689592921506,-0.21966256161772094,1,70.07029317899642,10.303838852070836,0.7965124171874898,3.8848961168354434,62.540352553443554
0,1,-0.1366097104545698,50.792052883988056,58.04590389354237,1.9718664939896278,1,1,1,0.587215330620361,1.108982379021233,0.3936713332945735,0,49.94139370741044,0,0,0.7520152013697174,2.52660151942352,0,9.139696035211635,3.8817095282159304,0,0.18680931700462244,-0.6588857249076906,0,26.062238723971497,7.474269595151924,3.9863300189855053,27.902741139505256,47.07897932538748
1,0,-0.48817279492566124,67.07179719677742,1.031029069465661,1.9923902485907523,1,0,0,0.9818362254170256,1.887966908757061,0.7260892138319419,1,32.74827166371356,3,1,-6.619506016231195,1.7080467732057238,0,60.53669385732025,0.8920750158947293,1,0.4082709069139049,-0.8047667291373592,4,95.95901321444235,14.955018835753137,-9.224696903588281,15.159809630410045,27.15016011689139
1,0,-0.24039762839860862,58.13472100941735,5.394876346048328,2.3587401656432387,1,0,0,0.7360056763118041,1.4921803901703514,0.677533315097088,1,27.602726702542984,3,1,-9.7852589988523,4.817722381596942,1,43.74708021982809,0.8241980589807802,2,-0.08498543635594685,-0.8911086243429597,4,93.23552396173994,18.514978995277882,-9.3049675314131,17.674291040503768,39.478784355503066
0,2,0.12519134270231538,54.56838597920807,86.60908222094655,1.662912045472577,1,1,0,0.741482012142193,-0.1454426438859575,0.7678616243448315,0,43.16844311920262,0,1,-9.0779935981657,15.861554435984486,1,11.434159052952687,4.2028298659968035,1,-0.4445920622924197,-0.5442350311955848,0,18.869137188925134,15.472034799981207,0.5256863110367309,27.37741372853799,63.23116727979274
0,2,-0.221655868477512,45.58083863687264,78.84534461157145,1.6868766397118617,0,1,1,0.49974691180143144,-0.10659372555684685,0.553577089019121,0,33.824999992642105,0,0,-1.1021179205926135,2.702307952687481,1,38.03521732783692,3.44054616000209,1,-0.5352859257774142,-0.24188301244496002,1,36.95856007042022,15.745546712896271,0.5696388949858129,35.50844449467903,33.50123005223104
1,0,1.247630041129201,19.527061660327103,70.75668399159505,6.612816041289537,0,1,2,0.14062984460618005,0.14521964656529934,0.7189548961082509,0,49.10784725034567,0,0,-2.747555920821312,1.6465382943950266,1,13.641401922690498,3.782712362675232,2,-0.0731210729047919,0.198658723375639,2,12.711779555531605,27.27697135523894,1.211530286101274,9.926612636968725,21.72951407633233
0,0,-0.48461708752246063,23.56218188485505,62.75795139127717,3.3372406249362503,0,1,1,0.22128566162278784,-1.157071030417704,0.6494881865397653,0,54.48042013079544,0,0,-0.6803471714326719,1.0084703510592374,1,27.783236216626463,5.127562916293844,1,0.23055133273180906,1.4831170591246379,0,24.687831839002154,27.49439267468384,6.061268171275344,11.44797753958795,44.11898670418087
1,0,-0.4716485137293522,50.28407197630172,39.21466776177001,1.5995779787595092,1,0,0,0.7440735939493783,1.0190090290424418,0.5666652012637412,1,19.62900355857194,1,1,-8.648444729388382,2.652283360612486,1,14.762025684138461,1.696416360268724,0,-0.34664046307278656,-0.20742196278875452,1,68.94246611490183,9.223425288824036,-5.619878219098222,19.219329780051,69.17098579103026
0,2,-0.3575678805824951,48.533546481630395,60.63055628423852,2.0934750811513942,1,0,1,0.6647087311826495,-0.024889459990967026,0.42215433949972647,1,25.512862567784005,3,0,3.528183727560485,5.163171903956558,0,38.917110961114695,2.3206252390295883,2,-0.10053699874627307,0.23442904921227128,0,56.00557496590587,20.719636223252813,-2.2684185404160173,21.942081694345887,47.74270150696948
0,1,-1.5972317558876366,29.810888228920888,89.35978333416894,3.7061028187125404,1,0,2,0.23158347965405612,0.11167374159125101,0.8438286558082386,1,45.188143281919324,2,0,7.287377145024767,3.774023930060527,1,17.706922797684072,4.068972756606675,0,1.5372387762463684,-1.3856483342585129,0,29.722981511402473,30.741078036540188,-2.650608113198178,35.983771625547604,38.50065023720835
1,0,0.4151306962685266,57.242952516483726,50.382542456763005,1.2320474842927687,1,0,0,0.6207315362716931,1.0729554763207128,0.9413355414389547,1,25.951318680208495,0,1,5.508749108383654,1.4656568231343303,1,30.0327080929766,2.1733262101025153,0,-1.830833569311465,0.003015874612592863,2,58.46127531116271,11.18991198980222,-2.7122163910217107,12.311010131401737,68.1160029381912
1,0,0.03699794460760329,67.52307191903566,12.875860846907477,2.2395862242679976,1,0,0,0.9718683954662559,1.4603752443287006,0.6933774196105246,1,29.309319293773335,1,0,-6.099529503963176,2.6503119065440806,1,67.99426141515423,1.0693991754187107,0,-0.8130135599003593,0.5780172028412397,3,87.35534519498826,19.99735832292393,-8.02118808817773,27.921273457706192,65.52698851529007
1,0,0.2113591826626689,40.83829013989667,15.81489312384215,3.2805959320867237,0,0,0,0.2663862654855492,0.3673052518859538,0.1379011498097905,1,25.558572239640807,4,0,-3.487136383755556,2.153243031546553,1,35.51997712278415,1.2348460984441987,2,1.2792484496493322,0.6027813829664734,2,84.91208613556141,20.200671824432604,-7.2044114793919425,15.231236920309703,25.26999061304151
0,2,-1.5851187392983226,27.873953332969172,86.13397808604671,2.1861520383143658,0,1,2,0.1589941801486388,0.7799116119307771,0.4930251004034,0,72.23098817127348,0,1,2.4223090305447332,7.415675777184605,1,8.215410183920726,6.167073684847467,1,0.9215174999645994,-0.4836681948272086,1,17.570964271121415,24.108750631932825,5.687051997166591,22.03499129563619,44.56119936282507
1,1,1.0678118877028304,42.14470048994086,42.503102897939435,1.6947706040601929,0,1,1,0.30372591448375263,-0.032849580003173576,0.5860923030984397,0,23.293127156111648,2,1,3.5570112562575,9.876042703793896,0,10.771709307542014,2.307670979298271,2,-1.2145999742894658,-0.6735452898108696,3,60.08133414003453,24.35786557794813,-4.594746304128371,6.9460542262595215,20.583648961555177
0,0,-0.3034124901594709,63.11398724887745,12.824089646443465,1.1534216845889678,1,1,0,0.885316977233008,0.6559918542542581,0.06785409294936962,1,25.057046659887632,0,1,-8.70801878805319,4.119370279998275,1,0.38910735680387276,1.4482328377651323,0,-0.18578853927409825,-0.09095461345757938,2,79.39085546653111,11.493682494565562,-1.4945289856688344,13.161358121266712,69.99985883531093
1,2,-0.2869571140687447,50.17715737980652,61.285756730992624,2.180310752171071,1,0,1,0.657522049353973,-0.8772225157836168,0.6153195067364294,1,21.580293069909402,3,0,-2.9633873155502855,8.393115339961374,1,32.613426211626845,2.253302409165895,2,0.05413891330146887,-0.43119189555134085,3,53.581195755098946,14.267051728502,-6.916305888826737,35.398289490801645,45.90810411510307
1,2,0.568905355494937,67.27223060389649,29.27070113979352,0.9967980747062785,1,0,0,0.9381495130978631,1.3978151862545871,0.5875736749251601,0,26.73934254324875,2,1,-1.3441210343155703,6.470361259944739,0,34.952093319710876,1.602686201551355,1,-1.4977817667224056,-1.033308788524258,3,74.5627861042765,12.886622946013272,-7.369046032644944,32.86259307538896,44.47703969852529
0,0,1.7503440235799346,44.89580025759777,96.36541301736037,9.927341605242992,0,1,2,0.20181566846777915,0.5753008359759861,0.9999986436163384,0,73.29363204058289,0,1,-2.793268331868749,2.6218749073193424,0,22.421906874618568,5.964657974546432,0,-0.2196459543202473,0.18436918363288163,0,7.329798206142973,33.823310489879184,5.2281031537371625,8.311824510396823,34.37731107676012
1,2,-0.36241067693167034,68.40929599875363,31.487641675501976,1.6270393008063668,1,1,0,0.9674312579085211,0.3787408965699779,0.2716055940692501,0,18.35379118316629,2,1,-0.7904524521179468,14.968218838131126,1,76.15718622813134,1.8327989934671676,2,-0.8425671230514117,1.2814558645286107,1,66.7279730710189,10.691745439610703,-2.1287337142584493,23.129284388634055,50.1653076790564
1,0,0.4234765940861412,30.85483371319558,24.46915440095579,1.2341186108214588,0,1,0,0.19210937586473598,-0.12075361049108177,0.5191675059362036,1,30.124230352938994,3,1,9.36360910775899,1.734559856134621,1,53.56161129191125,1.8250674032535186,0,-1.4553142604036395,-1.051851861847005,3,59.911154558682945,12.8913902701474,-3.20038064713835,5.847406863076712,30.561620471614734
0,0,-0.27862797436864556,37.675547633660535,76.3805376547586,2.0467102749742896,0,1,1,0.24759412974705192,-0.9788149823931632,0.7214191245736145,0,57.534800459978754,0,1,-4.346505465070917,1.973710715681231,0,47.02071651362917,4.967028663238727,2,-0.19972044305492914,0.24569654381864778,0,24.742921898758073,11.092012369209261,6.37544686837337,17.93041583605304,54.65938284002769
1,0,1.2771874178108795,44.25728629461241,30.707565249410834,3.25662520205476,0,0,0,0.23942326328369817,-0.3351397640880502,0.15081354269017055,1,25.71639742270215,3,0,1.389780387358396,1.8744423159441654,0,3.860011683203166,1.5688476874612476,0,-1.0937379125723377,-0.08465715956926122,3,70.12283348871826,20.220817034958426,-5.205464392928484,33.62016166138758,53.10882304497764
0,0,0.6464485057278785,29.17121678402996,70.82207852065827,5.1013389668774245,0,0,2,0.18291344271191307,-1.8373524775498251,0.5245790669917891,0,22.92028615171855,2,1,-4.964023036290486,2.069731966244241,1,65.69376135293253,2.996079112427299,0,-0.29330061909187694,-0.82782090170088,1,44.319914156289926,27.67870314982213,1.3850589903652182,14.25796321419279,33.20741561399908
1,1,0.21208941545138385,41.050653587711565,71.63394921284471,2.2295514621320396,0,0,1,0.3219751874079716,-0.6210985266683419,0.9762561194028467,1,29.324577680670984,2,0,2.8786802104834823,2.4853914649823614,1,3.8154496554867157,3.492563352267451,0,-0.6504096454383239,-1.077609799968144,2,43.18782659186361,13.297822952123276,-3.9004688625452317,19.5696360146157,47.57800756785355
1,0,0.8921564893682231,35.4925896729461,25.290697270241445,2.0796220418531517,0,1,0,0.2656595656068266,0.35295224508282325,0.26129941406493484,1,30.856578471046134,3,0,-7.408893141498451,2.262960815690711,0,2.382101758847992,2.1444439836890656,2,-0.7554542781705857,-0.481165513607982,4,70.71637080494003,12.221558188530937,-6.443444711235466,29.78329878155892,20.94380279582182
0,1,0.0035630382934412376,32.36501990188105,26.532668485482475,1.5652700748375348,0,1,1,0.3478909257524598,-0.1959173781825274,0.1006937651401617,0,30.58820172076018,0,0,8.403854884190476,11.408922994415228,0,32.887485516734294,1.843035781833855,1,-0.7891680796417289,-0.04983449321136026,0,68.8514800432841,14.138161521534261,-0.2174579269275725,11.645514075684194,27.2132125225436
1,2,-0.2053735141937608,57.264518726068665,30.96135132205272,2.117425229833466,1,0,0,0.8338524483595882,-0.05820790237222026,0.47561640095898916,1,25.6236445167873,1,1,-3.2060199294733263,2.1614413211167873,0,12.614808035394724,1.5840934978924894,1,0.08345438149951234,-0.9035861960242237,1,71.03949104286716,14.155716076323897,-5.622082237547637,24.538172268523653,35.59857064549502
0,2,0.41135742705275224,52.39170272236177,82.04501421820709,1.811799238372052,1,0,1,0.5628561348360345,-0.35169423277312784,0.3775030631451925,1,31.69213372265763,0,1,-5.297265796567703,11.271133226646027,0,21.125335791038214,3.138507780224789,0,-0.5717770462888763,0.36266930961768784,1,37.94734287357981,10.022201299751487,-2.5453657012116038,36.115402929955835,34.934501010960204
1,0,0.1628116564620927,45.35425379545953,17.29920028845331,1.6350393571850577,1,0,0,0.49849465730760845,1.8820069591210848,0.72272492514842,1,28.55539815466351,3,1,-7.582697623006477,0.7234457033714697,0,64.23872227303048,1.4485671620410785,0,-0.511654211079822,-0.2763974714756749,3,83.34383057376841,7.4918100481440035,-7.40503391767467,19.08710572685892,24.5916981941431
1,1,-1.7090539726286098,61.686306788743785,16.615837123072136,1.6643267088418188,1,0,0,0.9139396873321799,0.15654073879238714,0.37290054844565745,1,23.40172018405581,0,1,4.516945994632881,4.085212943247378,1,67.53108457071882,1.3744596879967912,2,1.0493569249801757,0.7805119229360171,2,83.14686069529726,16.209035459926366,-6.5088651064533645,14.360334889375261,55.251438542733354
0,1,0.23739888643440066,38.474005834316074,95.54696247419525,5.313576430168564,0,1,2,0.23117197503940196,-0.144923362082168,0.8645950550553065,0,77.14435123109836,1,1,2.271270385123259,2.8377019656566396,0,13.939248632462085,11.144394274171617,0,2.3360741431351038,-0.5647220308931561,0,3.498670083866867,31.270045749273308,7.922464325037264,37.171778440053885,40.44046318142671
0,1,-1.459705842103166,29.778654488599564,41.711879407070924,1.4935918503740302,0,0,1,0.2586243079935715,-0.3943828393648367,0.046940557646866776,1,21.668420017546293,0,0,9.849485263559398,4.892741382256926,1,8.33421030722327,1.707756261926215,0,0.2534133937105557,1.5077675571387088,0,72.87326979209627,11.335678197283098,-4.630280527862838,15.736146069194145,50.23098859703328
0,0,-0.6366536123571289,46.55109477224852,37.22677730083939,1.3812312319202589,1,0,0,0.6021384508497664,0.6496723103916513,0.5006805224729735,0,23.454788613136834,2,1,2.2597360505860227,2.5673189811494272,1,73.59001547543825,2.17453385582276,1,-0.2798378460654116,-0.2367833984494509,0,63.094372216432205,3.6841895359228327,0.5084099894376308,2.06236282517809,60.812663963848465
0,2,0.37359053582172647,55.77272766742807,68.6870015247687,2.6077949946809484,1,1,0,0.6810022568615565,-0.5917706308312981,0.3544754513115495,0,63.63836542820357,0,0,-0.22624687709861213,1.984298947400482,0,75.56374655817153,5.474209070815742,0,-0.13322956899093513,0.7326590795858844,0,17.99048255035041,32.19083287413275,8.347473329708961,32.13062109561765,25.53166619955403
1,1,-0.6476131740743162,66.47433732198309,1.7763797058233166,2.278960184405345,1,1,0,0.9788352076657988,-0.5169824381713892,0.0736336505865483,1,22.049775440602595,2,0,-8.893974691137142,2.4934859432421232,0,68.55298602200256,1.0044942169924385,1,0.27879327591221253,0.6562639175084732,3,93.68703991857232,17.048733400344517,-5.931154038809815,31.134339912502426,44.194117989552836
0,0,0.003621962545570801,20.24998610364655,89.85876480147962,18.66317229978732,0,1,2,0.09535243770553292,-1.2207393240974855,0.6488356801226887,0,78.72999244452225,1,1,-2.1222898617345285,1.7592155441637116,1,37.13874009936514,12.012376019172589,0,1.423662974106591,-0.7831727632085256,0,3.318278616032877,39.81168692057104,9.55181469796564,17.206811166400264,25.442046226359924
1,0,-0.8995823092726088,60.00869695597343,44.227712551722895,2.2657071632176224,1,0,0,0.8967481196985001,0.8697766687943953,0.012539382257441223,1,20.57784356240655,1,0,5.271159852322176,1.3909124810427662,1,70.5561361036308,2.492622676490292,1,-0.3324672121860196,-0.5759619769269048,2,61.32530816557692,20.431266702176085,-3.819106536679513,39.947590149695564,39.35012201562681
1,0,-0.43806282137012365,56.023575118933174,12.493541087308756,1.4450061082695538,1,0,0,0.7878471606432791,0.09479236745018894,0.270912232144803,1,21.466061412129864,2,1,-3.745719741634101,1.4026268554778998,0,37.128228656079926,1.4347749457918932,2,-0.016885508869810193,-0.9927521755898516,3,85.30899033510988,4.908914991610491,-6.0410392738844845,25.874030962359015,39.73828733551305
0,1,-3.9761019558844786,40.3562264715973,99.76698956799366,6.725532291110633,1,1,2,0.7356134100940488,-0.6254345823319041,0.5649699818215821,0,79.91332906740385,0,0,-0.34894751805016,6.8773225581866235,1,28.068405316587082,19.78708158534693,0,3.300300301332013,-1.9163879212789676,0,0.35589910175376493,39.91022944757062,9.135335908408585,39.999548794035775,69.82261441038139
0,1,-2.476831020959666,48.77386234383181,67.82996529539274,1.7085861697450115,1,1,0,0.7708242359199642,-2.0394693218267856,0.3860711666078572,0,32.47328962349769,1,0,-0.3682120053924507,4.287530662332815,1,24.194697221495353,2.7465813626981053,1,0.968177431840967,-0.2804657293919433,0,41.28548773765537,22.034360659144067,3.3633503124630657,26.57433724320107,68.91623851009322
0,0,1.2890291798257778,35.422288423510025,55.724874456572394,2.335576937721377,0,0,1,0.23831523927460507,-1.8245640584509315,0.637756206465768,1,25.33786626976042,2,1,8.258910596513488,0.7843288275724424,0,48.65176220033739,2.0594898726797077,0,-0.9639804299203117,0.05185506297881819,0,61.790255204008936,10.094217492097533,-3.072700653675682,23.94469623165611,32.75198167538461
1,1,0.8418523239321882,62.13048097945288,36.104603895766054,1.2413656291621005,1,0,0,0.8622947185571053,0.2640035464978265,0.17156936943100876,1,23.92630921493104,0,1,-4.1973026635999044,3.8556549434460834,0,73.91685469290793,1.8815308987318276,0,-0.8242977851941474,-0.6482162154445505,2,68.62210417461608,7.117903888081479,-3.8623232656429094,32.163814581085404,26.239620603684827
1,2,0.057858709525056416,62.21090441409923,72.46415557067276,2.0416992298833434,1,1,0,0.8531059615748707,0.7104497306702121,0.6107926262379074,0,45.71473293118183,2,1,-1.0890088789434493,13.981559864581579,0,57.786346305519146,3.5893999392400966,1,-0.3978290109249336,0.4086604207340503,1,38.043601859455926,10.072264379614564,-2.768767159316771,35.09363548324336,43.1892604057672
0,1,-0.9556223213436931,32.816309178205934,66.97026432461321,2.814876082175753,0,1,1,0.2604413582273336,-0.0726741811157927,0.5844427690473915,0,39.21963543148789,0,0,4.890685099800528,2.1256735344902227,0,33.672769113301946,3.423849610646526,0,1.1971472319233971,-0.1906348547216296,0,61.925614457208034,26.503614017710486,2.8509098752346276,10.976201193420978,37.53149358433524
0,0,-0.7837484948724277,21.12287516051208,76.11628019150571,1.7887851852776822,0,0,2,0.14275326043298658,-2.021475993566035,0.23490706969671715,0,29.218888184453018,1,1,-1.2436767913373057,3.6845383942355587,1,0.6625690792510408,3.3463654289068603,0,-0.4541300770992397,0.5440104349439099,0,44.428244993699266,16.36855162760757,-1.1864228697811683,9.815239817010546,61.6516310494258
0,0,-0.5136463481669779,32.33635785787254,44.3537527048919,3.8478486504669096,0,1,0,0.21195407141387718,0.7625825141585443,0.1170460568867201,0,44.13876298427037,0,0,1.6391570142745966,0.829938817144114,1,75.74485442766003,3.1651590241639607,1,1.6600773833124702,0.20094292910664124,1,37.042080750358785,27.88181482771224,6.671800507866305,29.003950837083316,40.96759481435273
0,2,0.5640375579464003,22.025900957488062,90.92282206628424,6.804091545595784,0,1,2,0.20266249201689157,-1.144144316788001,0.5062641145807044,0,79.48094816089744,0,0,5.1417628197773535,2.98090405504204,1,16.6708859768736,11.592748892167336,0,0.648150167478663,-0.452192971062352,0,2.3720252753452686,30.803863734953687,9.843280206021081,17.05311036919832,40.442392171828914
0,0,0.29411687333862063,20.40758006874938,60.53051677380862,3.2689630930064824,0,1,1,0.12167993271552868,0.37460713642685123,0.010306626810741792,0,26.086575221264816,3,0,2.123456028238822,1.3557828681167388,0,2.3295050030019615,2.8886558560286066,0,-0.11719011066562081,0.12463428945745676,1,42.82933979913556,17.977759276739334,1.2658527417472598,30.125883938651302,22.680537933942308
1,2,0.7297354792318875,54.679472459482184,50.10680857591892,1.757151640173478,1,0,0,0.6480784265040787,1.4257506038356706,0.6206692674940969,1,22.515194952436595,3,1,3.211528982958235,3.937582213377355,0,35.79527498209606,2.606592608331546,0,-0.8652721311269658,-1.0662476086081574,2,65.24320756878714,14.604133795543824,-3.7046661800544083,21.360015470743935,29.784523387142833
1,2,0.08360337470371383,68.54883572427187,0.7850296453780714,1.739628676228023,1,0,0,0.9850881251949333,-0.2987173664197598,0.001180662699171886,1,16.69044678881724,2,1,-0.6758019030042242,1.4286871120376559,0,43.21888313721588,0.8209537348421474,2,-0.9046589164405144,1.4743959441665744,3,95.01596543397275,9.151172063753332,-4.116818324054461,25.98715753765198,68.73796747763134
0,1,1.090879396190052,24.048976245460402,74.88760824238541,3.328143758890566,0,0,2,0.1491910333751889,-0.046104168662332815,0.37300336834691084,1,33.32048111913946,0,0,2.7705509191796356,3.024531817305039,1,29.605304635897063,2.4773551234893207,0,-0.28302926912962345,-0.10037688460554492,0,26.61951627785264,14.13455818731183,-1.2430447201537067,21.650344768920085,23.736322916992822
1,1,-0.2358533674772692,51.119196833695135,74.10386877978732,1.8152408996878207,1,0,1,0.648730528242059,0.1866403445328976,0.6875379426426378,1,30.740082337289603,2,0,-8.174038039949666,4.166999100046465,0,40.642036326736644,2.6241171678020194,1,0.9032907289578072,-0.7114004408600321,3,42.10804084891149,9.890362143931306,-1.2616041528135487,34.043416063144285,42.09270407322421
0,0,-0.08937154622131126,19.8751791087896,96.23962724293551,31.80658141584658,0,1,2,0.06045375029346167,-0.30798618261509647,0.49807175324280567,0,79.98181216652581,0,1,1.1629322553333559,5.606715820191451,1,11.326055334158106,25.68160953186635,0,1.7714621884472999,0.3958013237668245,0,0.2054842059120099,39.98582614382302,9.989280272496408,3.7108951812340663,32.94194558827459
1,2,-0.42375209781354234,58.99977186921264,74.91450025729175,1.5651175267469903,1,1,0,0.8265576505791898,-0.8880787907654067,0.5155328957003662,1,43.557357540632395,3,1,1.340544438653895,3.1150942877713765,0,60.54456607193984,3.5451401301358163,2,-0.14630215651353726,-0.4212829742864108,0,37.56069000899874,10.787246919231016,-0.9792502410873354,39.48365129450949,39.58004466569521
0,0,0.26651368630466343,20.884872564559302,95.53004171120295,11.66500571025859,0,1,2,0.14223394140068651,-0.6246156487189386,0.4217664955030768,0,79.90511803027628,0,0,5.77969754421504,1.498896001985659,1,7.0436717239284885,18.338473756495524,1,1.1178055108022849,-0.45508140289235677,0,0.7058231077904209,36.09217229509501,9.78135367909372,35.14305696442697,50.60207281309733
0,0,-0.05491298300087215,29.24241035653928,89.62355871731145,10.84405329916574,0,1,2,0.24222094798219473,0.03557175176990227,0.7348068773529217,0,75.90410289149602,0,0,3.700707710134324,1.9016240975803573,1,47.95998572755609,7.629515220330092,0,1.0864007644664466,-0.2102222394305264,0,6.7384143277614665,39.105224066031674,7.683557266460646,36.671030782312705,32.054166535155446
1,2,-2.198498563643352,66.23272237872871,52.15692293767143,3.0557984297286436,1,1,0,0.9917027323259888,0.47673974555452614,0.6443098950366744,1,22.45643599248318,3,0,1.690100878376633,16.768146678026817,1,55.3989063456289,2.309986290080805,1,1.4499984432551374,0.13374121789139373,3,56.89384991439079,30.523242227771597,-6.788563230908663,37.78563570365898,59.355205453714646
1,0,-0.5862351644528695,29.066010966661565,9.634216141167546,1.5950893329822924,1,0,0,0.329461910148073,1.2456647903210365,0.17601201987251486,1,27.280252931016236,2,1,1.449609356498435,0.27130530246864526,0,7.996518468537728,1.0347583396275937,0,-0.42137701107108944,1.700877625679551,2,90.51852330214419,7.017554580474328,-7.490945985016019,14.487206139912542,46.13933215863926
1,0,-0.3980165487665483,46.4744204683642,26.979448316391917,1.6422288672468206,1,0,0,0.4989282203567087,0.3807893700075055,0.33265165793794316,1,18.91946614333211,4,1,-0.3426072397065667,3.8479112440664927,1,17.1571268375075,1.829400378938048,1,-1.4239401864713819,0.3585716974134391,3,73.95236064757881,10.236551727452277,-6.803599540668278,18.79480005434492,38.116295081034195
1,0,3.529241257824359,66.80403554540123,1.994098899964175,2.221329099252888,1,0,0,0.7787425659500649,0.4786618244768552,0.06067031869451184,1,23.96374595369729,2,1,6.367355427884455,1.8017247158370508,0,29.13236174509929,0.699557457315524,1,-2.13500953548279,0.18735566013677218,3,95.38442087990764,10.902858474959526,-6.98601074687243,14.61043285783995,45.956112872549845
1,0,0.717971936215945,53.139487179794706,24.2486324322526,2.26808434169457,1,1,0,0.43049541570130406,1.274273641177309,0.9855087717235516,0,21.22878729763205,2,1,-5.212130342838951,1.4604394245179817,0,70.57290958571075,1.6067094112688993,1,-0.7303626676519146,-0.2949532021126857,3,77.51185313041279,9.861270790849685,-5.796734488059474,4.159465920998593,29.638659057758126
1,2,0.298410146774689,67.29552481103029,54.025672332187334,2.038461359622861,1,0,0,0.9502487770326075,0.13293423289224304,0.5848133572588673,1,21.7844230284145,3,0,3.104247473021582,4.917849129929558,0,79.97854349085895,2.5000296067336345,0,-0.6716965798578254,-0.4043178668557144,3,53.922008464836445,9.399640580490294,-3.0609426611174957,24.215070368014086,22.917646170928897
0,1,-0.7247552063005762,30.257210377957836,98.3902382511662,27.05570356250365,0,1,2,0.17755336826533108,-0.688000876834237,0.637538942504374,0,79.99983490185879,0,1,0.11954333896137825,10.378450480649006,1,71.55568347691693,45.60020417950666,1,1.533117144459263,-0.035434971337162925,0,0.011305692909074905,39.98944928589645,9.999629202562211,28.166869695254988,39.39117317248375
1,0,0.22616242809332454,26.03983164518504,33.037783618033,1.6929284074495436,0,0,1,0.1277623721668254,-1.1074747180983873,0.24898346367725988,1,22.763394819811616,0,1,9.728514150686468,1.7065612896237812,1,53.73548243692098,1.674128561105737,0,-0.3506979995917231,1.7454436382715086,1,77.97522062040758,10.158822381152262,-2.8994179182315456,4.571782959018583,25.44038055464659
1,1,0.14319735527712035,27.351079643413478,39.11373453712759,2.2342936492653447,0,0,1,0.23907494950876795,-0.4291413615308978,0.02124094883741451,1,25.207446409949466,3,0,3.9235302740182316,2.626563074774602,1,26.316126336997918,1.9080586747598205,2,-0.25088662977749937,1.925773294528975,3,74.04084191497068,9.40109551994011,-6.5899805958873,27.91245152160077,26.58919102792105
0,0,0.5565224914956235,32.7294709682478,72.73459309990213,2.857173012710791,0,1,2,0.24156513065973323,-0.43191542988606874,0.458823709373559,0,44.243197204777864,0,1,-7.929108255520769,3.0806745202586967,0,8.347854326897757,4.44846687973911,1,0.012089489114898346,-0.39682639445178897,0,34.689119230597434,20.463804010112234,-0.2604168457026468,30.633411449317094,38.9651229788433
0,0,-0.5643508420305325,42.880275371146666,22.07207180038271,2.394270147470474,1,0,0,0.4556909821795208,2.069093826303004,0.5100573342960892,1,28.713860709213577,0,1,9.879503508689645,0.7275256903117127,0,63.25920087300126,1.2037254900358474,0,0.5467383429632183,1.1640181080219807,1,80.27294202271244,18.299728274187082,-3.5844082359477225,5.243105223799633,63.22070654573268
1,1,-0.3550396807403204,44.01023079358811,21.36693138047596,2.5418899230054124,1,0,0,0.3841625176541905,-0.8944842635598178,0.6325456748817391,1,19.636672178416262,4,0,-6.725624288885012,3.632279725297709,0,21.221788516292843,1.3337721315374116,2,0.2915654915594342,0.39723295780897605,3,80.67890137413659,17.963263768851725,-4.676064260347415,4.252914358065629,25.86908770723442
1,0,-1.2737012671684567,49.540765383627964,6.935240153084815,2.301473172518367,1,0,0,0.7261021915121567,1.134752088295718,0.7166149249221766,1,25.433606319357605,3,0,-9.95271662633635,1.2544862033298299,0,44.09775238231865,1.1680077164954783,1,0.9168787563127164,1.0753968225786434,3,89.81246916178212,16.104641135555173,-8.202652569371908,5.803268652536793,29.75476575056409
0,0,-1.9543806932484549,26.58750767427806,95.83861036529613,4.117868718579893,0,1,2,0.2547691758452511,0.7765582537706551,0.81271221141623,0,78.5000197961726,0,0,3.31517463932898,2.6112684140401043,1,24.08955190853039,10.02043823674285,0,1.5554260053018758,-0.1100464149181905,0,4.139398993008209,34.81522587784738,8.549133258354825,36.22900046363797,66.92574123506736
1,1,0.29288312677119926,65.36692410757598,21.703909684717253,1.8178288738141721,1,1,0,0.8805077419960808,0.5628218002587186,0.3037589244232467,0,21.43647870702777,3,0,-0.46402896560158524,3.4667736922876964,1,66.0989072500856,1.8861197485847938,0,-0.6335459885283797,0.27153824095002843,1,67.6190461944419,7.76775014379411,-0.7498078329120688,24.64028079851069,68.83716357304179
1,2,1.669381620010024,50.8187028562788,61.643756462218526,1.442926618063784,0,1,0,0.3165461491300601,1.7705384873278176,0.5965813600659643,1,31.936630350159454,3,1,6.8698278648834545,5.362738272128207,1,49.125891327469176,3.1781820251242534,1,-1.3733390576152085,-0.5321381470704247,3,50.53614270316567,11.553367734286098,-4.610202576671245,37.66488574279747,23.149755516988108
0,1,-0.9992666543339405,52.25822385651106,48.94610443883023,2.116847979240477,1,1,0,0.6579238817906636,-1.6245893926114718,0.3884948061098439,0,20.925458156835262,0,0,-7.108110812640678,4.5608509892894515,1,49.23342079820998,2.1556814920744043,0,0.4257751020910972,-2.3766459873501256,2,61.8732836643691,19.424523551619647,-0.29739418328135514,14.140837677294712,61.94026252634924
1,0,-0.8744852868902062,51.55690650054273,7.206707754809861,1.5730649024303003,1,1,0,0.7264144283016475,0.10637646929299395,0.2813775236353169,1,21.17499181556773,0,0,-2.6942993218655538,1.6490753685066668,1,57.36096531206936,1.2466705263045257,2,0.29145916529610977,-0.02962777858699561,2,86.89438594726178,10.561792411743006,-2.8767612352859935,2.468156176612708,63.617379035944765
1,0,0.3731745739401042,68.52461831269088,3.807258072936098,2.3775428278240174,1,0,0,0.9794528341539818,-0.010144796217530592,0.5708901850219137,1,18.882961371875837,3,0,-8.159932982166048,3.0495070686464096,0,56.76854216108485,0.9617931171268488,2,-0.9409929829714745,4.677565641833935,3,90.72534233912992,13.715280565728962,-7.584962991320054,8.031872153331125,69.12552121867671
1,0,-0.4020048076402479,21.874379097987138,68.09101267814425,6.605950049946029,0,0,2,0.13728315882562359,-0.5117145486447595,0.3765794020946227,1,21.031596508174463,2,0,-3.920682660657082,2.7373970177524987,1,41.76434592179255,2.3229366981706963,1,0.8810554247496155,1.7509573631238824,2,54.709945819977904,36.004853048204374,-3.6187457943749664,21.555887027214013,22.39213442382455
1,0,0.3701037432643569,44.54182201296835,7.0769284860069614,1.5397519612801627,1,1,0,0.49776161536136854,1.3795906954822952,0.5029672749249129,1,21.74422854028763,2,1,-2.654885805444625,2.030263318070035,1,6.476527735941038,1.6475969870796547,0,0.303632844501643,-0.9185475567023901,3,87.24365855172609,16.02474427369678,-6.4058165268749825,1.5717425174402355,56.155697791075404
0,0,-0.025304473604200167,30.17790251690858,16.64623742641917,2.0033050494560265,0,1,1,0.22043903455630526,-0.7300282207058744,0.10017697228376049,0,23.941629313444714,0,0,-6.454191567563684,0.8493574927615055,0,38.15467683604089,1.752424106474771,1,-0.016058518226137374,-0.09415205046788468,0,78.15916194353298,14.808733134561292,-1.0238308850902715,3.025469698045562,25.77446273751289
0,1,0.7732701056397573,50.337764239515955,58.34436301968853,1.9490332529575647,1,1,0,0.570932963409529,0.4057290037917766,0.28472620865391973,0,42.913775645988544,0,0,2.038562320500237,7.515382455609924,0,59.97532865915104,4.037072898062359,0,0.24402445371666023,-2.1878549871816326,0,29.81533271191188,12.939701168137518,7.537823964640637,29.832971377146826,41.990973227928535
0,1,-0.541641477738422,37.00415228650982,72.64376987798845,1.6644251461318538,1,1,1,0.5047577822026142,0.07720880539819143,0.28907847164555683,0,33.62945100148903,1,0,-3.497426641851831,0.9552932554212212,1,18.1276491372208,2.8160442283657554,0,-0.3550981178173812,-0.2457786563388558,0,45.124964014315175,17.75648752068138,-1.4075254454564323,39.07903947879212,49.00283862319276
1,0,1.8124413246427964,55.16437484404071,4.318494830468561,1.0909220322642015,1,0,0,0.5567637983564357,0.3729365865582626,0.5045119654121606,1,20.475787472727042,2,1,4.9382041349806585,0.3900335855944359,0,53.00650975920702,1.032297486782489,1,-2.0765147102134374,0.23164775232213022,3,92.87453604105515,11.251909935745728,-5.511916921917176,4.676034486454455,19.812573168221313
0,1,-0.9598148145806693,34.30796248506215,78.88275252641388,1.7473048570801726,0,0,2,0.33913359632603046,-0.38379122290275336,0.5378705731130253,1,33.79193069761795,1,1,8.584628708022699,4.644973420543492,1,44.148566802113024,3.0394029244618928,0,-0.720674438753578,-0.6932400270262264,1,39.27250102149815,19.207083938473357,0.2452990989252477,20.296213562625013,49.172010003262514
0,1,-0.8021825879662795,30.893671403812437,97.88281460550199,12.58116774652916,0,1,2,0.17237928939951813,-1.5783724626617885,0.4975395855966263,0,79.06849099732102,0,0,3.7929162917600223,4.2084282790328995,1,33.3021276623895,11.482494143691193,1,1.2973329863825784,0.4827136804060704,0,2.514596413430825,39.76111369835964,8.715622234595514,39.07186709675904,33.72271318476111
1,0,0.7262157026019845,56.13609528586077,9.094161312709092,1.9004820562401556,1,0,0,0.6220117019761394,0.7994967124130475,0.46672320395420047,1,23.04968390635412,2,1,-8.481863578440288,2.0414441425076864,0,33.68178349576827,1.2401158733627793,2,0.6294361003857278,-0.10376335457228518,2,84.98692037676499,9.817390549280447,-5.382070264898594,4.913028530492491,31.262538913846946
0,1,-0.09045054560221144,34.461128875815156,78.04368437350145,6.329432954241913,0,1,2,0.11635234514607579,-0.08318218454285348,0.408370659854574,0,72.32032485769588,0,0,2.928786477897029,5.50441947145943,1,59.722623828945956,7.794194588148774,0,1.2948133660727,-0.1744451034596354,0,9.054908282950475,31.562505019330196,8.767602017036808,19.096343409166746,39.99835345376249
1,0,0.04801590432409988,57.701819324445545,78.3510085159991,2.9994140732903554,1,0,1,0.6976004350087458,2.40358905936008,0.9999904749955193,1,46.3871211296988,4,0,-4.462213007978029,1.2578520610698134,0,73.49891552626238,2.850401222889713,0,-0.04184475369175682,-0.5404724655075036,3,52.090281973285066,20.177502263878743,-6.328407065263049,23.55532267949588,28.742692851873368
1,0,-0.6126152898236127,63.07857205781728,5.538877318367086,3.1878669305872074,1,0,0,0.8911437711813464,0.9833965138378002,0.382557773615679,1,28.520301334775127,4,1,-3.8864131938273765,2.8472280541778776,1,27.91329593471536,1.2467890783115092,2,1.2617299867272875,0.22538647023893008,4,88.73273683831285,24.77885349218091,-8.501910633718895,25.501543523912815,35.364734524230535
1,2,0.7743217003831144,57.61833733036525,45.54809506255535,1.780189579350742,1,0,0,0.8366974658652853,-0.6625329594391784,0.4009708558922993,1,21.030629234058846,3,0,0.8696433645513189,4.523274873889901,0,25.417785114924577,2.0327614310061812,0,-1.5793689027708901,-0.28878126256049513,1,62.83254591513375,8.94375075771142,-4.467632015763874,25.58387084976435,40.8940642524036
1,0,-0.01798798595846996,57.04742655215482,19.00925644429272,1.9272171523676507,1,0,0,0.7018397375176886,0.29931178487849935,0.6985560963445845,1,24.33926620194608,3,0,-9.764340931815772,0.8476808199443394,0,38.34166539259511,1.5661173376586364,1,-0.18131595783541934,0.039237147534942854,2,79.38447183039506,12.236195388163715,-3.074900714756339,7.607156679550011,41.6437323897975
0,1,-0.9727589997239682,42.402018315209034,61.60561052288561,2.3389428769621037,1,0,1,0.39625110756326676,0.4304454583709638,0.7826923212859678,1,23.618510223644556,1,1,2.838810939758522,3.4284921786880447,0,67.52991818192415,2.404668577150909,0,1.2392138786098337,1.0405852548353853,0,57.64533884000286,20.91964989432933,-1.8067189845532656,6.615574666161299,41.32330772060301
0,0,-1.0240499686723858,29.65715142387919,42.03014046182723,1.9526581047762281,0,1,1,0.25523604538526895,-0.371857691029137,0.04346921732131126,0,25.193833261811807,1,1,8.470626609012502,2.4404682785733645,1,32.29223689672138,2.223587099078365,1,-0.026501630539801087,-0.9021078174608176,0,57.84443738603295,18.79908645957054,1.6062424120801246,17.04465132682845,46.690777745038076
0,1,-0.4950409081387299,20.93172190707313,75.35657094602001,2.620204014672912,0,0,2,0.10183766644530862,0.018855944541142564,0.3857800529785753,1,30.56331946266882,1,0,5.215531261542164,2.375102365030495,1,4.195355209972864,2.7399060383586993,0,-0.08532880780896998,-0.12513779948990914,0,46.70258828737228,19.87021152054756,-1.3998896896320687,12.785379160629926,48.90656737468275
0,0,-1.8940412291958266,20.19707484945364,91.83919148445227,7.412064053734792,0,1,2,0.1294183518599304,-0.3254820199051773,0.4121143236794882,0,79.89162104153488,0,1,4.140691876380737,1.8997785008250736,1,9.365178731108625,13.5039175907024,0,1.3642483633682563,0.10952704523949573,0,1.9423888346647544,38.76714144927306,9.72430443064183,22.97797083145793,43.357921232471526
0,1,1.1526825589283434,45.62386485050741,94.67526754941359,6.687034662203736,0,0,1,0.26458076263564667,-0.7966432773114468,0.8511870575145186,1,34.42525785503924,1,0,9.706564640212441,8.449067585405542,0,43.86996211731463,3.5155737708780297,0,-0.21946618364031112,4.195794772823971,1,30.729630557563258,29.24378319072082,-4.306882507235108,38.95733467040012,28.554194322294872
0,1,0.9416466902876083,53.314459097437144,40.23692208849498,2.0018006368529395,0,1,0,0.43494324876918583,0.010628810403584337,0.7311621994046533,1,30.126768724145457,0,0,4.6503843578221815,3.1559378916893124,0,26.35744789659202,2.4860220341072465,1,-1.1469597970950163,-1.2378857888370407,1,59.21701440827485,11.515500727034238,-1.8377611071554192,34.55100982358573,45.05404380132357
1,0,0.9475478344756973,54.524939436782105,11.753633597383295,1.9387866884034617,1,0,0,0.5199023314218489,-0.6041847625771758,0.4393449877082869,0,22.19011853912871,2,1,-9.20142169407535,3.754201582514138,0,0.7846891164357173,1.0446659796901214,1,-0.8095702798047022,0.6918973788944683,3,86.21305684252182,10.855322628648603,-6.471932884056165,5.748388811544887,56.690406362658564
1,2,-1.0789944075492222,60.605323046829525,48.794445051783185,2.288932909607356,1,0,0,0.8605610209546877,1.4967407613475385,0.5611675360195392,1,21.247783876543416,3,0,4.170545058242858,5.296911089736788,1,17.035519061478986,1.8962638214681478,0,0.345408053278041,0.1645349322142564,3,58.99134204539182,24.451968923314503,-6.652022341765237,33.04048319033086,62.9926128917199
1,0,0.08302221343285973,39.5810381788413,24.639769195509942,2.046402680103322,0,1,0,0.2912016847803099,2.0065727984453896,0.11734958228254455,0,28.702887319636122,1,0,-5.807587191125477,3.1441699040615223,0,48.28712792495793,2.0267674896740058,0,0.35785483971931265,0.20554436005338442,1,70.60865750162573,11.75598993370713,-2.252008830213967,13.248217167011678,21.54304609482737
0,1,0.6813704157039715,22.936927777634025,98.36574643764175,32.078785790259765,0,1,2,0.19480456906358307,-1.555370587535558,0.7328149046332306,0,79.81068027061723,1,1,2.358579101054218,6.2593123834199975,1,25.876726667924224,15.590752984970084,2,1.441662014262913,-0.27499143508420615,0,0.9636104581737526,39.98793156404954,9.50448585605261,36.30864924086162,24.31841858761078
0,2,1.1318110488624116,64.48240279348815,79.22514467103181,2.365867187175645,1,1,0,0.7986787003025828,-0.3203766841097603,0.3269219162085867,0,60.432416305955776,0,1,4.6835231596486295,6.539667220508562,0,75.93766616593616,4.1866839084821,0,-0.7329936246354506,0.39258689643227496,0,18.065764950343276,10.969635101003252,7.086946269095332,37.420130079544045,34.206909933857986
1,1,-0.8560375304081314,66.73204721307013,0.4117467441279443,1.3731582160126303,1,0,0,0.9667541950608836,1.9979849623537431,0.011486138773999455,1,27.897875433385835,4,1,-7.6227613259551275,4.154791879823717,1,54.86304760435783,0.6381490423552489,1,0.09806952380958393,-0.5943281906459403,4,90.74988494937175,7.638278729972563,-8.400435578620556,16.563846714474952,38.80110925940974
0,0,0.026964428307871737,31.225200118970694,45.328838723479784,2.014516614989913,0,0,1,0.11715859278537177,-0.4753852131784144,0.5701875107208662,1,24.4505339855913,2,1,-4.018355148881506,1.4087584490417253,0,16.063050966313646,2.186864987846566,2,-0.7474100584717907,-0.5585801961595783,1,71.51160060272719,11.470378467691653,-0.737057313319081,9.33293842886642,24.349887038414245
1,0,1.1073344984886444,20.865011615855845,59.300683087828276,5.748480036997132,0,0,1,0.08526596888784493,-0.7967713755378232,0.4248314437477747,1,33.14867507493282,2,1,-3.2902561294273056,1.17571425188123,0,26.774622387175064,2.2340077519247425,2,-0.4201525010667124,-0.47084626234382515,2,53.229166594712275,27.68687944860598,-4.2409053696025545,20.515377213760143,27.07239186623147
1,2,0.40496387323715516,58.953150220202616,49.21833876739389,1.667068736990884,1,0,0,0.7049678005261792,1.5241106222053293,0.5110740183392709,1,17.210493248011677,1,1,9.578919223182154,10.860118243146747,0,13.669971405992381,1.6319257354109071,0,-1.1209536648405234,4.2984597681439976,2,71.88437652980984,10.025443539805913,-6.838653023145049,26.880947547267123,38.85910183299132
1,1,0.5586393770165162,40.91370012948238,70.74208988474999,4.97999474072068,0,0,1,0.3129117675348523,-0.6189425538688292,0.48988973569392696,1,22.073597873730435,2,1,3.223927880935742,5.990338625358228,0,67.68017235674247,2.6540460316738153,1,-0.0034634064153531963,0.9107099576012951,1,33.611161081608216,31.249182023772693,-5.820569383010503,28.377660766073767,22.688805795428582
1,1,0.7912204965166003,30.85354483978673,50.8577246464373,1.7895018627611956,0,0,1,0.15416533412177968,0.696154085374401,0.34526866544500634,1,25.916948438511504,2,0,-0.4904207758026278,3.9456222209252894,1,0.35467629487262897,2.240872092897788,1,-1.000944261563652,0.02958650480997513,3,58.28202249976919,10.735342188387037,-5.622334717705283,29.804723811677665,34.557483047511674
1,0,0.2937614442649575,38.63389825788254,38.4604725170079,3.2370347990788906,0,0,1,0.2282394066678804,0.6602176390346473,0.6399997483673572,1,20.21361360050962,0,1,-9.829315624156195,1.6857073326239915,1,14.336214949650534,1.9918666914122147,1,-0.02650297845924115,0.3258408460511541,3,72.45799916603974,19.009608923469848,-6.4987799685944445,17.018613944810454,36.17676562136497
1,1,0.44312122937336257,42.39141542926405,55.72102841997436,3.0859141616713694,0,1,1,0.4035489776394632,0.33557892252240357,0.6165153575378699,1,20.351993880045978,1,1,-7.048352943542583,3.4249291612970136,1,31.852711897510027,2.65871504437367,0,0.26557464296641115,0.44940704709531243,2,52.04034272766073,20.21613202316091,-2.4289357911775653,21.583796212546883,47.15290425381233
0,2,-0.21604221346011737,41.80259470098572,63.376409959686384,1.6201895029873437,1,1,1,0.40650705366404605,0.14949992713703225,0.11836908330490714,0,23.507656710482166,1,1,-7.18274194796412,2.1224870121830364,1,70.99698145287404,3.0880342372455263,0,-0.29168319286225425,-1.0105259185308098,2,47.57204754099676,15.226328072503124,-2.5522096291393908,36.02510269034098,37.40132569659835
1,2,-1.9356587110467067,62.37508453361781,42.318091120001014,1.489437193496829,1,1,0,0.9431128040269758,-1.0768020263498055,0.35175942067965665,0,29.514740453213413,0,1,-2.6902384563035735,2.9305695066264668,1,50.031318627572645,2.3236205035496913,2,1.261026541677872,-0.06629700091770478,2,58.20822634078374,15.054044462305505,-0.2826265525908589,37.68687639026416,61.77532244278242
0,1,0.23809100189362892,30.672724525263007,72.07961960868268,4.2857244688911935,0,1,1,0.22792479466461513,-0.16540383207984188,0.29515266454982947,0,41.75065777192657,1,0,-5.475127561820844,3.969552097830307,1,51.00676993686656,3.7513259086116073,1,0.34835161698773176,1.2743444833633164,0,31.871786254616463,24.396248895754375,0.28016895716704227,28.22692074473041,29.856145090181823
1,0,0.29978183253213847,61.43544691940047,2.139000572361882,1.3406182794248918,1,0,0,0.8537990031350853,0.07652240621681171,0.28254094770626004,1,24.9579999437045,2,1,-5.241704402946884,0.8446760164969983,1,4.7995607513370775,0.8754017109446066,2,-0.7265782739964112,-1.0874361971015938,2,93.9401284822696,14.305896767534438,-5.935502355870435,7.967904222937115,61.143375623612116
1,0,0.2973003475117891,34.995390277960965,20.17535291138715,2.2011029422179997,0,1,0,0.23224109127126652,0.2732901427889573,0.6408503389505343,1,33.86500341398065,2,0,4.394006754833821,0.5500726783259844,0,47.869305847626464,1.7039046742663833,2,-1.5621544979194553,-0.6737957393995746,3,69.1181299808902,11.237555505377737,-3.4341697489795724,7.4636594096440785,25.38214458975153
0,2,-0.8899025908097261,35.64501188611122,99.84691930934719,54.598150033144236,1,1,2,0.3161486544557844,-1.6025122746529947,0.999981201324645,0,79.88971228976126,1,0,-2.793402752246359,9.471588517523411,1,19.437574162521454,18.294740734941705,2,3.056803168766024,0.3791484604814967,0,0.37923386102893253,39.99997533237462,7.498825808953281,37.175765353059646,35.93712578751522
1,0,-0.7342955242668756,22.306156708327478,66.10755517859388,1.5540069818560045,0,0,1,0.19412166840308492,0.6384402598974176,0.7233487089310826,1,21.089701341089793,3,1,-4.946092091652222,1.4100833887630637,1,33.61008815090898,2.331013972508821,1,-0.21664123538196756,-0.019705479264493467,1,66.20491813023888,3.9252867984675532,-3.480529792566993,11.862306417035429,40.879332972827015
0,0,0.014662532321032352,35.08558073638341,59.698510977159245,1.3076118752848442,0,0,1,0.2316338043584304,-0.6900988859889572,0.7479356513673661,1,20.890407202227593,0,1,8.750169543430427,1.9717057635936484,0,16.205675630166564,2.4624118443342,1,-0.9959704620384944,-0.03244240219087055,0,29.957201317184662,11.533807528680565,-1.2359990884823517,6.1861947463410605,54.75808817208693
0,0,0.3052791714193121,37.76467430066188,94.38307147734504,7.58136691084498,0,1,2,0.2643101312628753,0.22598974279759973,0.5264096924312393,0,74.49352560554198,1,0,3.538318292716429,2.1510011676396923,0,45.05078003309669,8.408180044682464,2,-0.07161870498291041,-0.7121621803844761,0,6.993618022127679,35.72434827425327,5.525032249389788,39.9772749376084,24.53203806533491
0,0,2.599884308715649,25.108123948089997,97.70733929441968,30.35928913718638,0,1,2,0.15949965466584587,0.15131539644954323,0.8934940342304492,0,79.96844722040778,0,0,-7.997528719271065,2.6376010661139575,0,16.06649156654055,24.477202240730502,0,0.8844249007772697,-0.07148031050471752,0,0.41457510492576843,39.46069509555157,9.928519670990038,35.752845812079215,27.190555909989207
0,2,1.2238246544383293,69.97182463564592,15.523910472077402,1.9650006446716977,1,1,0,0.999709804234665,0.058461455583160744,0.6644200850846878,0,20.77036216565944,2,0,1.1493874726888684,5.676873524289017,0,59.23821922221161,1.6568780478856113,1,-1.253757402277289,0.30053106150835407,1,76.63576976025995,17.29981202049573,1.1417481504085885,17.966614433813408,69.99937859478419
1,1,-0.5433109368069706,44.87860410067888,26.24739251745185,1.8489646789120657,1,0,0,0.5224388569641589,-0.1905954568624014,0.30793202274005993,1,21.38767976413778,1,1,6.5173009658091665,2.0242108543821375,0,56.455473665763584,1.400921421943079,2,0.04612318649297314,1.4382450840165626,1,79.06763841581295,10.296106479377464,-4.845487432250981,18.27746313770005,24.491978954743207
0,2,0.654417655239122,42.41421717834943,80.55229653039237,2.656351683592017,0,1,1,0.3358615076045592,0.062002678524522015,0.4107901042155185,0,41.947709720178736,0,0,-8.75126218815506,10.051728199102325,0,6.958667512611378,3.4448571258584475,0,0.20313084145226987,-0.09440139016860986,0,28.426615556413847,9.192662718557488,1.4735186199299797,26.031311852064878,27.38136419370295
0,0,-0.6271993296384325,26.72765665473896,62.6786437909868,1.275077928741781,0,1,1,0.20609317626534757,-0.30086057940420713,0.6648353597771565,0,28.582735547872346,0,1,1.2204119876807695,1.6067574574292314,1,54.38624088922111,3.1107939644299907,1,0.32566159513078957,-0.5821072318424795,1,43.717368700419115,22.326945348911046,2.7707433911578594,2.6197204695932697,59.31291681589548
1,0,0.6434769899954481,25.15246821290652,16.84488317018578,2.4704867173163003,0,0,0,0.15586848040687495,0.06186009041796576,0.5746353059388499,1,25.1203234130407,1,0,3.046381487522659,0.49403113082602634,0,26.707507094937384,1.5298341687851948,0,-0.44283248302108846,0.12520392282626988,1,78.4288714328715,15.958493005020742,-1.853992244173341,1.1901047165863154,36.875556770616484
1,0,1.6457455797477047,69.12825237665848,37.5944166986048,2.039167895750557,1,1,0,0.9733719576291733,0.5975387442149078,0.3799996927400171,0,27.897806694386198,2,0,-6.087491785763507,1.0241786363050387,0,71.05768692710112,2.770668808403615,1,-0.8931867083163957,-0.25010783210355875,2,58.23392644729554,16.981594357910858,-2.07186650491494,36.99206460826075,69.06292458650303
1,1,0.14518410106640028,56.86142208275294,34.3322129212921,2.6538250768823843,1,0,0,0.7227938589592273,0.8639358575560003,0.8500824024694368,1,25.22489633034338,3,0,-4.818324318437619,4.507283415070491,0,65.07722262201486,1.4217532245743323,1,0.3820390812474343,-0.7364846672740772,2,72.4063040623772,16.33131308654231,-5.8436292741883475,10.988360634168268,21.48027554921434
0,2,0.20122681258099737,43.49556348869645,47.19188798746123,1.650610491677605,0,1,0,0.3192074121924704,-0.18490193860570023,0.3703621159219058,0,24.21171610616564,2,0,-1.4978577990623094,3.600903454933319,1,53.649591007629205,2.286911846122185,0,-0.46256724666043086,-0.888984017813273,0,76.2182110288996,15.034518865343253,0.30097774200342897,11.756735254363964,43.12704732172159
1,0,-0.35928725231160213,41.281957995828286,27.127791620642228,2.6494746050775433,1,0,0,0.4809814184466937,-5.596753891987183,0.5936231141335543,1,32.927725671569554,0,0,-8.582173632133621,1.0472939202561597,0,4.8749149171832595,1.7586725066041082,1,0.739009545141369,-0.15365734328117372,0,75.4350560314923,18.92058977964334,-1.9529194455618608,8.285750406490598,46.17161612494999
0,1,-0.6287053562294466,56.790740354171014,29.25725002612708,1.0602903006495537,1,0,0,0.8018320165199613,-0.8230774974628032,0.4121939715462342,1,20.9008862784589,1,1,9.538057375318225,2.863422425411203,0,59.89676384512639,1.5267063874124955,1,0.16813749355655164,2.054883768500619,0,78.17192496542123,10.668957010965286,-3.0971956896828248,6.074829321839483,57.64418602469439
1,1,0.08038761254916872,49.69332566312843,42.80133557814339,1.702972432674738,1,1,0,0.48046504810425306,-0.16143248565812493,0.27445758117919994,0,24.642636606000224,2,1,-1.7021563437517528,5.401055323672012,0,31.537510457222805,2.2602941628760016,0,-0.7866359742973007,-0.5671921323825133,1,59.47663070313888,10.243765032671446,-0.5844024910437877,19.802150061522354,31.315047290101006
1,1,-1.1322270233040665,39.013677963885755,85.85410118551513,3.3105027692330844,1,1,1,0.4016797157511831,0.4755449413812042,0.8570770089809789,0,56.070571884807414,0,0,-7.917657755871581,2.6274201210482913,0,20.13055931283531,4.883697981977666,1,0.8431482284579185,0.04843515864892902,1,22.607082574382652,29.98748454181916,-1.9009822204708744,39.83276084794645,30.68154650110788
1,0,0.7035625490778531,65.93344527891023,0.11328893813452035,1.3923715007207629,1,1,0,0.9140257169049686,2.8302855607218413,0.32819193674507535,1,19.8287889272107,4,1,-1.2908297649044087,1.5121001693163987,0,41.24454972023169,0.6413940892326971,2,-1.583406818893173,-0.6024885077859976,4,96.95233358244111,7.5327580866208415,-9.055012401297448,9.822142954764077,25.062190397723697
1,2,-0.889882881227813,58.1413427272587,81.8331729702809,2.176523191509032,1,0,1,0.8777923770270719,0.3322374647391852,0.9136530474340563,1,37.28558746032246,0,0,-0.4441279356084191,4.9677604764205805,1,14.037023289838189,3.282707756007778,1,0.3160129349864068,0.5681622843774352,2,23.644131555929548,16.137851065726466,-4.064967612964868,38.744479131793355,65.0523894852983
1,0,-0.7443009702752447,47.54777129467203,20.137017600163425,1.9006466957167438,0,0,0,0.43604758843955005,-0.7806242230185223,0.3924637893636795,1,15.729412832065691,1,0,5.307265525624484,1.6597378253302493,0,22.644823600939972,1.527400894857212,0,0.5914149226110684,0.47594376067230204,2,83.275553334571,15.876467738090172,-4.9483666553480665,10.373565867469559,62.779462682471255
0,0,0.8512497912393873,21.295169201362263,92.2377688035831,26.564071193146674,0,1,2,0.10021175995373283,0.06922001750126595,0.9840794805318519,0,77.02935248686221,1,1,-8.110399334505182,2.4096237524163144,0,61.625128563264084,9.441918063859985,0,1.4318545532882125,0.702389805584475,0,4.733271717529853,39.940619825777375,7.153915080201941,12.335277133550848,35.05031783736292
1,1,0.38474209385263086,22.2832801097625,91.40137132277009,3.253142974339562,0,0,2,0.20415003140723714,-0.1713934314997653,0.7610422874572931,1,43.41364857097076,1,0,-0.310119810725606,3.7997667076846833,1,7.05415097744178,3.822767068537489,1,-0.22018067615285153,0.006567959878557291,2,26.458641579889598,17.205712600770035,-5.7084075825276255,37.99659164206515,28.266269055695748
1,1,-0.5564301215553233,52.37668533096542,58.84304365529126,1.6538163687232377,1,0,0,0.715948770122371,-0.011736939345343297,0.5422021469753406,1,21.338976924952327,0,1,5.93818464327331,2.2000844465016196,0,8.577951852253843,2.1424047092908065,1,1.8507565900210212,0.06053206480382372,1,31.95580098737876,15.031810336323833,-1.5295072733569892,26.830326572276743,53.47760238749763
0,1,-0.861258140155331,43.42205937841737,85.28144165954181,6.24511487822906,1,1,2,0.5141559245329651,0.47099262293814026,0.8488967990530858,0,78.98611594900673,0,1,0.9543046074040475,2.5073012418424994,0,72.3752756163492,9.432392653319347,0,1.4042191317938468,0.28372556381943526,0,4.16573398834787,37.66950846998624,9.702979790307587,30.461901559617452,27.35732193239315
0,0,1.6971277058709213,36.3203644240277,73.55195747699193,3.1802558137161605,0,1,1,0.17804824013708676,-0.09160420253707587,0.599745371963467,0,60.93392440353622,0,1,-7.487735808639938,3.3156620011129228,0,39.142714479381745,4.980961976897554,0,-0.7187215085959142,-0.3989739566513271,0,16.298509401049138,15.994028253617799,8.552044220767542,9.890684914320545,42.630659598377335
0,0,1.2146955109129323,34.111706977482825,64.56694081770826,2.647693846873623,0,1,1,0.29119959068272805,-1.9631860747132572,0.17411987358584569,0,70.41355674846967,0,0,-7.075548085920493,1.3752865156523721,0,46.741611565186965,4.927983834453978,2,-0.8248085034441779,1.5136762335392362,0,23.903638479669752,6.895585432732291,7.257696350108187,23.56615637643708,35.03761588462385
1,0,-0.14724870678406476,63.420309106283995,2.996069739492635,2.0000524844185352,1,0,0,0.8741161869463004,1.5990743535363976,0.4073179689850199,1,24.799270959684314,3,0,-8.437478420367347,2.6355596377894166,0,57.867778619969634,0.9426518527297288,0,-0.614185906148177,-0.6443785618498858,3,94.10424839420509,12.526313910173608,-8.627607414896154,8.454165456206322,38.46697657769509
1,1,0.5905493521219561,57.99974034436856,52.76019278748896,1.8433771564995118,1,1,0,0.6723554116535461,-0.07908954939961504,0.24893637879970265,0,24.656596251917136,0,0,-3.895017753641252,6.56173824482667,0,16.71027071924252,3.2563185631802782,1,-0.798780134057875,-0.7047377755136479,2,49.68500467448239,7.125694396562601,0.7930618591139282,36.30384175935493,54.27514332484208
1,0,-0.27353866519917236,36.28635885525901,22.6407806823912,1.8968417970283387,0,0,0,0.2537423668080835,0.1763699064941062,0.3292311135424263,1,29.83029245164954,2,0,-5.409562770658125,1.6439530344694357,1,79.97234913951925,1.780300699352236,1,-0.19365139626767203,0.21505868060691075,1,73.73786467507817,10.121037988594122,-2.8285964454033605,3.3573240834631624,20.380513889578424
0,1,-1.1848236904275493,41.75121900252478,82.50922114897168,1.5603500224866536,1,0,1,0.474771704314738,-0.35575341145309325,0.5168506901632519,0,40.86245921815161,2,1,-5.312031175309031,5.714954545824964,1,55.79848710812417,3.31331354239797,1,0.26336584726702333,-0.3697521298866867,0,60.950344067838735,12.281162152281976,0.4474559068014212,31.561034660969227,60.421577987293894
0,0,-0.3692720722776523,46.31921516984423,14.293314978856458,1.593884574193823,1,0,0,0.6130332082183552,-1.1924623722124015,0.03350765789742555,1,27.849880201709382,3,0,-4.6117650335917055,1.2582157770437457,0,23.812092233514495,1.36863730055004,2,-0.3326645174234729,-0.5991812721827758,0,81.50864431653126,9.71247720519475,-3.1835468503783595,18.336526685614196,43.549781848688916
1,0,-0.837928940766452,48.51017587551989,5.612067674928217,2.3033009239292377,1,0,0,0.5389892450245367,0.05627631464386169,0.32861462280400966,1,22.56225196268619,3,0,7.5419291513318,0.468522736948648,1,10.143722349019267,0.9798050008595063,0,0.4339751367040828,0.24708139329537104,1,91.16689446179478,20.555149880468985,-3.8594411317016197,2.972329087631358,67.78650035498805
1,1,0.14721987667034966,34.84755650822257,70.34647632750517,2.6283602245575723,0,0,1,0.23363400070798163,0.8622068367415182,0.8029195443487753,1,28.840399837986908,0,0,9.989937080185989,8.373919384156203,1,40.11439002689298,2.4391738937321383,0,0.6425557967806161,1.1665168557833534,2,51.98354770635814,9.672480674755352,-4.953496793969752,10.333650938197586,25.017620330823508
0,2,-0.9516329211702946,40.138518334387655,76.26482469465277,2.4892170457766696,0,1,1,0.260542240313968,-0.05284928959697632,0.4782493255581617,0,46.47274084422391,0,0,1.7313137977653685,6.486619083131083,1,22.273925256488937,4.399175994459475,2,0.28693755150303674,-0.2023165611160899,0,27.23878659637891,26.27741887966004,5.1146038777569345,26.41162470560743,51.72960616535661
0,0,1.3607457372380856,27.21434402189629,46.65736486722437,2.7755936211249446,0,1,1,0.2626788132576009,0.14898892695603494,0.699750499857684,0,17.88333038994637,1,0,-3.1747592915450813,1.2327074204682376,0,45.672626187909884,1.9865654472891945,0,-1.4782961507366406,-1.4920441220992,0,60.207893306759985,12.034313395243752,-0.2346308685610854,0.5967972364129293,42.191516754403196
1,0,0.5423931282722737,66.1513525254799,3.7712337996163914,3.076422539890287,1,0,0,0.9065780068400948,-0.04376351215012094,0.5506413479028858,1,20.716370944109592,4,1,-2.5530364484077346,4.3967535102184625,0,64.6961297726123,0.9185131024219114,2,0.09109128596849451,-0.6003710373648411,3,91.23921116221508,8.808182731345797,-8.004620695252445,4.0145318273052455,22.80895235234709
1,1,-0.6758433864096548,40.66196431639732,46.83352208250003,1.7946494506096313,0,0,1,0.38273956049781205,0.643229170134086,0.5254600856482573,1,20.39290893469884,2,0,-9.173971000599014,1.8977891623295577,1,58.77132253758076,1.8302625629282494,1,-0.2378996833787697,-0.11845249292464577,2,60.35164839598185,14.041843308410634,-5.074235356127695,30.355029936637592,61.20721601171801
0,0,-0.39496113346874556,40.42472968144912,35.895018684033055,2.0676395318345686,1,1,0,0.4748628822280577,-0.9964443132132278,0.059766146564120604,0,21.912317314409577,0,1,-3.875694777846846,2.681861285226322,0,43.15016769467859,2.9935572352804187,0,0.09181504525347442,0.3767258354294629,0,41.2938950108501,13.248607224920924,4.0086893742968766,12.337703369608155,46.59811323721851
0,2,0.4757847242986094,58.947339843011775,77.16921042227882,1.985637198367797,1,1,1,0.750822332381062,0.15984793226809355,0.616644223516798,0,55.512085986761534,0,0,9.463877737526293,17.448822847071604,0,26.39062022296541,4.364761057753328,0,-0.48841122745915305,-0.7803432279247112,0,13.096457409966389,10.337649041575752,3.5854100983650525,23.255431650480002,66.52221706110414
0,0,1.1701326506678131,30.70449415407834,32.650208356943786,2.740182106525909,0,0,0,0.18368325464870378,0.33605084153705617,0.5858017912134814,1,27.68812171223128,1,1,2.497179921518537,0.40499972017547003,0,20.758389564472488,1.9780446617531293,0,-0.34492577377968336,0.16666886388223856,1,68.16746224828378,11.822613212658082,2.857224244028467,4.326863900067579,46.49591763213349
0,2,-0.9229742427722165,42.786595950060146,64.55706815746251,1.3476426933051306,1,1,1,0.44965393902569123,-0.1748858731994816,0.19508689409911517,0,32.587627242284555,0,1,7.765349312080424,7.16560957381766,1,62.216724921676416,2.928640630504179,0,0.7491943173256557,-0.8774932301496295,0,41.35594481368894,12.179316085937517,3.8600943971350414,6.986769038782734,58.20514902142977
0,1,-0.4365660322726744,36.96169685217707,72.99985901307005,2.392778255704553,0,1,1,0.19562576483224492,-0.36255635693524013,0.6811373438311753,0,34.08560543631125,1,1,-4.625288174112613,4.823347915315575,0,13.337465731105066,3.3466103642552327,1,0.5168698118276074,-0.12020217941941173,1,39.22451872056285,18.636999474938296,1.095374061083735,19.744948909786643,31.04568985338416
0,0,-1.6945320393417986,26.82643981436767,68.35821368324989,3.1282940550250102,0,1,1,0.15692105285104507,-0.5082902163148747,0.633776774067192,0,46.88320590673497,0,0,0.0971685185258302,1.9899839477958974,1,47.759483021230686,3.8601768818372624,0,1.235661831662393,-0.7504557369941826,0,57.37511654828439,31.412790115850292,3.621326550040269,7.073477087504854,44.26284770591704
1,1,-0.5866905589851635,63.07702659711804,88.72461374961458,2.3190636837529026,1,0,0,0.9276993979905619,0.5087819819406197,0.999997864519339,1,51.71226999443504,2,0,3.9887685301614972,1.6764425077081793,0,59.6128314768622,3.6163601160372854,1,0.20756673061054096,-0.5782057785826066,1,28.57662452838086,20.72851039517679,-3.3400969070668216,36.045798741986474,35.69471040816816
1,0,0.8414786799770393,68.85523058848311,1.9648888164222278,2.5529607240592385,1,1,0,0.9679633292959544,0.9671269181866572,0.14898472183157901,1,34.10448406648412,4,0,5.713505678086658,1.9142685903137184,0,53.240019740742106,1.0676345894039667,2,-0.6223795537800659,-0.9483488675794467,3,92.89180481371496,11.395637689057176,-4.708031067467271,18.238079649597275,57.60890813366207
0,1,0.5037528981166296,50.1817260212001,30.557092661619013,1.9124556563628867,1,0,0,0.5408885743551182,1.0414279328534644,0.6172150522150901,1,17.85552125298851,2,0,-0.6285161328652205,6.3437419352929,1,45.64119751233267,1.7163833702278273,1,-0.3712589422717521,-0.11830161755688266,1,70.70359413707583,9.166652816376581,-1.568787157625355,7.326960746978413,52.95282691141072
0,2,-1.1368468760967114,43.700647342100716,92.79176931372994,6.059373889421107,1,1,2,0.6358123187423752,0.18253353888126725,0.8282548181863141,0,79.50059205912788,0,1,8.033488765937552,5.90846971367269,1,48.60458051699481,12.740089149393402,1,1.2576149860714558,-0.6624902167871254,0,1.2673532381811015,34.69477428735197,9.754067511955288,29.340855893261182,55.88217901582146
1,1,-0.5830580489257621,56.53824023840515,26.801429858347113,1.94424509823274,1,1,0,0.5813822448696608,0.9501632025635072,0.9180365598632481,1,22.15896831780265,3,1,9.563828956397096,1.7111239846102817,0,27.550057362546482,2.0403620497408967,2,0.9065134314631438,-0.27256549127870977,4,72.01894905553894,14.516859091459953,-4.237210421784762,11.434935714333472,41.96736130713077
0,0,-0.5145132943148699,36.63803612979791,36.47114160506563,2.320848754076126,0,0,1,0.24036841054586738,-1.951036972588111,0.3291162547687123,1,26.850020765136613,0,1,9.999997366563964,2.0582815097593836,0,66.33218392535423,1.304015261147582,0,0.2107713948072079,1.8368988696615889,0,67.9587623386636,14.466789607649897,-2.4241744416524202,5.708560247450816,36.50768465401741
0,0,0.49251813600609345,54.420082969131,16.65216523084637,2.4370808784734974,1,1,0,0.5742718546510064,0.3811903299961919,0.4194418383233869,0,22.13763727889919,0,1,-1.7530399210305934,1.714679275098069,0,46.104737652239876,1.3881179955768905,0,-0.009501074178463536,0.2516071905461746,1,81.28191985101489,13.353662538762862,-0.845040075722336,3.065356760536473,58.6620548453415
1,1,0.3132190200875389,50.81022929101382,35.77532970146117,1.4318508103715328,1,0,0,0.4365060248516135,1.2313644444068828,0.7084440954537712,1,18.980658546917418,2,0,7.9519142284826785,1.371754807615919,0,79.83344756870147,1.9501464497060166,2,-0.6743715528235836,-0.22926330074978418,1,68.71353502696161,7.61872288979794,-2.8347642002211426,15.884513958659959,21.36704312521371
1,0,-0.020565919429594678,45.49302168816092,20.163932029829155,2.221227275437289,1,0,0,0.4790673306311646,0.3612746424099299,0.4422620988253583,1,35.331933759611886,1,0,7.647575561310568,1.759744767337105,1,43.19648358185701,1.178951157440413,0,-0.5732411515921423,1.5592208472933897,1,84.97333809074931,13.199560855745919,-6.209556129363136,5.095321704308828,44.73924318731862
1,0,-0.4897360131949838,38.91627147456447,19.400204170757306,2.384518582490009,1,0,0,0.49777088484481186,0.5402808934877742,0.23145958051444077,1,25.336947480147565,3,0,8.950349182140194,1.2090035297099684,1,66.64197156794621,1.3703645019442787,1,0.048487292067753825,2.431944940307689,3,84.4938495829814,16.51139925751977,-7.162579703178054,18.553157394035974,44.80269218321813
1,1,1.020103295338241,56.352649844056984,75.65618976275186,1.4507900126859958,1,0,0,0.6034273171991839,0.22352618494503476,0.9729890754597863,1,25.826680440356053,2,1,-0.795086073852417,1.497892930727359,0,58.667658192616216,3.225947516409613,2,-1.0997673589586892,0.10267024366838119,3,43.566613948820155,10.978242148770544,-5.757470336985238,39.04528342087915,31.964916348185717
0,1,0.20138957395041412,36.6945034273234,48.48563229840456,1.7459889528221382,0,0,1,0.214233260162919,-1.2261864792417738,0.06989014433333152,1,23.743004842263666,2,0,4.129309925248075,2.5365667921918558,0,29.008971928750718,2.0703904931088983,1,-0.3966445274133417,-0.8189548692805986,1,61.4982190894283,10.400607270660922,-2.6992798991162816,27.684674002308167,24.90433874579682
1,1,-1.8638516837300145,69.56354167850553,6.418570787018862,1.288626589065906,1,1,0,0.9982851162358684,1.3692609924406471,0.39397796172490573,1,27.969766198001004,4,1,8.570797366043472,3.6319474429788485,1,30.112378584784544,1.1905495716699481,1,0.594718392331762,-0.21378193768876386,4,89.36345978872421,10.954109722023706,-7.198982414105991,35.205300854541846,51.420737634520286
1,0,-0.8686860153757147,43.55286162336949,25.998141431459622,2.2892694118812424,1,1,0,0.4787262737020725,0.19317999449128698,0.40074045982178885,1,22.58330465004036,1,0,-5.776225114357711,1.2798983566747448,1,33.65566550684179,2.008072134670541,0,0.5762631893352642,-0.24050920814609028,1,78.70092276488056,23.833732422436103,-1.273714868716615,19.892486094849534,45.469935501781535
0,0,-0.6968858799168756,20.908044379374317,57.66299250961475,1.8507409109548032,0,1,1,0.12285348120440953,0.8643894402158715,0.45543980360947633,0,36.625466856372185,0,1,-7.908629744909738,0.5977890332002154,0,3.700627604551796,3.391641492219619,0,0.3283092434751839,1.5753063702035917,0,33.16234625299976,22.28182339146691,4.10838736953024,3.958318558447229,55.398763676603046
0,0,-0.7213907499754426,33.1377496554955,73.9970012458063,1.7829581200426932,0,0,1,0.2022048971679382,-2.947728775455395,0.7308967359860912,1,30.63941304909015,0,0,-2.560348210109476,3.4373803650324097,1,25.185428977406865,2.8173322158995373,0,0.22785266736516027,-0.26701621370745027,0,44.75142533826379,13.868744357395615,0.7452339300913895,11.435735905112644,52.22255309110705
0,0,-0.4643995174231278,63.63759125390043,14.531267094613959,1.08036281592408,1,1,0,0.8014090407188655,-1.4670435092202316,0.11648903829733748,0,27.522571034127008,0,1,2.505137781624569,2.4670359184124147,0,79.74381537639329,1.499994490818683,0,-0.7927789798808088,-0.14700223749090824,0,80.9023668418088,15.275670630278132,2.069238780146792,4.017466326603554,67.42278383890866
0,0,-0.446593950905118,36.25773823150592,33.42064275403986,1.7013888738719942,0,0,0,0.3243386298755362,0.28974567481926616,0.4296953537075405,1,24.579589474811414,3,0,-5.162719421391567,2.0064739698277707,1,59.21247472822746,1.7018518558288824,0,0.5366524136153894,-0.7107965325358404,1,70.57991673917155,10.015555380290436,-2.6204517570175545,3.379038347148009,48.21986329743574
1,0,1.0036516098444421,35.349686448281645,24.94633066496522,3.7612299955467723,0,1,0,0.2865222788090649,1.6204113785567584,0.010090539459359116,0,18.782461145242614,1,0,8.106583746070186,2.319833314955085,1,36.18578096069034,2.3744953814888947,0,-0.42699447008072516,-0.1469428959587926,1,63.29372857863146,21.779417882716785,0.3140966094744879,24.016565598822996,52.91835882319537
1,2,-0.041107278908780166,59.92981519961505,23.970113608481604,2.2140752737283953,1,1,0,0.7917323686572528,1.2709192413001338,0.6731555055058857,0,20.882308008655702,3,0,2.738276940203246,12.340392109550171,1,37.09191695083805,1.9112123051461334,0,-0.0050003895850330845,-0.05429229208771531,3,68.93686890095239,11.698038361534593,-4.300329444921957,31.35817994839861,44.28901838677336
0,0,0.4042371568222424,19.945854986021416,99.7700352705895,54.598150033144236,0,1,2,0.1743745756867986,0.3078039001626692,0.8239046193475906,0,79.99999999743535,0,0,-7.914905541790263,1.7280236375261802,0,23.419380419184492,54.598150033144236,1,2.035617458088572,-0.01950296810737857,0,0.00013223845759524622,39.99939967671746,9.999997561033723,38.436919019724925,40.48567923951023
0,2,-0.2326841830961596,27.21790943309841,89.15622590168854,11.493521133949873,0,1,2,0.21973050810919975,-0.4917638090505265,0.7509716211666633,0,70.29136736534747,0,1,5.728830335301502,5.015876869522311,0,16.732343205849524,7.081293548990557,0,1.0296177385755187,-0.2061633949627649,0,11.067612622425472,38.64732426972647,6.326288899219996,25.965486956624552,22.722520941286987
0,1,0.16175429995764232,28.29714206889211,91.29884536505804,6.805471154938061,0,1,2,0.27800422373493805,0.23550053021447026,0.5040132752596411,0,71.66540148242767,1,0,-8.07767070252201,3.7522654954780954,1,44.258899657906156,8.90164511671904,0,0.5017006684015252,-0.7556149389027259,0,12.217360186573046,34.18935306718828,7.975587351050489,23.670171704454074,44.701993367079204
0,1,-1.779530853412696,58.63924713967276,25.91393266535482,1.755658943273384,1,0,0,0.8523299465685259,-0.3459548303705839,0.45278622512422967,1,24.798777090681142,1,1,5.871392427826372,2.3513740710622835,1,36.80228536069286,1.4849138822552166,0,0.8465525078388096,-0.3402783966963538,1,78.80967552531186,17.241715035253986,-2.9095251593364013,11.39682315775773,69.52462427171488
1,2,0.4357168105266754,52.36112551071807,77.60540471090462,1.3311966880869401,1,0,1,0.6803590019250598,0.1521693782813184,0.6307088818566695,1,29.987237243946325,0,1,-4.2689047264775,9.219134903675979,1,45.707294146009225,3.0074888371665303,0,-0.8997394813117594,-1.3495443371280542,1,37.16640992328395,7.1661590238274675,-3.997805028231774,25.19584262563145,30.436149663745258
0,1,1.0029739831682796,44.48110346381971,57.10269862158475,3.1971804841535896,0,1,1,0.26316633308486737,0.828282541894875,0.4180438130737322,0,44.272926907862804,1,1,-8.336178591100612,2.3825618951108254,0,77.4612635042426,3.634867052441651,0,-0.3947986415151642,-0.5967682708381686,0,36.470128428836055,16.12647620052064,5.689706250211305,13.28675791213827,35.83020983027724
0,0,0.030140049081235742,27.078844306633783,75.98566123892915,4.359246602262128,0,1,1,0.22730961376510972,-0.1949246970028145,0.5467789817059453,0,70.24231159970897,0,0,7.018903598179115,3.7160831544790147,0,15.83611371874277,7.07462298457186,0,0.3495188866503548,-2.478374833322567,0,11.063409364428784,26.196605497275787,7.732619098189673,14.053443935452401,36.35424131198802
0,0,0.05536912504149278,32.28090286780124,64.06168037666362,4.615323706578174,0,1,1,0.19297735547830636,0.13980909026232877,0.534926081568242,0,37.34157509647353,2,1,-8.751026276711393,3.487600332543937,0,31.09758519443964,3.0573286735966074,1,0.4641025650855912,-1.2174656732626148,1,40.891240628361125,32.294821363247266,0.7215881003270379,10.525951614533733,30.420933419711396
0,0,0.2967976452820139,19.9066862907181,38.636062920931764,2.9900895100668654,0,1,1,0.06474512207105293,-0.6007827491684888,0.24237869578028548,0,45.48890976156389,0,0,-7.141580437288059,0.9725192825168945,0,19.653868671732457,4.4192163981003185,1,-1.175507787106654,-0.32915780590255017,0,33.29891155600719,21.649622173322687,7.943069971229917,1.642501732716486,27.628725760875547
0,2,0.22939685556046902,21.359357531936176,99.8824750846469,54.598150033144236,0,1,2,0.188857656693517,0.0337270415464951,0.04122163426780656,0,79.99977540503144,1,0,2.998807175158344,7.004714790669944,1,5.414113811439356,38.203075897845636,0,2.14424305632244,-0.18923991267795107,0,0.019798825308192658,39.99954568269707,9.944777517038702,39.72774340119307,31.207724889645558
1,2,-0.18689022963242258,69.72862956463575,10.061633185362606,1.9680846439337607,1,0,0,0.9996008125263882,1.9840772162603926,0.38257961883115676,1,18.316505338215542,4,1,-1.991523438033644,21.36935536322991,1,79.1243843567479,1.1742920489122706,1,-0.17934600283821214,-0.23639970461544194,4,86.25073655432065,14.154559058386457,-7.8256554903021325,26.76050562791054,36.81914690761652
1,1,-1.0197436575080878,25.448585224787955,74.94450095923999,3.9124541945573346,0,1,1,0.1337865958054028,1.633058174938704,0.9195734990065622,1,32.71416038844232,1,0,-6.504711965607517,1.8919438056032165,1,58.62850588874604,3.1769297967882797,1,0.8755367603150712,-2.6892513157957842,2,38.27004538608072,31.405210477274174,-2.6912548266543403,21.478411471159266,28.369193885478733
1,1,0.2890527501388348,41.942975913905286,24.344635991430795,1.720548385447027,0,0,0,0.35911848493292375,-0.29702705768332416,0.6489594101377612,1,27.30069634735223,1,1,7.248030353000413,0.9965388975226896,0,8.46164277722529,1.7056083567321842,1,-0.20053804583362542,-0.21918276185088037,2,76.47377764143057,9.344580941048786,-5.521472587451655,18.19459300806475,25.801603583996464
0,2,-0.8308678595277106,48.78226007911357,58.020109995988214,1.5699494191316117,1,1,1,0.5949308051373017,0.6238885385591016,0.35155660118482523,0,32.55272974054527,1,0,2.028119777773437,7.812805785344628,0,21.872569783166398,2.5021647072014828,1,-0.12969970915068818,1.0353658572949742,0,46.890662258555096,9.278471260762116,2.068659747134161,20.650005681347526,46.11721102412424
1,2,-0.04797728926691805,51.67521699368103,48.2398036467428,2.0649779323384467,0,0,0,0.4450655447498626,-0.07196150602731935,0.31700761159742075,1,23.045497508523987,3,0,6.029923269820227,5.808860418382708,0,9.236883330962545,1.9459270477944333,0,-1.0028565781320964,0.593427181212427,1,42.05355259377695,11.924807894445612,-3.935128809746997,20.427012351236797,36.21450346064945
1,1,0.40233724274769156,59.9993818749287,13.172413941377348,2.263276941950019,1,0,0,0.8361436179298563,0.759534005280931,0.428521343676563,1,21.844009521224493,3,1,-4.224748410948099,2.565359690950153,0,24.33550952476816,1.4412701122310756,1,-2.4320561928477336,-0.7918747735067165,3,82.16540164336416,11.545152176998904,-7.801193683339872,22.419062431595282,45.182578164937844
0,0,0.006572417265991506,26.086859905966506,47.79931305156995,1.3759504303921783,0,1,1,0.20592342108397255,-0.38626910092410754,0.2537016076280214,0,27.52046357595059,0,1,-6.029001604840647,1.6393216799390666,0,29.995968826271444,3.5821078011316843,1,-0.9158920835052019,-0.6949866139566068,0,51.15320378417334,13.028553033161314,6.8527974432838334,2.7539523914625286,38.1910492917533
0,2,-0.4595113740724446,19.40109871992947,96.03963390804189,24.389938980413596,0,1,2,0.10434223961637284,-0.7197121366144813,0.6877142274508202,0,79.69604961786034,0,1,-6.727638595181205,4.631719479898284,1,3.001974110702541,17.722765928225524,0,2.475468771522841,-0.7639434019816674,0,1.0114421225482118,39.96912319053747,9.726720090664593,16.81989728548174,25.119215965687026
1,1,-1.960765320848162,48.47043665841401,74.70486604113228,1.716726518765033,1,1,1,0.7358688564500355,-1.074540152832703,0.6908066162844176,0,40.15141432648436,1,0,1.8015401817682548,1.188423515556523,1,44.398316218670345,3.8649494113643708,0,0.8484902801139077,-0.8754649364347372,2,36.85633119538122,24.275724674559214,-1.470438271958809,39.63979117587285,68.63751580969063
1,1,-0.3993971927568302,33.23399187781084,12.534687291775032,3.0471249297030085,0,0,0,0.29324282420234044,-0.08870832767742419,0.1757226373996939,1,18.99997433574573,0,0,-2.5264777943357615,4.294216887602854,0,4.088926104113502,1.3679074537454692,0,0.7772344087573385,-0.7471994310650412,2,81.94991665466068,21.501170141549313,-2.11742176125179,9.209646457673932,29.169672653904414
1,0,-0.8716611308824688,30.129728790040787,59.588894372251275,1.678695590701936,0,0,1,0.30336798565194517,-0.2400199353259675,0.997328731990207,1,26.564089398813554,0,1,-9.446871760974744,1.3334960446904616,1,55.76147593328018,2.6550123184169054,1,0.2315488226029376,0.7827601992390377,2,51.40660768910477,8.105096146165556,-0.9351116030926256,2.0182386535724084,39.265084999207495
1,2,0.34113450212006646,57.6797266960554,51.56096299256136,1.9119308764694174,1,0,0,0.7053112783736641,-0.7130599221666287,0.9086948144869069,0,24.027072978239552,1,1,2.5834223355326422,2.457206356149085,1,51.009083394329764,2.5170903347303217,0,-0.28066831898384365,-0.4451178356566701,0,59.88258973759386,11.996620082959325,-3.1854747361229023,26.791334427997846,58.113988088729755
0,2,-1.7047576639529602,47.10841146150851,58.83694604389701,2.4752970384722754,1,1,1,0.6724834657331629,-1.5246026801552988,0.48840574931630953,0,51.16148184326909,0,0,-9.092065559960869,2.1027460640523463,0,19.150941173401247,3.8219111942963426,0,1.0078740505832218,-0.730180188805925,0,42.259333035492084,28.43190373088788,6.472783611588909,17.27875895790975,57.44083045692918
1,1,-0.8140003540686372,39.54108515692583,47.747982517503644,2.616348850763425,0,0,0,0.2820917520405984,-0.45232715766018183,0.44497402720960677,1,24.641743852152285,3,0,-3.703596674253676,3.4324214766128476,1,40.270662403085176,1.80184522101511,0,1.0721497797092616,-0.35364141162353396,2,82.03390502902023,21.808526654846254,-4.483471243071224,20.72404524411839,36.35210593268678
1,1,0.8930414405423323,69.55532121847936,0.06275759201616604,1.9350118839982462,1,1,0,0.9870548103609529,2.6168234357554834,0.43970279947139684,1,21.830250176364405,3,1,4.170594310324219,2.7151952055027664,0,34.498336807721465,0.5002224554247156,2,-1.1116995247102954,0.26110306577710257,4,98.81975809811108,10.844300625051526,-8.9839894634884,3.4365647609824967,37.36778377059534
0,1,-0.06341121054970017,20.34822073928207,89.98983485564418,6.798610785318152,0,1,2,0.09131697523649973,-2.5575796637574117,0.8204288644047216,0,64.22803229991888,1,1,-0.34133841360240424,3.960533833131103,1,0.13254012692220485,5.077799520322607,2,0.5541595162796593,-0.05110949602326174,0,21.237839644705314,36.351299802686334,1.5592781533121762,16.027878115925926,27.479682670575247
0,1,1.479635246993813,39.96337861444344,53.44048543255453,2.1212066192850765,0,1,1,0.2799146866149306,-1.0718272547019887,0.43028550998592763,0,34.5092031343101,0,1,-6.134698946915932,3.1207744187131823,1,62.63772237276729,3.0672290762834256,2,-0.540986033263301,0.113528561613256,0,65.95431594219778,8.622962474097555,2.3868960881782826,13.831586535781284,28.583744643591253
0,0,0.9376507605359966,22.421761238418263,71.94999536854104,4.779981088641652,0,1,2,0.12889012449774306,-0.18564501720459314,0.3465530519284713,0,50.09974529768823,0,0,-2.1178431588161297,2.7775313126678807,0,11.449915810531564,4.8348992619543685,0,0.023847434383856368,0.2994647796771139,1,24.631821250815335,18.04598281127877,4.5357445122625695,15.969634141291682,22.445273035461213
1,2,0.9702180109859735,60.465758668488185,68.64687725208681,2.801569451645294,1,0,0,0.7714359444670396,-0.7812470310834984,0.3906053327719639,1,25.523333125731167,4,0,9.36262522048986,8.759543152113189,0,63.92007031305415,2.619403497213649,2,-0.9146285176771809,1.4047187843811955,2,55.42917782271603,9.915088052018358,-7.003463641704899,39.31357020904986,26.263143476745693
0,1,0.9455501894580869,45.01890733212788,67.88441376195209,1.944420217051628,0,0,1,0.33613134345206824,2.095070794378073,0.8552873667205418,1,27.40491544759095,3,1,0.8621800358525444,3.8332506477370463,0,10.354184812911642,3.0459063070529995,0,-1.1161336041912862,-0.5250170873969155,0,47.80336910727749,13.080209076608874,-1.8617547819615332,7.326636986271257,60.442160699690234
0,0,1.6136925231439032,52.03029543169358,34.08588942054397,1.905307243796005,0,0,0,0.4539869963237533,-0.3051539185589582,0.18564074123607888,0,25.087765612167168,0,1,-5.563263710754789,2.1415784308507235,0,61.715441816164955,1.888440939714586,0,-1.2909949508015188,0.3784308167158578,2,69.84446500752416,8.278293495854424,-3.02038342860925,15.89006310410469,44.31871379799865
1,2,0.7170972615076696,57.47416836846583,35.58301671320822,1.8527402683707401,1,1,0,0.6820612459575692,-0.5347927784631425,0.21447907749671463,0,21.438495328142633,2,0,-2.337208142766678,6.131576038186669,1,48.65569584236684,2.1930198897690873,2,-0.8105743025472242,-0.3322167748975533,0,64.52837712423317,9.497832216190286,-2.056009290452259,21.765326147917,38.44668385674538
1,0,0.7518312823687938,43.0399834279505,69.03896840034197,1.566478127139721,0,1,1,0.2809683457459788,0.38914590973403274,0.5813748939640959,0,33.91258997587467,1,1,-0.632840129206226,2.913742158985206,0,42.97326168315151,2.9894739796172436,0,-1.1087693658762612,-0.7426982833782978,2,33.89950737660763,10.414112361171362,-2.1873542953879035,32.38922500271574,39.1019594038469
0,2,-0.022694456718144487,63.89034161275185,72.12780233600589,2.334123636037975,1,1,0,0.8712324831383753,-0.7690887838753819,0.5712410574159552,0,67.70530337671522,0,1,-7.589216684134298,3.856925640605668,0,43.697192082872974,5.161382420962273,0,0.07921665373588103,-0.2964169789039522,0,18.954395312644163,14.748013061993316,8.190835363049484,21.31099877779463,69.95666195441888
1,1,1.2260985456423092,69.95088719599693,5.602908065854356,1.2137814962761808,1,0,0,0.9993248424105027,-0.3261875535228342,0.8923089187259926,1,18.14134525958471,2,1,-4.270613520865936,3.0706862881568484,0,66.57206378089538,1.228028567810676,2,-1.9429476338952139,-0.18654872080204216,3,88.92426200551957,4.509716170837437,-4.866259446635471,12.782254489503693,69.99957488527906
0,0,-0.717435559362388,45.22533854418786,53.659301798665446,2.5612811656740475,1,0,1,0.44081348469849757,0.0161328396304238,0.7945987798569196,1,18.044295041213587,2,0,-4.35818600007257,1.5806858071368106,1,59.02551273620532,2.517683029771002,2,0.5080330681013351,0.0429705714638514,2,59.1555258913803,19.62499452717281,-1.7245238766421362,11.417560728391239,68.47980478375628
0,0,-0.217538196483589,25.565637397200298,38.24881502426758,1.948535533808591,0,1,1,0.19145073605747243,-0.4906709254868309,0.06937637364962707,0,45.405040684926455,0,1,0.38649792069901423,2.2605408957680746,0,5.124332741200264,3.9669550262877826,2,-0.11047767061593904,-0.036959101769512524,0,33.93042399485201,11.65227942688497,8.515073345428803,6.247426566411532,31.313671491647412
0,0,-0.4500044593540398,24.757196470299384,89.85216991398272,8.738963722088563,0,1,2,0.19829008569890255,-0.4347455029849814,0.5581198473409208,0,79.8504823663736,0,0,-4.516896084346102,2.014865730038003,0,54.242617306074756,17.091259964997587,0,1.2776347444495972,-0.30805469757065296,0,1.1481157455523083,38.43896218384644,9.977229119813636,7.736708015567322,52.96261458459662
1,1,-3.483956367523427,50.82957418879359,24.726347729454606,1.9251113595183347,1,1,0,0.8311397455765928,0.4083647046316345,0.24606929463881205,0,21.766976565655874,3,0,-0.16059754828173034,1.6520190308532097,1,75.9292761170415,2.2657475825391806,1,2.0800516330214207,-0.0282924226608169,2,73.5270888759949,28.00902842633711,-3.1733731178772224,23.84980711582528,63.455295337512915
1,1,-0.09855256465241355,60.266762485534606,46.22006674160517,1.621336514721913,1,0,0,0.7603604427227639,0.033211719725893936,0.6952251973358502,1,25.181615913361174,3,1,-8.607769820441067,2.3287279253238706,1,55.996606031423525,2.2060047506349547,1,-0.7394108344373223,0.05466687195754331,3,59.227850301564544,10.407602852961519,-4.448405720797828,34.05254812350356,56.06238652175066
0,0,0.259300867001581,57.247805220349,19.942218863074125,2.1286441411076718,1,1,0,0.718473615583062,0.9577164833519876,0.4664507637972102,0,22.261816369148303,0,0,-8.780197950957094,2.0055597556582776,0,57.775890949635254,1.6895811728303036,0,-0.6789201541105098,-0.2812835496007799,1,76.84083981583984,20.404155339168714,-0.12255097802851367,3.226112216300676,63.59339386093315
0,0,-0.9253547018300089,29.87067691572127,31.135843230432293,1.839959495649612,0,1,1,0.1911968770996315,-1.5325282182314235,0.08557857491192516,0,22.9412058590489,1,0,-7.472688462047676,0.7661770538699751,1,19.956386600098647,2.11127393446072,0,0.39268906677729093,-0.13064344831232394,0,65.75366435295805,15.382135253871745,2.1850905361385706,13.926343596017789,53.72473415863159
1,2,1.8928346031286876,57.80478266690608,72.29658026274248,1.8230108577216066,1,0,0,0.5613626541593582,-1.084880468044663,0.4089232823622502,0,28.62407153056843,0,1,2.816948451779947,7.944395114770962,1,63.54445195272237,3.3631453290750875,1,-2.703976666202806,0.0616158285063756,1,43.64027385163809,14.253103601204206,-2.4945179407755047,38.47987330771873,24.316997542670578
1,0,0.5609539594050998,56.29861817911777,0.9786848699332829,2.595584990042128,1,0,0,0.7373302572257887,0.442628091476509,0.5153420970477972,1,26.440759359921007,4,0,3.9614223751501836,1.830893689051642,0,42.484100764866824,0.7750352765723566,2,-0.5002355765015939,-0.1326905373758999,3,99.27766773877144,17.528210155377156,-8.064349472935215,11.773089330725359,32.92163033970794
1,1,0.018529758632854613,56.131330729058725,53.90671568984335,2.414971463492053,1,0,0,0.6910431147226905,-0.2285269635151565,0.4413558940911772,1,24.755096536369994,3,0,9.810492185237738,5.533070412401378,0,18.250439521326317,1.8647592048194463,0,0.7747105754482528,2.8556056314549956,3,68.42449081608403,15.390503629649483,-6.614951258750695,29.971688363422842,58.68427735854247
1,0,0.05679915100529982,63.5907246384148,27.863258161202452,2.2853672197243244,1,1,0,0.9201999396360556,-1.9924920974404245,0.7581221697434652,1,28.256234509137244,1,0,1.82660587220294,4.916299789700374,0,56.491448325353,1.9537092441366704,1,-0.41730349422966995,0.34024355764236325,1,69.07134239119915,14.580287364773765,-2.6417832389477987,10.858968067649531,58.53858606133811
1,0,-1.3793455008352367,27.763101897784722,16.493634063834367,1.482039505287398,0,0,1,0.21092727870208283,-0.21645975428014433,0.3507989068939724,1,21.706109946306405,3,1,9.680401877966233,0.5898163474802265,1,52.5329057210008,1.1825072065056088,2,-0.028178034759762344,1.7300029523561793,1,85.13815958133478,1.4606883835170748,-5.677818733778671,4.457596079422721,46.72400317859347
1,2,1.0883375333123153,61.64241774400169,9.32657402467218,1.5772726270753983,1,0,0,0.7101064905365202,0.43685533706553364,0.03552941138666654,1,20.382600691129234,2,1,-7.1995697825479645,4.278562510012239,0,14.347775374950524,1.0592944328155713,0,-1.726467938903935,-0.21319677806710177,2,85.89226266565329,12.228764803868934,-5.661040246897345,22.057264289046515,52.321915603798516
1,0,0.20440309646549767,44.846244742140925,29.508409057153884,2.75106185348969,1,1,0,0.4731773693120672,1.2434607280304344,0.8484599841898284,1,25.769501230717815,2,0,3.148258932690851,2.257778966163259,1,61.31637866014216,1.9806842752730867,1,-0.2674205486723801,-1.4458160919211573,2,69.70123880609165,19.60143784304678,-5.360838284238262,6.174802154480004,49.55356601379835
0,2,0.03975750060579332,27.103309702204662,80.76130578915597,2.1925080540847444,0,1,1,0.1698458547306847,0.38573360826353525,0.45805863190853613,0,64.2328981405021,0,0,8.234390775795926,2.330912845084832,0,27.373839892617365,4.647057053787674,0,-0.768034115171876,-0.4218929424171546,0,19.878313001936604,16.976762755808846,7.237957732683256,14.67043345980593,25.93654541436959
0,2,-0.849782945926792,69.41549156827799,75.60411509539414,1.9140321048474047,1,0,0,0.9977538496512628,-0.6846877085239585,0.8760855248037229,1,24.345926717188362,2,1,-5.869628751881799,5.514538459976127,0,46.95405378342598,2.915302200274974,0,0.7492935229579023,0.1228097544310603,0,42.45277617193353,15.14224161003624,-1.701571834929453,38.6032168585109,34.6153905259933
1,0,-1.1318061713398722,64.82159193972315,19.81606901405296,1.9116948794362196,1,0,0,0.95672484222425,1.19515161118596,0.9478187970646048,1,36.429612733143344,3,0,6.685177552468829,1.615598384285285,0,78.95946639791757,1.3583684526789808,1,0.31468380569633997,-0.06228318360420723,3,80.35521799565825,16.765024723723563,-6.4731027392187155,11.396522952713202,52.86185424798349
1,1,0.3990298227873309,56.70338097772981,2.475347376464171,2.075833209443032,1,0,0,0.7032660373876191,1.4900875901558142,0.1768818046589415,1,23.84795615706569,3,0,-9.157855082725474,3.042939803026053,0,7.743234566128958,0.9160115846624716,0,-1.6005973039745094,-1.014210623335028,4,93.1575828897255,9.69737452190095,-7.154957892591378,9.094808608171117,42.09572504549338
1,0,-0.8974103544869318,45.431131501215624,23.935095597351648,2.7781247722132503,1,0,0,0.5022724246486184,1.2651958762531874,0.7629955911683588,1,23.99713598731999,1,1,-2.5668657984217047,2.647212730634801,1,21.188594934051174,1.5998742148786531,0,0.49105960748264693,0.12372569594247983,1,76.24716387683024,29.434654187400646,-1.6303152322380967,2.104254914420123,55.012787979995345
0,1,-0.2961352942081049,18.811414690581604,99.74872001400126,51.13816324410933,0,1,2,0.05990372776248648,-1.2332887303822966,0.9701234672407392,0,79.99995661954111,0,0,2.888145913666964,2.5783335277365236,1,0.5109424168537702,49.879774396492216,0,2.0745000560894375,-0.21059918347057863,0,0.005742787352619461,39.99910567263798,9.99727618707713,29.424134899499734,41.08574057780575
0,2,0.548772918452243,23.335254391192155,99.20334481996879,17.815658671649235,0,1,2,0.17307001294520008,1.2187911144077324,0.42808504567920436,0,79.99734324012928,0,0,-2.6695490374114508,2.727386159651851,1,20.117379495622384,34.167340178721155,0,0.49025232205520597,-0.6191656353071745,0,0.04473755806417845,39.867237969170475,9.987737623392114,39.8618181590551,34.28886725350269
1,1,-0.49599345785085636,60.866289915067355,11.707902239430284,1.8287447128405991,1,1,0,0.8821155389413244,0.03868161641108921,0.7806271427052465,0,26.325685932606845,3,0,6.380895106024841,2.247817167269722,0,10.432492653527646,1.211897941873522,2,0.39743223618347795,0.5990088399770368,3,82.53060448344287,16.776546591288604,-5.500207420503686,9.955040959413086,36.56419839488482
1,1,0.8685546728208946,53.09574621370413,28.568309516318145,1.8197559972443798,0,0,0,0.5376472154782964,0.06125007425279854,0.47171551597389766,1,28.349519955695595,3,1,2.592943361602913,4.859741437172103,0,36.54704763998806,1.4475787667461189,0,-1.1467280986649777,0.33831314117829925,3,80.66010513803072,9.992044187459161,-7.863825236723296,15.060937361178695,30.99242041061746
1,1,-1.2846485752902004,30.28357344680643,83.68111889937457,1.7237192819770486,0,0,2,0.19295883507244777,-0.9569226047310943,0.6870942191509385,0,43.17187077895751,2,0,3.4163849790127276,3.357177527267911,1,25.138625777464533,3.4526971623696916,2,0.8351462888661862,1.1443436217502307,1,35.62294017088683,16.278296641261246,-3.1536098362200136,35.66544146345659,68.12559717694973
1,1,0.47822283257840936,52.43333241974311,19.68528039668367,1.97057663339644,1,1,0,0.5628320422966149,-1.0717592415046553,0.04176211815897585,0,23.038554774494195,1,0,-0.8325269843122172,4.98575937647396,0,67.1816395692918,1.8246463987728998,0,-0.4225324059134497,-1.5792636420563566,2,72.68902791628172,21.49989894148839,-0.6094330625208695,11.854072229006384,36.71483480738152
0,0,1.1466854714551502,49.07661770087287,30.69531972856683,2.9063613547507545,1,1,0,0.4552434243653275,1.3834214194886214,0.08516936634722827,0,21.53895242508039,2,0,-6.324194928242818,3.9245235978195065,0,74.74061329938249,3.013529360756108,0,-0.48193508325131207,0.014070993260848473,1,53.4879427433279,4.0326312973999645,3.6344923901631248,11.310309639498556,24.514537109070385
0,1,0.15367748434502715,19.044621244537563,96.56128100775247,47.47099168279079,0,1,2,0.09672506360642075,-0.24318915874264033,0.3566737779786258,0,79.99986841912767,0,0,-3.0940677892134953,3.267017463639984,0,22.65086127629477,41.35010478301254,1,1.9336278776985947,-0.6766977747781132,0,0.007286275626017247,39.99960354083361,9.999961029125078,14.20521101000065,26.66535268235285
0,1,0.5946710966217074,26.111323130544548,67.8255386154199,3.2866349290757966,0,1,1,0.20973490934514538,-0.9612629034553065,0.7273234260144885,0,34.726955015863965,0,0,8.040916431376253,1.2992726105075982,1,17.147209838219318,3.0513389672166538,0,-1.1477893964655044,-0.4913379324761823,0,37.277647058765574,15.52039561293197,1.9575874904963708,10.128307566896328,32.38321043486353
0,1,-2.4813271103711765,36.761571968340704,85.25149008869384,2.22460002360517,1,1,2,0.5361721082718002,-1.0729170652004016,0.33545755537011657,0,57.64922045904868,0,0,-1.9613337044493395,1.6589842820317187,1,21.705324786813343,4.995528620192429,0,1.5890215926634135,1.580763262901263,0,21.805557385018503,31.816120085075124,2.4490665471744215,39.345602409393365,64.2053308796072
1,0,-0.36502130126906684,37.898616569693175,12.589324889825853,2.4676804001294634,0,0,0,0.23478207975910026,0.4541172574091356,0.4091674546973554,1,20.8064255125322,1,0,4.007746932979757,2.293344105117714,0,25.05223178888839,1.213572620892596,1,0.35474042011581153,-0.8649804747762518,2,83.86664754701988,21.843238757883363,-5.783236026143928,1.0064135606037206,40.10632491573371
1,2,0.8151101733121603,47.153919342390765,62.66166414222567,2.2928095506977293,0,0,0,0.38197949330635067,-0.7213165988798819,0.13785206608211958,1,21.129286176125586,1,1,7.068039600987252,6.889566831195768,0,67.32583380571839,2.0757217750114676,0,-0.6392046037921365,0.4041548876313045,2,48.443229591918175,9.871556137562525,-4.037048140400251,34.81468045042581,25.956060924479953
0,2,-0.09466571837181145,25.71856643550292,97.56931821786698,20.765776039992048,0,1,2,0.16773655453968428,0.5902978627397485,0.5584479164796807,0,79.99747706397905,0,1,0.5086113636710401,4.2480983476641985,0,4.334951268577414,34.147916935298284,0,1.0174906217698731,-1.1398710616706842,0,0.07484286037758858,39.95725885530157,9.97059266512214,38.28837557011969,22.55979997190658
1,0,0.6236404588324,40.04593460398259,28.197756148832596,1.5333135044132282,0,0,1,0.23001481682533564,0.19031164419388297,0.24957510982301084,1,23.15905805877497,2,1,0.8574349816726823,1.0003820671989319,0,3.254515440158392,1.483865753720512,0,-0.9802563574785346,0.011434562084032086,2,76.43709315087739,7.383826901655115,-3.8423417845645416,27.577797683101863,34.55882895159206
1,0,0.10149400080110962,61.009891881813985,18.032571711721552,1.5384123913577137,1,1,0,0.8498892952826143,1.3992464145432277,0.4773567375421647,1,20.889047390749916,4,0,-5.242021800405419,1.8316333488629506,0,64.22493507512102,2.0861498802063085,1,-0.8060634075159003,-2.2901938713102505,3,62.52400442221837,8.622460569697543,-6.228189874440768,35.59010238433475,23.4954618156935
1,1,0.5386773057331877,59.18855528669378,54.17477274301616,2.2989189948519,1,0,0,0.6786085044573709,0.7372041037864655,0.9468491140195605,1,29.678104295932577,1,0,-4.245568048981241,5.460750343585057,0,52.007403474574836,2.060850179502014,0,-0.5486815966405789,-0.0021430270042781963,3,49.841173718179874,10.162592190456476,-3.307927718119343,21.053096201993316,30.88522734630853
0,0,-2.0583846806262485,27.170564384911437,87.57646013461036,5.228502601997376,0,1,2,0.30728152991652713,0.7825700938763277,0.3061830163028426,0,78.97365120105378,0,0,-9.455032251981109,1.3626135144636857,1,24.291512915874414,8.66525065353032,0,2.296297150611596,-0.6277947206393307,0,4.662843777536968,31.09956452154951,9.055886745504917,37.107861934023745,50.52790407257163
1,1,0.3303559004878655,63.91254528722882,21.693245751495766,2.1023219966198465,1,0,0,0.8779380909518445,2.2582124524983325,0.2446314408486494,1,21.586693836027628,2,0,-8.181685309894375,8.370595521871373,0,48.868325337759146,1.4755581610511561,0,-0.7211143031933561,-0.5240170102492105,2,77.17808040023027,11.461728302289265,-5.798651834067913,22.95821039134394,30.558437719985626
0,1,-0.32537960070152055,35.09501874897327,50.75161946935543,0.894728168269265,0,0,1,0.12266019188519722,-1.3500073029531572,0.24969932610821616,1,25.03303232181093,0,1,9.98885343054868,2.7060406459139,1,55.89438968675744,2.341279322480125,1,-0.6429824122381425,2.86099133537034,2,76.03031168890378,7.5766127759646995,1.0086587068020396,5.93282395270327,39.55203619396872
0,0,-0.3471890504252611,23.043886146130934,55.69187095866648,2.661750330528436,0,1,1,0.17779777286237203,0.6273505680044326,0.3561614073770071,0,23.58002128912061,0,0,-7.951562258691618,2.2546960270155396,0,21.261554665636755,2.7442015235715975,0,-0.19296176034482684,-0.2155605978563051,0,51.63063854444165,17.954733475365547,-1.051625548035224,5.444411650224168,30.122320171315323
1,0,-0.3270996525834686,31.718472433288802,11.30377754171603,2.2272468075704923,0,0,0,0.16097904630240123,0.27938677346425284,0.8437457835092989,1,24.83793318945228,1,1,0.8139974090394304,0.28011422212073694,0,24.368907297715534,1.3430205687519037,0,0.2325655176003526,-0.4310481178271563,3,90.05894759924405,16.758995769542096,-4.923850578738884,1.1191811495987847,26.06663189256983
1,1,0.37384889542394883,52.62069759122025,39.71571588705523,2.5657613420452035,1,1,0,0.4833775299841421,-0.017366642520188626,0.4129163179163308,0,21.425924572565442,0,1,-7.126095742383072,7.975816359900826,0,53.52271273246528,2.5903341920850473,0,-0.48808176431675465,-0.3468084378962941,2,57.508340974504016,16.287046151078776,-1.4065278896124145,9.220334045754406,25.220409541784036
1,0,0.8664351974870306,58.82009156042397,6.670154879334122,2.3669491097236706,1,1,0,0.6771752427599327,0.9750039500487849,0.45502121170589727,1,19.857627313159014,3,0,-7.897039439488703,1.3078207917311298,0,19.768028139926162,1.2885796849240017,0,-0.4770402913969968,-0.3235734766327025,3,86.57813091941341,4.212327344349946,-3.8477192088204246,5.9124079195759,38.539798576077715
1,1,-0.42868093976475774,49.96857233830937,30.326494339317396,2.180545199765849,1,0,0,0.5587520142244198,-0.9236791519964078,0.7136131354626839,1,21.53383952030388,1,0,-4.831375042516269,1.760430524061897,0,69.03380665970866,1.5152837219413078,2,-0.059174873892866464,0.9606450171260786,3,76.36345226377996,23.8652762989347,-6.924568217649356,14.716475201717225,26.98519428129785
1,0,-0.6059668529513773,61.6919482436891,19.562713770797053,2.6492715426320963,1,0,0,0.9327486830494499,0.09477208910111758,0.5418767352987564,1,40.55128468440847,3,0,5.928166220315143,1.4435410036161949,1,27.64979763679454,1.3519531052045104,1,0.3156003964505048,1.9170895872749565,2,84.61764013585989,25.400857932725586,-6.183316272217629,20.4233688331712,61.035625163168184
1,2,-0.05494625172324207,63.93254148690042,25.98677675695279,1.7984526680917474,1,0,0,0.8490274703522684,0.5202828312965296,0.3329748184160811,0,22.208298784426837,0,0,-2.664643068028205,2.8959739241859856,0,21.95971793443336,1.7420917506701095,0,0.05797287920967166,0.059405200661849886,2,74.21660157961801,9.0075842238144,-3.2602584896424176,26.695760476186564,65.0353995491231
0,1,-0.586613131884933,31.912268913595625,86.7827117279453,1.9436225699326937,0,0,2,0.29662695321313615,-0.5199785624419477,0.8694250771770028,1,39.61403135463052,1,0,4.536805841424979,3.908114343050716,1,21.68220858249059,3.491202730415369,0,0.2867891381896942,-0.244526889302233,0,32.34959502843465,15.274376105738739,0.689113334393328,16.971630808856553,55.062464717712025
1,0,-0.19763250465200297,37.17079533723704,52.489548116926144,1.6967269950788653,0,0,0,0.2243304898719326,-1.2089920514756742,0.4861840002234264,1,22.46566228517979,0,1,-8.4110979230803,0.955005340288181,1,46.88512876037743,2.7288635360074185,0,-0.019497080673866216,0.5788460083561112,1,55.90407178175039,8.672199859024518,-1.9810354060198527,31.84042544267978,32.4679674854834
1,1,-0.284308025418583,51.32563122206219,93.04898915524716,3.651382701896399,1,1,1,0.6575603536791426,-1.0251231879827951,0.9483049374713586,0,62.641621047641124,3,0,1.5596910287543118,3.688370499738221,0,46.435046772719204,4.749807765736722,1,0.9401350771470995,-1.2128013699828042,1,16.939449129780503,29.320883564954478,-2.039209604121175,32.68508006507537,39.81374521272196
0,2,-0.5780645929284408,44.71427827557185,93.15476428499372,4.727449298804484,1,1,2,0.4809974405990659,-0.8140026563714152,0.5728541481949858,0,70.75420670287164,1,0,-3.064100929516991,9.645998055261662,1,67.64634693411232,4.944700612555098,0,1.0593428588040854,-0.20453653715088332,0,21.1320598168623,32.80463556774542,0.878288940736363,37.32128759917843,53.44056384792311
1,2,-0.7046679140559499,64.57682910466227,37.85582442519521,1.7007142528983952,1,0,0,0.9281443146280324,-0.7671587149282564,0.5023074090411194,1,24.932041244567547,3,0,-2.08366203277793,4.838583849236835,1,50.95942492060979,1.9829156788796571,0,0.39131610382829646,0.28523523719474864,2,53.82177172317271,11.818602277697106,-1.3563462928538979,33.8537890588746,61.340386805212916
0,0,-1.236681503198113,24.244547282018953,5.752153102784746,1.939314025916743,0,1,0,0.1565237996402798,0.9101854245759379,0.0074067092983042815,0,24.519558290526486,2,1,-7.480387594213315,1.3306620412315506,1,35.572959326459866,1.228398450371673,0,1.9403378108010012,-0.2872258355356056,1,86.76658378547182,15.405698895596869,-2.6482797172235255,1.7709212996913637,44.82263262702338
1,0,-0.48982452445709435,57.855974222128246,8.166663409175074,2.6758927760241598,1,0,0,0.7995287085794699,0.784283487675434,0.22842802311537347,1,21.445805974536754,3,0,-2.6288750040587594,2.0816283035588303,0,43.262271399481875,0.9869694933941087,1,0.19736733276993226,-0.295956827349409,3,80.1609948466191,19.01917503967969,-7.13822610957763,18.248422402857997,44.52371100237408
1,0,-0.16481614322012905,54.435746261110516,8.234369296979017,4.560414729858893,1,0,0,0.6827416198993532,1.116569164285957,0.4064718448563961,1,25.555586387301467,2,0,2.956499672377543,1.4129047165538389,1,74.0664588632423,1.2083299733307196,2,1.1289066449771057,-0.9027651637297583,3,86.96144990496481,30.435158749765225,-4.755264020403262,7.580922525513452,39.505130995916204
0,0,1.313133921235858,31.915730686237332,67.11794795839585,2.4832070191204747,0,1,1,0.2296259892311029,-1.091280375817348,0.5685369346044831,0,41.097616927072835,0,1,2.512651316750606,0.9626252827217546,0,23.883702456190203,3.710530570881566,1,-0.7181616632019783,-0.3544439666351036,0,34.771262698299225,10.672161298630296,3.3324630392430805,14.024876578850971,31.76998509341745
0,1,-0.8686328390761453,22.27505530268878,88.03435251613628,8.773894830534527,0,1,2,0.19013456949895802,0.02929816894744118,0.5500446570611374,0,75.7630339617421,0,0,-9.294688907053365,9.055722595516169,1,36.535412455130675,8.36884092830704,0,1.570866778936021,-0.4198294648119258,0,7.780634810396436,38.76681225360544,7.838964020777745,15.017217325991263,26.41531020463096
0,0,-0.5215875894514115,30.773358718136976,29.57933648487167,4.137049836500958,0,1,1,0.18405979895419483,0.2573687040799461,0.0017777818940752366,0,43.75750802550138,0,0,-7.983917149824759,2.372421641405996,0,79.2586052520498,4.292194638526559,0,0.6294031050073203,-0.9119070924378869,0,33.37808991289146,29.64151417097184,9.269075476138493,12.616688171083847,44.950250058213356
0,0,-0.620631521972553,19.170744806056437,95.76102918951945,10.082526628907784,0,1,2,0.16907838807123154,-0.7360528007143212,0.45831898951306255,0,79.56818838698526,0,0,-1.6354362164455978,2.744197412770227,1,6.086739220787809,15.493125240793999,0,1.256044458270996,-0.14551329646368172,0,0.8314198544340845,39.34815838490272,9.562595383321206,30.005774665020795,43.4486427888267
1,1,0.5705384266869822,59.834002591304355,60.96924698662504,2.04532956163774,1,1,0,0.7520520871330355,-0.6490305249456685,0.8136082925230861,0,27.48408646597096,2,1,-6.6853376011735826,1.9811292974847439,0,37.36731413748541,2.6759580696674248,0,-0.46292801450391513,0.5465332527436887,2,54.8513008787974,9.648614004839164,-2.6832036464220295,38.31543974116019,25.597938558978928
0,0,2.6536173177885107,27.97894472277544,77.5351917581727,10.592265683342678,0,1,2,0.19943699940614507,-0.2636541630585822,0.33213066590953955,0,76.27431822357443,0,1,5.8920446717053565,2.905537707930795,0,32.777472587220416,8.61698343181592,0,-0.7501499182782945,-0.14304267182233338,0,5.768232757606063,25.760871125573807,9.64553576945928,11.566500089292687,25.730168357247557
0,1,-0.12762192377058054,39.16473112286249,53.57148434178579,1.0373807363600676,0,0,1,0.3635414324311326,1.1458586591291668,0.49080201166732423,1,25.998086738258486,0,1,-3.6277290653846297,3.4747604734499133,1,16.168911119081365,2.6256250543369877,0,-0.6188987695986096,-0.6893901357009856,2,56.41989674028378,11.586470876101862,-2.275806333742575,10.6217600091957,29.90000133586389
1,0,-0.23948768690565814,23.934065361682613,72.95960882619018,2.7401550637842464,0,0,1,0.1802743190440717,-0.40195472585819353,0.2275104878244127,1,24.609158228372543,2,0,5.555278349485908,2.1171976311863108,1,4.197439608553912,2.6398806004916815,1,0.6409399062755484,1.23674446100131,2,50.590482469755926,19.249211827716202,-4.939069026197132,30.276242227292876,32.522257181018176
1,0,0.19739462754997286,56.517527303181275,18.46724580216193,1.6004407481402207,1,0,0,0.7766115202616489,0.6411447913800792,0.399619932800547,1,19.518162008937487,3,1,-5.2334068627913375,1.2981990042578095,0,26.13447795312147,1.4129928684796387,1,-0.23152035396777546,0.8329477909189995,2,83.79872373919616,10.255845566747468,-5.452729479610868,21.992857242683776,52.6418494548497
1,1,0.8400914625535706,56.10223397975999,11.43429360674944,1.2644566011380116,1,0,0,0.7018955846970066,1.8902775178213913,0.23363786278818055,1,21.459217103865367,4,1,2.4850174789442843,5.010876820177328,0,44.54967442066205,1.24770142297325,1,-1.4509137880458944,-0.4605053586693587,3,86.15204293130071,9.451077503053472,-7.232037713420384,9.572610583010503,29.170918275920204
1,2,-1.2761141935379825,66.31994057917969,9.168888106324363,1.9857787584793878,1,0,0,0.9764722945764268,1.727496769025216,0.5412807467562346,1,25.209112510463186,3,0,7.757619426071628,6.072602026467538,1,21.658877816676736,1.3509338724887645,2,0.9091369767406539,3.1544029656751875,4,89.02708799564583,11.199971357078034,-7.5638118381526445,20.417340374338345,64.17771382823113
1,0,-0.11274126421365643,60.13734245888206,61.212043422976045,1.7182439182583213,1,1,0,0.8824897562655829,1.5197892184148822,0.9863277805654093,0,30.40499797378494,2,0,-6.567548390964512,2.0450492604284194,0,32.147759612472676,3.087346076357984,0,0.2991151796634939,-1.0976035286407912,2,44.99296967927667,8.614539821864867,-1.60541404199083,29.574877365588645,65.85804624033426
1,1,-2.2082210615946543,55.77487973674736,67.77150471258815,2.9238790143292777,1,0,0,0.8312612342131313,0.9459490452311579,0.8055753637875642,1,28.186391711148936,4,0,-9.374164842512894,9.844992100626241,1,22.647894718370463,2.409230574616708,1,2.3826161946559865,-0.6996535303777532,2,49.618109438136706,30.480382147388696,-6.662070484049134,32.64563576401017,60.80532531978153
1,1,-0.17415201239685427,62.96796991589833,30.393775912118095,1.7754928873527647,1,0,0,0.9465072162549149,-0.5271560314272377,0.5063728324210026,1,19.943301320473843,3,0,1.7553759994613927,3.3339802772198617,0,30.8409200945197,1.842331897578755,2,0.11776435640525958,1.5722227820605421,2,68.874838468514,15.432886775072978,-4.62944059773705,27.088729423884956,59.706290824938044
1,0,0.3520452945472923,31.075993649437187,53.25539785386426,2.667854366069889,0,0,1,0.27926806261152215,0.6495199573536248,0.6049783512389155,1,28.981484033189805,1,1,0.539903277916272,1.811735097941691,0,28.133040157394092,2.1907545670955018,1,0.019505603202009423,0.07332784755084404,2,57.5010131991102,13.621600323753302,-2.988364338939162,21.927622893664985,24.975500507869338
1,0,3.5114317939427577,65.87431929072554,44.95627049875082,1.9656857714881943,1,0,0,0.6338178997576932,-0.9295183480335063,0.839020506902635,0,21.38535709121621,1,1,-3.4736366074358758,5.569098795718938,0,61.34940387348331,2.0180811463005677,1,-2.8194684661821405,0.6588869844899107,1,62.37046428396722,11.624800037883238,-4.794864079621986,12.889653711150864,61.818483832930966
1,0,0.6247141951292969,40.17825062693046,34.64779807470695,4.281551987160643,0,0,1,0.30821332154809,-0.2557752497038507,0.562193018825746,0,20.27848300707621,2,0,-6.884379127465264,1.7795880898185668,0,62.53995004829392,2.137617257944528,1,-0.16245272229357618,-2.2963663949273676,3,64.61739280018371,15.175757691382348,-3.899859962788529,16.33486107132719,19.416928192379675
0,0,-0.7620091719916163,29.98351232447567,63.57755945634603,2.2774459916824825,0,1,2,0.1856921214416713,0.09292413207458344,0.12795513181242596,0,40.238407022228,3,1,5.148053407331075,2.4003986925724834,1,56.41142688457074,3.8528129932605486,1,0.23647458309380479,0.27318060784957054,0,39.617494598784255,16.245362826578717,2.698134337570668,4.92523996522568,46.09881778991506
0,0,0.18669278966262068,26.73554080984299,59.371409258840636,2.8684257548851275,0,1,1,0.22074449848159167,0.7629920063970114,0.5378988058461838,0,42.09773243047478,0,0,-3.65109400492464,2.2079176951629043,0,26.65596196293238,3.3869145187888865,0,-0.13099378008911478,0.3385600499243639,0,33.38548121769548,24.185851807901983,3.6638540583093793,5.60690855768245,32.24070618959283
1,0,2.0606418102275583,64.76435645120378,1.1348775924143573,2.555824272994391,1,0,0,0.7626381252876981,1.8201113132168165,0.1766495329817021,1,22.63725630817083,4,1,-0.47970827290166085,2.2336210877649765,0,44.60346002289147,0.8613116754386734,2,-1.562827661104161,-0.22841061592564602,4,94.16768563162066,31.1801033113858,-8.630893129182471,18.18488594305688,44.69016911727084
1,0,-0.21121439890725768,60.83524334143642,15.8081497572858,1.4605348044321058,1,0,0,0.8415049507357591,3.022999378949583,0.9660637894048574,1,29.068691183049715,4,0,-1.6332396707871268,4.1679339630936365,0,7.65844865943881,1.2083604193154334,1,0.14395520187216987,-0.3994155286136297,4,81.64026711230068,15.774897844691502,-9.54880576691567,22.121586973609595,25.57719958749449
1,2,1.3038053749992662,69.65338262985927,9.667145177940895,2.122586585731138,1,0,0,0.9929256991484783,0.7356583077391168,0.8899505181513572,1,22.164318188204987,3,0,5.128431401548175,7.143111945741475,0,61.15763773682639,1.3896638154154666,2,0.32234603996063904,-0.6540410726650756,3,85.02434314753913,13.340743455853055,-7.611733626914163,21.793723305088967,41.5643576640325
0,0,0.7357399694105698,63.84823340031724,29.018893385094767,1.7723696731038816,1,1,0,0.8051596253012032,0.17101605222308838,0.46115218118789836,0,22.40447243666666,0,1,3.352921894059053,2.298913804220188,0,61.03148013179657,2.076516603664794,0,-0.8406884540043603,-0.09305426780906967,1,63.70813491801205,12.299766551169924,4.507291742794656,7.980357064105419,38.82557743807071
0,0,-1.1144279524851572,31.145334221872417,34.08107776949851,1.729047849236803,0,0,1,0.18571269859955408,-0.27053689496185,0.5982436431344098,1,22.61979999282612,1,0,4.988529351759523,1.1603251322901373,0,55.492355561871335,1.7800243010293606,0,0.638537919657602,-0.10796613541370738,0,70.17483466620817,14.212431743440298,-0.08431121877945458,2.1561084530474006,44.75986393191978
0,2,0.1428074503069128,51.31163746986373,96.59386090332121,20.05574625575392,1,1,2,0.6260311880715181,-1.28773981769461,0.4729816922851215,0,79.35118019250262,0,1,-3.340915182584558,8.19781407771228,0,61.009057916386276,12.21136331889428,0,1.7362078737117703,0.029091775503596425,0,0.433257178735591,39.67489622770231,8.785764547031,39.799027774926515,20.691852893120732
0,0,0.6413134439894991,42.895913880561096,47.68628832240411,1.8479147327019017,0,1,0,0.370772979572185,-0.02292451884381514,0.20495144330818427,0,22.817445567323993,1,1,-5.749901151141006,1.9645969768112375,0,64.19423547501175,2.4370635091421224,0,-0.010700492813657236,-0.7867328389297611,1,57.20910957904981,9.205527799880715,0.8095986080063469,22.422717566258097,35.364128614124624
0,1,1.2958199648486384,24.005266731988065,94.88035756729217,40.58257762097432,0,1,2,0.1575300059029091,-0.7038531931744603,0.6071750900575577,0,79.97801930568775,0,1,5.437711818390207,5.1022241447050165,0,43.1969062597837,26.50917585396737,0,0.6965885341348693,-0.26780300413544755,0,0.2261248505614155,39.836926050938224,9.992824617994348,14.872099080506542,31.832118522635078
0,2,-1.7810668246807828,49.28824800372127,77.56491071599609,1.7842319815992471,1,0,1,0.7741299401677274,-0.15275282805930496,0.5216666618330087,0,43.006253846280316,0,0,3.6131417248595525,4.909070558040649,1,77.57045552292469,3.3654525237154242,0,1.0287425812208308,0.34843324516223134,1,41.46178531333419,18.562993277990163,-0.4560432043413307,29.633723091602896,61.22723149302436
1,0,0.7042771720331801,26.450791942253712,68.15802195883732,3.1638114385614973,0,0,2,0.16829412550612638,-0.4721419836262167,0.8879521401205138,1,22.075940529619125,1,0,-4.763330469508307,1.193703504694963,1,29.724559364219445,2.8586219876750603,2,-0.8934378928381017,-0.10191009456254921,3,49.19025381157564,18.844334477432906,-5.675605418351617,7.242602854586433,23.49280181103724
1,0,-2.296970664786341,38.01782750756725,42.121998898356935,2.08808962701749,1,0,1,0.5021481917046171,0.7111866483857712,0.4027866734460832,1,24.99114883126179,2,0,1.5442663251439281,0.9684614387632379,1,10.293694405700293,2.1645383727989653,1,1.4749793311165498,0.602312036444833,1,70.31182341396143,25.44574489631211,-4.538568334841395,28.086895542743573,68.50894566924501
1,1,-0.292415609112796,44.68757155524423,35.54835033583444,2.519911872462777,1,1,0,0.4226276674816616,0.45270374113287554,0.5393790376345989,0,22.84681717722883,1,0,-6.250834094298293,1.9949296618848278,1,70.98924758098279,2.164086418863246,1,0.6971685417873598,0.9975989528427924,1,62.81942158660523,18.86940165617088,-2.5999218893624434,11.553003490385853,34.15122768472893
1,0,-0.2563506522141476,47.22513109356791,3.513039562691256,1.9677219814523257,0,1,0,0.41305531031252285,1.8702749298437897,0.16635519274904875,1,20.63768465782327,4,0,-9.76995754863348,2.7293678424517,1,3.9975075466784338,1.2352144268527736,2,-0.27049754774723006,1.9141268966288887,4,89.10470808711743,12.016568264639023,-8.242407346446917,10.992101803899574,28.935336327011342
1,2,-0.4402416384237414,58.567236441828356,35.00434663719014,2.4574884356016238,1,0,0,0.6911766684927215,-0.5120748050358201,0.3929023976504037,1,19.63858026420406,3,1,6.7117617717432445,5.2003121488444375,1,68.70746918849014,1.44626000169443,0,0.4229892808800229,0.7949680760174671,1,78.51041632955501,15.516372408923559,-6.090703548027978,16.334145455440215,38.919796602537005
1,0,0.15992041240684035,63.19980815548804,22.483528216807546,1.9596553143320163,1,1,0,0.8574363073089468,2.032041145091528,0.1666574484856303,1,25.101433068851136,2,0,8.083047047709776,2.037805848989546,1,16.582145906927078,1.9517832545604876,1,0.3242680311527465,-0.23563361537396368,3,71.9440928150292,10.995069290628452,-6.9232384054448906,39.66982915009784,69.71185347100965
0,0,-1.4181199982732597,33.50754547260176,76.61507658119093,2.9807922554828585,0,1,1,0.2715532260270396,-1.0070034334762907,0.34581827779795427,0,31.074776638108645,1,0,4.327362179921007,1.497598734531915,1,71.80018958588148,3.5477279544559495,0,2.0531514066415464,-0.40536775417662496,1,38.609780581784065,29.10807842808599,-0.6953065856807825,13.024985236665657,39.133264584475825
0,1,-0.536836726489382,44.164128064296094,88.52660599982597,1.7006577921072994,1,0,2,0.48364079447623387,-2.3386337085495983,0.7407651010608206,0,49.32567904225432,0,1,-5.7070754818536145,5.845807576594362,0,33.66539785242235,3.498199919767604,0,-0.1006041531843206,-0.3236611179554812,0,25.571892551869347,14.287022727316739,2.5952839932184624,29.696887914742955,55.05507291430828
1,0,0.7781689210667233,59.54469563422451,2.277188912847522,1.9178886769572678,1,1,0,0.7305473472515941,1.379313179260576,0.7890740849913473,1,22.275997381837787,4,0,8.175618101078367,1.111527064988494,0,25.09244859266191,0.9729763496722543,2,-1.091201302058648,2.000259585260989,4,92.81855329625843,13.882717181874158,-8.60172545648252,6.848217991212254,32.843414704958555
0,2,1.2914194809990314,54.47534303927547,73.02967069098345,2.3189171387121728,0,0,1,0.3992258956722575,0.19517863379392547,0.2842947325158895,0,28.339163695412168,3,0,1.3951356094676903,4.604922138968406,0,39.161010075686924,2.6135612614434036,0,-1.0209570282998668,-0.36955315108632186,0,43.27592328284485,10.777840671895198,-2.986203018172038,30.132911364545876,37.81066526522336
1,1,0.17273820190728287,62.82074000407882,17.52892656467638,1.8256650168946815,1,0,0,0.8164315238442026,-0.4537009137893184,0.5972908354476641,1,21.942600386770508,4,1,0.17902046354353018,4.040329994844567,0,60.20435205455879,1.1849643836211163,2,-0.3288534889729634,-0.4483609225653279,3,84.75131953729529,10.491737233168132,-7.115135409678841,22.305386759526876,40.28218685854332
0,0,-0.395897188542378,22.16150903260212,56.67039055874734,3.629372474053322,0,0,2,0.13173340633813002,0.3595932122499964,0.7560038104533782,0,22.963301671192582,2,1,0.9017985793777168,1.285803323218117,1,19.98955564469319,2.9695346353201293,0,0.8631528023386217,-0.838589596190234,1,54.60867417256369,21.90875823799571,-2.5718330489595225,6.82273406570803,28.471158192071734
1,0,-0.36617297414905786,56.00446340268787,35.236101120537285,1.2568426228508565,1,0,0,0.7353213366623992,-0.8866324619459893,0.8195244387402563,1,23.026085128669706,2,1,6.094630018509459,1.4126965277459336,0,76.66257093998968,1.6539692995831679,2,-0.39505052197157464,-0.48866250752127494,2,72.95414460647332,4.177433012532652,-5.781005338483319,16.8484597800719,40.79427119345122
1,2,-0.9038774997107031,69.70204588618185,2.1645349197830175,1.9763750864873517,1,1,0,0.9995902163143708,1.6280894628795743,0.41945817249114087,1,19.23460002572118,3,0,1.1091518453279203,5.2361499858069065,0,49.373159237848874,0.9991232201988636,1,-0.08744508276684756,-0.7548292357061956,4,90.06664178087182,7.54434687735436,-5.716732715055811,14.104896960395594,67.05515582801517
1,1,1.22829951476937,43.42934272506881,24.496856693438186,2.3328564303139516,0,0,0,0.2618777177048951,-0.08760674941488752,0.29455700974608545,1,21.535302503274064,1,1,0.1684474767042019,3.41221859885827,0,33.812388065774975,1.5762637237962545,2,-1.210679996031055,-0.9346973613229773,2,75.12938154014519,10.79002373420612,-3.611686416831624,8.286555225146628,23.603693104123693
0,0,0.000415115680179562,29.36614887496573,41.51624155640795,1.5589267786460355,0,1,1,0.18987353702858306,0.39713290589028655,0.5056387558187079,0,20.292585771711416,0,1,4.245790179309761,0.7279307471393602,1,48.507928857056335,2.4387023419362395,1,-0.7907636685667934,0.05536917853195794,0,60.265479777843744,9.045510595426244,0.6981829691911035,5.437903815043345,51.12584459387644
0,0,-0.7530978271835738,58.397964627119016,35.34044293654603,1.8120727231860716,1,0,0,0.868051131586117,-0.30577569248335984,0.8835737520209503,1,22.40519712611941,0,0,-9.437560647764316,1.998132684356077,0,69.18264800143093,2.0486218931152305,0,-0.09579424302390502,0.680913340862681,2,69.35368796351516,14.50138091952866,-2.5253923329270638,7.532674799392749,57.0385027236827
1,1,-0.2146236687930767,51.59858292611007,27.807299212140567,1.5800119859635178,1,0,0,0.6128814535719894,0.23070212172320922,0.3008415017050242,0,34.33054847197138,3,1,-9.489035103268721,1.8745024728148985,0,20.200173754168127,2.065188321381362,1,-0.32683473356253,-0.12389961613437712,1,80.5057406445929,14.47976379586522,-4.219900018277583,19.913083069526895,31.08905593264054
0,0,-1.748061703564148,29.289100176808788,99.00139760666072,3.455456329402097,0,1,2,0.21428643468886666,-1.8413352497733841,0.08402665495266876,0,79.93794593627885,0,0,-8.809480163064233,1.7666373734790195,1,5.012162008314829,16.699085682533916,1,0.8274941151090113,-0.2519526626841598,0,0.43770210937399967,31.49963214808194,9.710401662425873,39.99957802212282,69.8523153872433
1,0,0.6985397133099259,50.92987183496996,20.328566890897537,1.750934329678614,1,1,0,0.49958630967477413,0.8292034787732385,0.2675448017257167,0,27.786981846868983,0,1,-7.775660735148705,2.3524130479249354,0,70.76458917490989,1.8235838278774688,1,-1.0669670858847318,0.7342690612018075,2,71.19707785660569,7.304367009465668,-0.8207745367835795,4.740645736043161,34.22745909931101
1,0,0.3947374403766435,55.09189104933637,9.952783338990212,1.9399129313901557,1,0,0,0.6593957206461518,-0.006946749038684016,0.8430166150797628,1,24.09958861932429,2,1,1.3293904353831376,1.0028533814303597,0,75.42439642211163,1.3637012491094633,1,-0.5198801713271854,-0.29222071951708484,2,85.31601356469827,10.047920526657894,-3.5119223967684654,2.365489479708931,23.924433347108746
0,1,1.142262106359028,68.0042363540581,21.328957980133513,1.1803824970193337,1,0,0,0.9566588586678916,0.6453973448625104,0.683788046582712,1,31.118071971914432,2,1,9.967453582528258,2.941265259083659,0,33.29274512696533,1.4471236241691106,0,-2.50115312282485,1.4603149507341442,0,78.01923046535815,8.455985741310174,-2.536271711728679,30.45888281562423,38.54079316210621
0,0,-0.5583139632134777,21.953847900150503,82.21786802350046,16.541877369971296,0,1,2,0.1361998985437255,-0.13858860103193657,0.6230463436901026,0,79.85734778851494,0,0,-9.231127178611128,0.7084939918210571,1,66.56184113366122,19.6922450704941,0,2.093001804289276,-0.38756115402387586,0,0.7487467037285478,39.86459547458891,9.995028715285152,7.789101290402709,46.9963878286468
0,1,-0.046343503670319454,33.58442288267333,82.18851318674115,15.119131656310143,0,1,1,0.20909750496144608,-1.6260659352602698,0.5720333338291146,0,75.16444563133422,0,0,4.630058675347717,2.8351038581016574,1,76.85117446685416,9.053168291868271,0,1.1089911791702405,-0.46718358111735026,0,7.300558867482559,39.613211393466045,9.390511180615597,25.797517826531884,24.59217771626401
1,1,1.5721239197796004,64.11900415847185,73.91078782922904,2.5179994200603937,1,1,0,0.806283185527004,1.990850248732173,0.5703346258747505,0,50.87399267007142,1,1,7.7412244096363345,3.1212043435662515,0,59.60808139997086,3.428060995581447,0,-2.6582230826698083,-0.050582070631658455,1,59.03799183394764,9.745420105562362,-0.2716142657133087,33.08818019489423,41.27897289813779
1,0,0.37582808608796414,45.03805358326474,43.71260086195557,2.0349601287400616,1,1,0,0.4500415875388789,-0.8372791704412124,0.3720266881223786,1,27.726974418510228,0,1,3.562995192807561,2.849585967860133,1,45.449413021273955,2.2099305427290656,2,-0.2466076410878847,0.17804994534315974,2,60.39976585647494,19.321802921674905,-4.03006026719241,29.742584728224834,43.36984080805084
0,0,-0.34916581083739556,42.081437531484355,39.837486448510845,1.3064057987546387,0,1,0,0.38397030161545276,-0.20444358352660374,0.3845860480359369,0,21.77832142105645,1,1,-7.653434251479547,3.3229926260389315,0,13.274226223361968,2.4601159637828416,0,-0.40530761440875823,-1.176168216189276,0,56.68126950567714,9.86001032628138,2.0703166148008734,4.478628473647904,56.96086566820024
1,1,-1.0477269725968417,47.04879756574316,59.08159691874523,2.1292824144152744,1,1,1,0.6031946720039314,1.5138657721129738,0.7622682177849907,0,18.634362619790032,2,0,-9.08801643463021,5.138298444457292,1,64.91078559001366,2.7306428006120154,0,0.9361771415519671,-0.4431073615955075,1,48.85487545347063,23.80771273120652,-5.8723510475024545,32.25184233681951,38.67563422298563
0,0,-0.7411674408004572,58.01770565577869,16.008010256988285,1.4426766974603182,1,0,0,0.7854876637603134,-0.9117351425025377,0.32832909164501267,1,34.292538986644175,1,0,9.802938693330159,1.1531325948407132,1,70.81734455297492,1.212173780509845,0,0.7547982359399192,3.088978409518793,0,84.69385757289596,14.520469844965955,-0.8611691553400416,4.310684740382347,69.97380918545338
0,1,0.23623711522377328,69.3110985610397,20.327918522118154,1.8127990627593542,1,1,0,0.9929046063597537,1.3204937019673997,0.4207876692154473,0,20.79544212846278,0,0,-3.5373984344761844,11.471727370121211,0,28.66634099347817,2.973317113556531,0,-0.17650466311443633,-0.7033915149923139,0,56.90097506480561,8.488064859238989,4.013789137789887,15.711782957556032,63.50005391171212
1,0,-1.1362913625517699,30.063328610837615,71.6529557145876,4.241892213286954,0,1,2,0.20209506336571226,-0.4464612224525598,0.30822686177567354,0,31.512716676078995,3,1,-3.4034834734029626,0.4631099109911011,1,44.872974008364494,2.9891234564246623,2,-0.0623696704431975,-0.6562144130785463,2,27.062147386467707,36.518192284013494,-1.6442114443679205,39.600845307333266,62.34381125618479
1,0,0.5918861356822013,49.40337855371759,20.279162405035798,1.493051980243356,1,0,0,0.6008966765915619,1.1455628659334751,0.4474133570679867,1,24.11000279269703,1,1,-4.451486972978335,2.3261729990283047,0,50.68622299969671,1.5830095804271722,1,-1.282586829444193,-0.21691327417957126,1,80.0284258468378,10.354632741088189,-4.527812823899195,10.227152543494668,39.408040121057276
0,1,0.7035624317684376,30.951795660544455,77.77961140380789,3.717808268492777,0,1,1,0.23059932210604084,-1.086022987699641,0.6137926678890416,0,54.34505398845546,0,1,4.8329770951704845,4.569804240993689,1,51.73203475667634,4.540697242311331,0,-0.3666742649354133,0.4569579670194808,0,25.632043429990127,15.478719426226446,5.867804776900517,8.374139401693853,44.4490119888529
1,2,-0.24166616180062997,36.34582448159548,39.31843026580973,1.8019858087084097,0,1,1,0.3237784116816917,0.30993363201460894,0.2515206325504262,0,21.287367932325658,3,0,4.6959051014725635,2.4092526742055966,1,29.75549031879123,2.33477835539722,1,0.2759832067334146,-0.7524133197684385,3,56.87054041869786,9.872618741360117,-4.197963931299801,25.72501488229657,19.768429652664846
0,1,1.1393125317922568,63.067308108637285,68.55101969443399,2.1947949587269306,1,0,0,0.8207995404196469,0.30585264763360676,0.7641456079881928,0,36.57928386479579,0,0,0.9418152056446427,4.214185893290749,0,13.16839725487374,2.860615385074845,0,-1.3153110182999816,0.4215347174390555,1,45.960199883379566,10.511123059918104,-1.8507733218663436,32.58814654468888,66.83897116165919
1,2,-0.15278119622584324,60.396552753646326,74.56684048159777,2.361898072927523,1,1,0,0.8274280194938362,0.5450230825314375,0.3985996438992945,0,44.93908758552301,0,0,3.088133863382488,11.036249520921999,1,46.112430267754014,3.897320804133183,1,-0.995580916864529,1.7936971432258386,0,27.122420953064907,15.623415156667201,2.662343581346029,37.66966141587504,57.98465427298568
0,0,0.4747632540191425,59.674897520144725,10.925784880822443,1.2273680069225403,1,0,0,0.6804817353091792,-1.1035612681652924,0.6514334625238583,1,29.694614741385557,0,1,9.915774341036101,0.7841426169447712,1,45.50243308787222,1.0685325529781755,2,-1.7337057793251531,0.8779941516410189,0,87.94348887279328,14.353480624496006,-1.8842656931973725,0.6666264660476817,69.58692366461813
1,0,0.5909255458220543,48.72498147155261,15.3285190051542,1.6513540730570597,1,0,0,0.4637252353844678,-0.1473569639423645,0.38814223777037665,1,18.997263693380802,0,1,3.2808719596122167,0.36540195413592796,0,49.24413628311854,1.302472558903039,0,-0.9055341635124686,-0.29553731911327136,1,83.77741802972787,13.206335150488716,-4.419223273954759,16.243670056074116,48.43539094018355
0,0,0.7254582087075392,32.95445169342735,55.65695108801185,3.4592300028026255,0,1,1,0.29117428658265276,-3.0424965781976168,0.884527370102561,0,23.32994207807573,0,0,3.4864110699955333,1.1854374754569645,0,41.97022551438725,3.2915093958820196,0,-0.12916914169733593,-0.19037538090249925,1,47.09378547179651,18.557495865758092,1.0044863348824826,4.194585552578374,34.66937632294247
1,2,2.2670514454515622,62.846402410652466,79.11318156347498,1.5729325991116405,1,0,0,0.6592138918575248,-0.23394333356761926,0.44816924253294244,1,32.649625043713655,2,1,7.0213307244247645,9.237398624720226,0,25.655755864571688,2.921108714292838,0,-1.7884964399590966,-0.7582295269097509,1,39.11575383646571,17.41249037484694,-2.0120389788123605,38.006914920156404,61.637145893397374
1,2,-0.1647130715290693,42.09277978027747,84.46705260657225,3.389222661467166,0,1,1,0.30232751553883763,-0.6779569019264384,0.6213123740318972,0,55.670013739303826,1,1,-3.8656905864851954,10.535408287374871,1,25.395579186971695,4.485620331625469,2,0.36719797163506973,-0.054247709389459574,2,23.429883277416895,16.569157284198695,3.201434952782982,32.951482128236236,29.756684888910797
1,0,-0.5160299041820916,46.97154676365842,55.433541256399955,3.6477521545935367,1,0,1,0.5596476067281899,-0.9844157640495591,0.5959125616609399,1,23.54832761273895,0,1,-6.139215712774227,2.964615269017456,0,50.310968966581875,2.1653623499926753,0,0.7730886572156732,1.428774157791674,1,63.19032373287079,25.505761188837415,-5.107193491158854,20.985896626164052,24.31613684504859
1,2,-0.45096910252015926,64.57287807526768,54.66094136178775,2.2498636945124506,1,0,0,0.9650935807053258,0.04979471908163527,0.48819168163384064,1,24.493412722649385,3,0,-4.433305403090822,5.3840982657308345,0,19.542636502389712,2.152560390964361,1,-0.5705778821312665,-0.7365950702291396,2,62.34605178257968,13.828206556332013,-6.11264137500827,38.726408003135056,61.86955955438609
0,0,-0.0396019199124798,33.52098714576879,59.33845019278493,5.4015866748713215,0,1,1,0.21953079924140045,-0.8249831732779382,0.3943921697488282,0,31.245745968860014,0,0,-2.033386671552483,3.216138962900155,0,74.1637480046346,3.1676238423576897,1,0.4945747632703737,-0.4719777519773645,2,64.69224052293225,32.096661905966045,0.9989109910070919,18.27583513168377,20.58925378018152
0,1,0.9143443099889349,44.69370217308592,23.033277756293437,1.8030797683479258,0,1,0,0.3249138552788659,-0.5419307881181769,0.0045443326231957015,0,20.87578899972143,1,1,-4.460989595098617,5.69833457195071,0,24.00568564405132,1.7283292873181075,2,-1.767006483831207,-0.7923193557401745,1,65.13145034274979,18.516486060645853,0.36108115518326755,10.683023189682213,21.313613428480515
1,0,-0.39917465698030585,42.677755912423336,30.978692846746235,1.6506775887514191,1,0,0,0.44990872378337315,-1.6076122711480445,0.5628573890016367,1,20.798880057692884,3,1,5.129380094257044,0.9022375805934539,0,43.90576035722571,1.621952473189638,2,-0.27378293661755565,0.6069829082858732,1,73.40502639053248,8.153501854174987,-3.9774409800757144,21.99954686364757,36.705080355498396
1,1,0.2799899400636678,37.31711817363832,17.58145697670099,1.468545032406976,1,0,0,0.41124939841212643,0.035723805781371375,0.004180802404672446,1,23.3474585751698,2,1,6.476090768317945,3.0998214978954666,1,44.19524167536002,1.2338208523645862,2,-0.45101949749301573,1.0166249160862493,3,87.67688264372107,4.213661173482938,-7.568523910979408,26.993652294454435,28.954618428807578
0,0,0.0704681735048987,23.07473011372718,64.33412009970068,6.279935036799682,0,1,1,0.09318612864482373,-0.3916852959357978,0.6439914497051485,0,45.027209104018446,1,0,-2.080510568014402,1.1090631986970474,1,35.49469774190531,3.1433808707206627,0,0.8321180655068205,-2.140786475642349,0,34.18211412734426,38.22021650414087,1.5154388859618315,12.855880835006968,25.4801214942135
1,0,0.9096816952398641,30.661558150754825,35.09381246481972,2.798722360140749,0,0,1,0.188724790307706,0.5419843844247363,0.8012594600141318,1,18.689963189402768,1,0,-2.9461710470214397,1.2623434010271914,1,16.813471854163545,1.8155403732207933,2,-0.5420058299123912,-0.7227575139576234,3,71.66462647601573,11.741186142487718,-3.876796533712313,12.805817159576296,43.095338084784665
0,2,-0.0343860550003523,45.581737505774214,85.0668743201225,2.147517842236603,0,0,1,0.3575830534010189,0.03622889898896811,0.5638353090036319,1,33.926991882817006,2,0,-0.12148246817619679,2.9775372443771437,1,47.753311353783445,3.1876748857623465,1,-0.3791783124212305,0.18325811777017606,1,35.16223396596579,10.978146721572525,-0.6812815178096407,39.22570135240191,46.029121890691926
0,0,0.3106788696619772,24.724069355026863,72.53159743637718,9.302768761717704,0,1,2,0.16085754444835748,-0.5211531776123196,0.8406496880582031,0,61.66065063312885,0,0,6.232379748356962,2.6089321017890916,0,35.941459835873424,5.9982915342298595,0,0.5690900061281664,-0.08484051388835724,0,16.368397749513203,37.30951288132846,6.924618090058505,6.351415886522041,22.932099934623402
1,0,0.9067845733040261,68.93545102567579,2.423295171286294,1.8647054545177222,1,0,0,0.9730774573090027,1.4382058443851828,0.2542861229036787,1,26.409562390478154,4,1,-1.5378859393260065,1.589479728788202,0,56.08176748792011,0.9921970962802054,2,-0.7816471382313094,-0.2001686669476567,4,93.36133144532927,11.176752515968428,-8.633566279214861,15.124422310145667,49.275206682146475
0,0,0.43233919970970347,18.64711146126284,65.08656304225046,9.733959715933219,0,1,2,0.06073086867532751,-0.22695800022139026,0.5261696536406654,0,49.86117235101128,0,0,-8.600664917952676,1.3554790770821599,1,13.47124629287784,4.0642528399553575,0,-0.14838968027346258,0.07099231533415883,0,26.476240368928572,37.76060604921148,5.452750846077448,1.526553656751961,30.979329060323487
1,0,0.9355285111734454,32.525311646959224,44.8099777267185,1.7321805576448348,0,1,1,0.3236612502481572,-0.09710582864111851,0.4433740061468239,0,19.754323559538882,1,1,0.17295524682058705,2.7310285232140963,0,0.08817560685628223,2.2403335569406377,1,-1.4608696836837447,2.452998686104568,1,59.24629366576452,11.540044536923125,-3.2708941479642935,13.403591045410238,32.12710138684214
1,0,0.2612374665080119,49.43032762537693,4.686868662698385,1.9859225886016874,1,0,0,0.5140816795056351,1.0055173770862795,0.4608139935378475,1,17.08636522626239,2,0,4.743263593602498,1.5532335384548628,0,15.242692488186274,0.8861857339697902,1,-0.23788981141815174,-0.10319847485351447,4,93.61845148855348,13.863810634756126,-8.818495957783895,9.881828788278568,23.825166166970085
1,0,0.2565965033964999,40.93241024029521,41.25514565296429,2.243962041876318,0,0,0,0.29326225875321515,-0.2948056681223983,0.3980772584108956,1,25.536906344556396,0,1,9.704780358514988,5.755482581828667,1,34.73222988824547,1.7227137733544375,1,-0.5608006972835282,1.1265778347748394,2,68.74941381555256,11.829322255346476,-2.993134097289114,15.260902422077134,39.93045013103495
0,0,0.33024376092120644,31.70130316562878,70.35838434895989,4.549636851323218,0,1,1,0.2867559974830797,-0.27198518798051674,0.31711168606539475,0,42.18691341332067,0,0,-6.142621721434719,3.225188539173163,0,47.98281675975797,4.264627005792071,0,0.253079252926406,-0.17825930678929003,1,34.68876312255757,27.227756252416864,6.477473856325865,11.1609092258551,40.36089693434678
1,1,-0.698671455512202,35.04997504339784,45.31400379574978,1.8465811834774948,1,0,1,0.3658853941690751,0.17141378013796413,0.42423706133726213,1,23.58267350921644,0,1,9.444176220535319,2.862402843626115,1,10.24861132204418,1.6328598134606005,0,-0.8850065064871037,1.8078679412315586,1,87.68145327582036,11.903185442440467,-5.550243838034783,9.465503618356834,26.328445191245912
0,1,0.7266502441345876,35.12354013775642,94.2054394178183,9.738060732786645,0,1,2,0.2560589792012099,-1.0811614810027812,0.919436468693142,0,78.51512946035395,0,1,-1.7799272525992862,2.8441670160170855,1,66.51620007481102,10.602005654772258,1,0.4682582598578338,-2.033040555688827,0,2.5733139159697274,38.04797897379431,8.536924130860037,33.242366924688696,29.39249795709376
1,0,0.43706280113437074,47.91730984013222,3.040416238030419,1.8693422859079938,1,1,0,0.5442489921941934,2.6681842835221476,0.2754572207553021,1,19.939499526785774,3,1,3.2418146064585898,1.5828606894277506,1,57.13201396932046,1.172675339561917,2,-0.13441792482827591,0.6316677876279703,3,91.60471410828366,9.91409257199818,-6.7851152474651215,3.0537761059265245,28.079170963712237
1,1,0.011666943668931173,27.549225531828824,98.21865279999382,11.18231350727809,0,0,2,0.1494141024762704,-0.03554914232168438,0.999849619032102,1,64.27223089015945,1,1,-2.208882682137551,5.166513363140501,1,9.016014786643357,6.069498483934812,0,1.243906697657487,0.17015320746369147,2,14.985829868263117,39.20456574896605,-1.486193083385709,23.137517404917713,36.49294849746154
1,0,0.994229581238667,44.10554428908167,28.41571978258348,1.4196031363808077,0,1,0,0.213536885437223,1.2083681823138834,0.6003596116481031,1,20.620895816772812,2,1,-4.615040810779709,1.977957880385897,0,21.9571221867646,1.9883625869775279,0,-1.181628529671451,0.25749107535846566,2,44.53279791126745,8.77155034882451,-2.0341119639255734,8.20589083169975,50.476302371980445
0,0,-1.0468349265653198,36.979917817085706,47.061324234725554,2.42895276540705,1,1,0,0.41403659828824446,-0.5312985988407221,0.4746807555830471,0,23.331409739754328,0,0,0.2261607470262117,2.0738784537999053,1,7.30149460253017,2.554211500366228,1,0.4085705675789376,2.2786604712175205,0,53.09552875575755,21.62194328219342,0.8883237943757809,6.550803945910644,60.678757536615265
1,0,-0.2943071901124443,44.19902798433258,18.94006299816479,2.912141564905984,1,1,0,0.4331196427099546,1.0713122697171058,0.6699412538680454,0,24.972145367073928,4,1,4.846688930535276,3.878013980575304,0,12.2003850470341,1.7115189531164214,1,0.06287092848771547,-1.1327631041701527,3,70.03653858591493,23.63075962197677,-5.03462393686655,8.560158152984405,28.575330115609734
0,2,-0.9251095948271043,61.93429488632723,76.13269557934098,1.9876602758288282,1,0,1,0.9321137787201648,-1.8865092900066995,0.4775609458381009,1,34.7781160179861,2,1,-9.428662371297209,9.41742053684129,1,36.21251757527188,2.9776620841444,1,0.42288510890581493,-0.35957598985511663,0,42.14621771418203,16.179002629006117,-0.4449594445615901,33.20155820930144,63.50610519734563
0,1,-1.428880980139225,30.83192096295859,85.21774787193826,1.851795365909806,1,1,2,0.3483092823006821,-0.03923421790903814,0.8320940764136358,0,47.06455903047386,0,0,3.7861266424143007,7.046419435218946,1,15.597306182928792,4.0650862140938395,0,0.37170137831031164,-0.570992960907396,0,27.911472498021674,20.458675088342858,-0.5207010947375696,11.948808734082572,69.08758389935542
0,1,-0.5402381463354033,42.61864206824716,73.12892427292746,1.3375695489906905,0,0,1,0.44883431733955137,0.4938996108188923,0.5633233817544221,1,21.582131174999077,2,1,4.342098104939602,2.8695734829162767,0,16.377600083868433,2.5561198109353405,0,0.9578866928208428,1.8603239513846221,1,48.8247685784783,19.253130709187605,-2.6935766200445403,27.296903224437948,39.10785936927989
0,1,1.6153312905230894,32.63396207036075,90.99444920035383,2.3788056795395716,0,1,2,0.24178577249733174,-0.4877533037997396,0.6951204672657179,0,58.3858901826501,1,1,-4.612136608525786,3.3328999552280028,1,22.52266378862543,4.152376839097107,1,-1.776893586812727,-0.9762161925443602,0,21.280052171108128,10.95701906445158,0.34495226372794896,30.183580757733427,59.92154733218677
1,0,0.09216897019173326,27.88132899530287,4.057335061251305,1.4632486829693827,0,0,0,0.25690716030274097,0.33903006354934684,0.3383480899212409,1,19.95662580601486,4,0,-9.801592967172791,0.6348595433102883,1,43.58477123678114,0.9420677377638287,2,-0.19838684690625266,-0.8734773092276945,3,91.49528796443282,6.539383991707548,-6.700204669658366,1.9672805748578392,30.037517967172338
1,0,-0.19035364992896794,56.835279634590364,37.46361169421287,0.6107412039734849,1,0,0,0.8234006931923192,-0.5201581668467334,0.9566977810497931,1,21.901423766076917,4,1,4.347661342958865,3.5659586933525786,1,65.57865077597411,1.8604779237987992,0,-1.3447936936643003,0.03701982930680344,1,71.0312368472607,21.470302417547337,-5.352825599153135,6.302722307470585,59.432274611814734
1,1,-0.864343885979463,43.89665936385661,72.76694053702934,1.562266456728525,1,1,1,0.4896167013163369,0.0038434459684929105,0.765060266456788,1,31.373238030523854,0,0,-0.2792536973940134,6.968516768666663,0,34.14161801940815,3.4610040460372793,0,-0.5525358268504607,-0.03755484506307728,1,38.42227322837278,4.908156910850263,-2.6483476969230306,19.906993628160247,38.305665416513264
1,0,1.3968602861166861,60.56658328815023,3.8876096291604325,1.8199355022618198,1,0,0,0.571708160911766,0.8087655911933371,0.4842691863714821,1,20.952006825670864,0,1,-8.978256107290921,0.6635854047911993,0,57.53542853098229,1.0269891568831937,2,-1.6453014956548668,-0.5857406166664747,2,91.95098475248182,11.290970590407523,-4.07514389196794,7.919338709652852,48.94311855435893
0,1,1.156569014032603,46.97482122491163,61.0198326925473,1.5089887589674729,0,0,1,0.4115847287370329,-0.5690524726427614,0.6705007532960385,1,20.750622972225532,0,1,8.124984891734236,5.0641991204401595,1,44.80858309782897,2.211645834548854,0,-1.5808590888474225,0.19730257812182728,0,56.5478673826329,9.513393692184708,-2.4139070783571395,9.805543870379239,54.77176338692974
0,0,0.44537533748487546,50.43159202027148,43.691608950982506,4.231924839533642,1,1,0,0.5411210342981163,-0.6144076213476135,0.4320791808330244,0,24.781317010340047,0,1,-8.428999436791694,5.652131018469687,0,3.6251775060189084,2.918366095697345,0,0.3933872783528562,-0.10864569395384194,0,46.35109193496082,26.214108187193375,2.6367523687262757,8.387658017475943,67.9225525238691
1,1,1.1031783063804277,60.01761539937036,58.236017805957864,1.1872721741039898,1,0,0,0.6733666710122115,1.3133553566488267,0.8343331177570003,1,27.576899404862594,2,1,-0.5221937248832162,2.3533440418307543,0,60.88682911898804,2.623552768933343,0,-1.2690213943519475,-0.12208644988880839,2,56.48882289229347,6.610622991898783,-3.959587038318846,31.148809731265207,40.76631793551686
1,2,1.3317832794105566,68.35451880770651,66.10951474637729,1.5952930088633304,1,0,0,0.9382028848338009,1.3503559116869173,0.5707271887838542,1,23.322462957525683,1,1,-9.373966365148807,10.648239582015025,0,70.62367486157163,3.3371830908111377,0,-1.2269947763459834,-0.24185213154063764,2,69.59214645041526,9.574645387129115,-3.751766667035099,38.95729745533436,37.9384155600993
1,2,-0.19339132774185455,68.8084293995035,48.837212530040865,2.2069797770754636,1,0,0,0.9900555726360227,0.8447151499751987,0.5054125834540578,1,18.119031340723303,2,1,-1.47767738954221,18.755559581721137,0,70.20586940319228,1.9353084944009153,1,-0.2824011398414064,1.504307355441323,3,65.34021852532726,17.194147112273285,-7.6512397215375785,38.977150047642866,44.64299172084842
1,0,0.4430693383757663,49.81631931277206,29.03106829697312,1.5317294851563414,1,0,0,0.5551634428574594,-1.1752310110385504,0.47868839290018655,1,21.377141975661512,1,1,5.21638186720098,2.4833909942211063,0,62.37232012481728,1.7447851486261698,1,-0.5120439972630778,-0.22258834135612585,2,70.55421821352978,15.139400587694439,-1.5860181225239334,7.683741878955486,26.88772314873213
1,2,0.3440380353580047,50.824222206287075,54.74904684093783,1.6731921846118594,1,1,0,0.5139575429156522,0.10446242175550231,0.6926846249133205,0,28.431037038111473,1,1,-5.075092340100465,11.102632547496402,1,15.462754118941685,2.9798846780427812,0,-0.37043620267594873,0.5723597193803601,3,55.62840601936566,10.537899893487047,1.0887423617159087,16.803135195916678,45.381717240113986
1,1,-0.1964469357098531,64.44768091298258,30.0537361257631,2.2791465975871885,1,0,0,0.8806625779576538,-0.1835421225112106,0.4888125789866477,1,24.205400678463562,2,1,3.809896748300323,5.642289646775428,0,54.03771059395572,2.0107109249744215,1,-0.7128560315712619,-0.3545247491614633,1,71.3042041389659,10.99542449694033,-2.251635891305358,18.22236851910627,47.378733713207495
0,1,1.9350531644708366,35.06601946768367,68.92993291838796,4.406585412525143,0,1,1,0.2011296525508161,0.5546628134474335,0.1670167903467542,0,63.400717291463764,1,0,0.18708095428055138,3.3284309265111776,0,43.687345776793585,5.414136130197982,1,-1.036077988179942,-0.06708477482457265,0,16.87486226409467,17.176803814122884,5.13150078229917,33.90007012223648,25.460949964301882
0,0,0.44669883054091786,30.79670544014521,20.26347046822349,2.050170483585372,0,1,0,0.15531469787142693,0.9839957695305012,0.254962921911781,0,20.303192633884656,2,1,3.130945161999943,1.0969483167205738,0,4.210894192912886,1.9337862375340826,1,0.410055235086962,-0.4370920988380239,0,65.53897250267158,11.355888310169874,3.1873707468434063,1.125356735329095,35.143521814383845
1,1,0.3720005192472806,60.68681107665903,9.094048642711138,2.5534147191002337,1,0,0,0.8157798086287649,0.8196163323785213,0.3980988502725977,0,49.190961332613135,3,0,-6.968167629438088,5.350309251252717,0,66.33430165865914,1.306403827562198,1,-0.16056414014886095,-0.3003133991439809,2,86.90255363839962,15.57911101611232,-7.313488407053135,8.604655706903495,26.1277762123739
1,2,0.15497338825472998,60.764059864979856,46.03773153091274,3.0197535172892036,1,1,0,0.8035894830390682,1.1026901370569546,0.2733072721772747,0,24.559720858215826,1,1,0.17287316022569676,30.530366989741594,0,36.43009100991175,2.2614500448901786,1,-0.09234008831602504,-1.4715301354199493,2,55.312874947312366,29.704929187776052,-2.443700573137546,19.846831683498355,23.288950494115085
1,0,-0.538603767238808,30.37704933765999,56.04782295593884,2.505407254041776,0,0,1,0.26160931170908264,-2.4183562599988355,0.3905882869557373,1,18.282847845238145,1,1,-1.7449547759441835,3.3807256170837467,1,30.773843295721036,2.3088453782803158,1,-0.040949061922598035,-1.0537228697407588,1,56.9013797735318,20.596400805178003,-1.8384688611498508,14.940314075859195,53.56580971806836
1,2,0.29811070717059723,40.70040898162388,62.29396738776008,1.5681593899271933,0,0,1,0.2970785861176548,-2.1883494577644296,0.44907038978357267,1,28.506836804634823,2,1,-5.417645815118948,7.4733202188510734,1,10.430901727510387,2.262779140176146,0,-1.4918183703614663,-0.2865844720933816,1,43.75196659292726,9.725580306361529,-5.276522748949468,22.467847504750495,24.33799219742692
1,0,-0.31269867381803557,46.47390465475536,17.864098023888257,0.7858873572459023,1,0,0,0.5528060903767086,0.05247555912861691,0.302580148742051,1,21.24234694547098,2,1,-6.740743434635985,2.1647205003039254,1,62.5992521877632,1.4995841420332634,0,-0.8974010030729891,-0.5956720323267088,2,80.22885800518208,9.278571727873402,-2.237363219819633,9.743876933064673,56.2340376396342
1,1,0.36846120269070587,68.76015404723125,3.1154692126937,2.8531203017196356,1,1,0,0.9842896133096306,2.124803549910345,0.38563770215161947,1,23.653863752686437,4,1,5.275306456202401,3.887202522710932,0,59.94596079902234,1.068712201054888,2,-0.3879735074093578,0.2635338449039345,4,88.35064814286935,7.623171415831942,-7.826540084374292,29.960860214992046,38.65687746709668
0,1,0.8256675515057962,40.78117425428759,54.774142523764624,2.3193906728961777,0,0,1,0.2838494700294738,-1.5129274974292102,0.20772793039159787,1,20.5354404252627,2,0,8.83266907167257,2.3418579503290338,0,38.623422635766204,2.062300372074461,1,-1.1468965539001503,2.552851344983648,1,62.34071537045034,10.855569145372549,-4.673673919008861,31.630848999477898,21.792235214818305
0,1,0.11184875496398257,18.88953399010645,91.83705696386906,11.641577947916971,0,1,2,0.19979785485637375,-0.5728181867680433,0.5092224265455503,0,79.47470306498845,1,0,-5.569731460691942,3.7665310042294635,1,0.4542407400742432,15.484190678440573,1,2.0598069096521603,0.3334886680464476,0,2.1985368760773785,39.50024391779199,9.462881883788679,13.68465463000327,23.782818164192165
0,0,-0.08583692629532552,66.46431106650681,51.62068525600534,4.428125015359684,1,0,0,0.9578278470494537,-0.5013698108233021,0.805956805459253,1,20.19655599883741,1,0,0.12487621035947072,3.3216945421817727,1,61.32683951731481,2.2511019656528113,0,-0.17366086015092339,-0.8931415331308747,1,65.87447621092788,29.401463613907346,0.3818990086537113,25.777876278888083,67.51370074285323
0,0,-0.4962236966875335,19.37905593475884,61.71998438182399,3.030000148238283,0,1,2,0.14006983429873138,0.45304096750006834,0.43250285533601385,0,61.247316412614,0,0,-3.120774196802895,1.1841513507625516,1,6.358687503792093,6.682213991365962,1,0.7663924543184026,0.36205720854144613,0,16.35975645133631,27.287989344050633,9.437209007256616,0.5304371133954078,51.20891766478197
1,0,-1.3703841466031568,34.818601516918804,45.23550514392027,3.4176453887369536,1,0,1,0.45734301554217893,-1.2091669361394228,0.8164078539166439,1,20.79139870902534,2,0,7.922527235028088,2.300973324325296,0,75.08258322816945,1.7218671935246233,0,0.5279901435341007,2.2034182280252748,1,73.46396322191559,29.969144288861052,-4.333431067914449,3.7832807023467163,31.174632459865265
1,0,1.5115167011653,65.57604244780376,3.792289548344663,1.5069492077080886,1,0,0,0.9294154563314417,-0.30307428906003414,0.5300727722167147,1,18.596416472064554,4,1,-9.29579685520234,3.1435853045651174,0,64.235403187972,0.7712990344187822,2,-0.8486518759622292,0.2509944891818474,4,92.81293110401892,12.0444891298059,-7.929977557032616,11.942068200940392,37.77218299454279
1,0,-0.9679443079403616,62.76077523123885,2.5210638136876296,2.7060574982406433,1,1,0,0.899823154439968,0.5414517989404668,0.3001331137077644,1,22.93055559603352,3,1,-1.524611903323871,2.4148384411395587,1,46.77630657814754,1.0297093666451433,1,-0.7826245534819171,0.15339627174015966,4,89.54113452318904,21.62144452193854,-7.679933978284926,15.923807478610199,47.92683610351564
1,2,1.8256242624714885,65.70368759296659,45.96572488735975,1.2759758378496986,1,0,0,0.7995836881769498,0.11400263051247701,0.8368443326070965,1,36.663353017205395,3,1,9.674761706223002,4.9456375085644915,0,54.336420911707606,2.265911415717659,0,-1.4708582315621463,0.43631549393726565,1,76.13987371615217,10.114914429078656,-5.763857033832613,24.388063688146843,34.21846322720242
1,1,-0.12368718259813596,39.48448177770425,86.12418518288841,2.711508199334012,0,0,1,0.2992477178100213,-1.144842403014838,0.7802973964662709,1,40.61532323030761,1,1,5.701700839805364,1.4961412590865562,1,32.050670172907246,3.7606275215890075,1,-0.33135592673188974,0.3045175240363392,2,55.58841718623398,23.191434947868068,-3.9976868712341123,38.938864716679376,32.4623137690232
1,2,-0.6685396415245157,63.56059131885158,19.39162195475455,2.043797246048795,1,0,0,0.8752438945547225,1.8331879414402148,0.5025796489536237,1,17.678309035119835,2,1,-8.497913930574857,4.590560304029159,0,11.172181870851908,1.4784752417541653,0,-0.2642693649192249,-0.19186112491550059,2,81.05204432949544,9.70195672851148,-4.098500022326204,10.737641785365803,65.61111012580244
1,2,0.5708884357912188,45.19121718047413,87.02563751584958,5.032223559581308,0,0,1,0.29149896258063024,0.09649872446367422,0.8198526601054965,1,40.029004438167924,2,1,-3.4208478622988725,7.411605872833304,1,31.97417186793235,3.857420917766317,0,0.04659557734898004,-0.2537847910268483,0,29.285374271750197,27.546237921367425,-3.5976692023935968,34.12757704248854,22.665872849004327
0,1,0.2232611026397757,35.7026768257722,45.74422236137012,1.746562867540695,0,1,0,0.32329181251750316,0.8345831976386772,0.16708131407507726,0,25.622369077963146,0,0,0.02113072362192092,4.047572876855022,0,58.30619482051026,2.2206190638045804,0,-0.26764547739172023,-0.7650746811474552,0,51.29447788877991,6.320548247790354,2.383648971637893,4.616176570101953,56.65727937031027
0,0,-3.3405322044558563,64.26308678737307,10.52162699830253,0.7624955183871894,1,0,0,0.987379021965347,-0.010658629955638656,0.100385705988569,1,23.05979342197419,2,1,8.763964503142311,1.4318858087218833,1,79.92590637253558,0.974036772529887,1,1.2165132367858988,1.7309847271443115,1,87.9890127870404,10.369113626420159,-5.214453770243282,4.902354703142446,64.05612276595826
0,0,0.6645410294281657,31.29373234531725,72.53954799274702,1.2299471597503984,0,0,1,0.1783819728830478,0.6660169212692005,0.6463089321234688,1,24.459339494336582,2,1,9.865965094521744,2.9632167555258455,0,49.19343313141461,2.445413933937599,0,-1.3600935805412127,2.2028911228738246,0,53.892837832090436,5.209022785884074,0.5985502422561133,7.107534269942086,51.532097707109564
0,0,-0.34447950521559717,39.166432892868855,66.89991909267961,2.3626206324044268,1,1,1,0.41653322829785966,-0.5407495621552773,0.5324707918928152,0,32.83567837094001,0,1,-3.392329697301494,1.8714917394555648,0,17.20483809367718,2.745029455837871,0,-0.11077444326727542,-0.231137652325203,0,42.254862861840394,12.310198926290244,-1.0445889091152356,27.936289223243527,50.83932643727031
0,2,-1.6311997899149981,25.69853230091363,97.00364904035446,16.001713099779277,0,1,2,0.19089435170130986,-1.3786093104323651,0.27558539294011913,0,79.99891960312893,0,0,7.38627570257718,3.563053472084648,1,64.83975057663218,31.084475085990466,0,2.6269444037690497,-2.409720764750457,0,0.07976681902037708,39.96660751821699,9.996947436328703,32.23993307052812,45.704569977074726
1,1,0.8492760164270149,45.28842786953571,14.311457557265555,2.6398925558082555,0,0,0,0.41860816884899105,0.6349650913979161,0.10473017114843014,1,21.112093931618332,2,0,-9.046391958704296,1.2992111092297127,0,19.058458655383465,1.367366024842406,1,-0.28691066420213635,-0.8721470680565316,2,77.0761788455373,8.586056712809567,-2.162977523155117,13.472588818049228,25.234532779277163
1,0,-0.4876564111528221,49.20855358303042,15.696270380941646,2.028535010462626,1,0,0,0.523196377540117,0.8479393753934347,0.6100252117683627,1,23.127040374849095,4,0,-9.559158791305043,1.8302798252758161,1,56.3939837672967,1.47221387300571,1,-0.07884329893711473,1.1467276795723051,4,81.08949189857572,13.817986670600755,-8.0175379783132,19.039764397857844,28.58312120323243
0,1,-0.28136525765982484,22.261390987532604,91.32938771512661,9.814731438799864,0,1,2,0.10948036665841382,-1.602630369899257,0.6494473844596405,0,73.02563563743163,2,1,3.3645978108551446,5.666806110682174,1,55.01437696079592,5.986594469059531,1,1.3655108947448444,-0.310852598321694,0,13.02718016068059,37.701807640138284,6.038647181186956,13.609709956830702,29.20910869606417
0,0,-1.9240593283520182,33.67705113689124,73.98957475908621,1.5604260738236657,1,0,1,0.42386675264907164,0.33955581795625456,0.8767379262757262,1,27.32496351916375,1,0,3.588122913646144,1.272765192641578,1,66.83634038981515,3.488097438201945,0,0.3088338544407348,0.7652330318802258,0,21.744391516724825,19.613075485271892,1.7909729964651007,4.304775193854664,67.30847318517903
0,1,1.5273764286259608,42.595828324978655,61.00443944855722,1.7580463744181258,0,1,1,0.34713109713113677,-0.853266371526615,0.6979446805788962,0,37.138872314986635,0,1,-2.4118908378410993,2.730722022193864,0,44.518390148254284,3.6751026724833693,2,-0.9384450317176573,-0.5854655178078877,0,39.785985745930475,9.739117624908024,3.734886827859503,6.611467729067593,33.1811238639655
0,0,-1.9340231217991892,20.6532863774179,89.82475878269895,4.224311398564184,0,0,2,0.10636181878831402,-2.231117068865973,0.7408035295001041,1,42.11653955684635,1,0,1.475635774880038,2.041595626851813,1,32.92608736240026,3.427937600213214,0,1.6011545932481543,-0.5173791994573566,0,28.384489658889922,35.73826775675966,2.7501521594992795,17.720182300289302,50.71094691653779
0,2,-0.9598420332766768,48.587113838729536,81.69751538355503,6.359817899069093,1,1,1,0.6040351104646459,-1.470500236976783,0.6960460148418247,0,60.6026754499935,0,1,-1.2901035116154578,5.7788633043191915,0,38.950406912847086,5.633905355083444,0,1.3809409745979013,0.949368900180624,0,18.46419676970165,36.21073196071785,4.368635840181369,26.334301123023526,40.004980872834196
1,0,1.6938495561997342,64.40809565438525,1.994128831850539,0.9424189967478018,1,0,0,0.7539984316633228,0.9823567541687785,0.3965419392964626,1,22.509172902091912,4,1,5.207210909455204,0.663517269071572,0,71.42240085380395,0.9538958455059481,1,-0.9235842591449196,0.004132799859389095,3,92.6007363675236,13.722365883676119,-7.1918507111883665,14.817767847678498,59.925661972182056
1,0,0.8762806621474161,58.182057339535724,24.5177841212742,1.6770851884354367,1,1,0,0.6820912903721537,0.4732115519330056,0.7158139223093141,0,25.50022479331416,0,0,-7.221917321194265,2.170331503438713,0,76.8483942741692,1.81640589363187,0,-0.3525657957314192,0.04987610417294847,2,72.37018233940002,12.695965405140965,-1.3041529343173703,5.688740686986802,38.897526269431815
1,1,-0.1212598343436112,59.25477997598735,18.789102124122557,1.5745126478507803,1,1,0,0.7731887273755995,0.5847010545223417,0.545142864672769,0,23.43542891277349,4,1,8.48027164420898,3.14258035261267,1,71.35740112742901,1.7653090761863777,1,-0.779667518698813,-0.09465110609399242,3,74.81976113405979,12.039090746487446,-4.080358261219277,17.046826716698817,24.339506987804953
0,0,-0.4878295922966431,25.75369601520996,86.80002912446794,3.700931221959101,0,1,2,0.19603972563219235,-1.1686729128766584,0.30938080452105643,0,66.28524839682322,0,0,-5.387648631564378,7.618901725141637,1,5.984633515616236,4.813417357553842,0,0.35433049140880635,-0.64502226796603,0,21.83113303685084,26.02896388045531,5.097234750544535,28.060586598946564,44.51116289600974
1,0,0.838765321369691,60.405121759495685,5.4326680238461105,2.034017481233427,1,0,0,0.6548972758894107,0.7569161587326512,0.5030416616486395,1,19.6530628713478,2,1,-0.7874487579642704,2.6419645965646064,0,39.83060420225873,0.982419784638586,1,-1.3993168199764412,-0.7467477152684087,3,90.74031556727161,10.699402625553185,-5.7367863630651925,8.181306389208444,34.94871660865181
1,0,-0.8343856736516571,39.29761439677456,6.219409133772258,1.8973745852746755,1,0,0,0.37996722169286196,1.1083369035125978,0.33074381657312657,1,26.80038919704476,3,0,-1.3564016187417796,1.6640394815945103,1,17.423509658559762,1.1186879553640563,2,1.1429146980515674,-0.4976887244601806,4,89.41653297229374,17.44865583809963,-7.428015066909444,13.589660807996395,29.286524917700596
0,2,-0.5515618508274421,56.74865926957355,85.55594006146636,2.2067396503048515,1,1,1,0.7692509427809702,-0.11102378488580919,0.6365083488169831,0,58.12764924906561,0,0,-2.539914147071121,24.076145337031004,1,62.690222316140414,5.2939120478873525,1,0.703001393400241,0.05489772114368304,0,18.662301330931914,9.76005780672785,5.293720207311242,13.484012206151089,69.53745598579286
0,1,0.20599915877746677,65.4837104251723,35.3694556811569,1.7472827501136268,1,0,0,0.9178616047674627,-0.2747051141191561,0.5922866463694103,0,23.291074238865185,0,1,-7.20121861019818,6.986381546764364,0,18.025458958102348,1.9866630136752574,2,-0.5791990825635804,-0.1132159119054849,0,70.04383155231466,16.650841624323608,-4.252777590699511,12.933341204261177,69.72084151535601
1,1,1.5744039509963983,59.21805763615153,13.105423817307093,1.7295838895211277,1,0,0,0.689349547476795,0.7096251606172912,0.5410762184403661,1,24.61752373815051,3,0,-0.055426748574609164,2.4020865258253656,0,33.12904697517622,1.0366627936197388,0,-0.8306231780970662,0.492046855604439,4,86.1966283135722,8.32769514063072,-7.720372492742124,26.935221612151818,25.40159498743103
0,0,-0.09035067987162845,56.192758866251516,44.33689623956632,1.7598539243846913,1,0,0,0.7773664721444007,1.4953689918377622,0.7020529975493661,1,36.458454097290264,0,1,9.493070576647234,3.9252312432720777,0,12.09684008864584,1.8347554224979061,0,0.3057904251529454,2.227931695668839,1,71.20582404846999,10.722278050037195,-3.768015025574196,9.202260391618475,54.1320843526276
1,0,-1.0627057972540002,62.77704342000226,11.70074841672793,1.8426839159851394,1,0,0,0.962564187559722,1.7305024718473923,0.38160436239156315,1,21.63295495662154,3,0,6.66651999148792,2.207514613753258,0,73.35591836900147,1.1099223976911734,0,0.379750289121121,0.6370940012066733,3,87.25314825879164,8.626362303753668,-7.240978412840562,12.085462632638196,51.05471505655163
0,1,-1.4939692669129594,21.395597553299176,86.4108650289043,4.944256803342969,0,1,2,0.1295759209721266,-0.9602800619567695,0.14022371269354983,0,70.8897895633138,0,0,-0.5350376528756406,2.6637729428596804,1,11.770647452251897,8.475026280055427,0,1.2836448649475543,0.07475196786577504,0,9.257095846951929,32.96658715036588,8.655647680571814,24.22764710702845,39.931631237495615
1,2,-1.2730741167592785,29.846045453851055,90.93211036023763,5.7764724289571845,0,0,2,0.21798252225415998,0.23559655172354563,0.9476049062147174,1,41.54660333656524,0,0,8.956223907109816,7.050257230763685,1,22.240439747408885,3.4911224939634162,1,1.6656800473854345,1.4753506085536288,3,32.745330055891095,38.98582279783304,-6.18606810617948,27.46130286962528,29.779212438058842
0,2,1.6062984627480577,54.84656521860415,45.19781251756678,1.714600881072243,1,1,0,0.5064080761125254,-1.5154907242415274,0.022464245672860317,0,52.65223195021491,0,1,5.27450804155961,4.513968018310523,0,76.73424818145845,3.6991795402550607,1,-1.817822984548178,-0.45915663468301016,0,35.89182193514387,12.469531430079158,6.191082854924687,26.892966088702703,27.25218579853611
1,0,0.6209403368223347,53.20287698140848,55.42872300906634,1.938780713573275,1,1,1,0.5656939196719979,-0.9903516634942218,0.39007490734836403,1,22.51066541022019,0,1,-9.269193573759727,1.6012546505323009,0,58.92850615782932,2.815966330611681,1,-0.41447674036110793,-0.6955360328988403,1,53.72828657744822,7.730371418526085,-3.2634749675640595,38.33394107875762,47.96395514310022
0,0,0.729897088439921,43.66989783037696,37.12507545279343,1.869014472343505,0,0,0,0.3144565666293715,0.46659961092967983,0.4645419382170943,1,22.756190329132522,1,1,3.8215261569443157,1.489941113254522,0,38.729252765783855,2.2310435497342764,0,-0.07867348993809595,0.5769356095941794,1,70.42526965123348,14.143588810177183,-2.2328496167917162,12.01999963024094,46.0636160481054
0,2,-0.3883241466904362,64.06452536176609,64.93929233695708,1.8148390544806419,1,1,0,0.9078039609490678,-0.35488354893346463,0.6331997383119463,0,40.882705878082106,0,1,-4.6151833982687585,5.089328688256487,0,47.62534573418194,3.1949134741729646,2,-0.16220291323286434,0.3752515359423627,0,40.83191076962797,12.991443523302433,3.207604107546638,26.947941156547095,56.502886262909826
0,0,0.14620551083545055,19.41184056661235,63.927221436267345,6.72410191693897,0,1,2,0.14423716328593378,-0.24543633453498911,0.6471621892330688,0,47.08803198204109,2,0,-9.314072649767635,1.21105860382979,1,7.830908457460466,3.388589020659402,1,0.7312567360723049,1.9896436798463715,0,32.43813006902604,32.99811016178414,4.185666099710092,3.9418695848944707,21.75145822894855
0,1,0.5843101956678204,36.58100268618825,67.87759566678349,1.3878270293151789,0,0,1,0.1407534939635633,0.14367581403350196,0.3830606610722784,1,36.83589656440295,0,1,-2.434370772970629,3.6267231442518573,1,44.555645993293176,2.782165582232213,0,-1.2991983815975416,2.1808826050239456,1,46.80419383856195,7.9205060227942266,-1.2682654917399034,20.07740332744303,46.16848789855274
0,1,0.0902322398145986,44.78841944220467,37.25499282244598,1.976857161718863,1,1,0,0.5632447126681905,-0.2734873444188661,0.2867540561804005,0,17.95391616733205,1,0,7.233734824069767,2.073758899121667,0,62.03737486511187,2.3287132740773244,1,-1.6146336450608192,0.11133123709313872,0,55.98981748051587,7.820128815149325,3.9701900456211696,8.757331439022526,33.22896695199946
1,0,1.92908779933566,59.00974541767636,20.31113950360962,1.9097174050592158,1,0,0,0.5859708846739867,0.6229430538580081,0.7310297846469895,1,18.66034829216787,3,1,6.848848455655986,2.017220564721183,0,58.7136628722979,1.6705329493879453,0,-0.9788194391229946,-0.8039584823971495,3,76.78723460870192,10.724580168402444,-4.591303182325293,15.885032147057945,24.693736488801566
0,1,0.0880939181271816,23.560604522711415,91.13618365250767,16.007021935722097,0,1,2,0.1601458753905199,-2.148671799373677,0.555387942205064,0,73.91176314893184,2,0,2.249087620746595,2.6101907814489214,1,63.967115487498404,7.586324063801646,2,1.0431169575381392,0.5963734544800855,0,10.212837332599257,39.96790332849847,7.4594765535695196,26.578375844942347,30.168309396209853
1,1,-0.37816101201185426,45.47401325180735,29.53116703311168,1.972489220623888,1,0,0,0.46604741855530374,0.8646030392867934,0.3501490911185911,1,29.4761570779559,1,0,5.313078648726588,2.989986489961941,1,66.52090674940649,1.5027732168169243,0,0.2720683547854784,1.3176452923876993,2,74.5154524099483,14.20661910963215,-6.064928390346148,20.70346230286683,24.516086231353707
0,2,0.58477545745784,60.51518906561964,97.08777622446519,7.0076611222351195,1,1,1,0.8221721078595872,0.07217306811049164,0.32111963940502913,0,79.44702828133452,0,1,1.4519834140295966,21.246633698701302,0,57.28130032789288,15.693062643244733,0,0.2125652928781422,-1.8923067673708422,0,1.670172091379879,34.54683733910678,9.143812340794856,39.86610426889297,32.47086896446711
0,2,0.30197402743652313,49.25317523239066,86.45153212084344,2.2279892109618102,1,1,1,0.6308482079805561,-1.2604401469714097,0.7138396747370138,0,66.43964513980379,0,1,-6.7967358631732235,15.064115145476753,0,19.61736661287421,5.843474559725804,0,1.1831966579524957,-2.1654554715338707,0,13.995494797038871,11.616469741109597,5.576259227065389,39.295272048307346,41.27082565711267
1,1,1.0422990407991743,62.36665495085412,19.996264478519638,1.8884882835883154,1,1,0,0.7987609866772365,0.8103043852875705,0.4159566198738872,1,33.15429906489097,3,1,1.8926070421837142,5.734323839551756,0,25.828133793504023,1.9415277159443038,1,-1.1860957449781626,-0.2756278965771873,1,72.93180102185576,11.377279816661364,-0.8821553094474162,13.043591196223314,59.48419715005973
1,0,-1.0368764808784219,29.772937894791383,54.788380622111276,2.74149915493464,0,1,1,0.2597319341715296,-0.09162149293974423,0.5058383605204377,0,23.110386069523585,2,0,-2.05491360516908,2.6681236001954907,1,15.119104116477974,2.518696188779697,2,0.7566990974283215,-0.2703014535410557,2,51.581684852337396,29.523084597887262,-1.9336177952184155,20.10238933526672,38.618609816634745
0,2,-0.5470792299615047,69.84584822768795,80.59074392448808,2.07141770021228,1,1,0,0.9987245030676426,-1.244032516155465,0.6893040112434717,0,69.85403570415974,0,0,-2.2154799372029625,10.65369848522595,0,72.82978358413727,6.626623487842856,1,0.11251426769878353,0.23174904521640252,0,13.041362065109274,16.2798321353181,8.1631236651363,37.91475866628705,69.99874936548277
1,1,1.5912968850582707,67.27436817803977,5.409112980495989,1.838026434345914,1,1,0,0.9358160637254449,0.914742565135956,0.37644535640078736,1,23.46385260130781,2,1,-6.224594737663693,1.8967955079350804,0,31.373952189640093,1.2209241757925473,2,-1.635253083251318,-0.17731281723480175,3,87.87186598149755,9.009521991028604,-5.568463368352221,29.311722516390304,38.474785507761766
1,1,0.5343596090204646,44.05849271762014,70.87995289392967,1.8950940551048718,0,0,1,0.3873820407030756,0.29696084073761214,0.786245840160449,1,31.141504159639823,4,0,-0.5918651403013122,6.963786584778422,1,8.879808996540222,3.099000619207241,2,-0.43140122393181246,-0.10784702592566446,3,41.91271449493525,13.563740078174707,-6.228023386205704,35.73116909779972,30.726084698418077
1,0,0.456424886866887,47.321559193160674,26.691914938951232,2.04934685480996,1,0,1,0.5823375360273385,0.11566635899143152,0.3780353137166688,1,24.917384118185808,3,0,1.252085530493325,1.080318863964641,0,55.70265855101791,1.7934622395799722,1,-0.09114792280672065,-0.5974643752257925,3,71.87518456977784,16.277120801722322,-4.680990517514585,27.5133819751803,34.03111430454383
0,0,-0.5846102521634264,59.57260177974629,34.7419254850199,2.2059986176351845,1,1,0,0.8694251058687322,0.29942631819571747,0.3125969017417449,0,27.99989566793937,0,0,1.8698600224270905,1.5246700864381557,0,79.16819594487355,2.741073657538545,0,0.792852123880285,0.720872199500615,1,54.97819056011316,12.323049339262116,2.8460208683480044,22.85672170556746,56.04442166073305
1,0,-0.6661309454991537,27.340058259287602,40.31136215092706,1.6455292890146078,0,0,1,0.22598964786558862,1.8057286047692649,0.22789671667021122,1,28.281310629383107,2,0,-6.776016206312667,2.7999610921034184,1,13.092473243135192,1.6521004068094847,0,0.016934413855516403,1.1756463989061237,2,73.42660469929592,10.648810005480156,-6.4865516223666955,24.051292184727522,39.02819567167853
0,1,0.5210490136245609,25.327891453842803,64.95687057544531,2.4202250533690184,0,1,1,0.1938597674278304,0.08045172973218387,0.2751706727632687,0,58.87630091641748,0,0,-7.332151428113195,5.009097281563772,1,54.042888584349456,4.765077336334717,0,1.522178337414161,-0.953087879289568,0,27.014788069115227,12.198619507440576,6.099752553132657,4.635036536482906,50.65603201543582
0,2,-0.2628968660070587,43.69920061925563,88.30570250818823,2.8994650775976822,1,1,1,0.4885509171061122,0.29491834436787934,0.4045783036904912,0,68.4536999275146,0,1,-7.564834288524733,5.6387172556587,0,19.92889213617716,5.79059718667147,0,0.07992737161409809,0.5209454560339204,0,12.684599695244064,19.475993217292206,5.465389309718542,39.34107028501237,37.666349420014576
0,0,-0.2773713041350192,21.097043263223483,56.66487572568977,3.22946197948447,0,1,2,0.13076482927964922,-0.09811622916125513,0.3852340762293446,0,46.436269558465796,0,1,4.231745962558172,1.6113954884683148,1,40.09382945953184,4.305421961164049,1,0.10256674418699219,0.22552123913060956,0,27.58728162750962,19.126025715262966,6.540165266349753,8.156916543673162,33.4636650542942
0,2,-0.2227597286387838,63.66823557974861,63.22840631082087,3.4284506961414833,1,1,0,0.9321321927545703,0.18555638833117796,0.23227980656045505,0,67.04396065646216,0,0,-6.072155644756998,7.788412136617582,1,56.70731505572733,5.42774240474863,0,0.9754422004781839,-0.367064395580661,0,15.267332255286187,26.22597938579112,7.789319059929795,30.78040451621174,68.38272785911283
1,2,1.1845890045258698,69.78768943853123,28.521124322189827,2.3819271542971814,1,0,0,0.9970688236426992,0.5310969906669784,0.6726453243543964,1,21.61674473191657,3,0,1.8025999580043646,31.400000072283046,0,5.514501084708208,1.5397204394173993,0,-0.8330637168040474,0.8657053474571514,2,76.62719606388157,22.70239699481877,-7.023017750674615,29.33222881252079,67.35435871079122
1,1,-0.39640414818260383,67.29965608278212,29.717643366474196,3.1513773994002987,1,0,0,0.9685240987984883,0.09514010328680642,0.445645319178104,1,29.734172047127046,3,0,9.834894284582155,2.3365453313754876,0,6.283141132126837,1.2049396558020107,1,0.9763544857639918,0.624831986269992,2,81.24578704539175,25.054632526586428,-6.545521904716813,33.44974707155279,47.095374618409195
0,2,0.7275615635349357,27.81369139017677,94.68161868723229,10.331727450771211,0,1,2,0.25162737616488784,0.5746280690372616,0.815397143541126,0,63.4168711601529,2,1,0.705724238354632,5.586648140887415,1,10.659608982838247,6.6701465953818575,0,1.0427759260214127,-1.0999105298996936,0,12.882933550163356,37.03934662921995,2.9727592609094007,29.752454116288707,34.203569066594696
1,1,-0.43867063990257565,25.76617991419794,52.392865340196494,2.6936689354430676,0,0,1,0.18736383612354296,1.022876359610715,0.37552990698692074,1,21.077029784184855,2,0,2.3227297605171486,4.326155489281755,1,23.33791062420495,2.274873948814665,1,-0.25752094497417616,-0.10998601972419678,3,59.59736550792943,17.698945960238333,-6.3252391004257245,29.029497666589776,21.977771237048174
1,2,-2.6093234495588145,68.64934337014634,16.744412377147917,1.7648582955377297,1,0,0,0.9977251783196563,0.10357080874850771,0.6278972419346559,1,23.2341999516227,0,1,-4.502608834945217,3.520327075498384,1,18.633230558133143,1.4115007877840389,2,1.1646951243598933,1.219276227159994,2,83.8088045089034,23.746252943542,-6.232282315791665,21.248309248924247,69.82890425116204
1,2,0.10427504598542892,69.33035098213003,6.278730835579404,2.8388093320041903,1,0,0,0.9956034698880039,0.19180583818096314,0.6558676052099927,1,19.661577016142093,2,0,-0.7321915298569834,4.595689040359319,1,16.433753051697867,1.2433171865321295,2,-0.6589524891853756,-0.4955566195934935,2,80.41497414629453,16.321322175447662,-3.852563052099719,12.190313463783799,58.39048468265258
0,1,-0.417581350043922,64.9665919635469,28.170595427684653,2.0779754870080485,1,1,0,0.8947509320913092,-0.5665674314724829,0.6209202856752413,0,24.962064802904827,0,0,-6.037016999364019,4.303804180177172,1,66.66964008722128,2.982427859317067,1,0.05568354534758852,0.2556225255888997,0,49.11229017571897,15.773392115168704,5.789919141123791,8.660781716798754,69.99739571049139
0,0,-2.2963299288613457,20.207623034304966,46.85164837139894,1.6131174711869156,0,0,1,0.09255440288595834,-1.7202986647688585,0.35669702632233424,0,23.796198476384916,0,1,-7.043741290621465,0.7184832029485946,1,20.92071996845359,2.2197991875816947,1,1.0044589264693118,0.12646548985926345,0,70.03185668099627,19.89486130310935,0.967545706024648,1.9725192377617051,64.27107238951663
1,0,-0.30979804441815184,28.54527659059835,11.247592332508333,2.218859143432885,0,0,0,0.23970531881390128,1.188714102396675,0.2526447141444209,1,23.781615598044105,2,0,-5.673962387579444,0.24153237829610175,1,53.30146409528851,1.1841642866285707,2,-0.2513775438289061,-1.3277886114380961,3,85.54325411920634,15.259916936914832,-5.107727304631451,16.498101013259628,28.80782758198157
1,2,0.43052334482658083,47.56428607155493,35.41352179085922,1.8552419606113792,1,0,1,0.4631724745652056,0.45517925414100613,0.03477869461862132,1,37.670432123427375,3,0,-4.371707563880536,4.52044691619604,1,39.82588604700849,1.9596368239442012,0,-1.039608715172845,0.221135464075273,3,68.2673781136192,13.447881347183701,-4.109946289475581,32.3278168293118,24.79618786373249
0,1,0.4077931300653142,43.274808453536274,39.307848983218776,1.6053793842529274,0,1,0,0.2647913101626353,0.09396681760918414,0.012003372771395737,0,24.500084237583142,1,1,-3.228614702232493,5.1598614727517775,1,64.48930361125309,2.874253722323797,1,-0.6620517701520884,-0.2512256332419546,0,55.6922263353869,7.790452327881214,1.9918929505942966,24.196802967273317,40.10117967595177
1,0,-0.8414249962910694,40.855692527225315,18.098118563885272,2.3460199431393582,0,1,0,0.3503250979291408,1.0347743301967196,0.3917222997689347,1,20.83321760945531,1,0,-5.02005746476266,1.4725072566127315,1,78.92934146478673,1.477319708486141,0,0.48990885641330806,-0.31537306305174995,1,77.35117751493308,19.959545523618523,-3.1671462829541763,2.96304542746743,34.69960262210839
0,1,1.6910194469683233,53.11030215862165,49.27451830502349,2.0844522143578157,0,1,0,0.44681720539618974,-0.08787193240983211,0.21480005980875927,0,37.32768063985194,0,1,-4.023630317895039,6.8344506122247815,0,25.530767121452588,3.2913724613148148,0,-1.94434313333267,-1.8924876924194134,0,35.42286787702491,14.828110458918529,3.8596793843924537,29.054267639805886,49.20386654422883
1,0,-1.252490725586131,53.64160899397409,15.967257100439685,1.2038518115414554,1,0,0,0.7843978005632686,-2.4018393601685557,0.12843675179134922,1,21.512556643273733,3,1,-6.956691394969139,3.919414324572183,1,41.502404739495645,1.5692820338863216,1,-0.07963948988682722,0.09444536015383313,3,82.89688635448181,9.849079473981737,-5.086762883210088,13.255988095043262,54.648967100955005
1,2,0.5547225344948152,64.91894161870383,7.272809765196997,4.327560380928517,1,0,0,0.9152805795899899,1.0258829136542225,0.4197425537524259,1,23.363849733880798,4,0,-6.154276218022952,3.2378553061671513,0,4.045380315470188,1.1235593325804438,2,0.47553465208117607,-0.9671212003063038,4,88.02183575667556,23.975763849768768,-8.555290471522998,30.050455685878042,31.62144366214759
1,0,-0.4657353361642597,27.98096231684749,26.942838233797612,3.1596721102966887,0,0,1,0.252844081905226,-0.8060024842128151,0.6229598717243398,0,18.817566167482177,3,0,-7.584954802218497,0.5151570051234146,1,27.040794221331783,1.6676232268146192,0,0.7007382357804517,-0.1462159842831294,1,71.13244559393046,16.353280782101876,-0.8876612047802102,4.380375821414124,48.38746099626377
1,0,1.0256764940928835,68.14287786453181,0.9213575402191865,2.286884340049665,1,0,0,0.9622213229481453,1.7465011964875843,0.500791971108255,1,23.900479539972377,4,1,-9.682140615940083,3.20083472562251,0,78.21177298164487,0.7222120080648532,2,-0.7131761776802243,-0.492194357487373,4,89.70160650062662,11.913348300593736,-9.506319996686088,14.406183857193295,22.39467638928332
0,0,0.20472815397121238,35.990166405138524,62.406416189678346,1.6420954451575251,0,1,1,0.3134831301561707,-0.01984732059422426,0.5392099885560144,0,31.740431087655637,2,1,9.61157804480306,1.6926342331562587,1,44.07295604676279,2.9453337614421145,1,-0.49129785046105623,0.0524679000945563,0,49.799309314633625,9.679229045821238,2.799511035341384,19.03829199842463,28.53468058603206
0,0,-0.275036099725364,24.619323303282364,43.5668219220943,1.5276878588844436,0,1,1,0.14228539144467395,-0.937427509082035,0.6592873007917504,0,26.648393426031582,0,1,-6.370478776404522,1.0963016675574873,0,6.900361965155617,2.4641198365992003,0,0.17640832515431312,0.9337835525310065,1,57.207562818820975,9.090235071135881,-1.337024728347295,3.3977993812128804,34.89117207027788
1,1,-0.35386417821209804,48.77028048472715,22.954042896712046,2.1261627928542426,1,0,0,0.5642167608167389,0.5778393914702971,0.5317097168159497,1,36.64929239750367,3,0,-2.2455773331653672,5.361689294126836,0,1.606689345393999,1.5817432990153049,1,-0.12277029715783325,-0.7643913451560217,2,73.7555265056463,8.638846326077267,-7.122043810025089,22.089520333648245,28.08596806819508
0,1,-1.6713297148614135,53.148016578108205,69.93288905993123,2.4641129785485916,1,0,0,0.7902440288988095,-1.0156236196948147,0.9404410171808029,1,22.32096733459987,1,0,9.17089518740795,5.852547297761783,1,57.74353682050755,2.125313156102869,0,1.2621060410242166,2.7760621889439676,0,51.80971428184664,29.645738251277365,-3.541835992847446,9.64503858111314,66.75104465898832
1,1,0.5309306597266432,50.11482406960634,59.381231432268656,1.8583273876929747,0,1,1,0.3553341972289754,-0.18903852873050375,0.36746928730897216,1,21.225142805076516,2,1,-2.0031191975434464,9.08931317050043,0,19.029795676509305,2.723891885587669,0,-0.4762069666333756,-0.36621875164241124,1,50.2661760105704,17.559817679538334,-4.724423019624371,28.10543067526989,34.559781861419594
0,1,-0.20406239839601467,36.42570185522114,83.21423103251048,6.470066047453094,0,1,2,0.2938785964173124,-0.17530445835003128,0.7193717420688139,0,67.79238151130619,1,0,8.046460678366522,2.29688041718368,0,22.556144782568197,6.462584461478698,1,0.15067709027875928,-1.7701177969727369,0,14.682053096994762,25.823308092944718,5.830727053258409,30.835471440479452,27.053212417631826
1,1,0.544149142170866,65.61169856203577,62.26201334216924,1.8921582845032345,1,0,0,0.9422390617047245,-0.8091634606965352,0.7518563340176863,1,21.54867134404519,3,0,-4.062941672958981,3.441162846297749,0,24.707607511086994,2.5341436467887912,2,-0.4930452399039424,0.15129211951544966,2,52.877826436842945,9.660892762080792,-5.473438714759871,38.37821810557297,52.89083438002117
1,2,0.9818895571558018,68.21110619735062,7.925595390379914,1.8702066820900975,1,0,0,0.9766568396800738,0.7297475875581806,0.3730859934702707,1,24.138117728694787,2,1,5.128569904623536,2.7157033795488004,0,75.07868875628498,1.2420477543967092,1,-0.8175312016677307,-0.033862431858038555,3,86.69444865245912,27.30556573617596,-6.466149643756775,20.935652727904092,44.615453545650524
0,2,0.5555678839866492,25.66346712708297,84.75647476447803,5.511357040267315,0,1,2,0.1734292862727289,0.5675229371709828,0.5294962979644369,0,73.38464338591069,1,0,-9.31897055189329,1.844190730991359,0,20.44339455329796,7.5920887405556226,0,-0.18812535211927253,-0.3144192864418925,0,2.208833414678546,29.44269836296561,9.264284632522902,15.1986640410454,33.48411794134489
1,0,1.178210590951078,47.47219367812099,12.159862376048103,1.3923185989904259,0,1,0,0.27086070739388163,0.5496158618325485,0.31108129505057763,0,27.07231140380614,3,1,-3.9544277791329208,1.7316823381507747,1,2.435252202638618,1.6461062712388856,1,-1.321194905527312,-0.21843151423507162,4,79.83705532899914,15.05820467612531,-5.635781497076515,18.560964197481983,47.66343024524388
0,2,1.269690670699228,69.64310194281161,75.0377474868531,1.490002592753544,1,0,0,0.9894893735738519,-0.29022924528208643,0.526102710606899,0,38.72701607564919,3,1,-7.645793584083692,4.60137827869518,0,78.65670471062457,3.013603957865255,0,-0.879141130355299,0.5264659530238801,0,40.09011585487777,9.87016913533581,0.6734026503157171,39.930321123343845,49.35360200659551
0,0,0.36172273802144256,19.347729428016006,90.21698829455813,7.751318104631748,0,1,2,0.0637827755400261,0.9971198246338628,0.9544969121317389,0,78.78529556564716,0,0,5.201975466553542,1.4268632671201424,1,1.9980649572101727,11.21741546485295,0,0.5765965721722435,-0.2882954750962956,0,2.641867634770856,35.09451798393566,9.747929916254641,4.134208403322197,37.83887674185371
1,0,0.5307999240280351,59.100898115400526,27.62752612755479,2.0697957770456537,1,0,0,0.8116154138042453,0.6422427920708528,0.3883775044005701,1,24.95330196837502,3,0,2.177905459913829,2.259769538797109,0,48.68521113825145,1.604530850045154,1,-0.26415613645670505,0.9444074569239065,2,75.24054460701922,8.864359430309669,-6.461779898006638,29.44041118757812,48.66695818928336
1,0,-1.7410984295786995,27.19869505377475,42.429563627327155,1.3816471297523023,0,1,1,0.1651279406270646,0.41672383690773984,0.7572851096339759,0,25.898173237409388,1,1,-4.590877494370115,1.19004209308268,1,2.543483176675827,2.1704537176835177,2,0.22267035373072075,-0.5234633708498267,2,58.746061809417924,18.711573295007454,-2.3736972283601387,11.580985714215533,57.96285726914619
0,0,0.6989922649175547,58.651323930918934,43.474192313186954,1.6705635044991045,1,0,0,0.6752339040319164,1.2297947120593238,0.9483795533459869,1,27.727240652006813,0,0,-2.7603716407617647,2.2007385006675464,0,65.95461643862325,2.06946148803008,0,-1.127730742710953,-0.6117859916969035,1,63.744780886108224,8.437696016350216,-2.4362767286580844,7.537661525211088,47.70140711987902
0,0,0.19295418591910027,22.569723034783518,88.23376111734109,9.40249940712501,0,1,2,0.1620227341598232,-0.27231364286737786,0.645188412241259,0,79.91126710355366,0,1,-2.2981162756975015,3.164517987848856,1,46.892095598284484,12.86852822811824,0,0.7207178974749732,0.26909907638742914,0,2.030331728831708,37.69801322201207,9.957672748862638,2.6049464530460775,54.735352698320405
0,2,0.13986548974565347,23.024129411667516,96.73931716585086,28.679508662517048,0,1,2,0.1627998167924608,0.5021041373776644,0.357181760002372,0,79.97168597353519,1,0,-5.1611960843132305,6.0337248023256365,1,54.915994638971185,19.974573131393722,0,1.5229188497897839,0.22692252954658396,0,0.3521976259757975,39.98812401772399,9.910831563578746,34.179008018128904,37.634462580695086
1,1,-1.5730615644542396,43.335325336925486,62.64305737996102,2.4720999463617446,1,0,1,0.48613326943864954,0.918462434540862,0.7013658347438216,1,27.30484404348436,1,0,0.5932343204643971,7.562590074568272,1,33.17266733959569,2.3026312963619877,0,0.8773267632082467,1.2900949754924194,1,55.17316190520353,24.70062452441446,-5.896684652532278,18.548448338850125,47.89400804710377
0,0,0.06392783628923811,27.085397333251976,90.9226617503091,2.2603847795396734,0,1,2,0.12599070092080378,0.1003612553760005,0.6783964472528872,0,53.1066239213893,1,0,0.9510567093653943,2.4087238923171537,1,32.61445521412524,4.093755562733135,0,-0.18096584385031075,-0.21224652297735996,1,24.179590072218488,14.596475106865014,0.44062185271607035,31.933324147624255,50.29351114474603
0,0,-0.10896620269935475,25.723561226428476,83.07269355733769,7.929811778047238,0,1,2,0.18796439741176058,-1.3399774467428374,0.42939649488356346,0,60.12524727021624,0,1,-0.458013329827601,4.30624202064306,1,56.29201967325657,5.40935250876143,0,1.299711610309112,-0.4198139390471022,1,16.204527122821233,36.842881445070944,6.826570341345143,12.9358471958622,29.257572182352128
0,0,0.07889732689183855,32.664433379017915,82.75657637102323,0.8021153309126668,0,0,1,0.14938661227840772,0.5081759038951067,0.9985105957859628,1,31.645399867761377,1,1,-6.592672383457368,1.2941527270452513,1,9.221670265002825,3.3405716608652685,0,-1.1590351495631996,-0.15763803212852462,1,17.946827506230978,11.64212143003037,-0.2539693447482989,10.47306091605305,67.83050321533022
0,0,0.14355769507621866,18.243963638382297,82.79755286296403,12.623575250505688,0,1,2,0.08502803205518455,0.6701938229152458,0.7861207624665649,0,70.00912631540459,2,0,-8.241323538229457,0.7599750031383392,1,40.48633011160013,6.742166533805233,0,1.084098254237971,-0.24914456031222462,1,13.76544440070504,38.85136042678922,6.828250191036215,4.885959930026191,45.98869010948831
1,2,-0.5503441792584971,62.31626738721806,65.49443967741723,1.6872382850599486,1,0,0,0.9270855887884085,0.46133665173705013,0.6606693067801626,1,18.632095017315166,1,1,8.16716675449636,8.744644800777449,0,46.02845987957254,2.1332481486052304,1,-0.5059364447587221,1.8835839522794784,1,61.0891652206907,14.036351877634207,-5.6557159187762105,34.515032338216464,39.57106552969055
0,0,1.3937475331967797,49.41501387250058,40.80956033320787,2.217993139424338,1,0,0,0.5266795319191538,1.0775081676524125,0.6377054154553985,1,25.014676031983978,0,1,-4.34928431398262,1.942753839931634,0,32.496599418303774,1.8272630151496827,0,-0.8771509189607116,-0.20020754194185525,1,69.61918994473781,8.433833421430938,-0.8176937255511252,13.65512237252776,24.955593056919255
1,0,1.6065506993735812,55.73945830338792,69.24827039954616,2.2220066691086906,1,0,1,0.5496933962734162,-0.5790526197794603,0.2570370286843308,1,25.123105115289242,0,0,-6.510136525862648,2.692182299104788,0,69.73623769231634,2.7999276846935675,0,-0.833814948727796,-2.1463212676868424,1,46.43989231876969,9.43310790092954,-2.815647296634719,39.71939702558075,30.700043138057755
1,2,-0.008875717886332435,54.15710947132528,77.2172271298553,1.3782097634752641,1,0,1,0.6907781699524032,0.3346742720045454,0.5894372650277792,0,41.74781815479594,2,1,2.8940222660274415,9.410777436607656,0,11.619995151327224,3.05155834361161,1,-0.5385064951857909,-0.43156268570670564,2,44.206437052888276,10.981321371909424,-3.558054497442109,36.912813081843545,29.367829848001413
1,0,-0.641779068426653,50.87444430458443,13.18469669924111,2.1180599849935766,1,0,0,0.69007596109034,1.276052262823082,0.5870329727557736,1,30.002390487469302,0,0,-7.61593556433903,1.5492106262711436,0,11.013297172296799,1.5184922243137366,1,0.22305512719235532,-0.8647249959694768,4,82.4503578450122,18.811988208352805,-2.528496463887717,8.881420393395194,45.962796797451254
0,1,-1.645433903085361,28.538113080209996,84.98071106385507,6.2233912856138005,0,1,2,0.288250231416755,1.1577248752278115,0.82008531809063,0,79.43859521770992,0,1,-3.9059443445946567,2.342537967895039,1,68.79144546313394,15.15503689026135,0,1.0399540092710513,0.46859564969630263,0,1.86928836781734,37.872764630185436,9.890128634404547,16.914117744726912,38.485206208410496
0,0,2.224864892908842,65.18732337859012,7.153347932020565,2.576200103872867,1,0,0,0.7054355580990797,-0.5227748727452927,0.40969979055316297,1,29.134086043966896,3,0,-1.0859495724394606,0.9472669371802411,0,64.10896867563156,1.1914283824015413,0,-1.4932532428527956,0.32727994578383107,2,87.38151298531871,10.594047479855277,-3.7971708941283246,4.683832768501079,50.001497347019175
1,0,1.1495681463457548,54.78024394290295,11.856508119440468,2.2268862581010174,1,1,0,0.5697822519470642,0.21803568816195595,0.38556809015197485,0,32.794728408595375,2,0,-3.816885100525866,1.5870858525992018,0,79.8005723622183,1.4906882232251295,0,-0.4975734142559013,0.060670966602488094,3,79.39348925470968,7.035879807906831,-2.998053508770811,5.845152644170437,30.976193071158487
0,1,0.7257657605819718,29.7372623077119,76.46158301703313,4.225361008861959,0,1,2,0.21890602254707048,-1.2346530477181816,0.6001883289734643,0,56.02712532212472,0,0,-3.4388573146876436,2.335134467738013,0,22.165048061294744,5.51277837954414,0,-0.22846968588533226,-1.7233565048066106,0,22.074657202870657,19.932758284554144,6.5814546117273665,11.735556129570561,25.656475777748973
0,1,1.1660658138101194,60.88632418628884,33.01816752569927,1.8389354799656876,1,1,0,0.7962119812997689,0.059151197195685595,0.397569616526208,0,34.608287748246674,0,1,6.604316322557292,6.705968096602734,1,45.133132167656676,2.183226515379678,0,-0.44510557818114527,-0.33718114728642273,1,62.77549283228677,10.17246818529216,-0.7262789968776815,14.944367886966266,43.56482635035698
1,0,-0.029249323841467268,39.09225729930429,48.83849140226651,1.8313748498825517,0,0,0,0.25436638204957784,-0.9613502414210974,0.33828953532646705,1,28.836526245763405,2,1,-2.7024337968614898,3.281404723349216,1,58.58079178057699,2.1302532478847125,1,-0.9258029609213492,-0.6992136001442122,1,58.50373788400843,9.410026439193688,-3.651467720079796,18.623319385017666,33.908247436352184
1,0,-1.1072115645341714,29.842855056752413,56.09231527145051,3.5474854472507356,0,0,1,0.15823347793314457,2.303383741683578,0.4690291522635396,1,18.99095020319386,2,0,9.346228889581951,3.7083484368190094,1,2.320235098950012,1.970885204578487,0,0.3472495852391279,0.6912465959331028,1,60.240593331017145,28.65974560326125,-5.29490851475265,12.276147385151827,54.4576460296117
1,2,-0.3861267249240298,69.81603616256052,8.077732399431598,1.8115907155806272,1,0,0,0.999680909507835,0.918036015302377,0.26316835488689894,1,24.860469849905343,4,0,-2.826367843624129,8.904728718619237,1,18.07168136062974,1.0112410971442705,1,-0.25812486306111637,0.9152538255180557,3,87.28825146231318,13.396783244876712,-6.703792971194086,26.453642105160796,69.99324756847274
0,1,-3.570189005073213,29.000658964930025,71.0463104888681,2.065874318567326,1,1,1,0.48663062394789697,-1.604632220249091,0.32092571758333444,0,55.124386356915494,0,0,1.16145714322405,2.259830236392092,1,7.775351776537591,4.749217667089163,2,2.110075104024692,-0.7861340944564961,0,24.307913019718335,32.635378740259455,6.514155401419316,12.881403894182526,68.35660103983986
1,0,1.8991312172997004,43.56660060573769,11.796720337630523,1.7754899936570756,0,0,0,0.1926433304325026,-1.0610655306192542,0.017392060502760653,0,20.160443610396108,3,1,-1.2058754302619885,2.8311572600402823,0,70.54477500495426,1.4535078139164115,0,-1.8072495387395153,0.054787866486530966,1,83.61211675529712,14.4468699200878,-3.34725854667949,6.08270196541012,26.88215491288508
0,2,0.0754259246374921,34.627425065680576,67.8874632415728,2.220697398864265,0,0,1,0.20393415165887763,-1.9739201918836027,0.2972730737379426,1,32.61272510506083,2,1,6.959066994176265,3.4136515176232334,0,37.62638669751155,2.2823395893031346,0,-0.10849148139606116,1.55317718531126,0,50.92888073242315,15.01594815095967,-1.7024872053687474,21.13768021037057,25.295910157331406
1,2,-0.003651029055148213,33.24636689293165,89.54530298484558,3.6928111431438295,0,1,2,0.2327262916348689,0.30146566061823726,0.9568453028710747,0,49.38038604009539,1,0,3.927692657820918,4.950834216698638,1,31.55809693657782,3.769996033161682,2,0.17086704539836334,-0.3263555843120071,2,26.030008535874455,21.988872497541703,-4.481468044927933,32.26418829721779,25.035117410772013
1,1,0.8741890412354834,69.12141105607338,37.610658475997596,2.02344570383571,1,0,0,0.9776881291869293,1.5450071919009922,0.3951356689805838,1,21.824749865155468,2,0,-8.053026756621787,19.53521127946564,1,0.32768707258955754,1.8926920868373145,2,-0.6306864820453213,-0.1931268227031623,4,68.62005288324785,5.9381287912239085,-8.684154888869363,30.22422863855692,69.34411611573128
1,0,-0.7486936505168877,65.82211948132792,0.7648404223444039,1.8440480881791705,1,0,0,0.9534148568909184,0.8402798996330182,0.5354346526364515,1,22.206760992339383,4,1,-9.297653591898577,0.6480208918266291,1,23.958724514859185,0.6488874301171405,2,0.5354471873278686,1.3641853446412717,4,97.65074433991487,14.123326677065858,-7.9720630462569995,15.493776308376049,62.553447178205815
1,2,-0.6449824952310028,58.974744998932756,59.67229395125051,2.128981013211587,1,0,0,0.8809690435406674,-0.2987888177079268,0.8867965969009722,1,22.084903525692393,4,0,-1.0399783757308025,4.292750341043787,1,67.95807178920609,2.4617149858948646,0,-0.6525784059615684,0.4986466266334184,2,58.12568541942592,19.92403340005816,-5.183995533457208,31.18436064369588,43.1380508520141
1,0,0.6907193742308787,45.66512198255198,24.943377824781543,1.603848340755383,0,0,0,0.3947140937164788,0.3599268009065834,0.2627343343510202,1,43.756725834341985,3,0,3.286585042080077,1.7178576976172653,0,17.732770040084386,1.5910305281122792,1,-0.3864424017249592,-1.7141591368302573,2,76.59972720855754,10.65772904036631,-3.380913718800599,5.015182798254443,39.997407220475786
1,2,0.015124695495462194,63.043777988078055,24.320928532933856,2.176131259588977,1,1,0,0.8500220236668203,0.007950753850756078,0.3063965221978407,1,20.153529951755942,0,0,-9.15326679648776,4.278936793402255,1,26.330011210709348,1.608126996683029,1,-0.023587804126948293,-0.5346391157015848,2,74.77437216947645,14.004820623016204,-2.182121440192965,25.277258299972942,68.32591844801226
0,0,1.4879929672886678,51.80434000650388,37.12220626209749,2.122291595925765,1,1,0,0.480218324441653,0.5156152407023156,0.14730023566340456,0,21.46100894885862,1,1,-5.6056920754682285,6.003155376871866,0,24.079762148216854,2.6200719983575365,1,-1.1032000246954163,0.38180880119200383,0,54.04131776756137,14.198533505941981,1.6838164151627915,14.761462830469284,54.51100287209314
1,1,0.22237306826613004,67.02223982268322,12.386745972005098,1.750306606643462,1,0,0,0.9441269692920549,2.799662040268592,0.5597718863495565,1,30.23280830620573,3,0,-7.780380701663072,4.063395342352075,1,50.200932313988325,1.2247001616994087,1,-0.643139974211898,-1.2994671524587518,4,84.5691532569137,5.839818893281301,-8.475980779228463,34.57440271440478,47.31794776066725
1,0,-0.854808575751576,52.34385110785562,9.254191054909294,2.509143120344426,1,1,0,0.6503929613214912,2.3079675221111193,0.38855185764366823,1,18.4038365158146,2,1,-2.640373291260472,2.8547085681121565,1,37.715139542251215,1.4141715591106305,2,-0.036034281466484394,0.5762097156511632,4,82.35988707136046,20.115372799645172,-7.699658798968065,21.026936545297943,23.342089346678108
0,0,0.4289602802894567,35.766092036804935,92.29845452390069,11.80867021512601,0,1,1,0.22218769770932895,-0.330545972585458,0.6226107690689783,0,60.83962608755516,1,1,-5.407977647525962,2.7401686182418605,0,64.02847787253991,5.161251853563152,0,-0.204292096792283,-0.5654264228202625,0,16.543068187546993,38.530418515470316,4.481798717846219,39.23851946231007,29.986985120640014
0,1,-0.5382272143570408,35.62035389122438,84.81976613438961,5.921357310432165,0,1,2,0.27301607023379604,-0.25012172211876366,0.3835504257756228,0,53.38404930316868,0,0,-0.20423801033758693,6.189862797891115,0,62.352505579871604,4.774715843413049,0,1.4579862856625199,-1.9829152909899581,1,23.154464373347455,35.561753963168115,1.9593082277083056,32.49552301278183,27.96301016145594
0,2,-1.373541324966061,30.381302582586514,99.97261168328384,23.712682450103706,0,1,2,0.26595220632750827,-2.2273366228647844,0.2823072821179551,0,79.99995953831812,0,1,-2.85135244740167,7.137684717914444,1,47.31003930217853,49.515649587278936,1,3.016340779012315,-0.04778646965298508,0,0.005080663745199443,39.98316146799919,9.991318623629105,39.99998372406236,39.30751673008541
1,0,0.3567638918935101,69.24633923524814,0.10294474129857178,3.547707602420258,1,1,0,0.9903012963938309,0.244684949585929,0.007267140507381031,0,30.523891209930802,1,0,-8.210734376436218,1.1315706223723092,0,47.156652869500924,0.7467213487307117,2,-0.4588517679434302,-1.4486599569586724,3,98.42340237388902,20.990206584010146,-2.2565042645432882,5.534045083035412,59.65032294505092
1,0,-0.414492549604704,49.49197889810159,5.762889296826351,3.1567645144813388,1,1,0,0.6110452914426058,-2.2693239861921444,0.062352071628084704,0,32.22778313904265,2,1,-3.074162567252121,2.699040824714229,1,14.699806030542995,1.1865348087036238,0,0.8223080781261162,-0.3163749076121178,2,88.49238734042382,24.75382026480196,-4.832759539033575,3.3808319798147624,56.293987861852884
1,0,1.1549968665242076,36.094873879747695,24.69992537120539,1.822492604264384,0,0,0,0.27951897768035133,0.24205351288628285,0.19470827004391084,1,27.524339746981433,1,1,6.438331956087275,0.6956315978466826,0,58.539458198617716,1.7798522254401001,2,-1.1225886218707655,0.8095645157854806,2,76.63699962933195,9.875580834813304,-2.7956635447974776,26.57686370838747,32.88456475375686
1,0,-1.275061812351088,53.688240093876196,5.744550602180393,1.9674787912761988,1,0,0,0.7999181777939368,0.2896772295282652,0.1373483495612633,1,21.742655987463152,2,0,-3.052224013440119,2.9245623026051897,1,22.480377141030516,0.9734197712279098,2,0.5919961250882146,-0.01580198844721904,4,94.53879126673743,14.53924742573494,-8.450502905118439,17.77919524240376,57.38765445716473
0,2,-0.6666297907826101,36.81014575903076,88.44321047523904,2.551407879775221,0,1,2,0.3223746581584567,-0.1952071517691833,0.10620720615850182,0,75.99541392995005,0,0,-5.892538690474913,9.514504078359886,1,48.118620847755835,8.520425841387297,0,-0.08382575121232418,-0.020292219654833406,0,6.429303832504074,16.66286439895392,9.33385878261738,27.414841553884752,66.46603999322869
0,2,-0.7708430800664601,38.65531744753288,88.69392684293366,1.612678712477088,1,0,1,0.4375914878423464,0.18845197544455716,0.25777747327200107,0,47.781690173582746,1,1,-4.9790703492468245,18.531607388629666,1,50.41496073788336,4.109212837082411,0,-0.6244680143705138,0.4629876270131978,0,26.035957522968587,10.285545261935072,1.351989166104417,26.295052867100004,66.07539352947774
0,0,0.3314470998912015,53.71010985104852,99.92649894455177,10.744861761074683,1,0,2,0.692896411758848,-1.42225842014462,0.9999991621556009,0,76.6902532088192,3,0,6.899945622737068,2.458432632404899,0,38.73011464498848,9.575435335388464,0,0.7940020005444958,-0.4247390348461009,0,3.951492579741611,38.833701060597065,-1.1146517159979847,39.936858076240895,69.11502372191042
1,1,-0.30793868511118905,35.94714081987016,27.021510595500388,1.769836059735541,0,0,0,0.24619380109913686,1.5753823170765207,0.5677491957494072,1,31.674417199958018,1,1,-0.39997247568855876,2.698525552844891,1,67.03209732850006,1.5800907478312034,1,-0.7701350076266503,-0.0012093888936652937,3,74.83405216322585,14.088845340752414,-4.543830732869363,10.829553707995778,38.84174258021153
0,0,-2.5782234916544,21.05397097855292,60.158592552350655,1.5414992583305622,0,1,2,0.15691068463930258,0.1923450014688276,0.7032612204766723,0,45.2242098573301,0,0,5.095154769747111,0.8723628326656604,1,21.335962675084986,3.9122643222913385,0,1.7078268342527523,-0.45213464453155133,0,33.820150334611526,19.84964758999048,8.700644307385442,13.039607717788236,66.91808518580116
0,0,0.2630269698297604,27.5085000162698,7.698243780239588,1.6464837145191138,0,0,0,0.18131993673742797,-0.09103174336691693,0.3706439750848234,0,22.908735933400443,0,1,-4.986260198077477,0.5671481528038226,0,35.06906005087648,1.4613983284867578,0,-0.35321521642159737,-2.423437825074689,1,85.46789402298569,12.779284661233463,-2.5203731555157827,5.457562733307874,24.83935854081702
0,1,-0.7211370545867297,52.23877660985816,32.02100262795703,1.3567589844451304,1,0,0,0.717382109868885,-0.08063443391193914,0.0758862446895956,1,23.16579046563917,1,1,0.6160485569231398,5.05317452046723,1,43.883453620132926,1.8676854798703049,0,-0.6262077657448265,0.35981469685725326,1,73.3382116014325,10.05015883918257,-1.2029016625252549,11.414629006724429,69.15734306614556
0,0,0.030329813781798606,23.307484999344968,44.84659793597425,3.205642978743206,0,1,1,0.15037488024647788,-0.25499921783633417,0.19817632958663306,0,25.508351682611114,0,1,-9.425641856475542,2.5430085040748662,1,52.42502908591913,2.5738993128624674,0,0.08275591433104158,-0.4349438953720945,1,56.463023953179004,20.825841733009295,2.8146207724403656,2.973619965112966,22.35970934695008
0,0,-1.129038103909724,43.45265004884974,43.0536948656601,1.897825033418059,1,0,0,0.5394359010388633,-2.1287795691572304,0.5628404453009609,1,22.119146490163722,1,0,8.824133331474545,0.8917458027586528,1,61.00881443911832,1.9123885894493131,0,0.3818829314769294,1.1442092633723422,0,68.90350825435675,16.669131819238494,-1.1116361136420778,7.737689809534716,67.11113827739257
1,0,-0.5913559052301078,41.50156580067694,33.10208172676119,2.2323303621441464,1,0,0,0.3904823497772012,0.8124290631127364,0.6072030421404383,1,22.133851083766437,0,0,-6.44608078570827,1.540194181195101,0,56.92718615264448,1.8352162352408623,0,-0.12973153101209126,0.25933950652373317,2,77.75985977778454,19.375112473243597,-5.574488621759203,9.446921793949471,33.135282656007995
0,2,-1.9765572902643878,43.12212868361968,91.18730753685665,1.6891929360191698,1,1,1,0.6117348543608253,-1.5915745268119466,0.5297650237875489,0,59.53980531890592,0,0,-5.482842541080625,10.89969479010034,1,14.907488341797874,4.735531596497543,2,1.17198405477113,1.939374188694993,0,23.844501549113556,14.894955786196693,4.167027624430201,33.301645497875214,68.82095098565651
1,2,-0.2612549574638509,55.58004477539719,67.24944524446916,2.5978978750828468,1,0,0,0.7371091992699146,0.6507361729453655,0.7748081731663707,1,20.34192521551593,1,0,-1.4531026916207601,6.596514113354994,1,70.23725419729595,2.8126537349249343,2,-0.20116705375034258,0.6905108677370095,2,48.55603750400724,9.043545753484075,-4.535729201626402,33.82024256605598,28.086266854099424
0,0,0.011147800358031087,26.019117215012688,59.82565678475681,4.098837191979202,0,1,1,0.17358865022443787,-0.20666293052540596,0.48706386294224124,0,38.86967323339108,0,0,-1.325461987470808,1.6861726650912576,0,44.34291725566879,3.160124825385215,1,-0.1469587594309072,-1.8262870803300388,0,64.27220299431315,31.39870575777124,3.76535783373534,4.480441041729877,35.07746298667347
0,0,0.7331724668963404,36.05840631666711,32.23953512195887,2.445554059230929,0,0,0,0.3624883041340701,-1.037573022849412,0.4563083028390631,0,25.685544131877712,1,0,-0.6265857293262691,1.1252024087831913,0,71.38342609136888,1.8923968244085583,1,-0.6007707689477941,-0.2409659273295052,0,71.26466051869816,13.575576784019088,-0.20485766526755889,2.2573398938525324,25.819098433592156
1,1,-1.5348230811919779,69.62877284851197,3.0846915160572808,2.804175637516474,1,0,0,0.9995023025029458,2.6054699679548037,0.3895649934738491,1,25.206442970605032,2,0,6.1769752798694455,2.9920439034338395,1,73.8370308981129,0.6270678797588825,1,1.404357733090109,0.4493333893635699,3,98.72337210892661,25.790178049792956,-7.823041482456075,18.31983071405972,44.518373224925426
1,2,-0.2284030634482364,69.88811417723235,10.877471966117325,1.9906946519184376,1,0,0,0.9996384839236683,1.453267161896428,0.24195632480774898,1,23.66256570929107,3,0,6.501248443095676,8.881339795874547,0,59.42010447097025,1.1711096834596473,1,-1.0663557612740737,-0.06877272027768874,3,88.34924038443994,9.571426337659911,-9.1696352487951,36.6023036237556,53.10433230049938
0,0,0.35616975760668534,21.479114813846692,97.18740906786888,42.72983503936768,0,1,2,0.12007329164548741,-0.29927396180019034,0.8278150782596787,0,79.9913086453777,0,0,-4.472403946808088,4.662004996060715,1,73.60876926336996,28.598972548261745,0,1.8880655949096568,-0.6671844872138022,0,0.16459575050659647,39.99353858358103,9.986543954669251,31.31892404058524,21.529224143904923
1,0,0.10361525753985955,66.83343145584985,0.9311769500654876,1.243543493217745,1,0,0,0.9464277577408327,0.5682433419637987,0.7307415012570846,1,28.667664372083912,3,1,-7.0940451868787715,0.6208983680814198,1,72.81657873116433,0.8491101832389732,2,-1.3164942997013702,-1.2711715298150847,3,95.70300767479989,7.968469314674791,-6.635263617590091,1.1822405726793517,67.01212421793835
1,1,-0.8326030286181939,57.55241686561152,67.06832685675896,1.739920825668834,1,1,0,0.8222734611876791,0.05616701392867035,0.7681478481823394,0,29.98216998836704,1,0,-7.212816831517634,4.779248247762455,1,62.352227479664144,2.907132126912438,0,0.5209129164391558,-0.38937365064808777,2,45.96302484175421,10.577000687545768,-0.16206262017013628,28.218816654164556,67.20533343630035
1,0,-1.699495010375028,51.03232869520562,13.033492930578117,1.9741871442827597,1,0,0,0.5871321768977271,-2.502666335553318,0.07514480476581636,1,28.793569217819126,1,1,-4.899034130248464,0.9906449163751515,0,11.977903062538925,1.6523448821682651,0,1.0655314747908449,-1.0028434929639312,1,82.78494941115045,19.537355276144577,-1.9657377521412158,23.13764587948796,44.32958687356006
0,1,-0.25487249198131845,45.75969627056046,58.66913906974266,4.219260557801977,1,1,1,0.42711625973790024,1.7751279035478378,0.5598385166434511,0,33.092685405485135,1,0,-6.389612685528673,2.7576024734546265,0,71.92106272304824,3.1129007602799548,0,0.4415818526883611,-0.5634172120638001,1,39.19053357804713,29.046480548656753,1.7096696783599263,19.454817768586867,29.518010631357235
1,0,-0.3152680197680469,58.69835542619174,5.555869796254748,2.439480420903696,1,0,0,0.8616652641059068,-0.07236952056327095,0.1521597345901673,1,17.960656056819964,2,0,3.055662973816986,1.6760070732138195,1,66.91705369612268,1.1332071410895563,2,0.15805400611401998,-0.35453808176649027,3,89.09961669600823,19.49975959400418,-6.3605688598556505,13.2704431406871,51.70378699255435
1,0,0.1254511182382337,19.89047922223982,38.726646029392725,2.244472316166695,0,0,1,0.07609010181241804,0.4940543436748833,0.265851200899337,1,24.514022681102126,1,1,-7.540100619836169,1.1714014161653845,1,8.410927318478665,2.0267764332938962,1,0.8011662115393052,1.0905726136298715,0,71.14444612849526,14.034741679229107,-4.854414242518478,3.8368283968353745,23.244667283236446
0,0,1.5168842480078961,45.532573362912565,47.99455534231469,1.9431607515958012,0,1,0,0.2344941414085055,1.869114215814058,0.11657195337957488,0,44.61501988165936,1,1,-5.03668465334121,1.2962523488315785,0,32.02267871098367,4.172902838265897,0,-1.1995241583597775,-0.971039834368842,0,33.62697434152634,15.086909518903349,6.547195721884769,31.557737428504655,45.8779512537113
0,0,2.6915998135926658,32.000402817525114,57.068702367684324,2.4029457136200154,0,1,1,0.2189715878112709,-0.44151379431732185,0.13813485795645875,0,59.070049508059554,0,1,-1.9433386488824507,2.869593525346034,0,26.222757617246778,5.51622024812528,0,-2.2314486662548623,-0.1868353349032275,0,18.466185212467007,10.224555250085103,9.172990774453435,7.853329164280963,51.369902423006366
1,2,1.6924091860089712,69.46585779255017,19.03855612761357,1.8602186739871893,1,0,0,0.9834846988365715,0.5654322536856589,0.6225720244402064,1,26.77067548340935,3,1,9.987774833225316,12.849620050058126,0,78.87264712982372,0.879093385456377,2,-1.5044619004059039,3.97051913265936,2,89.60458661222309,11.695848672978917,-8.091117632129418,14.18165382715542,50.05974523230698
1,1,-0.04953519765128581,24.47426646127545,68.18218694782125,4.6543908385923585,0,0,1,0.20097803524331087,-0.08615328891500529,0.5738549781008253,1,36.26518310774704,1,1,9.770923339339802,4.421728271480078,1,53.22681527062228,2.4789410503108593,0,-0.02008304481760458,1.138177568201494,1,57.305162621320285,34.31172218345314,-6.4423481481634415,13.444246639280038,43.49775470481716
0,2,-1.4499556888543537,43.90380969702663,89.45075623081016,1.48955699463022,1,0,2,0.5349958483183159,-0.02913397913241937,0.215466425348196,0,43.19563422222586,0,0,-3.792582507534914,4.736646402002713,1,2.053985822949742,4.446594553625474,0,0.33559458033868156,-1.5538987008023666,1,26.321749815910067,18.418429483979775,-1.1718036632154103,39.85818243648039,58.64043786638937
1,1,0.970313823791695,46.95970869957399,67.86971598224878,3.512243025630123,0,1,1,0.31606569638315474,0.6203812704721657,0.4557681040381702,0,34.09158635892162,2,0,-9.109330583211555,2.3700207962827826,0,13.806476610604621,3.3034415807650888,0,-0.2092709011052562,-1.4156317114525492,0,34.7604536869091,16.039473982162658,2.859931604455575,22.794013452833664,26.56508565103944
0,0,0.32889748945362063,20.647305028075976,99.51594363386403,54.598150033144236,0,1,2,0.1459200879469868,-1.2672919997363077,0.7130301992064636,0,79.99999999106366,0,0,-8.029410231753872,1.478608845200639,1,78.39668933159095,54.598150033144236,0,3.536896377037614,-0.4328809775437637,0,0.00030920611415741206,39.99999999240045,9.999993863843223,38.93784577166308,25.778996969537758
1,0,0.17993618343643775,46.636134773139766,4.4226653954482,1.9846301964251476,1,0,0,0.46921148784750366,1.338741735066201,0.4070570933061411,1,30.72365712512004,4,0,6.240011819991857,0.8197004844482744,0,0.026157539760340853,0.9063951968956286,2,0.07606154292412791,0.3750550392087115,3,91.65729517746763,11.072656434974942,-6.474693767825167,3.6636823194053036,63.64237321885016
1,1,0.7275141193253665,51.315002623557135,42.48154187379399,1.8473540343851336,1,0,0,0.5792462037656486,-0.0544848870772984,0.4642805630623974,1,20.9116705356697,1,1,6.867037258831253,2.7312569007330816,0,63.52551336123952,1.7998398669640583,2,-1.9847140243238355,-0.46789491330673494,3,70.88113655548729,6.019444180587001,-6.087004309521856,27.319056138780073,25.96748263302251
0,0,-0.27763076442498397,22.748663798793704,84.57731069325301,8.01275946895842,0,1,2,0.12326799312839076,0.1144834929340634,0.8232440640884241,0,73.04732279753414,1,1,5.016771340697792,0.9057905389905818,1,49.531574307705384,5.476430910326191,1,0.8519076239513996,-0.603021821919002,0,16.080326287774483,38.14385694495296,5.163311513133399,18.902603419898448,42.04408458674229
1,0,0.6395195157806228,51.34421352441027,47.39722274939191,1.7718836309168413,1,1,0,0.5190267815568709,0.14205572444076,0.2629098533927839,0,24.37594715519483,2,0,2.085729462457291,1.745731607145293,1,72.74198561188952,2.562958944609223,2,0.05542710960243784,0.014733621715100061,2,52.92137133619499,6.663733280918138,-3.1857687952052203,21.836783498385707,27.819956955740814
1,2,0.35591342273313015,27.791679318951587,84.73052858946667,15.003471762979792,0,0,2,0.23573671839213667,0.24334616204964216,0.9376373118233274,0,35.36625627789759,3,0,8.176491166315603,7.812942222615866,0,60.38170734469949,3.636807409981185,0,1.6060549369061048,0.016547759225880865,2,29.86484971801684,39.402539733883316,-2.5116716627145905,16.797636364396666,25.06016281604184
0,2,0.7881299816431339,64.88308103097708,62.98833127823189,2.515472402417011,1,1,0,0.854639468390225,-0.17192876463024165,0.4806857723187621,0,41.79855493363515,1,1,3.7392409853978936,1.6872031773770009,0,62.86698086197218,3.5537832798421776,1,-1.652796709431119,-0.05074358222346247,0,39.659305886233966,12.426959459322436,0.8119927498684181,37.60353157759781,63.953287599717584
0,0,-0.14329441502822177,29.523508956008335,71.17815854501006,2.6907142687376546,0,1,2,0.2201506133856569,-0.2254537984906005,0.23860705004614358,0,79.03005642267017,0,0,-6.57259201931503,0.6114022447634457,1,54.494541045796225,9.545921501147875,1,0.004604484733137778,-0.9139029411804546,0,6.320136643645413,17.44050315814186,9.679175612758069,34.86136527812675,69.49798074073264
0,2,-1.06790587505791,28.429584854732077,92.43328592834698,1.7173893536671285,0,1,2,0.1368945185197482,0.6888750389491862,0.7541858958297953,1,51.2847568724321,2,1,-5.199194733351749,8.530772417719982,1,2.597710756505429,3.8992112414202422,0,0.36782462312335634,0.6100004978495254,0,15.707008867313938,12.411040187149132,0.15565127146472335,20.825741972437932,63.93563252508039
1,1,-0.01587571519925143,62.79178784350815,33.24242018041147,2.7211583289811805,1,1,0,0.8277683973419392,1.5219283253974512,0.971146499486609,1,19.02532089989191,4,0,-0.541234819198074,3.514078668695212,1,41.48875937353204,1.8948159487212832,2,0.23741938871568352,-0.17888030507294414,4,66.79278224526544,18.2108322528428,-8.056063009225117,32.146468242505044,46.01156104814014
1,0,-2.6022894604819795,56.33468503772574,18.59614520349521,2.481804495814178,1,0,0,0.8908294234088474,0.06423611369865753,0.3906524339215619,1,17.31875186479181,1,0,3.280104379785749,1.7872833727256752,1,61.22661673116221,1.2287338341270961,0,1.995067183503852,0.09662067555841655,1,80.77959675438176,30.67097981522633,-3.9042165585045865,7.67993526145013,68.15978698647471
0,0,-0.6396530270120647,45.308103142269424,60.434061134578656,1.7860722987342121,1,0,1,0.5280607131633502,1.0820620656636366,0.8382012122884936,1,21.26161370030868,2,0,8.853037775086733,2.9919561349251067,1,59.61921093297618,2.153864575312044,0,-0.2670543455477224,1.5502583770967029,0,58.120838949984254,7.373309804405157,-3.541314747466635,11.276762139550257,52.8166142249748
1,1,-1.6705716626893015,56.30851502306932,23.70441709143919,3.1910008736566557,1,0,0,0.8774899165029293,0.9649531481974569,0.47703031203309293,1,23.004819425109915,2,0,4.434821938550311,4.162302810685679,1,12.094803662036245,1.261487916869933,1,1.3634504957957319,0.3389471578164097,3,79.48209732296408,32.97885001084111,-6.137544878628885,17.864122979531828,61.92323379091366
0,1,-0.08490508628620264,20.816458482793905,94.07851765500261,8.502044168752205,0,1,2,0.10223493895588337,-0.3611702010171916,0.7425830664884803,0,79.49459031272323,0,0,-8.313808983498433,3.391285059310419,1,19.080978886304095,14.285416083633338,0,1.084813629842013,-0.6917049067764544,0,1.5108311520784512,36.685122095889305,9.729415961336247,11.167910693145748,37.94753020874259
0,1,0.07119274724607481,57.704713096401676,58.15167249911717,1.332028938084888,1,1,0,0.8352740373333211,0.13471282986611335,0.5513049869626679,0,35.81672130156936,0,1,0.906838824261504,3.370076781490144,0,63.61638768589913,4.264819141551665,0,-0.2598795037591577,-0.024105906249625234,0,36.62376155964152,2.56277553734235,4.5312021802185996,14.59395221741547,55.15454670561465
0,0,-1.048797214595673,26.49207286068884,67.98993207357724,2.1378048849550604,0,0,1,0.2220475148972102,-1.7926873665611038,0.03507773652173696,1,24.725692930178855,1,1,3.0362909009082344,4.9740825637766415,1,63.63352435641336,2.398827382058182,0,0.6730256001492331,-1.0008932349938697,0,50.1039704039808,18.677017707934272,1.0800024493626932,19.389401146106955,50.89398133741424
0,0,-0.04650487871822961,23.127755357661528,47.750992775106816,6.573045958905487,0,1,1,0.12021462004877564,0.2747522501413036,0.3931506318322495,0,43.15205192383214,0,1,-3.5229605354989175,2.149715790585227,0,43.26348682453733,3.978552121075752,0,1.0906026686132122,-0.04129693413513237,0,37.73709310362951,36.1608305772289,4.299753378137348,3.328579334221078,19.313876356459676
0,0,1.4889651818485952,39.79967406272762,53.14998914177899,1.7773286276660105,0,1,0,0.17991417239314267,1.4699317424241973,0.36649703021703073,0,35.03087406475875,0,1,8.236836979654171,4.166406557867661,0,49.55543097301228,3.03306383802636,0,-1.298619551343798,-1.0653443130048965,1,41.87807757197047,13.37542225323574,2.982022933313555,9.345735903080923,39.29914332193225
1,2,-0.7767535857260404,61.3692347143202,13.765421545475887,1.810906946482258,1,0,0,0.9350232237953842,0.3118433647668157,0.39210955311457735,1,19.023249483795624,3,1,-5.483943416733657,10.159760386829024,1,14.082350724088343,1.1174101002206789,2,0.11855713028221139,-0.46564856272582833,3,88.47826817782534,15.746818578855333,-8.949069060362023,25.02237081944511,26.778954876909133
1,1,0.4677038043325389,61.0546533568156,55.06976236354082,2.435016407622335,1,1,0,0.8031722970243675,0.15893858528781,0.6189159862152479,0,27.359656108235065,3,0,-7.397954258409384,3.3110655177589097,0,7.30439586524354,2.92307572849187,1,-0.7722607906856527,-0.610862142321696,2,46.657665251581605,12.622728590095456,-0.7142611102144709,33.277359628023234,48.849463595883385
1,0,3.4321156054354005,40.10702889377275,15.272232230880611,1.4741441716841057,0,0,0,0.2480117627640548,1.6491671589513073,0.6612180946076048,1,17.855205545213565,2,1,-7.220742241264605,0.963530495377014,0,30.460697246267237,1.26109208922482,0,-2.8060408544360262,0.8709949548966037,1,88.28305556605353,16.056491369033623,-4.9321418443796485,1.4005814698877783,22.372991066651522
0,0,-0.9785266921281456,33.5560549343928,79.58953049645673,5.862927863282482,0,1,1,0.27015797750333015,-0.6170432082640603,0.290154807267629,0,75.56905051270513,0,0,0.6511830316751794,2.0210481591119516,0,72.01537057756795,9.6872327703865,1,1.4521432351923278,-0.2298482173211499,0,6.052223787087662,36.842444616755,9.666641698892452,22.679963336818286,47.6103430635455
1,0,1.2005863657267288,53.75773448843892,40.347724830418855,2.697554515957382,0,1,0,0.509827596118709,-0.5595578547667482,0.9098752514754873,0,22.655987103312523,2,1,-4.600639375179274,2.313819200727411,0,63.7155494149232,2.5167508458364125,2,-0.8986407869562566,-1.897908589202,2,53.998510013636114,11.162357537074639,-1.9128743187089032,10.950258027578087,47.20064831815962
1,2,-0.7720832667665309,50.7672428846086,39.85878719248081,1.952427195738128,1,0,0,0.6612968607593729,0.10546893920409929,0.49355548446896114,1,30.00279526885369,4,1,-5.984049613824618,13.156275146970238,1,25.633864094686494,2.0086683270219243,1,-0.15359689936468235,-0.35862216205855874,3,62.72009216286924,15.075279183106144,-2.734618631918801,12.955176875658092,53.84004831802995
0,1,0.32259358245770237,33.62715375513027,47.22706075305454,1.538599007128046,0,1,1,0.20550065451645194,-0.3179868986116399,0.3432086179270173,0,22.43464255225725,0,1,6.932103917255578,2.014777962940456,1,39.15595239884694,3.032093725235729,1,-0.29567662389817206,-0.2928549527857442,1,52.454928225559314,9.633268104862312,0.4453523319880315,9.988139257856428,31.58116747056173
1,0,0.24144986547005293,57.09395116039316,17.21068786213672,2.1115043040590455,1,0,0,0.7337111255751009,2.7112573450995123,0.5907449210067564,1,29.603556818564325,3,0,7.413126398607439,5.434140904671374,0,39.239456277634496,1.396447863221865,0,-0.2349506171104395,-0.23712123060262733,3,83.92668248050275,11.080273393250744,-7.405226446472613,14.656232267064695,36.275733789138364
0,0,0.08994446080272847,24.869504422718553,76.94030546742567,3.587878141910274,0,1,2,0.12299188233051084,-1.5352442575224354,0.6708668568377778,0,53.21846215896584,0,0,2.3506539086792007,1.981090146628585,1,46.497591835051026,4.335111058618342,0,0.22563312727884421,-2.1437151792058753,0,23.322900288696164,27.689120613623427,4.584430020340996,7.408336096186114,38.70264870649962
1,0,0.43313375288171074,18.24328486983638,88.87955368773004,21.611915670692472,0,1,2,0.13024421035321881,-0.2674142798099605,0.5258994045271445,0,66.24238388332013,1,0,-7.659309390790839,1.4903174469750606,0,0.5514416268666267,6.4341320404785005,0,1.6164079848561086,-1.8483169366657173,2,13.131979620691164,39.79951484180964,2.81515738652741,30.364132055942274,22.113335961612247
0,2,1.4938705967748351,59.55099240914405,41.79687382374546,2.6214026288546206,1,0,0,0.6883370171384003,-0.9234560250538617,0.3507640379758963,1,22.454613663386564,2,0,9.568440417620007,10.198225848238357,0,31.975647040424263,1.9328243519788684,0,-1.0764144217644118,1.5876400459709206,1,70.1814646632664,9.138748222080086,-4.558936137216282,20.65201863230067,44.942005646415566
1,0,-1.0645296922582514,60.83420469800902,2.561568316733309,0.7811176437781886,1,1,0,0.8897157868985757,-0.36299284547424754,0.47217374430198716,0,19.788903191553647,1,1,0.6099135135721916,0.7097440191090758,1,20.949056495185552,0.9021823929334436,2,0.5459946026620047,1.7087800170379177,3,91.60123681543497,11.361203233439499,-6.895135408194229,8.752851035915372,60.623291407884466
0,0,-0.25332222061335313,31.579928296015567,79.66677750813813,9.674569957353357,0,1,1,0.27463299228042504,-0.8447965322398481,0.7358112893366481,0,68.80248894903838,0,1,-3.6178334432756465,0.9148103744776759,1,74.14115208683486,6.872664243348038,1,1.5756217181758552,1.2930786263652942,0,13.251026659293231,38.482128142906724,6.748204988958676,24.613451410721495,27.55719643563956
0,2,0.21907411122608525,43.24430706561737,81.85795554312763,7.048107168662098,0,1,1,0.4030099710696824,-0.42886234787595984,0.3180847087920208,0,47.51092914086751,1,0,-9.976162648153052,6.41527006593712,0,54.86451429710266,3.8587400029102645,1,0.9276708604159596,0.39327582153139545,2,19.958417291830216,33.02357749412709,3.6017946456310757,36.70531109438512,28.950378254114867
1,1,-0.30647116664734514,44.8051545535742,55.721481770087046,0.9852978463244589,1,1,0,0.363141955516855,1.6473485352892507,0.6296106541829447,0,23.03109646160454,1,1,9.348153527842044,2.6474339611468567,1,52.5991609012575,2.4760590036141505,0,-0.4905448745108066,0.14511954864404572,1,47.05114604013985,11.619197713674145,-0.33936526580560056,22.584308595402955,26.036062371832962
1,2,0.30674937405822067,61.44262594732605,65.28396256160518,2.2236765265831977,1,0,0,0.8346091568385938,0.6660067386734827,0.49675408481054734,1,19.23405984815048,3,1,-4.971134712757018,10.263362337694137,0,18.353470948459968,2.6889326647627203,1,-0.1395748634769372,-0.8191362566530394,2,47.02339367784579,12.406489319569044,-5.680364532363145,37.318087308686614,33.09134650869536
1,0,0.16410686042232026,22.374562135296383,21.29470519849394,2.7492519928432095,0,0,1,0.13279543894580542,1.229599344546913,0.38611102292528954,0,25.345601201266703,2,0,-3.6806526219286972,0.5138728095667258,1,44.250408002354945,1.2709597671476336,1,0.5540788557471066,0.0010595925440260473,3,77.32547079474152,15.743419296823317,-4.80317281330654,5.740150728581392,22.775690932382354
1,1,-0.1013620454093199,68.13559805772755,16.911964759975557,1.5520497190400215,1,0,0,0.9752065838517681,-0.3839424429337878,0.3702674504367798,1,19.62684118551177,0,0,9.856318087829713,3.6220039139621827,0,69.05535414714615,1.0289416358134296,0,-0.45669106055884395,1.3159754675086444,2,87.45646586973604,14.466193286009567,-6.724790585052918,24.640073458077055,66.5534780586982
0,0,1.1050663308340944,38.782162478982066,58.96936900238343,1.5072048752457579,1,0,1,0.41099448626942325,-0.6910320687288593,0.6659715350845663,0,20.507987168760774,0,1,4.541714514815844,2.17081254370461,0,27.07437711884916,2.0796167420745,1,-1.470946486055505,-0.02635137159636481,0,56.97585149780503,7.925121200681897,-1.7487495341802344,5.8153147156657115,53.37769614145231
0,2,1.966281089027778,63.83470269405622,61.97045458511939,1.558398427194097,1,1,0,0.790898446250541,-0.2985104327860325,0.42109594942958756,0,38.933148725453634,2,1,1.4105383504492828,7.626820359123907,0,50.743381165342775,3.7910682188939324,1,-2.5015223294413915,-0.3478054465968204,0,34.336086574922895,8.905472037875441,5.580392642959673,18.27143722125576,42.73786407030992
1,0,0.4928501476841317,60.12294189265747,3.448264295269693,2.132861461575328,1,0,0,0.7518688695201254,3.6525153326740263,0.22574613135625465,1,22.689971871740706,4,0,-1.834956991725834,1.5073635400422525,0,2.6573197449907715,1.0103800697670922,0,-0.5980497503539999,-0.34562729944726167,3,91.93591223694663,7.439607909888039,-7.085132115448898,12.75966608711846,31.221127784504386
0,0,-1.540870570704059,21.946807671914904,59.95580053608053,1.74287418391625,0,0,1,0.1024942735747521,-0.5916640450552378,0.3158825783677155,1,20.642156558440085,1,0,9.621274387884021,1.730755783779427,1,9.231316160281207,2.6516967842326404,0,0.8710752558025713,-0.292517282444401,1,45.19364294563698,18.08003601027973,-3.0892227190724526,10.355322203543409,45.19233733211769
1,1,0.5088593028157984,34.6718439290687,32.51192214770174,1.8921094730335244,0,0,0,0.19173571612971385,0.044544399181075174,0.3792542902798583,1,22.91403955815289,1,1,9.878575573796027,2.023972813779931,1,14.515181769555383,1.6162109466667538,2,-0.2612735593508843,2.0625581642565978,2,80.11987991046614,8.623539226538039,-6.822729848597701,8.90520345520612,30.754551171027124
1,0,-0.7653719521452373,46.87562802167032,21.447812689299717,1.4746295172711612,1,1,0,0.7071153690483054,1.3728277633623334,0.20776633093201413,0,31.4072884266798,2,1,0.4616844585542168,0.999084630349676,1,29.577982567956376,2.023619788976652,1,0.4330319149525972,-0.3921797583792304,2,74.02633531153656,6.19607179177549,1.0447365788461642,27.362824821203716,48.88696887113905
1,0,0.5186020967262511,69.45000250550066,5.510701292688413,1.7293655624813227,1,0,0,0.9959491836855643,-0.8957988591373848,0.03812680058357781,1,19.094907110905734,3,0,6.474195840742578,3.194617829785333,0,40.17141114402701,0.9076591342146499,1,-1.3417057990561552,0.20827988684130397,2,93.06458646552443,12.354649199270256,-5.194220798215506,26.164158282409584,69.99882378948499
1,1,-0.3318666937687444,46.833223669841914,19.3869332726725,1.7628601165036422,1,0,0,0.45881324942040064,-1.7761603596028912,0.4477110575525951,1,23.336116576747578,3,0,9.961718544997265,5.3871721937563,0,26.08361803825862,1.0386937139810521,0,0.10530679282604741,4.316977050674995,2,89.55268280514646,10.719961251362825,-8.329951881930386,4.1766685830125105,25.374203034307087
0,0,0.21813177912353915,55.7787487218124,46.79397819994773,2.061951237497184,1,0,0,0.7849764306964345,-0.7833925717060525,0.36936685352507304,1,22.012427696973056,1,1,9.684089108895286,2.4294453898255988,0,16.744814580113072,1.5837966369608467,0,-0.9854643230252129,3.772484901299328,1,68.9285071821677,9.949605307410106,-2.6593033018395467,16.675384086778912,52.01143072263585
1,1,0.420889402821827,40.01372652611566,47.54489875114796,2.048233088756408,0,1,0,0.23259495340051994,0.07247542385765003,0.19155665883805284,0,22.387759043752745,0,1,4.246999197879992,2.3385587836336352,1,60.960178627516,2.308438705411717,0,-0.4155737603177417,-0.07718270020041675,1,54.741630646370886,8.07444476937145,-0.8004526241169465,27.44981609520853,25.91910372047869
1,0,0.2660606782291489,59.003311284298505,1.2970907933482545,1.9290251931580868,1,0,0,0.8071739951776735,0.15746761600044507,0.19176614573539136,1,29.359727962550323,1,0,2.2480548453997624,0.7774728238105166,1,18.50419725951527,0.622408624294844,2,-1.043512019478767,-0.2741209053083493,2,96.62700317152341,16.600838207717498,-8.458668149312741,5.854562172474729,60.786753024580285
0,0,0.1267830436575819,25.203482897106515,84.05981753868863,12.458175323461923,0,1,2,0.11582128817969173,-0.4696235868704876,0.7166275598304486,0,52.82953324282555,1,0,-0.8427461454105618,2.1842352299260797,0,18.997771315401238,4.748582246614852,0,0.4720958358082178,-0.9243025363516738,1,21.726621435954762,38.98083344909778,1.814307154473525,25.74524515259394,21.556099256839666
0,1,-0.01219703431117438,57.207380454651386,45.2374541023785,1.2437199446956198,1,0,0,0.6835653929664531,-0.3715603772775477,0.7114903684742466,0,23.12072221102361,0,1,-0.720250887736837,3.616016654425885,0,12.32342979005157,2.072367152411281,0,-0.6649189585979421,-1.5824483717281126,2,62.9715115494018,6.29140026185693,-1.7085794431545605,9.089825907211274,67.13644439763905
1,0,-1.6099480275098994,38.42001751208232,62.07424897403473,2.5621390185466333,0,0,0,0.35135446356940525,-1.235411962806764,0.8608340413947879,1,18.293088022223927,3,0,4.30852624243415,2.4326406454341694,1,22.761602572498212,3.025661836380646,1,1.3879795966852988,-0.07990617863787779,2,52.223336086908944,26.300519167804836,-5.2053711771943965,26.06886781070098,50.957331388963375
1,1,-1.3261905122279984,58.55730212202824,54.66282120969114,2.7452891435742752,1,1,0,0.8994138788637651,-1.6390823529243372,0.8699314661638323,1,21.86550175877313,0,0,1.2681942466486582,4.621223715854382,1,26.982361936255607,2.3997778782191888,0,1.6442661244175436,-0.4936522998625423,2,54.61992878951554,23.152954555009853,-4.6045687645494,32.605770706519756,55.30347854452269
0,0,-0.23728904591626546,55.5481527400664,36.442481847326555,1.4306318443100514,1,1,0,0.6840678615947462,0.5905863924007988,0.5718326891007696,0,17.738831380541885,0,1,-6.114757290587745,2.542754554779891,0,69.07283283755197,2.487767788949632,0,-0.2410494130925563,-0.11086984559397915,0,59.14684024285535,10.754848616497132,0.49618500428782575,8.853489003599798,66.95767477647861
0,0,0.7268187501713645,39.444260921777406,29.028096347884098,1.3518984009614894,0,1,0,0.2951726679105852,0.2935639365575253,0.18096261092412008,0,22.598878722517703,1,1,-8.256374437701158,0.5431260166175902,0,73.66796356374367,1.8792721642995576,0,-0.7208376602694777,-0.8347679210102376,0,70.69114745397242,9.340732673878216,0.9547253854974773,13.136897339552585,41.46419191992176
0,0,1.8757204663087788,24.360105813107932,59.83337512941568,6.724244634592056,0,1,2,0.140844890064785,1.2628868456334696,0.4078082735569696,0,74.80522041697311,0,0,9.423555264495963,0.7108262191784533,0,39.249284709488165,8.769406481190309,0,-0.7290371563413007,-0.2359858277822974,0,9.81967224533502,27.90820062471785,9.804758319656926,5.331895325123557,24.29129031722392
0,0,-1.3769116096700227,39.71753683001892,64.22944437902729,1.3920986518662406,1,0,1,0.38141672500347107,0.0670410644403757,0.8711008229909656,0,25.45943601748359,0,1,-9.31170755647652,1.2988111944908924,1,56.098250753502406,2.634465974382005,0,-1.380481072751519,-0.447796970394832,0,49.605358716926155,8.275524273208731,-1.456496095470797,11.946517237294913,64.31156653373706
0,0,-0.7372112266601498,24.068333051159694,92.72675773677561,2.2428543530523957,0,0,2,0.12024745536214793,-0.29218594959542776,0.610015090905116,0,54.65481130318366,0,0,5.1067397165866275,1.5168360740526425,1,0.018137711706724957,4.267296279063902,0,0.46295897400799824,-0.3534405657398834,1,19.97408499820684,20.74864731064112,0.10281557807688202,37.70343737606679,66.37090147477676
1,1,0.2171397625875013,59.78521488429145,5.128377006810759,1.486485312147498,1,0,0,0.71120341190796,1.1374459940660586,0.020201650593503206,1,31.721328118136583,1,1,1.787478933558976,2.1528080447546483,1,33.42718544374503,0.9172855457003004,0,0.4427707808040401,0.12942854508882215,3,90.35526763213869,7.16774792821727,-3.1217855568473123,17.02347498221665,57.46533560359538
1,0,-0.027161663627910487,40.699300365636205,31.185897393373857,2.0649443929382643,1,1,1,0.38211177116954037,0.5295424286495891,0.4725057270245678,1,21.363149924434435,3,0,4.046982544509108,0.7366571149912211,1,53.54284680446766,1.7497542581166243,1,0.0660182115070407,0.1512999931272453,2,67.49279057154578,9.151011812816925,-2.1902184925903656,2.3938467649713324,61.118152773457766
0,2,-0.6713944814749357,34.59751181763807,79.95978863381995,1.4856286089345465,0,1,1,0.2834883352129912,-0.41560144709735164,0.31388541687325067,0,68.80560480153596,0,1,-6.107522870707457,4.664642846589887,1,6.391941854484964,5.642420520921978,1,0.37773510286321427,-0.05955779289496789,0,20.262571809761344,11.3795281470683,7.455064250116102,24.343303394370416,63.31622512786855
1,1,0.028832139277587657,24.718476270337522,83.69158234887702,6.893935859820757,0,1,2,0.1870315767995555,-0.4991883387057026,0.9557614884858572,0,61.248492128270236,0,0,8.43933308222735,4.052944144378574,1,43.74700308068141,4.849119157378087,2,1.1774471564820344,-0.41403192242352355,2,23.822889373786648,35.20595911625389,0.9432203206632028,10.791222645010428,21.812826205710557
1,1,-0.7463368937922169,57.676346267625284,39.26744659754791,1.9368025850279513,1,1,0,0.7214217018654357,-1.6243759671783995,0.411852091285271,0,30.666837470732187,4,1,5.530694172956723,6.1806251084035,0,15.301654375543162,2.246253552356323,0,0.5601556761745055,-0.030860189206434428,3,67.08502693405818,13.954957488619383,-1.749123960341974,18.518364042598293,64.0605790262972
1,0,-2.8860295934882436,58.64508643945558,48.47192167237166,4.471085642395583,1,1,0,0.9597922431465855,0.08095723120462654,0.23881911279341922,0,18.87352514092369,0,0,7.369547438815708,2.1873124709359613,1,59.718793874274354,2.467655581305051,0,1.4647684014092945,-0.0002176102253087037,1,56.35297825563648,37.543387164371865,-0.18054351233813293,38.67928823171101,69.96425554790184
0,0,0.5124669513984134,22.864299008780144,91.45433597453409,8.573084051684877,0,1,2,0.20172231927809492,-0.058228227502048355,0.4672484627962069,0,78.80923466987528,0,1,-7.616151513818571,2.2197694025076005,1,31.2069612581549,12.569803768612449,0,0.7892814488377097,-0.6632498803354496,0,3.9667222048338227,34.93396537370987,9.496462871435075,29.50424277186418,36.97452558258545
0,1,-0.6993550303113121,27.09303761908441,72.11364526518688,1.334884882351593,0,0,2,0.17333271423106544,0.6627247453254769,0.3367325438051131,1,31.606492422077743,2,0,9.355667102482407,3.118588425220486,1,2.4169646900100794,2.703697389431456,0,-0.5712863467722348,1.2621181529649457,0,49.20772720307083,17.669836644301256,-3.061807996975274,23.484562169160803,40.69818469037945
1,1,0.1598563061811026,64.40964453480602,39.83527490644385,1.9157043274564707,1,1,0,0.8842512722801263,0.8714782811012132,0.494442236437767,0,29.335921807980633,3,1,-8.711055080609166,3.1316861136103578,1,40.066565470714664,1.9360276465941217,0,-0.11477989138553578,-0.7028301880947295,2,59.85081273036694,14.264282220680064,-3.146979427449801,32.09946204921284,69.43376013829754
0,2,1.4628158651644494,41.86469321382788,62.36976073703158,2.7351668731943675,0,1,1,0.27723844670840136,-0.3923511777837518,0.5236049246219665,0,40.82180783920996,0,0,-7.75937546453221,4.795093225005174,0,48.190477338281774,3.5369353602608102,1,-0.9323245488613244,-0.08912885229054203,0,38.810488782300155,10.461413558544725,1.3985235028300647,15.154148458586366,26.05995201404334
0,0,2.265810677462172,50.99635971974287,95.30029680366667,4.903548478141285,0,1,2,0.4114147827018005,-1.5499101332195806,0.9257776061088163,0,65.43745524248621,0,1,8.258688613003685,1.8624171403559755,0,69.65116945669111,5.70413075480808,0,-1.367392897113268,-1.095553781541296,0,13.015221329935544,15.844540050554148,5.081307564453299,16.784546625091224,61.0348062143684
0,2,0.9969736887946725,46.09082908378882,73.85886464676497,3.3005381125844933,1,0,1,0.38364007124711214,0.10599952718000762,0.35997675130806683,0,31.637533080081496,1,0,-2.214759654267267,4.275229720392075,0,39.605504436393076,3.147235378749264,0,-0.2832690943954612,-0.15082519711146503,1,42.20660598430521,11.855272954635192,-4.00397335267503,36.9374151851457,21.05173603711914
0,1,-0.19224544904606222,55.11670346917048,50.78614972436994,1.7987012893148926,1,1,0,0.6981502842571862,-0.3630090802655149,0.4797801901315728,0,19.529101648792842,0,0,-3.8810174092675176,4.699350316138377,1,45.43724374136589,2.49023270762994,1,-0.12148197845978453,-0.13073793386324226,0,53.76608391007429,10.493115283831242,-2.280727976523326,11.47953141705943,59.30463081897552
0,0,-0.08947862557847294,18.071035149599826,94.35493837045341,41.14597519150656,0,1,2,0.041323972935643605,-0.7146994030828921,0.47434865592171954,0,79.99352549545277,0,1,-3.8679530147930823,1.1499283770602393,1,3.777374556632167,26.68718637500418,0,2.7788854564454755,-0.4672354472125362,0,0.21748790488913539,39.997801385696086,9.980626561860944,16.695578782545848,25.906610923431337
0,0,0.3655828014838345,31.98649213358641,72.4637137304108,3.061735283263354,0,1,1,0.15517997789755433,-0.8666739691101724,0.08887683371354715,0,70.03607832614352,0,1,-2.4879979665730714,6.768494048128794,1,44.091772075622224,5.98085365455046,2,0.10719989619104131,-1.0532912620900143,0,14.737668657657405,17.888096509362597,8.09969883888849,23.705705018573052,44.7218094941657
1,2,0.10152148619274112,58.13924989289039,7.434190761852783,2.8060551780842387,1,0,0,0.6971387067992201,0.3985749634283892,0.19546979204407994,1,23.53092436332146,3,0,-4.573750007124171,4.2687816889606385,1,50.68750295629029,1.1983011838544237,2,0.16542335024133817,-0.11125777263633756,4,88.73822585010154,24.2294357669315,-6.676448928848586,17.021740128822074,24.456750946285993
1,0,-0.23607786677035467,42.55245424084376,44.44032903231003,2.3980066320576228,0,1,0,0.3529634169296432,-0.3785830712003705,0.4194329479430499,1,33.91593280773696,1,0,-4.37785086640698,1.1276981456251758,1,47.82358461615544,2.3167857233975537,2,0.04213750715494563,0.6138312913975973,3,57.84618821873708,14.217844097311119,-2.9928370523301675,33.48352126200461,59.27039805658079
0,0,-0.7272678186981721,31.857306667914123,84.34984944348724,5.047987497833923,0,1,1,0.18389588751850883,-0.3401802936012012,0.6940285779327987,0,78.92678958880202,0,1,3.817193519325432,1.3763067389329227,0,67.42794671006169,13.788404671976199,0,0.8397774670601139,-0.4689215131307973,0,2.744620717972557,33.201808105374795,9.89587109246434,20.494899849341188,62.15062922922062
1,0,-0.6843244037668009,35.2151188771418,46.22666340088425,2.6875235608048795,0,0,1,0.3191209589137396,0.12359407923205587,0.7605978664942404,1,36.217128796826884,2,0,8.12221105136851,1.6506560868554485,0,40.1391218119807,2.199466894188012,0,0.251321023652221,0.38547811356183864,1,63.719438908228135,22.332505098846887,-4.3426410257578665,7.513264779420695,31.75698232586373
0,0,-0.7791470482469323,22.658677164809674,68.75168495645532,4.735010034252387,0,1,2,0.1040557292701264,-0.8275318953127949,0.7882907066236009,0,46.131012662794326,0,0,-9.5252915836316,0.8721331858294722,1,62.23573411599787,4.322603162449713,0,1.2509456440639293,0.4226863587905853,0,31.147904913322165,30.406344745342288,4.220487832478357,7.13419691941418,42.33957355555786
1,2,1.6684777673866726,69.8200725870838,38.38070256211034,2.0646064106366846,1,0,0,0.9962597004794637,1.4512024490204352,0.4094165171512082,1,23.471876180928394,2,0,4.197692706661876,15.377604139708922,0,73.44391868937755,1.9756495754931076,0,-1.4507716956185954,0.1870208019730566,2,69.5348627895456,9.577837351686028,-6.185587359935052,36.85935040222497,43.16642717902988
1,1,-1.5774878185102865,50.932504412121126,35.035696520778295,1.841752406008191,1,1,0,0.6944035909947659,-0.22486450904762736,0.5060682298744394,0,23.98260287524181,1,1,7.209491131397684,4.262131589091957,1,54.81665092931051,2.030708642141767,1,0.8581637078800093,-0.662807321700881,1,64.20501728498179,10.937036352039037,-0.4599798524976588,10.44456191117106,53.63524537629441
0,1,-0.5604366028992602,34.13235977458723,84.51492342209016,2.995269322799249,0,1,1,0.24376513719549886,-0.24797879785474966,0.2497773666513719,0,79.75154600704515,0,0,-9.204116188990707,3.475580488483334,0,13.40165244473226,15.79409234195757,0,0.31082931371321176,-0.2344683723209489,0,0.8144353867158727,21.642550098799376,9.958439499609216,27.93346087961593,55.93771200581985
0,0,0.4829174568248365,25.647773982692037,45.51731605431796,2.0251787258899254,0,1,1,0.2510469634987227,-0.5672874275258871,0.5659838370581902,0,18.87073753642724,0,0,-9.026754774000217,1.4151662739538027,0,17.623519791138925,2.469570546739771,0,-1.341260481999879,-0.30536687239680066,0,56.21556498496889,11.687041564604264,-1.0116606160162895,2.9088291110527997,30.3632597950164
1,0,0.4028076330023014,37.116047615759484,8.5333855420342,2.9008702000169646,0,0,0,0.30626172314471256,0.6994560376645315,0.06798768413975231,1,24.238150340393076,3,0,-7.627979104475239,0.8732681703044078,0,8.82123957457448,1.0990202542115155,2,0.0148815522199835,0.09384717910908032,2,86.27126979666943,14.693423028088365,-6.781218576247804,15.383283874209114,32.665780495197104
0,1,-0.04687929950972058,24.370206218846477,71.77281440157721,7.796903336807677,0,1,2,0.1973449359453358,-0.9184706043767942,0.3495591489998888,0,68.39386357558536,0,0,-4.573650713038838,2.8678090267285863,1,67.02553084556111,6.0949916951452625,1,0.8485861924078627,-0.8460649037617941,0,19.2367368204142,36.31331928537003,6.821892608471089,5.922980617756557,27.529083128401734
1,0,-0.4232169241592679,24.926978660647194,41.24183761795164,2.0590207684636934,0,1,1,0.216715553756131,0.08555771309001005,0.19777004479230392,0,21.283103449497656,1,0,-4.56985241795728,2.196750355707441,1,42.04291871798204,2.5453854792498394,0,0.11091972228977792,1.294929212145756,2,42.10613041252922,13.799234038249516,-1.137898189807398,10.186621078935246,31.986021723762235
0,1,-0.7551877268647303,41.01608918563689,92.0009247762713,3.5408601026037863,0,1,1,0.39090100970127084,-0.9844396502562961,0.4073097442111974,0,76.14547035905116,0,0,8.859286185698743,10.313948165558674,1,66.22188741476673,7.439307985823596,2,0.9053062113825149,-0.6786238099807936,0,10.003208008108565,33.089349563848145,8.014004453479835,36.96442417602331,60.81747894483432
0,1,-0.9164204669476105,20.641747080802272,84.35320212306837,2.2679506644122878,0,0,2,0.1504004310750604,-0.8484195385309997,0.5505307466977588,0,38.99435471875725,2,0,3.2678950197789653,3.145300448388427,0,0.0006328950505629649,2.8997732224696593,0,0.1513498436644429,0.08317555383913065,1,32.48744957849482,18.128893164738788,-1.948460600550737,21.705716154246293,36.75886101466543
0,0,-0.32746154906371516,22.39903743186342,91.58920517548658,11.937678107335694,0,0,2,0.19037007064966094,1.0646194684798416,0.9982078824536615,0,56.29156980545703,3,0,9.856447398036394,2.0277172212911845,0,32.79271009213343,4.304652315066854,1,2.1751116212866455,0.23971594933640383,2,20.68805522989461,39.167302636556265,-2.665364798790093,13.435549438855618,47.11674498215596
0,0,0.036941295861131554,25.236815510815873,85.88552822036273,5.316247487751146,0,1,2,0.13346799823817673,-0.5464396517846329,0.3439004877414531,0,78.3613240918618,0,1,-8.09466687649268,3.208517742849061,1,35.94548891023257,12.443101436748792,1,0.9231388799648744,-0.05748105731555031,0,11.286307223237818,32.5955777315908,9.773776488159562,17.95348652218034,35.06484778284869
1,1,1.4102180949101775,61.13089657259105,13.161683722891187,1.3647398285288108,1,0,0,0.7597531753600053,0.028674228605668758,0.8117503422703667,1,23.07122310647614,1,1,-8.31534399501375,1.9717343496601754,0,60.74619950775137,1.224399480634815,2,-1.2087970278161833,0.029623783757545697,4,86.60896130979346,10.61143839556635,-6.451061066786248,16.40338148326735,22.582938122537914
0,2,0.11898242656221944,24.142989059456305,93.94151587431831,9.600727485805509,0,1,2,0.17127955100361125,0.365893180474177,0.6482142735718891,0,72.1347829536804,1,0,-0.25318089370964714,6.709120001713991,1,38.905149943251025,7.161865607098244,0,0.6014692272533462,0.4676166398472022,0,8.989597953605127,37.86776041078347,5.582879121006572,22.406140559711353,44.65069650058254
1,0,0.5114303310015526,60.742041741690876,45.593533802126366,3.013387941793437,1,0,0,0.790650851810593,-0.43084549713704634,0.5470896487586075,1,22.944757326114647,1,0,-2.4379337380372847,2.380841832633682,0,44.45404415461128,2.0165867716939916,2,0.4135806414053324,-0.2568638343998985,3,61.27191730325141,16.752246070985585,-4.62152760349041,37.37983351359853,53.916994387413325
0,0,-0.9291907071768966,45.181869638165274,49.75485346330423,1.360082123837272,1,1,0,0.5143469916637252,-0.3891932120511665,0.4150920318015179,0,20.676382154368977,1,0,-9.279601400379768,3.2111793614113218,1,74.46321031389849,2.671351682496924,0,0.07262524749786795,-0.5311327408579181,1,30.789201983964638,11.482994119042596,-1.6481861664463153,22.87905503328603,37.358587831809224
1,0,-1.2924689607895452,30.07750566116797,68.34097473850915,1.584791252353253,0,0,1,0.20428477215440816,-0.6636288937841456,0.7841744321206523,1,18.838813110023125,1,0,1.6245929019565288,2.576800860088009,1,30.23714243188232,2.2574788722044077,2,-0.52005303502718,1.5362604343301967,1,58.09979455071203,10.649786024885435,-5.738780868729587,20.234279846622833,41.038881728732704
0,0,0.10639468967135035,57.24199706630674,17.17007817845821,3.0448509866814115,1,0,0,0.7028898537476991,-3.0838803439201095,0.30805983605551845,0,19.67588379187463,1,0,2.8828033197049265,0.8785676981689406,0,42.603561716575584,1.6093658899877186,0,-0.04658823711789415,2.506467914207129,0,81.68633056729027,20.33806201213844,-1.5419355284196854,7.959882217215082,63.61275892677721
1,0,-1.0429972635919222,28.050332138387734,15.870510646663671,1.9281868863173564,0,1,0,0.1376464320529619,-0.07882018405670566,0.0031214792230667143,0,21.37802263383694,1,0,5.624133884219498,0.6656860741282954,1,13.568870502723298,1.5534362247441893,0,0.678474577469726,-0.9151190531658171,1,79.07170267831194,16.37688021410108,0.5266589402179847,20.455265342881376,62.586335878035
1,2,-0.7846850414316084,43.84134767525802,57.81997637647871,1.8246663089671462,1,0,0,0.521034747917559,1.4437589503519541,0.5759400938987127,1,21.58041109768497,2,0,2.6727693768562037,7.119288787915874,1,24.861426168034004,2.2980259577770816,0,0.18826992164715045,-0.7169454418939555,2,59.638558940138786,9.887486581955137,-1.931641257290055,18.46100734344512,46.34040975505611
1,0,-1.2345596959692748,31.118607125898286,53.59497004474388,1.5816572603431627,0,0,1,0.200531935306403,0.6147011836482887,0.3141615688388243,1,19.479824089275667,2,0,-7.659779894852315,4.805230368641362,1,8.353369625451998,2.170756944729269,1,1.0241385206796818,0.6462195293240179,1,57.93838127720539,14.79594542847126,-2.9369299404436733,12.036351509128387,65.47711977137322
0,0,-0.6904080638965898,19.912388707280048,58.99121164810883,9.90474683717695,0,1,2,0.10044906755667121,0.8229571298781753,0.2326317331693593,0,76.03485146108626,0,0,-8.945422595255485,1.8840533943449136,1,46.14135082591552,10.838180739357723,0,1.791116672289859,-0.172427829965767,0,5.987737404975324,38.3376053923558,9.852569551355298,4.083844995224051,21.187244921826434
1,2,-0.03606239190086879,57.684190506111875,17.79767305856558,1.7474901738044197,1,0,0,0.8357913848278284,-1.4844833187837305,0.17859731711633725,1,27.647136845129644,2,1,9.51221466999856,4.795070792299811,0,12.245080262189365,1.2498818098581699,1,-0.22770681225030498,1.1094335372104447,2,84.16870296016545,8.435596759840315,-5.12224249417225,11.721815280017749,42.22482783001814
0,0,0.2581771111920263,33.82603891965476,53.23584784412373,1.979617099961928,0,1,1,0.3496849451785763,0.09950610157686599,0.5027006165039665,0,37.103593037296676,0,1,-0.7788708798146491,1.290967331770238,0,34.36658370647392,3.6423750358631524,2,-0.4365724383598371,1.2014796067908353,0,34.09029979882079,5.440915553450292,5.34462315839809,10.03794133407542,27.462483493152206
0,0,0.5514765196856551,24.861539488483213,37.98903454504049,1.6238729549468203,0,0,1,0.18208084824105242,-1.001215117251839,0.320065553325223,0,19.188404519545095,1,1,-0.34962213641398776,0.9232499713945087,0,7.1469807804141094,2.170180724944499,2,-1.1117504537405307,-0.7581790951804851,1,63.99070292722816,10.627955012873244,-1.9418820361479927,6.292768001551783,31.645837271549006
1,0,-0.28144988789796177,33.55930883347417,50.50196760634326,1.980558300137854,0,0,1,0.28208399929619,0.5170710605648198,0.36777240606474937,1,26.637865478263603,2,1,-5.498962171709284,1.974641168623199,0,39.253317105731426,1.7377816912718778,0,0.33971000199451207,1.2113119549133178,2,64.84177120090632,8.3839534219113,-4.53527157384155,20.952463386517,31.570626434835763
1,2,0.36732945416870194,31.867896622742457,77.54201731539354,4.379110655347465,0,0,1,0.2011847108014022,-0.220009976793255,0.7334161161073274,0,33.9060087832372,1,0,8.996555616995877,3.042187588691302,1,28.179194563866208,2.5915746160782867,0,1.297322024911199,-0.4060655881276047,1,19.92628728139753,18.77598350291135,-5.161884597792775,32.353427346274806,22.155998666087513
1,0,-0.22133527628402255,33.43460908365221,1.6656839072637375,1.7827254626373066,0,1,0,0.22034443423197386,0.1324335444888465,0.007149513418664377,0,39.952937942755106,2,1,-5.211739130455455,0.8732324670274239,0,63.12880015250906,0.8812452070844229,1,-1.1165929930427596,-0.5799764372707691,2,97.0414540106902,10.034596292485913,-1.0569573720405963,0.8068263878989201,31.690199237130464
1,0,0.18549215116285345,46.81284012371312,14.068767670871656,2.5814060026681975,1,0,0,0.5327009068776876,0.3349838227770004,0.157412777692075,1,28.822610949381307,2,1,-1.4278012988258304,1.5678694839821226,0,29.95676911367162,1.496991170993084,2,0.035273106308272864,0.09986931691966232,2,85.82815564262567,11.444182720718867,-5.491230400300443,22.27110360335129,35.353344209265494
0,0,-0.0327248103904262,25.608733008571946,49.01928751504132,2.8355448296719343,0,1,1,0.19459271555149316,0.7600723918686684,0.4792189653926384,0,23.572872001600686,2,0,-5.988310869613698,2.665977814232145,1,52.47530122439202,2.723386481272625,0,0.5286671866431685,-0.7467352767881426,0,51.48479932812462,16.951269712825187,2.464918437491235,2.0880407991301286,33.83458963039339
1,1,1.234850286286756,62.442982104581446,14.991475496923961,2.5609405417744053,1,0,0,0.7670877356538746,1.1679429669944652,0.4927354485985418,1,22.62554526692039,2,0,3.040269071076736,3.183900942281338,1,45.53443088215057,1.2324333356736723,2,-0.876257645487887,-1.0477444235268891,3,83.33533495797461,13.802983378444456,-7.733704095161066,24.639868231907794,64.21495950780704
0,1,0.5725176925931672,52.38812159528333,67.4911513070224,2.5186910344108333,1,0,0,0.5976911671858048,0.006155715802169058,0.9352014896756446,1,27.456227522615528,0,0,3.4721086437113193,7.869531814309399,0,72.37322726536306,2.529842905502123,1,-0.6707741642873339,1.1201172153309347,1,53.38182487914036,8.80513798948682,-3.903167413649803,10.252362363470882,25.895131252457432
0,1,0.9366519925986708,26.810798235157698,96.62060020182884,8.375853445904086,0,1,2,0.18104730359506166,-1.4778278413456505,0.4395419575603553,0,79.61994032603606,0,1,0.40434015795244704,2.100014765633991,0,12.462718732277963,15.317298777929295,0,0.22541397102652536,-0.20094202976018316,0,0.7807450254802673,36.081800921414526,9.765739626860341,36.35817921510463,44.309475650040085
1,1,0.5598241740337038,69.67520944077569,0.1614913219918579,2.158102304963711,1,0,0,0.9873748342123798,1.9603831446877926,0.33614236401769015,1,18.676697008814,3,0,-1.8301547224589072,3.8893778035938733,0,54.093523987047156,0.5630137318718041,2,-0.6824815806553496,0.40045191432972876,3,98.86109639201428,11.834194960109919,-9.393741853603325,6.863074371513466,44.76853314364275
0,0,-0.08667477166912604,57.988459681713714,37.11167069285938,1.8300920259204136,1,0,0,0.8139829258325639,-0.17548464208574674,0.11577763566524607,1,18.7262428564296,2,0,2.143931189262565,2.330068380158349,0,39.32710478095559,1.7815944013620892,1,0.04473068327085949,-0.34035675484302963,1,68.93681078672395,9.516802200462509,-0.5637126881185637,28.43644171709938,62.581478528401696
1,0,0.002610138799986836,64.87353905884063,3.557847195352265,1.6438789149015784,1,1,0,0.9181689404353681,0.10357505208811388,0.09645391904527173,1,19.989351071097722,2,1,-9.315943654073322,1.6400301706346667,0,76.12720054036309,1.06891956869416,1,-0.4648452122583753,-0.19696491928592805,2,88.9859369576603,11.885626755991785,-3.4391449240605994,14.308862172013344,59.128445097848264
1,1,0.4942655183864852,59.13210363760144,18.21418736191473,1.9971294327464015,1,0,0,0.8510801100621892,0.3177433989558203,0.7755534686185841,1,22.969298858835813,3,0,4.008671116185241,3.354236695037196,0,41.499132619378486,1.6766203659543888,1,-0.34451432469663296,0.8918379532026679,3,92.16399681707586,9.126778667188283,-3.946578422894218,7.04868304892988,23.868662993554832
1,0,1.2252480085311592,45.3766211337918,45.60187963783259,2.30676793877337,0,0,1,0.3249937099529939,1.7090844671319498,0.8007050938272089,1,21.639548442131282,3,0,1.1625904926470714,1.0683452493235297,0,57.21959394042578,2.0806335927969717,1,-0.4572719002007401,-0.21708491491348378,2,72.42536282479064,8.565933292802807,-4.1849883881496925,28.07201617571698,22.925284722753602
1,1,0.09088794293338938,40.15484963261903,39.86734581693343,1.860299878334944,1,0,1,0.38935461888989975,1.314384542290643,0.5614594826787074,1,17.905632582464012,3,0,-6.698370307013327,2.8763431600966687,1,71.15515847036279,1.9141635564182606,0,-2.3388228108843054,-0.10201353082947556,3,83.70915858180842,5.001842070092235,-4.177062900706467,15.602622910618463,21.80966668700038
0,0,0.0649022577068539,21.886627076068294,41.267780337111596,1.6256818010195206,0,1,1,0.06826326182861947,-0.32312288777242165,0.7098240754468053,0,19.76913996226022,0,0,-3.452046929930468,2.132394025808353,0,5.89417466618916,2.768152535936181,1,-1.2656837900805578,-0.4298241319019583,0,54.19380220026444,10.154992693725369,2.5647891860374017,4.515786636416945,25.041687412098955
0,1,-1.7251294373571198,43.51956102097058,86.294270005065,1.0242759179322343,1,1,1,0.5950975283020677,-0.1835507076370792,0.11546686030585557,0,61.40823748553308,0,1,-7.180582319709358,6.191302079898863,1,24.60698001650007,6.183932209461793,1,0.78818282955105,-0.462624782270877,0,18.31064561343978,10.105671670821067,6.725998569186181,29.955954395434937,69.64118145251015
1,2,0.28501131016928677,59.31495169643154,3.8470887502837945,2.784762506743575,1,1,0,0.7326850062812739,-0.4964140382465651,0.06452158726792795,1,24.426519385205978,2,0,-1.1030186510675861,5.237335116874504,0,18.9848665321102,1.0287073719341226,0,-0.3368806247587464,-1.4926879665031239,3,89.66178990911995,15.75367890364115,-4.541290549369097,8.636644207209699,50.88031053223918
0,0,-0.5473313678888332,23.244943309655195,33.07233473940183,2.022482293767647,0,1,1,0.20451224536013857,1.1140423890857811,0.06908450832738633,0,27.298330767460453,1,0,6.425029853049587,0.6678869954729372,0,52.12031115127257,2.6363430627158184,0,0.2163685389814693,1.4161565669582,0,50.60173248748833,20.179626470197828,6.629576710899908,6.277900373566205,37.53590874708008
0,1,1.132416596608194,47.32975393921083,75.66087461662421,1.7383389788979735,0,1,1,0.2681714493030234,-0.27637853427541426,0.6647404646383169,0,40.86579348629744,1,1,-9.276217103346603,5.079170326712201,0,12.643221834288315,2.9737889959916926,0,-2.339175644849636,-0.7024479090107194,1,37.751385947086355,10.388893997464752,0.4498833602528247,21.06434979116187,53.44101595809722
1,0,0.39027727219362507,24.186461174078666,79.47282469691356,3.953694053591206,0,0,2,0.10815042818258835,-1.4458868872675217,0.6148737166344861,1,29.4837904296324,3,1,4.684273402819663,1.2357257302501585,0,0.7080906391326636,3.212503514560832,0,0.03843804490162672,1.6624844319385952,2,44.94884153592763,23.58601900838103,-4.653102002244342,34.2912307628614,26.77440602908109
0,0,0.35131983677034795,27.209952511100937,6.0025666346594,2.4322747350340217,0,0,0,0.12904703248034838,0.041723922949853505,0.012885925702095347,1,24.668922340473173,3,0,0.9125181850211597,0.9106083642781273,1,69.87220327204355,0.9934708006924273,0,0.021595417843634612,0.023103012648518512,0,89.9470673187157,16.065151817341693,-0.839378909611435,1.0100536274684702,29.592447332854412
0,1,2.235860900395428,62.26241577259941,62.83616702593267,2.2134871573060817,1,1,0,0.7591809541750729,0.4076581809249885,0.74915598321628,0,42.840701837457225,0,0,1.318183657936963,1.0666304394489983,0,69.10738572141263,4.237572639298286,1,-2.2850870051042067,-0.2181876689084301,1,31.438178337656897,10.148339871534361,2.837756092880541,13.811493075944064,37.368301100210424
0,0,-0.2872322208300492,39.0861278874489,73.19967363989332,1.6478756175122113,0,1,1,0.37815179876203947,0.2106379758714119,0.8138951910659501,0,44.69948364230199,0,0,2.985625858652474,1.3821496811609542,0,42.8092171267805,3.209883744103296,1,0.27246538135834714,0.28690405755360426,1,39.593078014075445,9.460809423026573,1.7847835398676626,27.555758944966506,51.93942523317405
0,0,0.26982839472791253,41.7218001963393,77.80583815934072,2.522334075784203,0,0,1,0.3436405731275013,0.6668545571415531,0.5464996249424372,1,29.418134173653424,0,0,7.86894740923184,7.586761853004819,0,55.002015268080626,2.6696047299668457,0,-0.508103293496005,1.0118687016932955,1,42.25309547344748,13.848796695194297,-2.773420686337432,22.42411414269696,37.76482696578867
0,0,0.3381013527965646,23.962767686507753,47.23623566236075,1.734811501485046,0,1,1,0.17132142595024114,0.819196576736757,0.3070459926915064,0,23.508741247821998,0,0,4.2442942281720235,2.744302442290568,1,32.68102928820973,2.6488078582379404,0,-0.6715098734372015,-1.0631338540502928,0,56.00217648050019,11.024654788201733,-0.8165754625482098,3.1777443248669845,31.801386059357593
0,0,-0.5363869342627126,35.04437132826138,68.9554279504233,1.0857317033889533,0,1,1,0.32582347584957605,-1.11709483066765,0.28549731640956766,0,26.177945994444585,1,1,-7.886387429190288,4.072690905437946,1,50.531735539988,3.006236768223217,2,-0.12370933103026549,0.41698874969789457,0,41.187396337869195,10.746079878976143,-1.9778958436259195,31.406495256701,43.8739177337953
1,1,0.6506888280147016,60.70194793368124,28.059698958311774,1.7465332059889613,1,1,0,0.8283381037301801,0.1692789788531946,0.6204675279395937,0,20.711113181172376,0,1,3.481382451087459,3.936594058485595,1,28.201298924613848,2.108721051016019,1,-0.8331132123267524,-0.2772634773104002,1,63.3826022005992,9.938583571494773,-1.6767061387097488,5.991584827015634,69.87883975397291
0,1,-0.3159325767778383,28.977184961616516,64.98147506432372,3.882270787563369,0,0,1,0.24838409414131185,1.4824750244690619,0.48563606199503856,1,20.59597747346296,3,0,-0.9480051959158793,6.235687446029351,0,45.7267318512739,2.6165622051723223,0,0.2812287231324917,-0.473639701645474,2,52.073466379535084,24.708468691537973,-3.233917376410119,8.83896788051741,19.93759246204566
0,0,-0.049551452149684115,21.19228630974499,57.115731607815846,4.175985598880711,0,1,2,0.16541663552284036,-0.22665159769236265,0.46481033622618906,0,41.770484293065984,0,0,-6.594117885991373,0.9084268758325549,1,55.289471707746934,3.136346038741281,0,-0.29672031444672464,-0.39499383770086793,1,64.09698330344328,25.020477792200744,3.7837161794813934,6.091890964646782,33.31632011877659
1,0,-0.04427162104039854,29.904474503865757,87.70652603144153,7.4645944984738515,0,1,2,0.15423590985604668,-0.10407653105852661,0.7842210386480699,0,59.9332023051474,0,0,-6.2657486150362995,2.775116662685646,0,24.860126214667417,5.508970501982245,0,0.28473855074321525,-0.01093303124246318,2,18.94546812944683,36.92830496076592,5.105442027006802,36.81934419660847,28.094331145498202
1,0,0.27526926054138817,40.605142095213424,25.130611385185787,1.5790553869123796,0,0,0,0.28572727535420617,-0.0802633000926231,0.4083604114796666,0,22.412720846882955,3,1,-6.258484510181786,0.7182525886030561,0,46.04006790797199,1.6243701524375898,1,-0.492187911378946,0.09137284487112629,2,76.31572299349251,15.422761240562393,-5.712584890682869,20.38011372278417,40.04670400150888
0,1,-2.354422514809907,46.88637233977398,71.64202048572304,2.044054976809188,1,0,1,0.6739017862633008,-0.6275384408807858,0.49703548392907787,1,28.58883257942118,0,0,2.842987697222439,4.0010642284099385,1,9.841714704248776,2.6392791633750807,0,1.9971846462627254,0.07355352001439486,1,45.32636404545153,20.770430154221206,-2.6426131599735037,25.118162379011526,69.59707097370894
1,1,0.9606205138466067,45.385782278454926,40.57458471755476,2.2942833470075423,1,0,1,0.43215432565767375,-0.24517524201296578,0.4985734633306495,0,23.315360836099863,2,0,-2.581647959758455,3.8123827737425966,1,78.67996001772514,2.3904468284039995,1,-0.2558409857577729,0.8230941614010963,1,64.8118767780409,8.588642108523743,-1.491306026675181,18.659495599597303,24.211832127420504
1,0,0.7815105589532311,61.51155074328381,4.917733560441406,1.8593954877072283,1,1,0,0.8559296344296439,0.2730106070082169,0.1965054761160771,1,25.94121083055676,4,1,3.252826415563632,2.0090722166640713,0,70.13993605252716,1.1447124849629247,2,-1.7593801194979646,0.11560729290977033,3,84.75643926575978,10.116081598877935,-5.854482684688673,14.1895076734024,32.5849597103705
0,0,0.043962939630521954,36.6111290815029,64.994773841732,3.031468876758839,0,1,2,0.19245158194032186,1.5451376293959027,0.6870317912174966,0,32.115337122027505,1,0,5.68749823481447,1.731700837449921,0,58.60894030580732,3.2381952920001256,0,0.48641818845603496,-1.2889546753038141,0,51.20014239814318,13.360041276878857,0.21460326570704247,24.790653317984752,27.801089378755073
0,0,0.17155107478951032,41.0138437293065,64.70253129733366,3.6315689775520528,0,1,1,0.36009045575579135,0.7884569234750282,0.18311604637665568,0,72.45297357992126,0,1,8.637959342500391,1.4589419558920975,0,51.09281699503516,5.870839824930932,1,0.6336729681861794,-0.5033899932041405,0,14.297453258411203,20.956223894620003,8.560488279566236,33.62645820741149,35.85029853633418
0,0,1.345490819815721,46.02271828076396,23.480541367255732,1.2359121022023918,0,0,0,0.2280611289852002,0.39856108135776114,0.07845212044419148,1,24.503112705907903,0,1,3.0013014298280325,1.744458935593016,0,17.455117440601438,1.6396000797034886,0,-1.370818289892154,-0.30733305997105276,1,76.66838925109884,8.68644433356571,-1.870239623936861,16.800553418707086,47.70150589170491
0,0,0.040546567434621886,30.701955068382404,70.17389465642063,2.289037433884021,0,1,2,0.19371692112138994,-0.48255738375204876,0.7243905676491306,0,38.85732671353401,0,0,8.796168761169575,2.731422019540972,0,8.310142731090849,4.69818872742784,0,-0.259374658329542,-1.3233600849936944,0,28.21705668058566,11.486064717975209,4.894525952434856,6.121261541687623,54.67141145804308
0,1,1.2562427661149589,20.79387317926053,95.79104559339547,13.747413681514853,0,1,2,0.17282457190708445,-0.5823205928488125,0.3647048484816991,0,79.73054187630248,0,0,-6.6610076684582085,5.267787618270726,1,11.924182956870482,14.937553922611054,0,0.6670771303910793,0.8411652847123413,0,1.2627794862994368,37.91730043002505,9.706583036236815,28.100334770933024,30.358703425911813
1,0,-0.2955387559203168,35.916035547461945,31.11347537115357,2.2617079340656434,0,0,0,0.32632241884478225,1.0293998151366133,0.601801129065209,1,22.363549857666175,2,0,-3.3794307317638843,3.5542476206190132,0,23.423788141098676,1.6640818083411293,0,0.2760347112738414,1.8406597993032408,3,73.9558184886297,15.165835413090708,-3.35053735931775,2.913600488314758,32.73720577319513
0,0,0.8019857880289409,41.66963995399395,93.75968235470053,7.290114503264876,0,1,2,0.31121082841898184,-0.9327409860831906,0.9270320367273461,0,78.64862796165794,0,1,-5.712281579030215,5.256875424614413,0,14.102184412130864,13.100381125351712,1,-0.16311377367308713,-0.2547607924207504,0,2.2858678707202373,33.1803555823518,9.297629216596246,21.66924316328992,48.024848038307624
1,1,1.5239187639661402,61.4263054796382,17.190505211101698,1.8368094530688444,1,0,0,0.6591324869535264,-0.013684178306731394,0.5595940371497438,1,20.406199884828773,2,1,-0.8352026867901134,1.6054736160608085,0,19.00951931479088,1.5223641331569917,1,-1.2101552148352828,-0.5734658756425949,3,80.98960715283037,22.816092714008423,-3.9767744515343413,10.860641867416172,42.70274720528414
0,1,0.49232786429638653,23.11274695651928,86.60371228261417,8.183818507506482,0,1,2,0.16981854802443452,-1.4505614050162567,0.6279685749277009,0,69.42677680305721,0,1,5.14317955406411,2.9139760269064228,1,27.650097705777323,7.4825608299182065,1,1.2382507550975246,0.8254183422571265,0,11.030174835343109,36.81824566960117,7.833620084501277,16.82221713754752,24.022136030916673
1,0,1.6878603862024182,65.09821644523514,14.366640025408605,1.1346552525672788,1,1,0,0.8360516626822861,0.8459729259461934,0.5205366776683544,1,24.16678395851192,3,1,-3.1437864438426777,2.035706707651944,0,38.03421037245386,1.544488103808632,2,-1.5222271921397912,0.822406490633591,3,79.02542148636141,8.09089298159584,-5.603962589268987,25.499033214108984,40.74979634986603
1,1,0.25941148840264067,42.390794296062666,55.796899276417655,2.831732921668426,0,0,1,0.2689057043723986,-0.44494195589208413,0.5916501821638763,1,25.046780484406913,3,1,6.412205114225557,3.0177782839498004,1,19.718037799309624,2.1724080472106095,2,0.6725940269950016,0.1461535218211041,3,51.09040503670976,17.644323278612518,-5.895326276457737,32.03690255260319,36.56228851361556
1,0,-0.10337673353152672,69.73637682617186,15.184796287980973,2.5149705670505087,1,0,0,0.9987142327124799,0.7172558070394602,0.46929030362284435,1,24.483295357111547,0,0,5.697455044958701,1.7472609886910235,0,57.528783671707615,1.1232700287908268,0,0.5618328007876261,1.1784223231096767,2,85.71742085095482,17.140679448043308,-4.5887071784094875,32.78245193169588,69.98825464510361
0,0,0.7967222806278286,42.85230211251185,85.5268917377894,0.48532030583733926,0,1,1,0.2932613926646076,-0.981633760690514,0.6058018587954054,0,42.21309236236962,1,1,-3.2866866098413645,2.5270275486755067,0,20.63969723629011,4.287660481842074,2,-2.9456363835296764,0.030599814508591817,0,29.888073611616186,13.685043121589846,2.454911475197971,25.534259700340108,61.49757988995991
0,2,0.6709380908609531,57.29174533008507,63.17173861322023,2.464937250363975,1,0,1,0.6614530086576632,-3.3482933999075697,0.4800157925688323,0,20.53043139885325,1,1,-1.5729338426770738,7.220995082596794,0,75.88813018453173,2.189642305155887,0,-0.9063872889895682,0.10393345661696478,0,51.36102658056521,10.273215991817198,-1.6305400172006213,26.549183230207575,31.698363457193153
1,0,-0.45519453894996253,38.72269919484242,41.23843831701798,1.8940480650267184,0,1,1,0.3149799897375549,-1.2052326463688983,0.7653127412366745,0,19.48741256372733,0,0,-3.212152552914902,0.7731152942163365,1,72.22334277138373,2.205509930654818,0,-1.059897763444421,0.0705840840758437,1,54.25842526570454,15.144477236252792,-1.6123196335157104,11.216331650019882,38.83398676123052
1,0,0.10724436455802903,43.601564442485135,28.260461287810156,1.3908070062571392,0,0,0,0.40197468583601476,0.3705981588512823,0.5512888537006986,1,19.062615377808836,2,1,3.6230375382975097,2.3831059601835354,1,62.92933013267579,1.636738438536306,0,-0.19760495317835916,0.029152788546473747,2,70.61857303652418,10.096700657518669,-5.330285302796199,10.567329933880243,40.771867678829935
1,1,-0.8289641774447605,67.5383299455344,28.39586532593647,1.9571964326098288,1,0,0,0.9827319892590671,0.14742043666487092,0.36395910325546854,1,28.063492324135545,3,0,-3.481853435804389,3.977254091282372,1,20.588639246904748,1.661210297708885,1,0.5192271045873944,0.1314636408914633,3,78.1538467804318,9.680581452445596,-8.202892850156383,34.69682462590193,53.75287610965972
0,0,0.23908890360214272,30.133347778153585,55.421134391019635,7.335152752831828,0,1,1,0.21702666881565086,0.1226045567273146,0.3530403187386698,0,52.56724168658842,0,0,3.4927771955267026,0.3615772632902106,1,79.1514470110194,4.664633449478161,0,0.6342552699674273,-0.9662691216633392,2,29.038536040866852,39.66958130489667,7.596232425102798,16.43852628485535,27.76496268483705
1,2,0.7336202714304003,49.045173818134785,61.23736424457049,1.5337838476263115,0,0,1,0.4083327067127052,-0.6375502279517576,0.8411880227680388,1,19.032145107109898,2,1,3.7346758145352172,2.7617683140513027,0,26.57982180307919,2.3019104743227325,0,-0.41134041744201477,-2.047013541070496,1,56.26213411118095,6.442435418902401,-3.281432353529537,21.56660357677028,27.324621681910177
0,1,1.4079405079969045,53.2754635959279,89.18181937624313,3.1722763819689264,1,0,1,0.4704640741678692,-1.5818991470812043,0.9442471884331152,0,49.8518028757769,0,0,-4.824620803234161,2.628184149224553,0,10.911698530968753,3.4369211820255163,1,-0.5624719457354105,0.6907958841567738,0,15.127587785829128,10.244923296120607,-0.38575470282063407,38.91606356999694,42.86086461626249
0,2,-0.008989738747021593,26.10164163928677,97.22506465912227,16.532961060869955,0,1,2,0.29074516991364485,-1.0921694838919067,0.2894286408746455,0,79.96399582844813,0,0,7.443788996026818,3.6649641468652576,1,31.31223227668552,20.266922481408013,0,1.4897570222764451,-0.5708717324114847,0,0.28255912422424645,39.54255185448132,9.96041369049745,38.51447075490185,37.62490134669008
1,1,-0.07293604158394447,20.042026926190815,92.03090370716409,4.822601810082279,0,1,2,0.12140270970271044,-0.7472607453302712,0.8107174437578517,0,64.39144635143441,3,0,-5.56519082576348,3.488892569817156,1,0.016433078090463127,4.4538322766666685,1,0.84056025437206,-0.44959870535749946,2,21.10739954849129,32.43166539032466,-2.1107077113556976,33.74758602171102,23.446411525381862
1,0,-0.7156112562384519,41.76452675152766,68.49317648193805,2.924492117590371,0,0,1,0.3685933710602899,1.0040711960831652,0.8655907339498586,1,24.032815456901922,3,0,3.4745285542148103,1.8044340709561004,0,19.74130458704358,2.7162995647167993,0,1.736660657204509,0.6389069284654328,2,50.53394936803992,21.05834896616667,-5.146591396030191,30.697895167296103,47.118180177356024
1,0,-1.532569022069877,68.82510130732129,2.0608798215459743,2.2846901930377204,1,0,0,0.9979408318171321,0.6998444901272909,0.33616073129908786,1,24.816835830900324,3,0,5.876479093339439,2.6875810199219337,0,63.67372857274827,0.9284552286620537,1,1.6557853567662737,0.03799557387234025,3,93.90964531381081,23.158676529795493,-6.142916802160636,7.809911460326688,65.99138712653652
1,2,1.030639074981902,46.97666220413258,53.86220084967811,2.0019769740922984,0,0,0,0.32369464846496854,-0.06289708951499001,0.44473064517735755,1,28.31376452044395,2,0,-3.4191795491217842,6.316996041021861,0,15.158278527637957,2.234530783008597,0,-0.8605290963869737,3.1597178764793488,1,61.50445143622627,9.59435315635531,-5.141743384175827,20.997191234577354,26.74964761394857
1,1,1.6372053689581756,46.3159390844574,53.76788461247667,2.281693830148193,0,1,1,0.27280683194765865,-0.9339130215777086,0.6495058366560567,0,22.504511438817794,2,0,4.347501067112404,2.9610504664286768,1,75.84364757771864,2.6422248302010627,0,-1.4042934696578822,1.2613629239463284,2,51.40397313347417,7.661324090590802,-2.32677020165693,23.37668915706142,25.799419165847535
0,0,1.400187687792732,40.10070708469401,45.11819916724389,1.5110828772908675,0,0,0,0.29660000439534673,0.1365777947598591,0.533664045055807,1,24.086095170255216,1,1,-7.028760598788153,1.463977556255551,0,43.502887435303926,2.1210213251575682,0,-1.050161724492295,0.07113528776649918,1,61.39454467767938,10.756404379390377,-2.0151479278109683,18.083898119380788,34.91411775693122
0,1,-0.7969590107781993,24.00386908530918,89.27517044819575,4.728043008488972,0,1,2,0.19788982606628053,-0.6285019956933912,0.7315050549283437,0,71.83666915986873,0,1,-1.7962998863892583,3.126417256330027,1,17.672532448107727,7.2937146722751915,0,1.2266780062442992,-0.562593401211285,0,11.506236823572364,33.2534374014082,8.127024045930554,22.17404513037692,39.51282938404977
0,1,1.0524886581202542,49.22535867923725,59.30845778631437,1.8133894204982246,0,1,1,0.4286241249745523,0.07712196250468298,0.40831723161107325,0,39.36393790637196,1,1,6.927934123938716,1.6971690598962486,0,78.1510852195959,3.0141039932819105,0,-1.023600413477771,-0.24158214138235948,0,39.90675471836101,13.844814983962333,3.7170370055027675,13.617046096397246,48.72535537222804
0,0,1.5206408668764677,18.15366588470397,94.01542553395821,54.598150033144236,0,1,2,0.05149742696145532,0.00398960522475265,0.2793507172428301,0,79.99923615583828,0,1,-5.451888699477003,1.4048208133791376,0,31.267634846513687,37.576437653419404,0,2.0926881458698916,-0.43603365156210006,1,0.04823075920721287,39.99996976533713,9.99817547919886,26.030246507743495,20.88841334514005
1,1,-0.23177061595616075,30.642258225164653,81.12864493976461,4.157906784256218,0,0,1,0.15864978809332198,-0.7754068657306226,0.8917496337028818,0,31.540293809950676,2,1,-1.6956516869594633,1.7605608893531397,0,17.38572192948507,3.0775365351919532,0,0.7786920631075086,0.41587957009835147,1,35.13982871686401,28.159448887831225,-3.501861925737348,31.2968917057917,22.06433167146583
0,0,1.6142913158491363,38.01052106510021,76.77195204093121,3.931434145292946,0,1,1,0.32952980660897296,-0.7949577870660214,0.04866175780215937,0,76.22935061986962,0,0,-2.351632561362731,1.7791160516733941,0,61.01802418549029,8.305555558895524,0,-0.5658244024864438,-0.730591758557315,0,7.328504399664471,14.17343246815304,9.610561826767011,34.25150544906237,44.655974512463935
0,2,0.6342705330151164,49.35960566751012,88.32409565581439,1.6105663057431516,1,0,1,0.4649268374449,-0.9568636667469864,0.7835836937796234,1,46.316559537042316,3,0,7.298084306267153,9.492468465197884,1,20.509101839371333,3.6542286173006278,2,-1.3766213885318228,0.5121177877028991,0,32.200730992458446,3.554245396150948,-2.4198090685636657,34.74170560126008,49.44823174828768
0,1,1.1116506844692802,34.50603322358526,70.95050029782257,2.3105273091947844,0,0,1,0.3239746514336439,0.9160834626057341,0.7728894916932851,1,32.2100587917585,3,1,-8.757309386213574,2.1292486855324197,1,52.351501109536855,2.722461062469753,0,-0.7085740985901847,0.4100374162842412,1,44.982466159979445,6.897492285642793,-0.6332747590576684,17.253537803697753,44.547297354131764
0,2,0.5174435187581473,51.76585951844052,85.83930394970913,2.841409233360942,1,1,1,0.5516268988970863,0.8510765233561458,0.5376879343757135,0,63.12376032968282,0,0,-3.734977689836798,6.634667452556301,0,46.64418799820389,6.022041894701972,0,-0.3739423039986376,-0.5945047791297648,1,21.953291235639938,14.946630046489567,4.395620910592475,35.73423599254186,36.829182728870805
0,1,1.1827356675480403,43.755904989486666,56.462771255293696,2.2047042963229355,0,0,1,0.29849021964563116,0.8611228896464284,0.45260986823400784,0,29.201558758240242,0,1,4.313269506002502,9.367368223328866,0,48.05134898775974,2.741837553229112,0,-1.5817534167831522,-0.1403964969200303,1,52.48474055215895,18.70600492017998,-1.5459626461467728,15.072374050899553,64.76418563318327
0,1,-1.2665820717456318,43.265877489483145,89.70154396040455,3.0477275526592664,1,1,1,0.5873307454768131,0.7082875356832458,0.4168964490119771,0,59.82917836242984,1,1,1.1703218260934918,2.304789168396093,0,32.44947972888924,4.950010519350174,0,0.9064074262173233,0.6949475336417356,0,19.920069744224715,28.596102792719414,2.2985137265436073,30.83571734832421,45.52402404150003
1,1,-0.577154222853597,55.65480047849507,43.909207184337376,2.055006147095899,1,0,0,0.6757997603803703,0.57266637772913,0.6532250292783478,1,18.312164767071373,1,0,-8.447973625976639,3.7114526446530185,0,32.50535124127319,2.123093687718089,1,0.16187326714633019,0.4632662046035087,2,65.80167752486648,16.588758137333656,-4.576275686831179,25.32242372093978,35.30158621737221
1,1,0.4497448138743617,49.829513415837276,50.10093240933465,1.6251932887944602,1,0,0,0.5341784540274852,-0.8012640520540036,0.3989973442008058,1,26.697480272791516,1,1,7.284429941538999,3.5791638942913546,0,23.496090015961695,1.7397938500243135,0,-0.5578628530683535,3.037024248543789,3,66.10837043863576,9.686627627810315,-6.0011133973433175,27.91564110126266,41.935674895685395
1,2,0.9398651140374733,65.04516388123429,45.68645809299697,1.7658189014685388,1,0,0,0.9151845576312186,1.8760274163680608,0.3678086213474068,1,24.249556670840562,3,1,9.108486199994438,5.504715004324737,0,1.9450969897799375,2.3709192573059936,0,-0.7134095276516244,0.6997990881566881,2,61.39098730965726,18.147283979196672,-3.763801088505616,37.98664538423669,54.42796328346616
0,0,-1.3398111404833017,37.425256113371404,24.838184879287077,2.2047911287457196,1,0,0,0.37675341751435587,-0.7086198247689384,0.5951333496311527,0,21.88057931046699,2,0,-5.4853995917192,1.3662264016188561,1,72.15086340169815,1.6289397314207947,1,0.8167781644770336,-0.6612511075370205,0,86.34588087737347,13.523244551801346,-1.493095711458034,1.4166710475099387,32.33950217108749
1,0,0.031048786363242396,37.35163637852837,78.61996501776068,4.160046996857798,0,1,1,0.25871158393387916,0.20147845234512787,0.5201226034181574,0,51.19603038686229,0,1,-0.947876805507395,1.470001749808616,1,70.86172623984402,4.150488570021869,1,0.2764280723097592,0.37601685118760403,2,27.795804189429663,22.480584500692785,-0.07472793467113803,39.313813288542924,38.26415661842016
1,2,-0.027358821383678317,60.64787588774488,34.17515396989265,3.749330549823057,1,1,0,0.8208735880563292,0.3853324284737775,0.029711012418480787,0,46.93877168287742,1,1,-6.7522478012873455,5.024489675244265,0,41.2590617876787,3.6970490920352663,1,-0.060268852536394,-0.15943216995558315,1,41.23084631162236,23.714196580101245,4.1884546699584,34.371347876014326,61.31636078088783
0,0,1.4517458006973796,57.77023842728155,64.82501469470246,3.630463762539722,1,1,0,0.45268717415521365,0.10522492510206975,0.7482153476511955,0,47.91530297651817,0,0,1.9147348177482488,4.199504521741812,0,42.93446627240193,3.5946678639737852,1,-0.7844463150572343,-0.6057810147707923,2,29.235585644116025,14.844793282796918,6.953078840453383,26.916008132703205,47.12853506472884
0,2,-0.7251710807456663,45.26215504455142,32.640742246403434,1.9892637462733886,1,1,0,0.5280851044139828,-0.8267517234402808,0.11747023308915466,0,19.305654017892433,0,0,-9.731447712959456,2.2532799750335655,1,71.19422926860615,1.79914443276435,0,2.12902449145918,-0.373913670295702,0,62.35948927348496,21.37527852927761,0.9814991744950383,29.030040968764133,50.27845978304893
1,0,1.35074392716524,53.57431310976721,10.103325288523408,2.0484147952016967,0,1,0,0.4442257741101205,0.6605894935373954,0.3282206109559286,0,18.345504872928892,1,0,3.328270151892312,1.8527888454114507,0,37.069790081489124,1.465654233428784,1,-0.9472547631835536,-2.597736060864359,2,80.81269031414347,11.704125785078965,-3.4664688884003505,6.050810046206713,46.49898486448362
0,0,0.7120561964074761,27.47438299110965,62.938584299596286,4.4674123849847085,0,0,1,0.1560447211543327,-0.725217053724267,0.3423551546275969,0,32.77920848969294,0,0,-5.997185457544817,6.637915601927981,0,42.168885507672925,2.676059724169781,0,-0.9537933372470695,0.11018230597916423,2,49.84853084727328,22.52405567821405,0.307726599318336,9.388443468324537,25.569722752205465
0,0,-0.37471850912766413,44.94969749058486,66.72734709180769,2.3901737217619092,1,1,1,0.45119397689257323,-0.7554862085107543,0.4302035262347055,0,69.00728476425178,0,1,-2.979159226477794,2.551706990695094,1,31.09412258166083,7.16575867555738,1,0.2723249990439569,-0.14512937966954276,0,14.783998523113711,24.71231852466905,9.553541421318673,8.105750100537454,40.16523237289557
1,0,-0.23818330307244312,26.153471380107412,54.24477122771067,1.916358961139195,0,0,1,0.1604176976648531,0.7545570667743721,0.21864138233776903,1,37.50150825634779,2,0,0.9650350014920477,3.0587200014856055,1,1.0813161430291185,2.195697083641379,1,0.5255973113187464,-0.45966604849224957,3,58.246948203262264,9.233123249848381,-3.8413367650325103,23.67776229155765,55.362286951889466
1,0,0.43415600191134474,49.426858737409916,77.13237287001449,1.863228686204353,1,0,1,0.5351835080006226,1.2091105973426732,0.9032175229146713,0,28.904567147407263,1,1,-2.8162233740254656,0.8417935625544292,0,59.35520742719716,3.3007429710101235,0,-0.6160548592909901,-0.3654249706289049,2,38.71133091499778,5.635899055359765,-4.350663530370307,39.37641091351417,42.985247947952246
1,1,0.06615026347247259,60.189556308464944,37.19779098389928,1.9935852623479255,1,0,0,0.7529502864630004,1.3429826064549928,0.5454007945552347,1,25.944502039661845,0,1,-1.5186713793527389,3.840612392853541,0,25.155842154686905,1.9691499833638075,0,-0.6172840382703139,-1.35008577095616,2,67.29949453338745,9.823546559899954,-3.6262423178652554,5.8964127178495485,66.11209721085962
0,0,-1.628840798483467,31.652525213153986,71.96198842327833,2.0082783128744106,0,1,1,0.33986649991821194,-0.39545072941900483,0.3097123872746671,0,69.40498075595178,0,0,-4.05452173571912,0.6472556471783244,1,18.671087755648742,6.7171402286762385,0,0.6730927131636978,-0.2368442755493634,0,28.539123209505902,19.296873843366377,8.854273244063616,21.987339722975445,68.6086579476353
1,1,0.17822107719622976,68.34404264184087,2.221473999399609,2.3570633799828533,1,1,0,0.9838260907287089,1.2577942369445092,0.7010404485169068,1,20.776785716345838,3,0,7.697526467771954,2.1377054029100484,0,13.099654992370112,1.005819075415526,2,-0.3529288620328012,-0.44348890771503285,3,94.40424558173473,15.997314458255225,-7.037031594115238,20.55914801619003,58.28677186322212
1,1,-1.5697173189581162,28.9075873586443,35.45450061354061,0.7834021247674123,0,0,1,0.24916029976306664,1.7847420050237113,0.4484566945929183,1,24.987682242805207,3,1,7.668269652770402,3.725992735422065,1,42.683923842599526,1.5393677875728786,1,0.30658182401162526,-0.17755690803209154,3,71.42309099677992,17.16490249124633,-5.408739204371854,16.13025015043551,56.058221469700996
1,0,0.1691424007626269,32.28050577631646,46.257857635733814,1.9587173937981235,0,1,1,0.27064150773573825,1.149022146864247,0.4542709821106764,0,21.27814451438674,2,1,5.772665685431049,2.6981272113372903,1,20.641040899025786,2.8852607554820757,2,-0.411639967431101,-0.5143642846917341,3,50.10556091869568,10.600551580602456,-4.663877476293901,31.930882203151842,31.758782242927246
1,1,-0.45495208047714814,40.52615719694798,32.28522682538703,1.8404117580495283,0,0,0,0.3924426443102465,-0.5019420330199841,0.61161479834863,1,22.856094070769146,2,0,0.8847709609916485,1.999485744014448,1,33.7903470284615,1.4225855267221674,2,-0.02962455389641938,0.0024961631083771454,2,69.10262198328589,3.358456127349414,-4.445737722865104,9.209281152512483,25.956154311487698
1,0,-0.4500344692469937,26.00334904283722,52.75580898634029,2.3528354623271337,0,1,1,0.22773170288709182,1.3105221588605345,0.4877446150130151,0,20.65971742953832,0,1,5.850456022897884,1.7860915902229924,1,58.172059820230366,3.2176843664156363,0,0.1392992272355399,-0.4054986792825196,1,54.234442864238034,6.532558900359224,-2.4688463925508923,12.814104568752045,40.47693986152237
0,0,0.9573092590976897,38.43504381924421,66.62115116305371,2.1149181142727524,0,1,1,0.22590444151847738,0.7703975209801497,0.5856038283722625,0,43.34668091928396,0,1,-2.3935533860509572,3.251936417275412,1,57.5647341832328,3.9857680657514774,0,0.8914207081137051,0.008642707911097778,1,32.54017570478729,9.490262793082847,4.539798032972621,10.404706724848893,58.18222500990436
0,2,0.8106087617854009,41.71973629785914,87.25253086177321,7.1040427817254495,0,1,2,0.2575526301880454,-0.24146289437724267,0.37573979882186526,0,75.7434801247739,0,1,-3.655997344954189,4.01665245597062,0,28.513839999616465,8.014923049762208,1,0.5357314468742319,0.15677001432265567,0,6.723399706153154,32.8757515734575,8.557524345130155,21.775844528256037,26.999689670052504
1,0,-0.4720046494962905,47.52937744566384,29.695174276099312,3.334306849998798,1,0,0,0.5365800105146774,0.6862691553704999,0.8563610885353999,1,21.201847908962307,1,0,5.561910211913123,2.601764357589626,0,49.074771038826114,1.936409828343385,0,0.3070683096059843,0.32483816367824325,2,66.50284536505086,26.691022825189936,-3.6168037232911043,0.8376932373904244,46.5944932589863
0,0,-1.9227405933115862,39.0696973264545,40.19241986133558,2.0056200798487875,1,1,0,0.3752034210649826,0.03900652200375444,0.12364716494989297,0,39.52895041572278,0,0,6.120744036255093,3.9046486568120033,1,61.46100955733228,2.9657796083884826,1,0.8326879454569811,0.029471736743963778,2,48.21095921739807,24.560176227418637,3.5089448951664437,14.598745596419283,59.548121952276155
1,1,-0.6884317889061925,62.42666500941796,2.6115643274472355,1.5537405712000798,1,0,0,0.9284407380393764,1.2933706621854175,0.24184824323259424,1,31.28317216624118,2,1,-0.9519409122717857,1.0920448434182397,0,0.02551049318257892,0.7394461289453349,1,0.05494335016954816,1.3204178174576755,3,95.64364351829609,11.055977440335115,-8.713327008719228,20.13399325367102,63.39626454232266
0,2,0.31619907959577387,30.901088650224402,99.68941344355652,11.861356903377999,0,1,2,0.3278548390163232,0.26374935862420745,0.960392333438987,0,79.96721379573378,0,0,-9.905310452744677,2.688748273355727,0,1.3179456590400784,25.144253938187763,0,1.393034312716226,-0.4113792272594448,0,0.1596832369498591,39.383074668118205,9.961679541982637,39.08443178664398,64.37239800629284
0,1,-0.7016467231171497,55.00786868378314,55.162223560569835,1.9921180485376955,1,1,0,0.7124064346451267,1.5960197617540686,0.2856110231366643,0,32.76475892400563,1,1,7.380009753263835,1.8671037698928452,0,26.9516760231394,2.721144716067911,0,0.17149712594609387,-0.36031718425930565,0,49.12980573619942,13.636331275944391,3.219318703618942,36.233883921312106,56.8366371460558
1,0,-0.8869579121434304,53.544858931786024,6.223934165249167,2.0922154660008547,1,0,0,0.7786224881547936,0.008695731066621318,0.3859661676345404,1,27.681265379956585,4,0,-4.883363191442025,3.196874402731707,1,55.9037779836008,1.1222002799755464,2,0.24414717894965463,-0.5864849824506599,4,88.62914006863303,15.477018728303305,-8.415172315559392,14.739046205204687,50.83083423950502
0,0,-1.130236818309723,23.398119697915327,56.36854295163411,2.54772493439085,0,1,1,0.24863898742572865,1.0634267851873787,0.23526432407796166,0,37.4836296731645,0,0,7.452329093077218,1.6486313446117922,1,64.82686420991459,3.305473804909011,0,2.0147259813198954,-0.3183335404684218,1,34.20700428228942,24.569473575389566,5.321904860200302,7.277478139296269,58.17623692005179
0,0,0.01334387548959307,19.769491486882274,88.8576732918761,25.325961452892013,0,1,2,0.13402307944741998,-0.49677940454771125,0.4897935298232264,0,79.91952220288965,0,0,2.8950289795388464,3.4979999948239167,1,53.1911485344422,20.293297469022356,1,0.9301358144776786,0.2790995231255279,0,0.6326916605058186,39.98175845398714,9.97353885084738,7.280037779590964,20.299707688394243
0,0,1.8085376081610889,43.499581642909774,39.336882202125146,2.3164796116419906,0,0,0,0.3633569708042098,0.6243077273779799,0.6617652432591308,1,19.089657613750084,1,1,-8.080414800610765,2.0116850846476866,0,12.10332255782105,1.9873415926673517,1,-1.5765917166311925,0.15583556149985467,1,68.65773493502397,12.221178589985481,-0.6126022959646242,5.203725913001853,25.063937229149893
1,0,-0.2735881859290153,37.24538175403312,66.56546726891138,1.89070643190171,0,0,1,0.3215432710807969,-0.8076690982939067,0.7338979451777732,0,22.382485674678996,1,0,6.331163371948666,2.246032247128318,0,38.20666036073863,2.353619665203981,0,0.10230346911644601,-2.2950412399756663,1,51.43179420873285,9.760492457158385,-3.1135116269667655,22.243286880216793,37.4023403673885
1,0,-1.1836237998002137,33.543563780561676,45.770302663397835,1.7196594831821288,0,1,1,0.23625559797836926,-0.3152684808435027,0.4920303139151714,0,16.46632168965029,0,0,-9.555870267672738,1.7161436390430043,1,55.95741795420209,2.5862712466229296,0,-0.23244791532464007,-0.11388863496173993,1,56.6879514664407,19.581370046488885,-0.5364927386291551,14.916905514087695,47.366535383539244
1,1,-0.11892872560251497,43.612147313025076,78.21264526411976,2.1217604955580183,0,1,1,0.3252506917733752,0.3000260908921816,0.35614148697253445,0,65.00629088311241,0,1,0.7192377475552618,7.053921239215167,1,35.08979812507925,4.306093183846013,1,-0.4692292545982424,-0.3957595690052957,1,23.48299026242497,13.011058836588965,4.1171909618824785,28.432601833519612,42.634735380388236
0,0,0.275514983987538,53.94270384455275,65.74114789916949,3.803735556102975,1,1,0,0.6822085624567099,0.4451859393216573,0.6147655829937393,0,30.62339612803331,2,0,3.8197674701898734,3.7308194063584046,0,4.108940015534621,3.005569391859258,0,-0.7458142801325878,0.13112542526151605,1,41.066044226167456,28.94232234111289,-0.17320373858292015,28.508373604318926,55.04889852701242
0,1,0.7927940110797352,67.86656404897295,47.694279805175334,2.580559372564156,1,0,0,0.9434178598244088,0.9491763357286419,0.620248180091123,0,22.028237819437415,2,0,-9.830332127530108,5.417599817372199,0,70.22247809124602,2.457917411537432,0,-0.826929491447218,-0.3297296364924649,1,60.57664669072975,12.544054108074976,-3.614039070450021,28.10047287149013,56.039154557470745
0,0,0.7719660746916535,50.317104389588835,62.104596410223515,1.9863122600954264,1,0,0,0.5269926311192383,-0.8083213793648337,0.3450413137856314,1,37.005019541258534,0,0,4.947161741163352,2.71839118153398,0,27.41679705297902,2.748250558688911,0,-0.8240240314890306,0.38685718644284706,1,55.13908702525882,8.450983560789409,-1.6725367443222172,33.098781074500884,56.01555486768153
0,0,-0.37822637278707594,25.789582680068,76.36027802327463,7.96735006920438,0,1,2,0.18623225650086805,-1.9895819215228698,0.7672382878101287,1,51.04393364703241,1,1,-1.7945683781836586,2.201774373187579,0,73.09846201220923,3.8502160853634333,1,0.60996201071442,1.2064331459221669,0,31.34327732921699,38.25278294698512,1.4924338449741015,14.635426316224551,46.77250890155301
1,2,0.10177357851633433,57.42382265896424,51.89945175045371,1.2384906077568947,1,0,0,0.7638710323540965,0.4115169590771699,0.5209456797454312,1,25.395465971023423,2,1,-7.560890837967223,4.502497726754696,0,54.98905305066948,2.108240390803822,1,-0.7379416812809241,0.39245929003809665,3,60.0409417178289,11.090369481700469,-5.332919628542138,36.010525318374235,22.822231122573395
1,0,2.2996938060062373,45.272438263405434,57.309000260550114,1.6832605808681176,0,0,1,0.35528236071073516,-0.06844229595936967,0.12930891219048685,0,18.034858795091427,0,1,-6.798009168914643,2.1441962054158314,0,2.1930827258950414,2.4609016503752996,0,-1.837007929658604,0.42199726203499544,2,54.48015372778132,10.426850689311799,-3.5637054782059296,38.25972892010691,58.851740168467224
1,2,-0.38014807383597093,53.27759549572454,56.37057726180682,2.376314433891154,1,0,0,0.6370220754910325,0.40394456337467394,0.36859012276146164,0,27.83773884428581,1,0,-8.69593613684679,16.230980047443357,1,50.01595008662107,2.2461818094798236,1,-0.7476349371859108,-0.23049970056222074,1,53.08795676321196,16.61037507736492,-2.257571713470515,15.371309161611286,40.769305283601696
0,1,0.8157836760905331,54.26031433502476,78.90233259600703,6.5001328833294805,1,1,0,0.6489149711626272,0.5206277092757919,0.9273457314511037,0,64.89065932355449,0,0,6.649492172395934,6.145681948969154,0,79.15928066274742,6.309374991822787,0,0.013598474696485964,-2.7044607202726842,0,12.573390653243505,27.00157380911538,7.693256005174874,18.83088425138871,24.35349878042527
1,0,0.5758138269403456,35.343993035033805,0.5529035463448406,2.3326880885102677,0,1,0,0.12644307274773814,-0.6498002068018857,7.853727113094067e-10,0,21.609436665228394,2,0,0.3539707634039253,1.5473118321742718,0,42.77486220153933,0.8276696135503182,1,-1.7750456896712914,-0.14279994402485788,2,95.17934434468924,10.138738298010239,-0.16025639537616598,15.152723080426487,27.605883252694234
1,0,-0.0435185527469259,41.46597705224981,17.31031645861927,4.465216502539008,1,1,0,0.3833638706555232,0.8500879909557617,0.52089940917192,0,23.19603637244053,0,1,-5.325012514265927,2.188948731019544,0,23.121630976121914,1.830908486874031,2,0.7236240773898893,-0.7957295932504594,3,74.1900048591465,28.287055937669248,-3.9966464847890046,7.359253670144483,37.97311555578943
0,1,0.17100202748610918,57.38935706294704,70.80185788978115,1.9302455264193779,1,0,0,0.7468322563839948,-0.6853287133777238,0.9321808674524467,1,24.357475967695134,3,0,4.301550998205437,3.422707408538929,0,54.50073632983383,2.4594709121552647,0,-0.07780667486285243,1.1063610374263482,1,49.16138097945654,7.8895277326272435,-3.944531919601671,15.510048181186066,40.372788763820594
0,2,0.42622857068798253,66.29536576483484,60.7929681105462,2.0141493933094887,1,0,0,0.9333279627199641,-1.6947018451205518,0.01040820670531939,0,25.371853797708436,2,0,-0.7607411298133151,34.18694666612804,0,57.94606205074989,3.118850864408806,0,-1.1715863455237798,0.4368225150577701,0,50.383394222557484,10.183575832622944,-0.8036439778502906,37.79126960994265,35.38430416398611
0,1,-0.23449796316168336,35.597347390529876,76.21625376857735,3.6596339001813862,0,0,1,0.2106737126461602,-1.3307550371860746,0.7885854973068964,0,32.57895618240541,2,1,-6.908464774315014,3.923781951896078,1,51.694934151147294,2.952682854037638,2,0.13860202760730622,-0.00893083906223357,1,59.312834428459894,23.86893832841835,-2.99773728357831,18.75187100736239,27.214453010470272
1,1,1.1264544833262098,51.05728778407216,45.13386507230487,2.0836252175739545,1,0,0,0.47726754574397895,1.3160090091494594,0.6090830850107769,1,25.62827140610227,1,0,-3.7931720070593506,2.567904367019368,0,55.202165928583504,2.0283988857588766,1,-0.6042815033813292,1.0058749937522051,1,66.96634046119719,8.869330070328122,-3.9957645356735183,23.818990991180012,24.134824603706292
1,1,0.4705473509377979,52.15714699515979,37.609486041730804,1.5278214312133855,1,0,0,0.6063803845594242,1.271856773128371,0.4107530771935428,1,16.73770562922174,3,1,-0.4031070558957346,2.6405536766426683,0,34.37923969575966,1.8918466736520805,0,-1.3714219512420622,0.451498756264655,3,68.40760142993845,10.356126713666907,-7.33827030640539,34.47182828166139,36.881156991179445
0,0,-0.25417050395173396,35.74490029420262,54.82002611608866,2.0421690084410224,0,1,1,0.26899845891105667,-0.8409741869057442,0.5549710020640017,0,35.70628532176125,0,0,0.7221203345736615,0.8917106470648126,0,34.37397246325444,3.028431182412083,1,0.7356330107971163,1.4757997107975567,0,42.439966130684766,14.213760952388515,4.076931700136004,12.523081781835753,49.2349418178411
0,2,-0.00208360471110057,48.12294022559043,96.49484188759187,5.293496431175338,1,1,2,0.5388536743397764,0.40321958706511546,0.23841890287595424,0,79.3214826397981,2,1,-6.869166347920983,8.239013142143484,1,63.263421612989596,11.679619563611238,0,1.097238941655839,0.2890551012885067,0,2.555103819054888,31.35007114126151,8.769129090452719,39.8781011877294,51.914309779343824
1,0,-1.397788035190553,54.427269477106954,11.4085902553079,1.6926694248408294,1,0,0,0.7313396998945454,0.4023256765476595,0.3695876636484502,1,19.924432961172272,1,0,-6.674345559987672,1.7448505830748506,0,29.472438904917322,1.0563204360676253,0,0.6872600082394764,1.6315515028599326,3,86.21107475107343,15.419669026614988,-4.706935170711875,5.916144220187565,63.745955631948426
0,0,0.17325454903730006,30.870966627504025,75.2897157122779,2.5689491307343326,0,1,1,0.21519521853562462,-0.40695344424765256,0.051464505169935004,0,37.253640272311436,2,0,-3.617069059702718,2.445496818226941,1,25.1477504380673,3.4908261925853954,2,-0.3040793394592575,-1.6654017999163566,1,37.10430454757162,14.722404136618014,-0.9177711800106376,37.72134853854785,33.11035438765535
1,0,-0.2303395571123725,27.66686983353307,63.523964096486885,2.8416277821177056,0,1,1,0.23033315874789773,1.1594076140679537,0.25744636011000455,1,31.453971899071924,2,1,-2.0000796083794015,1.2883765187863034,1,24.852234262122952,2.9674103219144534,0,0.16156208791955426,0.5349832812476533,1,37.263307427420564,19.22093131959779,-1.6702117754108805,33.39718052984128,24.82470519520621
0,1,0.3155193508384742,44.559713924116465,87.21351004825323,1.9171188640284174,1,1,2,0.5413350631917336,-0.7110416785264896,0.9633967357576834,0,48.70382685347607,0,0,3.9917457448729863,3.072794936019093,1,27.18175233022294,4.9139664498059235,1,-0.5652344520388645,0.20774275589533608,0,27.545216442584152,9.659785006159915,0.7757797372256992,29.587986759166736,48.48406883734781
1,0,-0.8086522218796496,61.89063519656916,17.236969237519173,1.9144649430887062,1,0,0,0.9151575087942377,0.7122587856078493,0.9177729419279627,1,34.59261718383913,0,1,5.140602928632392,1.0472436469838051,1,60.04777642929517,1.2896400166940525,0,0.5259537020760897,0.36265806040468596,1,84.04167594658635,12.814737527155726,-5.143694879258264,2.8855120518011335,48.135136517645904
1,0,-0.6508218440813487,57.50299708913351,12.745208662314884,1.7192198749661394,1,0,0,0.7924248980755471,1.4518085139855659,0.5046180330115457,1,30.818232384836367,1,0,-0.4629411738622693,2.217161874152379,0,47.760299009592806,0.9937650477564592,0,-0.3118503739550893,1.2025589706711801,2,87.57208394265975,11.861324593341362,-4.686354768545935,11.440418408290572,52.66346956238594
1,2,1.5280674499006475,69.77377888603775,5.726504175581082,0.9554776010855689,1,1,0,0.9906495108623723,0.5665632752843753,0.2664183231327706,1,17.45643352190532,3,1,-2.53572345273475,9.234751555412334,0,64.90407278208502,1.2504375461993602,2,-1.776942221702907,2.5375701621896742,4,90.0327454109167,6.161766015701506,-7.781015124755813,34.20010103384318,38.83548239378438
1,1,1.7542845912292577,65.05677171546486,12.180854585310147,1.9195915950183955,1,0,0,0.8547845563792309,-0.9434602091800095,0.5598613204263488,1,32.76681688314768,3,1,-5.2226214558817645,1.6349083881233666,0,53.53791242559502,1.1728008026149277,0,-1.1988962455485634,0.30076638507644854,3,85.97462037246389,7.828728773080584,-7.388741946934335,17.369007294234333,33.344037300716764
0,0,0.875327221938832,18.8046820543044,83.29217837148519,15.640537187634713,0,1,2,0.09593912332079074,-1.5556697498476832,0.542631513635301,0,77.86647463252925,0,0,-3.905480552440988,1.2433651312543348,0,12.377084133636949,11.268386375768193,0,1.7065263304093545,-0.6358334480812254,0,3.6645634379073866,37.374947999307075,9.5154053239038,10.033923074722818,21.87199975444993
0,0,-0.5207209692177213,20.158362144482176,73.08474995040474,3.643236683963297,0,1,2,0.10856026087695347,0.36755952617348636,0.8348529569137761,0,35.83054022033466,0,0,2.298714073508691,1.7865031663228044,1,1.9855892865172065,3.2923207687145677,0,0.6757276604613786,-0.45513225933577905,0,29.35500406496993,28.16957920573814,0.8324315900697883,6.1747645988948445,28.19499033159653
1,0,-0.27369252593283666,69.43646853985344,5.1009558533273545,1.932733332180933,1,0,0,0.9955102078532468,1.67898744200393,0.2333705557106171,1,33.16552118681699,3,0,9.059348432245411,2.7965870756059035,0,78.06847954942377,0.9489655509826972,0,-0.2217510850690427,1.3384622402608541,1,92.81138656277561,6.718327587388302,-5.7127741897402355,4.054651350965893,69.43347123091351
0,2,0.779691489077668,68.73437619980572,42.96127161492513,1.9506771322792549,1,0,0,0.9636917078313392,-0.910926107113841,0.5544325186589482,0,23.864868401087207,1,1,9.02645066559711,5.243261166378697,0,71.69583380224088,2.2088850651457217,0,-0.17787987859768267,0.8416919732879946,0,62.33482867799706,7.189777742665012,1.1744589412027153,18.17496816065296,66.65338940950522
0,1,0.8662843058730192,45.926117469652795,58.24537245765844,2.8651871612699527,0,1,0,0.3699759459209123,-0.4488317637326525,0.597273744128635,0,28.35234626364839,0,0,-1.1450095244094438,2.600740902178999,0,15.828688029239943,2.5561706207670736,0,-1.0201123605936562,-0.8156513047186476,1,49.96161509842208,18.360456876349357,0.7052174676585654,17.933597744570946,28.470311829672397
1,2,-1.2379136787800689,58.15864023687391,67.64009777411802,2.95435224071328,1,0,0,0.8668215860299476,1.3707457087656683,0.5107250706427111,1,37.86265118745809,4,1,-7.657766567443005,6.4468252419725784,1,58.57034452110536,3.0068681506261457,0,1.0118733930583332,-0.05225036810787681,1,49.055410852863005,28.80894816105865,-3.9623698689762668,34.41545892445569,48.18648347217895
1,0,-0.8598310244741886,50.91111263716552,6.3278918946203575,1.318549388472187,1,0,0,0.6545664454399254,-1.111935635149151,0.3103312373311318,0,21.321763972525428,3,1,-3.1573898630755446,0.966656960289012,0,76.83976573850221,0.9596089228674334,2,0.09255194465798572,-0.3852843822978108,1,88.63991116415879,7.196791338932673,-4.147195746046409,1.3227962813800165,42.27320823272027
0,2,-0.4153735188422029,47.19110219637455,99.84799964978247,21.16335501941534,1,1,2,0.5412138171919846,-0.14858417754916284,0.9990026814437963,0,79.87804808492808,1,0,5.879422038375459,5.957102944596134,1,44.983617725633074,16.45801993021439,1,1.6547931187264449,-1.4493463907369895,0,0.4078053026370154,39.97638163028413,7.800807849120972,39.94899135460834,48.14286043589121
0,1,-1.0936105317473728,32.61169860845934,56.956902812046714,3.1149044909177728,1,1,1,0.3464165061745661,-0.060620984260220424,0.15409619860205587,0,32.0140841343495,1,0,-2.045104248336126,3.7668139140603683,1,75.06511952260824,3.412440752002853,0,1.3544572820782554,-0.7577257447420103,0,42.83633347862173,26.833876304660514,4.360349319300257,13.390745685464772,37.10731621405171
1,1,0.5169352355822071,64.90999771253732,28.898540203903757,2.652611168279291,1,0,0,0.9045762564923019,-1.0287284047821237,0.4740267557384439,1,19.152624665412787,3,0,-7.832669093601792,3.3646296681317716,0,57.894388696241315,1.50593470955463,1,-0.164804078100824,-1.7558878884158988,2,72.03482372537596,15.030647526080244,-3.42966619368325,18.480663986853468,62.88610459080654
0,1,-1.1594818450803774,23.886317647874186,72.17449113082165,1.9135382808072217,0,1,2,0.14589860652716985,-2.0739101284733414,0.2500269629421537,0,46.22662300114601,0,1,4.1022160184857785,2.7901419910339094,1,34.17249181609516,4.531232075325655,1,0.42227289743730545,-1.3954778146549858,0,22.636001053153258,16.226414386702782,4.759038114536011,16.549435488385438,35.33818832301506
0,2,0.05216961696540517,38.86385862404488,87.13308139819483,4.579203569587946,0,1,1,0.318013338185146,-0.9160407838997715,0.5517939132389249,0,61.010631927167665,0,1,1.3959227680080986,7.415578815838313,1,61.243172343267496,5.276059240830164,2,0.5443399201703532,-1.0202966116756367,0,17.273093140481055,32.17852634412803,5.72020876181365,30.782905194767494,31.739103365070928
1,0,0.7434731024457841,48.195868866155315,56.47672734462604,2.3923434927561082,0,0,0,0.4472061781862141,-2.2547644148516173,0.9058959043020364,1,23.437356476117117,0,0,1.2415565374124231,3.2323399271389923,0,56.059949355559915,2.1060341992963583,1,-0.3088171996027345,1.7775614493524041,2,59.98664780417641,12.423828011432407,-4.3772323633196315,9.106642769517162,43.723964911293756
1,1,0.13599023436031787,60.03209902847027,43.80480200879609,1.475624943329513,1,0,0,0.773591130414526,0.7379246478150403,0.9821690029923449,1,26.29414773278817,3,1,-3.425934221546889,6.097147123126719,1,46.231377107623075,1.6410590322847658,1,-0.7142047096396651,-1.1450193042719248,4,70.63653681353725,9.275102181272022,-7.924616999147415,19.849027182422915,55.15516207035301
0,2,-0.6589201306387852,22.420893814242625,70.3092839380857,2.6665318975677352,0,1,2,0.2258089486497581,-0.5720094131644164,0.04943960907706524,0,40.84796536661783,0,0,-7.216506790767767,3.239836200895168,1,24.642592620071426,3.279300272851836,1,0.45553501999628204,-0.27907750730221936,1,37.202596377134576,21.47319484969735,1.6830424189275313,30.680547060411172,26.347735582510325
0,0,-0.20915236104786336,23.52369920939224,52.327115830675005,1.6963847411694144,0,1,1,0.1793152378371114,-0.7250463652179145,0.5945178362602632,0,23.321538832198392,0,0,-8.435565282747461,1.0709111108713942,1,10.108604083521332,2.490954402660576,0,-0.49270652441055846,0.19947932295963375,0,55.8389037545362,10.87217155069843,0.6258431310550616,4.855460224535635,40.51706041985881
1,0,0.3147902448028038,60.507209205282074,21.850130877016376,2.701350619520315,1,0,0,0.7705170219144548,-0.027035558642076973,0.7195809431453264,1,21.642731670126647,2,1,9.926395290788324,1.7793250870699546,1,63.552935005962816,1.1626303214864728,0,-0.2940833076183589,2.7522480054549967,0,85.48606433923112,14.305072722715746,-5.355530598297923,5.199174607488346,67.02498638922108
1,0,0.3755053677050301,21.889567842664555,16.919885534098384,2.0569735183188738,0,0,1,0.150191110284565,-0.10585297108673117,0.13127998130636087,1,22.089753349565164,1,1,-9.004215687799125,0.5243661658040117,1,36.069490920058925,1.4228463210214333,0,-1.1082535779857192,0.8546171803126453,1,83.13815303396339,5.765262395750412,-3.0400411329974304,3.284840111905236,24.323804346575358
0,0,-0.6596260476747269,39.89196611243465,89.57379083545885,6.696809850720311,1,1,1,0.47581686702124293,-0.4065409763429066,0.5826029796785188,0,67.61517352594937,0,1,-2.1285002929082095,3.995681993994406,0,37.651650013350405,5.567172674808638,0,1.4819545515482235,0.4584923084416268,1,11.385747665382945,35.29301807614012,4.754410390409571,38.30756099358078,39.70866316273512
1,0,-0.08465948597121106,19.733163581551974,46.876017193380655,2.54775807180369,0,0,1,0.14376578332121703,-0.002608230356905752,0.4756069249980921,1,19.17082632795239,2,0,-0.9909213095733556,0.7335682659048326,1,36.65155620754894,1.9140914488931675,2,0.07959316174549118,0.8972381849201625,2,85.37138712814448,12.902146002883864,-4.6009979182326255,10.753179688892885,24.27608847437463
0,1,-0.2946252294571569,64.75223578697552,84.76533584799502,2.1266464595248653,1,0,1,0.9125127885966413,-0.8615286359874139,0.7232316831463188,1,34.205286983724925,1,0,9.997415338952997,3.9672654698270553,0,72.40419895595835,3.1306692654409933,1,-0.14858439342757784,1.188693539889245,0,39.61078186825657,11.195086025040567,-3.563415997140207,39.56301452986355,66.06603354454899
1,0,0.6549340835307078,44.04653626760394,46.21530419366923,3.4566198566996094,1,1,0,0.44696189444632095,1.708769207322157,0.6922578265883483,0,30.23764586294802,0,1,6.123532311913252,1.9028060133360045,0,31.873929956740426,2.8369194706981284,1,-0.6708169583858958,-0.6474355134958342,2,53.95822162247128,16.83538373135666,-0.8579004110577699,19.766943390774493,43.898695480039535
0,2,-0.20548610551554386,57.041554610793895,93.22341944592803,3.6982976918511716,1,1,1,0.7780270232273803,-0.3764828644988114,0.4815985391649254,0,69.8897987550192,1,1,-3.3337772821073504,10.533625453515361,0,50.23510137192002,6.5404290557032985,0,0.42692730006099117,-0.08815621686429596,1,12.161854027035346,25.545778067186834,2.676265430029993,39.56888554926293,35.30157519996354
1,0,0.02853052196795296,40.522618262425894,37.290735559403316,1.7682367462599897,0,0,0,0.3756189291755243,1.9651461035318694,0.6774514440024276,1,19.27176141463706,2,1,5.1301613261842185,2.5534807380990814,0,26.38549478352232,1.5062943148615004,0,-0.0037471001010350113,3.612466009281351,3,77.26336630175598,9.72762595202213,-8.01212565802828,17.725288446317503,23.08097049375551
1,1,1.8994972960563987,62.927546509832176,65.43534964154925,1.9937718718091013,1,1,0,0.6946324903265968,1.399490075560885,0.6300413243656869,0,31.132895862288372,1,1,-2.7124515837889795,2.7915187926399683,0,9.2740867352701,2.860234565422237,1,-1.2569057524244198,-1.3939895417567547,3,38.06188592100603,10.151379692842898,-4.295898283313844,39.94753593248652,31.59646334690612
0,0,0.023916075141194607,22.904329683469296,90.39374010832,7.646792425163151,0,1,2,0.2027933580529469,-1.4665833484889552,0.5921836376134033,0,78.87616290307831,0,1,0.7848672021034968,1.485816886510567,1,34.561044576736236,10.784659640959083,1,2.399118601172851,-0.313661995183212,0,3.8812471707613927,36.14139120545957,9.459748795105803,24.2923889837148,50.66857547272144
1,0,1.5471011023626176,53.224784404631336,15.712744710620285,1.717673238734875,1,0,0,0.4958142270503322,-0.5851063808634431,0.47184930442100115,1,24.251202457915298,3,1,-2.030112382609599,2.299216522231846,0,20.805247254330936,1.4344728005527896,1,-1.6086951635512068,1.4307831430747504,3,85.66253646903907,16.484075441609633,-5.670728423577387,10.162497517907362,34.90275630596459
1,0,0.2724408965507284,27.685882865497078,52.24769932490479,2.925639437574883,0,0,1,0.13546741048889577,-1.9907422077089407,0.618693571580701,1,21.581602333048092,0,1,7.843471948447508,0.7854796959475241,1,35.0334974764145,2.0985743045271277,0,-0.28406537611724625,0.30518041513340705,2,65.59426955039058,16.33964990337652,-5.025887409391462,19.334476431158205,36.37764943841011
0,0,-0.06553785740453234,21.801581840628263,95.4427170827147,24.57929814398313,0,1,2,0.18822969221778524,0.4049729801192863,0.7474755809176581,0,79.84506151842267,0,0,-7.020593309552926,0.9849664020498917,0,6.799910964270146,15.876181320018869,0,2.3955653053083292,-0.363391813913178,0,5.952132295487333,39.859585562959296,9.299833287830879,38.11966610319264,21.86445949501303
1,1,-0.7553140765941517,32.57061700667688,71.26743640975734,2.255855184469424,0,0,1,0.1973028952698344,0.15989433113824617,0.8126456921616418,1,30.348055947354805,1,1,-1.6083954716403586,3.1974596547843093,1,38.38084452751061,2.9673718095726276,2,0.7658149192397833,-0.32507324262711745,1,42.09230717441467,17.233904239582706,-3.2715454138882194,18.306668362445965,35.081023409351495
1,0,-1.7767889733402615,54.41020815239272,20.925149016603058,1.9244480263389099,1,1,0,0.844754303929927,-0.44513875978030965,0.27307376723418414,1,18.66594852522509,2,0,-5.49797334867057,2.5771887583403252,1,37.098334234754915,1.5672627666676244,0,1.2529201191545538,1.5154966913367518,2,73.81859906558442,21.4868764687674,-3.9428921022669075,15.581616094942152,69.48711278069212
0,1,0.520651517403578,52.22491477696326,49.77155557883869,1.4807999913368135,1,0,0,0.49961356180183053,-1.433075056473812,0.41509880617159445,1,18.042631038798888,0,1,9.32643886546095,4.8469143668329275,0,59.769200844532755,1.854703643506733,0,-0.8322785433133013,1.069157034093823,0,62.022991179893026,11.64448626774735,-2.7436147816911705,14.487361993638412,29.420398467713305
0,0,0.12147532160047313,39.13621371787579,16.557282835080123,2.3988413966457167,0,0,0,0.31600431110253047,0.4242616795776131,0.15495566119375914,1,22.974971511613145,2,0,8.473985251374579,0.8758414972641553,0,73.74823428689663,1.2653080860008128,2,-0.14681768050084318,1.4240804201036488,2,81.98910977393665,12.798655798282624,-3.9247813341718754,8.737861978002186,30.791479973352665
1,2,-1.47977938816747,68.15697158116518,30.49998505495054,1.606496123364557,1,0,0,0.9820375846122387,0.8220987586245256,0.4063384325915249,1,24.119160478045274,2,0,-7.865062699276335,8.895691676865322,0,44.49838278114748,1.7160547481208077,1,0.6181054288484678,-0.4178045424771623,1,72.99095390895751,9.981085053041006,-5.865332141398156,32.65277756468792,52.37637167602929
0,0,-0.3819808575994007,25.49473916906186,77.71826801026933,4.111440819556693,0,1,2,0.19095497108735293,-0.33357646149674514,0.5082736277475652,0,39.95072851775066,1,0,1.5365952875823137,1.0303260144069704,1,14.283514036629143,3.23842606505273,1,0.34612899281694026,0.32413231120671177,0,32.721689945747016,28.77128004046124,0.17704913851729032,29.0772429618951,57.011368870699705
0,0,0.4046476506172845,43.34637309309049,61.01132208142146,1.6014040133700802,0,1,1,0.3690604727725877,0.033285014311874715,0.39452088080031156,0,49.98750266442647,0,0,-0.601861041113505,2.933097304893199,1,3.7334234437035363,3.650773642979389,1,-0.34125720092637946,0.23727638489829075,0,33.389510095035945,14.50903078295456,6.363230237493621,21.47827126623934,68.77119446267528
0,2,-1.0343557183574366,23.89548202779675,95.75028053731221,14.455096388752635,0,1,2,0.16803776707352985,-0.5408224459997475,0.7137961085500459,0,79.86091744729168,0,0,1.215240150777582,5.1262621215906155,1,37.157601878897445,16.692157100857962,1,2.2817582887386947,0.0847733911019337,0,0.8523131385171134,39.69418833585646,9.789412930827048,32.2822216572953,31.92347037306322
1,0,0.6358560488240329,61.482310011993725,10.917171304640638,1.5890410529923684,1,1,0,0.7578452664625794,0.04133754830266946,0.11417058567078991,0,19.293468707489186,1,1,4.259639506075207,2.143402165522647,0,55.04462025082453,1.8075507496337704,2,-0.6409022970002184,1.268382544044241,1,78.45895125284346,9.085407929781846,-2.24358783124503,20.49708246788547,25.749377203479437
0,1,-0.2092443901206273,38.38137797943107,76.87539460308787,6.470582113679655,1,0,1,0.38893325732361417,0.24727589152953797,0.8800315178908533,1,31.159335300105933,1,0,-1.740870786122743,3.427696620967802,1,64.34374588649112,2.914942497119782,0,0.8524633340472185,0.46997930771571095,0,40.23130823095827,36.34783990064858,-1.4064943109264618,15.616979395802018,28.008729464640034
0,0,0.7268104820752409,26.824101815393735,81.3682963129662,2.9963716265519085,0,1,2,0.2120265783071184,0.37548503397411104,0.34962186475235124,0,58.70364497330672,0,1,-4.911742297198631,2.285618185617486,0,36.41628455541917,5.2279110316001605,0,-0.4265592122512716,-1.0705400579126403,0,20.77096110167528,17.10829339529034,6.841341607413522,18.926699679000823,49.54319957741963
1,0,1.5161164547628603,69.75494854577991,0.0037986876439244366,1.868604167853507,1,1,0,0.9963887449741389,2.8177036582254473,0.42898793074537545,1,22.427037710398167,4,0,4.408540189798785,0.7373555868231403,0,37.62027189640638,0.4540216104671533,1,-1.1840642577071139,-0.6119666569081327,4,99.71120844763485,9.297330023861104,-9.581448724322442,5.659909514033414,25.22644986489696
0,1,0.5300969162714927,27.690166319368295,89.5046510509989,12.361503013303444,0,1,2,0.22187989243625483,-0.3397953687897319,0.4266278638331936,0,79.83164172872476,0,0,-7.342813216889321,2.3143836083747304,0,37.360477509026,14.572856064062162,0,0.7626107976492211,-0.11042603346778657,0,1.1501649592023655,37.977436808624795,9.947454437467258,20.16656360674822,24.53071325464047
0,1,0.6363707295751564,43.56760714914273,33.93133507985905,2.064155999946265,0,0,0,0.2673753158208196,-0.3580439231243661,0.36402217913967283,0,29.643826772392927,1,0,9.191540738260858,2.2869241976733625,0,62.676191463285036,1.941673815319575,1,-0.7751801963202671,-0.23755855821855912,1,67.1095208078735,11.593046121207134,-3.711814958328036,16.902821719215453,25.494053291447358
0,1,-1.7155876105275876,30.208310726854904,86.02003416777822,2.1358946863919357,0,1,1,0.23635913277130632,-0.3417501662755715,0.4182467320908684,0,74.48802233682164,0,1,-5.535156624465768,4.376927816471875,1,5.210911590124483,7.707940679738845,0,1.3857660784798076,0.34372036877847945,0,8.167586041962554,22.91292184149195,9.380786067061777,13.787673511960916,69.91512307413176
0,1,0.4438799443477687,47.01495758985748,90.25462922942735,6.792204622892112,0,1,1,0.350809051524409,-0.5631821832388674,0.17534073760099783,0,68.74624595093819,1,1,2.4103634168568444,3.8530267277220176,0,51.292652364897194,6.715134452544147,0,-0.17019833402435577,-0.05498181163229965,1,11.817747573527859,34.040700528472534,6.829131387385779,39.95221608197836,27.688382814626724
0,0,-0.07159492354447274,34.875432798380885,54.23228751031224,2.4474420900243343,0,0,1,0.19657038450094472,-1.853078293848331,0.739492871973607,1,17.535704428925705,1,1,-0.104851261562251,4.39410276654542,0,54.4919156695443,2.7823546380495205,1,-0.1771011271257978,-0.12667860447615883,2,58.13901457285498,11.727326576123232,-2.178706842800487,2.726059365612432,26.09496892651439
0,2,-1.0838554879217985,23.520224817742125,87.3561316336896,5.609206570293725,0,1,2,0.060480148002019174,-0.1848165333501118,0.25053585284551116,0,71.42895455437292,2,0,-6.332712330829244,5.6216617833651314,1,36.7079905052017,6.9448634263772115,2,1.408771150673521,-0.9487709891078173,0,12.715324409898004,36.891914875977264,7.541516582563254,12.568496312628241,49.80602884911427
1,2,0.31131423227388827,69.01098202261991,13.631460106955585,1.836164604705656,1,0,0,0.9914628479951426,0.28815979171392747,0.4248994205607935,1,20.375819781482,2,1,3.8173136198455424,8.753444479891023,0,32.37483045175624,1.424812938292106,1,-0.1589885012904856,-0.6917903820287687,3,82.38619299569552,11.945838008038091,-6.664729440531608,23.88313903607181,61.78014702030599
1,0,0.5102026336097095,46.624172331182265,55.78667778741654,2.095542826668955,1,0,0,0.45353089091646975,0.6635745777855023,0.9638549614115981,1,21.5554341345553,3,0,-5.165177334738019,1.1816573406992683,0,11.4837461981441,2.3810789801825867,1,-0.7253697430705925,-1.0258639886181522,2,54.61326992238369,4.943219830125436,-4.77140541039328,21.742304033864603,53.175561534694324
0,2,-1.0712534074944748,27.401920093658486,86.83199980821132,2.9356391444607506,0,0,2,0.16688736786566782,-0.7285802768084014,0.7461482547620808,1,33.851055619035904,0,0,-3.0108681250889093,5.848815735639976,1,5.226495826031461,3.0586898282509503,0,0.44445006819789346,2.167640033740943,1,32.01662148250729,29.330773704602947,-2.903663762294113,18.719513683929982,35.79765984425724
1,0,-0.00995343069102219,30.31232684486695,15.55019875144557,1.5877065976851437,0,0,0,0.1885828927647939,0.4484493152248311,0.001636766830267311,1,19.162817473840327,1,0,-5.124476400644492,0.7555009962033269,0,53.43605130307915,1.4862143933169052,0,-0.6812484531148542,-0.9252208799569893,1,82.27328340962134,11.858520187904787,-4.00460396491942,27.211498137763126,27.07127690776817
1,0,0.23831132921204148,48.93006780751051,33.16833692478986,1.3076071560500784,1,0,0,0.5757557668292766,1.5711692503994699,0.3561176409727499,1,27.114921270165475,3,1,-2.936542678965046,2.286615783217934,0,34.56670842251754,2.009528262049258,1,-0.48424217846772794,-0.549202478327629,1,69.43866376883592,11.37532450803249,-3.4793987896900695,27.35634946126168,28.472973438372186
0,0,-0.4964801612793873,22.93641654840803,80.37761245354918,6.324865790696887,0,1,2,0.11361687768248308,0.2508690967625649,0.5124675409913053,0,58.7371106452298,2,1,-9.935839642761945,4.328954744328565,1,33.00752554505527,5.078298005232939,0,0.9649113542923645,-0.36823368836952014,0,20.04562235105172,34.194465340177864,7.321340556638983,4.299093037087882,39.81447833449728
0,0,0.5886642553740713,21.51399372449125,76.82109926742942,4.213643996816391,0,0,2,0.08478508009707203,-1.0055428993421733,0.9659826874335222,1,34.590118013761696,1,1,5.435386053388507,1.537831943738585,0,3.0583324426788216,2.9842324911160123,0,0.22549695609969359,-0.8471738772934374,1,36.335040204716364,23.85397324210507,-1.4392705782883333,2.1259582912539488,37.82828749891023
1,1,-1.519235676496314,45.580893160808465,53.059843451569876,3.14051660327162,1,0,0,0.506421409491395,-0.6321788713973886,0.35232337350464166,1,24.247345533611096,1,1,-5.963942514517695,2.1223218494569833,1,31.253612526232082,1.884627984646359,2,1.600418270211199,2.6707827443099577,2,83.41841386185101,35.2533139664382,-4.918600020331892,35.38379559599217,46.353734269353296
1,0,0.6883368467596688,19.648694393461426,57.81126862145866,6.200083635520024,0,1,2,0.11736005365787117,-0.4604520582066309,0.848421074386384,0,35.98708690127177,0,0,5.139085965086911,0.737958105240734,1,22.405058486652358,3.490288600764949,1,0.12978796323021102,-0.6640166886530502,1,41.232798123660395,30.778880123249074,0.10554415703213316,4.111901685372763,27.514431186632347
0,0,0.0569317540078002,29.635681941873717,23.925487661978362,1.853106906516635,0,1,0,0.2640097932307399,0.09228226110326385,0.0010610789910895924,0,16.354753067775192,0,0,3.8360174768501807,1.6550832331771579,1,27.374007772594222,2.329355346218277,0,-0.07512967553946691,0.5139224558444029,0,60.722860654861144,5.617388725878016,3.416482353499637,15.218264300442744,46.75640937040037
1,2,-0.6466097496359519,56.14344239828293,36.288165926260454,2.0980241079982216,1,0,0,0.792858215025414,-0.9746238096295388,0.43395766724310675,1,24.129904985293074,2,0,-6.315032146515467,1.7449567720796504,1,50.96943261545559,1.4901544055517486,1,-0.07899536933493709,-1.5059753336630621,2,68.53120825468928,11.831867882698896,-5.5764339169020545,35.04809493604558,37.2486122617935
1,1,1.2633358725059067,42.39347853061232,23.02869888978323,1.6006314622906443,1,1,0,0.46594808430305074,0.16370713496961484,0.22168432435025276,0,21.49266914770869,0,1,1.5734191239985797,3.429907077216671,1,39.50210112009686,1.8320379486298313,0,-1.1463653649205405,-0.7482691482099165,2,75.19176775641472,10.812469935250103,-1.5711812751877634,12.242832588841912,47.50382884372726
1,0,0.48849692734704014,39.753248045167815,67.82958395688998,1.5959641258221082,0,0,1,0.24787872387593718,1.3932671359076791,0.8069078623683419,1,28.434272193104626,3,0,-1.6649003479324982,4.000580574119376,1,33.64132816464496,2.5102809003579343,0,-0.5094338698331152,-0.8518829812092744,3,46.13299161075517,9.989238740049958,-3.321678601711067,34.56017476584809,27.12377940707745
0,2,-1.2654704385581732,44.49807509018752,89.49355772313163,3.417483144453464,1,1,1,0.4390608865519197,-0.9466484226314869,0.44048126606970023,0,60.88891181515905,1,1,-8.792271219464139,4.13752486943533,1,51.34008885739321,4.486375827312291,1,2.112059990519772,0.66932422281013,0,16.308075655906695,31.250471644614738,4.447997226240471,34.46551624030498,58.910733898340126
0,0,-2.5518358444573135,23.575123780329463,38.02197011923324,2.6420295387833534,0,1,1,0.20417875558587567,-1.2698389273134278,0.3575413310169385,0,40.47397457183639,0,1,-0.22150173804372386,0.6889205735726679,1,66.00132034867383,4.084537086835096,1,1.3299784867061542,-0.5899197638113054,0,33.442064299752815,35.16031208597202,6.7985087069868015,1.9311858254526904,68.7932607237619
1,0,0.29752986459575226,44.45760512391168,55.46547064222062,2.2667063644223324,0,1,1,0.4128816773146914,-0.383902508246183,0.6434743828437391,0,29.6359986718872,1,0,-9.738119072924178,1.9815733799501918,0,21.962599985961685,2.6328897042434964,1,-1.5213521457531136,-0.16747107311657297,1,51.48421214067781,10.002679683819121,-2.7631031727234525,27.15944919643771,34.103594109445865
0,0,-0.7932962388447388,35.66471312678473,49.708333671951934,1.57899524447987,0,0,0,0.3355620624079666,-0.33340265315525225,0.49468839676509996,1,19.038319337392945,3,1,-7.0316966333590045,3.0663790719316575,1,66.03183985509273,2.2070981840534865,0,0.33692845065637517,0.41687320210387346,2,62.67853818925615,8.192824306845752,-2.6356261813278596,9.677341239604573,43.55794759263644
1,2,-1.866983532756013,60.367465713044304,60.95994380224037,1.953393106459902,1,0,0,0.9296081152693673,-1.0594858655030652,0.6281784367625947,1,30.472616910681868,0,0,7.197008373675885,4.781175104533063,1,56.093477680892654,2.639584917991768,0,1.8140792426484604,0.07326757620002922,1,56.91451989706331,21.240449046449168,-3.558450455277196,32.553560243905046,69.6619829828565
1,2,0.3293717076804613,55.51738557098954,21.642550260171163,2.3714018708541826,1,0,0,0.7010475780590071,0.1459507128937636,0.18138767592234167,1,25.679119850016097,2,0,6.869418996858812,12.903606079228753,0,15.78464206173062,1.6937024636793183,1,-1.1345689309693308,0.29012509047714186,2,75.59248868548114,13.04787487664705,-5.5098873277560925,18.024148257375884,29.542067673192143
1,1,-0.35055255328301854,55.41126880902588,32.6625856556197,2.777459688787149,1,0,0,0.6878985255453658,-0.48011974161485893,0.23679433328925586,1,23.202497288910724,1,0,3.3623314361812184,4.526230417962321,0,37.272425623908475,1.5371011777403458,0,0.5593056084026475,1.3085676847308043,3,78.142628594121,25.54545513360225,-6.574456395457663,28.755727470887884,25.146904061464326
0,1,-0.6343474700489555,24.76595381907682,87.1535952605397,11.720012840730215,0,1,2,0.17057531396697712,-0.4033709792575178,0.45639087630195013,0,78.43225133994517,0,0,2.884082124270112,3.166017612141176,1,26.044280201970132,11.462807626032808,1,2.886381531762145,0.13962019032400763,0,3.0219644121903313,39.92643173301158,9.41440798266634,28.636593113233406,27.743050779611657
1,2,1.0908374640356435,42.864538677612714,67.58129192342419,1.8516004602798064,0,0,1,0.26217034131156813,0.01898469239554645,0.6308681875591847,1,19.390094102340164,1,1,3.933435264114131,6.4577312444755135,0,64.87298814665508,2.4143314446748536,1,-1.1039055195807221,0.28518635594223946,2,49.27181098537314,9.208516336302935,-3.752996248814795,21.201603416759834,48.46659053153487
1,0,0.5618185314283534,63.05961285638528,0.5940759480923596,1.979530164856712,1,0,0,0.8437626765627134,2.014396362417218,0.3383641859003256,1,40.87404056150655,4,0,-8.656121239595882,1.4770004513677126,0,17.977626044587854,0.6860140529411856,2,-0.4340069678305155,-0.7912383426499843,4,97.53242483099123,13.140162728447171,-9.113923096267873,14.896969119782584,24.764260648735718
1,1,0.6996949881079368,44.453918351398244,51.87357632806702,1.025513346401741,0,0,0,0.340858006656683,0.5116630410665312,0.54239471525067,0,21.657229433383822,3,1,-6.4307550337932815,3.454527353764179,0,68.95547020449189,2.1862545735118695,0,-1.2648261385058663,-0.07961619331354537,2,55.65804116572388,8.061768670326675,-2.98448439493961,23.537121523630844,28.403971154956515
1,1,0.5129853508564065,66.86734090528691,21.125404442023793,1.5809847015571388,1,0,0,0.9457642584610733,0.8123491519466826,0.7513055333473242,1,21.50114096996512,2,1,-1.9483681218393833,1.7742321057514894,0,75.89700280848915,1.3280445840622923,1,-0.3858870337731328,0.8924763816937334,4,82.4692063420235,15.27583177626801,-7.354884151232896,29.73090666319012,43.09404264655893
1,0,0.9175883247248726,32.337448439937,18.919218311358087,3.217415684210388,0,1,0,0.1762720371198288,-0.6638837239421348,0.029781304368615702,0,30.302554815790455,1,0,6.086852891868684,1.8513940950564962,0,20.814981998165113,2.228593250370507,2,-0.7509792759150942,-0.38990821943604126,2,68.78518831767715,10.764895317755537,0.6305674202460132,15.837514272200766,23.85147996154311
0,0,0.9720002077637708,53.22635619776455,58.918084764106894,2.2521789783433945,0,1,0,0.4207132331249011,-0.777174999734214,0.339441628929801,0,31.582150881835325,0,1,-9.277488438650787,2.3989287294220643,0,25.05695045641088,3.398385018550476,1,-0.6656649142258826,-0.524237258857997,1,39.77627030447333,8.013378328836716,0.015402409509251314,34.59979454895087,64.62362306173098
1,0,0.13171125205181292,33.65962281826596,60.46819555549502,1.8604709174054606,0,0,1,0.14887404582088315,1.0317451887833198,0.6435325144542301,1,18.948822229678854,1,1,2.193231200463412,3.845722122058619,0,12.514595899766885,2.6252895770039726,0,-1.630812851260446,-0.2280476376014877,1,51.41507404409074,10.345845555996465,-2.3164916263061075,13.925939915220297,36.51635831426498
1,1,0.11299153297684802,60.349223370611696,57.64152794080151,0.9864844249084069,1,1,0,0.7408102221466514,-0.8093154297664269,0.6836185848865852,1,20.53427118021505,2,1,-2.96537245915144,2.5197322852995843,0,41.58977812561343,2.4451483290074782,1,-1.318710763649714,0.1603922097294305,3,37.7984280110655,7.719069708488284,-4.63814216688791,16.375316220158524,31.517016222962226
0,1,-0.8451323141206594,36.73275752663258,55.68349802038526,2.8484200452537247,1,1,0,0.37882911720793533,-0.58466667330528,0.46996730339393594,0,26.853742165764395,1,1,-7.2001812128378,2.0052294816203187,0,23.711033954950047,3.042902197051755,0,0.6798884085836092,0.5256691266626473,0,45.03069885302969,24.67948755003457,1.8434607082323353,9.359090775823502,63.15690175424727
0,0,-1.1925231508485317,25.57222850520813,52.80033312684789,1.1691596015371086,0,1,1,0.2025246284542619,-1.1950380670220826,0.11233452763273544,0,28.559771398637636,0,1,-3.710586229794676,2.1084830037542805,1,32.103059079223726,3.106235575551654,0,0.23311833466955112,-1.0084507100703743,0,46.144925782516765,10.79074272541176,5.134498265417964,5.702455685394623,50.46883049964264
1,2,0.2775801652652235,69.31094806589459,29.996858788278868,2.022279521807753,1,0,0,0.9896480549430954,-0.35269503014326786,0.5672816099251783,1,19.3673202143092,1,1,-2.895979092535013,2.3611988762242313,0,44.21070931039843,1.8268454262641187,1,-0.7969627326609365,0.4460407767593594,1,73.36512495806622,10.218388604608425,-4.836804655451193,35.52228063952146,67.73006521875794
0,1,-0.7966233372652798,33.04202017218202,80.57888415436449,2.0190521804243233,0,1,2,0.2217561810533758,-0.4600024438016974,0.31261085052769866,1,48.10404777981269,1,1,-2.824238900402662,6.973645672103893,1,27.723191444173246,3.326039649559259,1,-0.11773811493289806,-0.7676102694399829,1,39.1308335910191,20.450301030618316,0.5147123919039949,32.52055572168875,30.231723871012214
1,2,-3.733873081495799,58.433887387182715,38.490721916893875,2.2835993754018267,1,0,0,0.9764518604309492,0.5386254883520903,0.4912488191737814,1,23.02111381731158,3,0,-4.008443339084284,15.664941102823455,1,12.778037312883566,2.129786993622393,1,2.4911961464235897,0.7716113193157865,2,69.82743918628617,35.44325435554039,-4.625982488110367,22.74222178270599,69.90951993592498
0,0,-0.5565276088348414,24.76748297607909,73.66937190710843,7.482788296397757,0,1,2,0.19330998471530864,-1.2423018988153731,0.23635037635708744,0,72.1522228579091,0,0,-1.356405201552386,1.3658936558114438,0,30.914066280166168,7.86551850612763,1,1.511859528385874,1.2533516602994033,0,9.440106770128832,38.2254437316218,9.41905422139698,15.135288124457722,51.88609633777291
1,2,0.14682789451011,59.8462006848761,45.58352250462402,1.9190964484815622,1,0,0,0.7645566681321222,-2.382833905937382,0.5741901316898326,1,23.51822758388102,3,1,-9.583824306445731,4.500966547780281,0,31.428602786595352,2.4094866006394193,2,-1.4414507888930221,1.1179394210473188,1,55.93342028295317,8.77528452737668,-1.0469967864970258,20.46401040308499,47.670758382037924
1,0,0.04766959526863071,61.393978449663805,4.948449835954865,1.5781465294337558,1,0,0,0.8287594466215996,-0.05467528799345406,0.008596677994010593,1,20.784638371907995,3,1,-8.779934055242448,2.7314035134616703,1,46.470613954456105,0.952731275231762,1,-0.6598448258777535,-0.4848312990068203,4,97.87090196557119,16.064910183456284,-8.219359581684843,33.94758983294282,64.7535927280093
1,1,-1.1339672730726296,60.46567850262066,58.04080233280061,1.927241320020371,1,1,0,0.9718424419237139,-0.02077636384828359,0.6738167932151979,0,34.72500326908191,0,0,3.574550755319205,4.874504531999624,1,44.66504330631331,2.6515410791803857,2,0.7145563557998369,-0.7413370700868867,2,48.00542384110225,21.355700256724415,-0.050752284350931376,31.709727871800126,66.23044397310248
0,0,0.571900528930272,40.654513497400444,64.50040683786969,2.618392499447926,0,1,1,0.28819645434113483,-0.5757718261073678,0.8810468654344502,0,35.681313107037326,0,1,4.8605429118648935,1.620001133061461,0,43.12246680680123,3.1772621723212953,0,0.5833926666434414,0.22922545773288577,1,33.85584575378815,18.998133532499107,2.4967523059033763,7.2386172114840175,36.64550304415804
0,0,-0.2676873654941103,37.503968457750446,25.265918022970585,2.101176352239839,0,0,0,0.26789404441905423,-1.8473698453407634,0.48442989642995304,1,20.660176879702583,0,0,8.11113121627243,0.8016672020503529,0,63.773595256709626,1.5040435623326722,0,-1.6236289890301543,0.19142032697556388,2,77.3131871585169,12.819655886709572,-1.6533080418346024,6.295582132498905,44.84542490016546
1,0,-0.2762301482980442,52.58113824956293,32.56171739007525,2.4206002132426847,1,1,0,0.6011829016409589,0.5437155052442916,0.4263862593895408,1,30.133351940529003,1,0,5.056545662508277,1.6703230765548325,0,44.20226141113965,1.773126178104634,2,-0.2776156801850054,-0.09047037774500004,2,63.324640356252736,14.455441523464735,-2.4230586373370677,22.859417010095513,42.91502619338631
0,0,-0.16123196498936015,35.49073982936812,58.37017477504065,1.8502370243262458,0,1,1,0.2596583863467494,1.5768818808206864,0.43475194209457557,0,23.77289296364717,1,1,0.5218562249279373,3.598408808309145,1,35.6341793304844,2.4866646569610524,0,0.13654608190063805,-2.4806132410567545,2,51.39442614789347,13.975325833023323,-0.4191295181700987,12.676014969744344,64.09400051984763
1,2,0.6609506642147883,65.35721943319813,19.908493867301708,1.9671074034928195,1,0,0,0.937717893530579,-0.30353613209132857,0.28591606255317537,1,18.652271030133548,3,1,-6.190871581865745,7.4627762978888015,0,70.59948220512274,1.316422792653887,2,-0.2698895622650361,-1.1531099732647507,3,81.04460427766875,9.62450400133857,-7.0891774631944955,30.89571778754668,26.50009854963311
0,0,-0.5818528280549373,61.52080051686101,34.614301894375636,1.3691053798482498,1,0,0,0.851977885268292,-0.4622425221893438,0.8841884592169067,1,18.580898380556945,0,1,4.028910384605789,1.3368878107536244,0,22.636117753212464,1.5125022422201397,1,-0.12482941580617994,1.100628564279272,1,72.81439025848826,5.881877610398982,-1.4241724839706489,11.903371225469566,65.62369575011581
1,0,0.5797827055245623,46.51733324549255,15.013811348719553,2.4162511489027256,1,0,0,0.43167372887710775,-0.20727870890263908,0.11677414971557776,1,20.768623994745987,2,0,-5.642684790172262,2.3068081746182814,1,39.912728406964305,1.240162942504845,2,-0.36826964413201874,-0.931373867722907,2,81.75397119776704,15.080703177059725,-3.0555900262116094,11.964377969573082,40.99372577107932
1,1,-0.1009649200738161,56.57092845673975,66.25010291480544,2.4909587992369073,1,0,0,0.7830435572336099,-0.31461473012301533,0.1838048801514467,1,29.56657011099785,3,1,9.811061502701545,2.1647028727381907,1,74.880035795287,2.2157972045237826,1,-0.46858117655224407,1.8494366769238701,2,60.325828909209825,16.669547678743534,-5.467665397737602,39.93877399843364,51.40799081246087
0,0,-0.24230783387094385,31.726263290893893,56.228506262301096,2.264739064775958,0,1,1,0.21060720457055915,-0.6970865025166638,0.5485675208669557,0,35.75506490482998,0,0,0.16477513149475165,1.5528681594506208,0,10.97408123338139,2.670242261295301,2,0.8851547349471882,-0.814019705931599,1,44.29755660196911,16.949934106394657,1.073713674143871,9.670034461641022,55.87702817113553
1,0,-0.014607029002273498,47.32220808123084,17.259080431766332,1.2683988272163635,0,0,0,0.44564281077100487,-0.14371910576907979,0.5238407706615207,1,22.944238330583,2,1,1.2626272455426157,2.649631326653801,0,51.317807912444025,1.3359562593637149,2,-0.5261391847298608,1.5973267730835217,3,84.53870193194584,4.742936123004844,-5.540757625266204,4.659486078035329,40.28802360987444
0,0,0.414966507891221,27.346545341541542,75.41195365517146,4.4230228650222765,0,1,1,0.19371392669191811,0.04949753685955166,0.3006387334801125,0,62.63491781456644,0,1,1.1178504140493946,1.8809258602355026,0,33.36076503651478,6.158279733694459,0,-0.13608704316343279,-0.12418213876350861,0,21.01510903702704,23.714657509647793,7.670621309938404,15.998833651138014,33.748461221725776
0,0,-1.4192600142612322,28.26284612344979,53.18577797382233,1.840966293058357,0,1,1,0.23212332921789375,-1.3335088875838061,0.515917366836058,0,32.795876692965436,0,0,7.823136667859281,0.701424181051661,1,63.516785607996965,2.6695633787121427,1,0.7439202156178263,2.0515687123256794,0,53.98959529066506,16.951671581874642,3.0027008450859594,8.928117715952176,52.56354074174103
1,1,0.3237360512673575,66.57751716512163,13.685952080887953,2.0579034732609873,1,0,0,0.939084321548033,1.078844601295247,0.5813427690888717,1,21.85711222931161,4,1,1.5256814175703894,2.8327235145899525,0,66.12016896475795,1.1264828629646215,2,-1.3525919253871101,0.8232940325377045,2,76.77894338293494,11.864049562088166,-7.651463740383733,19.20107883520011,28.379619536822887
0,0,-1.3882990368980566,46.75406235081148,17.102593625554668,0.6363775557793906,1,0,0,0.6415598238334609,-1.348452216320043,0.14775491055925966,1,23.26514109533271,0,1,5.840122535672357,1.905082395568361,0,13.662770989288218,1.30981327026512,1,0.4837059386105852,-0.18452727315618414,1,81.95426453559962,13.063300449280518,-2.0435168508589534,6.400025213858815,59.517070074671636
0,0,0.5266458448142071,29.964291354824137,74.99852466966726,8.745343230801671,0,1,1,0.25714722231126436,-0.9480760247160475,0.05798400881759003,0,52.80689148084856,1,0,-7.14029159634491,3.939109413494947,0,62.30746887274776,5.5844748205664,0,-0.06180906484242467,-0.3231728350817856,1,21.01228856316892,36.991406785779354,7.240987517899153,27.664243855189916,26.991684742776087
0,1,-1.2316392344170801,19.472120987667868,84.97046456613853,3.0251359656462693,0,1,2,0.1599151781371953,-0.20862377624852146,0.6703394234979075,1,52.444477648475846,1,0,-8.266000953281583,2.024593457505154,1,2.277769042698181,3.529925688407623,0,1.01664984057406,-0.12622217606546357,1,24.711640442751765,27.921382151110237,-0.1874615220720557,16.036124002437425,65.95287615452534
1,1,-1.0828452606287753,39.06104060320577,87.2481161513182,2.285012571112368,1,0,2,0.47769492926927903,1.0166983165657721,0.9979179190723922,1,45.67626937815986,2,0,8.875798696177743,2.167620997165077,1,23.318065148285623,3.106602894322433,1,0.21367469706671563,2.240216658206308,2,38.571665725486056,11.867993100932653,-4.605781077189411,29.95423562051557,56.20630615531361
1,1,0.6546461095574982,64.87915812249295,13.681438652650746,1.9328356197517833,1,0,0,0.8586302352534452,0.8557089615429063,0.43647797966673113,1,26.910701281595124,3,1,1.295488985581887,2.374573114972118,0,74.80960414495861,1.4101899289545834,2,2.2178072872070653,0.05284800668407071,3,81.2637468286385,10.484160210139539,-5.306478062535343,27.802635353157857,24.659495578194676
0,0,0.3428699263651366,57.01073245988404,5.694744105733335,1.9290084836649046,1,0,0,0.8041255991101346,-0.5838426369319765,0.0045202682778640035,1,19.453028571423303,3,0,-3.028315481717243,1.6526383736209587,0,67.20517683081866,1.2141271860089082,1,-0.5675819488909765,1.0522650086081151,1,89.82734581129237,11.217124777999219,-1.2130033384697043,11.241260626060999,45.023773766557944
0,0,-1.8641597349067593,61.27520379470884,19.009222660665337,2.539906754180452,1,1,0,0.9518417111727092,-0.24653510357775968,0.42518953655475966,0,20.617599776158148,1,1,-4.762892171758519,1.2546948288112085,0,77.90328495060139,2.7773182333459685,2,0.8465161816038659,-0.11390145350647711,0,54.82003077612614,25.16098449689548,7.1783757848211245,2.6456295768235782,44.659450627368955
0,0,0.0676089072479846,42.19208268212282,31.016997706411125,1.5259692105501907,0,1,0,0.27345874399894693,-0.34207823105936924,0.4156041454998637,1,23.282504885972692,0,0,2.5927698899275153,1.011258086274255,0,4.941947740637809,2.23423845243713,1,0.1310673406536422,0.9882507704214649,1,65.36506107468145,10.099604559657585,-0.9996048434782541,7.269242627352483,53.030344630673646
0,0,0.09702665121004289,24.974840966749618,68.8206900436753,7.895923831294509,0,1,1,0.08882022000859308,-1.46451755558844,0.35870655268016405,0,30.201067830525965,3,0,3.422797346261593,2.0604561249655835,1,54.6437103114548,3.520119977714309,0,0.7319184134353196,-0.04747291846319961,0,40.36522401609953,34.47442101291393,0.8910006861009556,12.332657007228217,23.646835529101175
1,1,0.1904888796689313,34.875143432980494,74.06087567912671,2.117038019695257,0,0,1,0.2562530478711963,1.935591923311469,0.7955798061359204,1,28.865275062306317,1,0,0.9142368165151318,2.3305118754990493,1,27.297746025287324,3.312204344633164,1,-0.7577419059634388,-0.1931609017121828,1,42.271975513119585,15.660531583047273,-3.707968198036049,29.88498173360459,35.290227415489184
1,0,0.3142872775955097,59.77838194679237,39.779092468369626,0.9553232312618695,1,1,0,0.8143164653758141,0.9806609096253568,0.922471939576725,0,20.703437201082593,3,1,6.23324543208447,2.780744842607894,1,50.53550487342777,2.564097549330509,2,-1.216776142265489,-0.5075365056625641,3,53.948687591037604,9.082662863870858,-6.062175087249343,35.208690467387804,43.48916741360212
1,2,0.2802623428349698,60.09437353867546,37.820676481392084,1.4985735319207196,1,0,0,0.7514474497576977,-0.7368867256127705,0.547676521308179,1,31.110613347260596,2,1,-4.645037408835808,5.722923722213174,1,50.67490848048329,1.5249993419660197,1,-0.2723287287995315,0.5112515949704457,2,70.46270554571281,9.596298537727533,-4.344053094961167,19.35853123600863,57.665468976319886
0,0,0.41406306167241225,37.791684662218394,28.419977631267106,1.9937590444050528,0,1,0,0.23322534853817994,0.19147060645584035,0.03208491382293582,0,46.8126317698826,0,1,0.9615281168420111,2.350929931233595,0,51.02725757058533,4.262231369288658,0,-0.926624074794239,-0.186681586654265,0,31.218695615128,9.449789189479,8.95487965900406,7.645736392743785,34.1561056956839
0,0,-0.2542041365477428,44.17587919908287,16.51025492842394,0.6382350733668223,1,0,0,0.5749241581756573,-1.3588837725860077,0.5173222233136269,1,18.70560937096194,1,1,-1.1301640872262801,0.8030440136207125,0,67.34664038781449,1.1531643072720306,0,-1.1044148902063147,-0.0417815760001359,1,83.1528364337132,11.256092418651903,-3.6227220333992065,0.8870192359363016,33.46500553392518
1,0,0.796564786019381,67.98660461205822,19.865838576990473,2.483410265215698,1,0,0,0.9523708803596482,0.42333547051273757,0.31538650833244974,1,23.537435553334674,1,1,7.3257752952735515,1.5201337819200618,0,79.05291518133167,1.5723781227580795,0,-0.2261129836282908,0.525323497030812,2,81.50972367718147,11.346670291309579,-3.6757170025540997,30.567347404843147,61.6666513733202
0,0,0.992452338884411,46.7746524937325,77.0326323876467,2.7601631681492207,0,1,1,0.39172167430505384,-0.5716316787955109,0.3121170024661452,0,62.95539470286721,1,0,-6.613658596660754,2.358467376857288,0,48.36578862660073,5.659595237296375,2,-1.6402432942781788,0.3341745751995575,0,15.69307310933244,11.447255535119679,7.435984998690415,33.67345140378017,35.426290059844206
0,0,-0.5783180151432551,21.356318362300346,85.22313381117878,7.34507753531587,0,1,2,0.1822170728781815,-0.5795776545539557,0.3164879124496721,0,57.820911186091344,1,0,8.679101615488275,4.2261159671859465,1,28.938899375678364,5.205509925772482,0,1.1159274382800952,-0.461591334196774,0,17.51082154129051,37.60630207070258,6.387551086434456,12.189762756933513,33.40717119495532
1,1,-0.13654815379357893,58.04402913848687,62.16825102951001,0.9847378369891574,1,0,0,0.7789493645573278,0.818769947336969,0.74327538322599,1,21.379038641356047,0,1,4.519959333441921,5.608604246461425,1,61.95131690259602,2.5278763559020443,0,-0.6792865342412144,0.7473011049014925,2,77.21635293925013,10.592089521911813,-5.358633786594068,26.3809521493405,45.10512617598614
0,0,0.4459633020811543,40.23796911940826,83.01048957490089,5.6358853713596915,0,1,1,0.3564698798797609,-0.7114929571056899,0.8142850825945869,0,53.55061273987666,1,1,-4.694655408677023,3.5029001203201804,0,57.72236751923394,4.508878733804678,1,0.32404221085969903,1.530804369012949,1,21.776268253081366,28.67199298521831,1.0927770474491734,31.575593101826573,35.98944105549223
0,0,1.1319531226727506,34.398006045888664,39.86204630935215,2.684196554981068,0,0,1,0.1731812136214791,-0.9025776423003204,0.09659685902956083,1,19.647791048505493,2,1,-2.439258113798516,0.9685780336538737,0,19.431606281214403,1.951337071454857,0,-0.7833664494000688,-0.9258364273448952,0,62.96650568888058,10.297191792292624,2.0413707596221045,17.877683903570617,43.93335824915219
0,0,-0.7152023674454184,42.61390783991046,77.2796499313669,3.6486348867094223,1,1,1,0.5853766222680529,-0.5672618614359608,0.3781488482296018,0,69.40640184876489,0,0,3.2293673210090805,2.793620068771912,1,79.2716107817585,7.217021795513973,2,0.7525457122193944,0.056015498416486814,0,9.762631241032349,25.54324598683538,8.555762060687123,29.464731120158298,51.83849148640181
1,1,-0.005776650495972572,50.07766821510851,24.31761266059048,1.646399387317279,1,1,0,0.5551942862305538,1.1061678729175661,0.44697748849280705,1,26.589815652228413,2,0,-0.325726238511411,11.297733396460814,1,35.1548507265048,1.9752623749122606,0,0.2917409302549836,0.8903049621866692,3,63.57624611048982,11.526668080940397,-5.287729348932233,15.499967138071579,24.21957319507444
1,2,0.8184526149110328,42.75396540403811,55.33637241868965,1.9798773585622695,0,0,1,0.24953005519716137,-1.8345738091670758,0.25661319781870023,1,20.78792775166154,2,1,-1.2455330916830007,10.847399189828888,0,22.008039902517474,2.170128981727535,2,-0.602776611690378,0.14877438437882923,1,56.911808890713544,10.896422551395016,-4.393621749867514,15.95080441833828,28.639410690644503
0,0,0.5165175471278085,53.290068050522486,73.41023360519986,1.5039022565015634,1,0,0,0.6085353730750164,0.8291314284895018,0.9936846572107152,1,27.504145992447416,0,1,-9.860524410912175,2.80022624489443,0,76.07474182326875,2.981426141149017,0,-0.3095222698808652,0.33779509466033797,0,47.304592952841965,9.007019465349533,-1.4758116562839092,8.5749179469955,57.40882250811165
1,1,0.6653320878681344,67.22606293107916,67.57442745317668,1.8213447252873138,1,0,0,0.9533982304000792,1.5608208045724437,0.6946005287352598,1,26.840421966800623,1,1,-9.375515857244919,3.5224481694016476,1,17.10295597470763,2.756920980580674,0,-0.6851907296488018,1.432636824390541,2,48.74536053109963,11.017319628377615,-6.171030924185317,34.1947243240328,68.85216595352958
1,1,-0.01049877787681602,27.293070069225717,14.834880899878028,1.4754822112702461,0,1,0,0.18161451439336868,-0.48389684360023033,3.4955352880561286e-05,0,26.04047203458746,1,0,9.271152038204512,6.172709732453663,1,41.58706804784127,1.5531914350714335,0,-0.4971690754799046,0.5738926804424774,2,78.09542866989496,9.730333258787624,-2.9516477881197627,8.816910614670537,24.042322782378196
1,1,-0.6339271462373739,65.35779766823873,25.640876263767133,1.845988597808234,1,0,0,0.9815980225611881,0.906381735028009,0.6602928386505391,1,25.116591387917218,1,0,-3.5159501958116746,4.213272621576491,0,48.59995022744707,1.5944435665018215,1,-0.11012710920511791,0.21900354860273957,3,80.16409559618225,6.835082928219101,-5.728753494659472,19.21430038213781,65.86144355502904
1,1,0.35691412445038795,42.955486784773086,16.340372703089916,2.3213756951204596,0,1,0,0.3541988550968438,0.17980669654500583,0.05482864726622022,0,19.453044918246093,2,0,7.203792669042368,1.973243127094827,1,46.005275533367076,1.6228532993066762,1,1.2342547502101027,-0.3536104179548263,3,79.01565370469712,10.697720608348378,-3.027431901980213,25.650986597002294,41.890997163744615
0,0,1.5938703582513551,30.805063695895413,41.27541686420296,2.5218563516271053,0,1,1,0.1881926764287994,-1.7235869266684647,0.5221429378914517,0,21.149842603007734,3,1,-0.914411317278061,1.1219119152052064,1,72.27076626905964,2.3322521656731428,1,-0.4017542186606279,0.2909214562555902,0,59.29626021179647,10.362550205479604,1.7884258198241767,4.419561717348454,34.43427636745392
1,1,0.11941296850315128,27.972690166072624,50.382258411081224,1.1168485935711439,0,1,2,0.15051679302389237,0.6506318991459853,0.5165237090028616,1,20.54973776430093,2,1,5.941455007197202,2.8225235175153363,0,0.6878061593165441,2.6267027227490134,2,-0.6919304851135092,-0.042355420675569085,1,52.44731599975972,8.984595039259721,-1.6965343848203407,8.931191529253864,24.694721418186226
1,0,-1.3876147754651185,50.388491513609495,36.46080825463644,1.1374915709448774,1,0,0,0.7223112296264367,0.2703794983589983,0.33140559313925333,0,19.381047869341337,2,1,-9.039043826368898,1.938730880729916,1,52.54724681607206,1.9887364243683139,2,0.7888274850896282,-0.653467221790045,3,66.85831796067725,10.422622830286837,-5.804387243604876,34.553519910971445,44.22346011076324
1,1,1.410089372555573,52.94762535241524,11.930346250219447,1.7566941746810834,1,0,0,0.6135943431720697,-1.269696182425129,0.1693639551552994,1,20.071547264810363,2,1,-6.358309667472222,3.4404575816591634,0,55.25792544336622,1.2105400455503796,0,-1.3151468497396257,-0.5087342554595248,2,85.43701626623086,11.888110344419854,-5.453795893909071,5.271921221603053,23.17565904876563
1,1,-1.6123292606779085,69.09844867890384,17.99812868288404,2.582367435683685,1,1,0,0.9981303366120697,0.8063685687032044,0.3536959301952113,1,27.64181182011785,2,0,1.5275193371638771,5.085845471966899,0,79.15892509740124,1.50625826385657,0,1.2155654136904759,0.14478072412412452,2,76.87281594764448,29.353718329013848,-3.268440295932111,32.27590817362266,62.450835009140185
1,0,-0.6009017594800355,23.82827673933937,73.9352377002451,3.952157144743211,0,0,2,0.12326695588616854,-2.1115921783254548,0.39549226394863846,1,29.586917236239884,3,1,0.3967110058730299,2.6875317705367916,1,28.08181287862638,2.8705852729887793,0,0.21108782900367087,0.21013413311031992,2,46.927514502865,28.223149947206394,-6.030395135337531,33.5301167673054,22.517497688325435
0,2,-0.08504118087888418,27.60649827478781,88.82067927857311,6.97786976787494,0,1,2,0.1571617612996139,-0.0034519712742150208,0.7184233349409667,0,73.5221992402391,0,0,4.339017241479697,1.6490824586436317,1,61.47391753114423,8.75533264310964,0,0.5192015411499559,0.46328070008248484,0,5.010679084030367,33.312166386191564,9.210424825804147,24.989531441155577,28.719558942041765
0,2,-0.47222896177964613,44.69832751485514,49.21380671000431,1.7441623949146812,1,1,1,0.4502544626656356,0.6088602495882038,0.41035172393991226,0,34.20935741363466,0,1,-7.3805744298948275,7.980699906119275,1,52.99762934616013,3.2342406156703074,0,-0.15716474405997655,0.5124513958573823,0,43.07953178642682,7.152973387977095,7.470039558287276,20.75288158288339,52.24169557783846
1,1,-0.10485849386277013,38.96628654734842,9.962743783403644,1.523692961486382,0,1,0,0.32048440221032337,0.7673519103626463,0.7857791369522589,1,27.546753445893568,3,1,0.07513737793763298,2.813835074867493,1,12.116060228593826,1.4777104900785312,2,0.3248770214211722,-0.5735962131548509,3,85.47815146851521,7.972913024159181,-6.276114931783382,16.401902286315384,28.791961305227673
0,1,-0.5147580382418606,47.23367981283304,32.745906380604254,1.4520694140066734,1,0,0,0.49770826331724394,-0.24458079730392232,0.11698044757994969,1,30.5416875511097,3,1,9.994711818394542,2.4347829163604047,0,20.7566567902979,1.3414959441962637,1,-1.7117160637048119,2.3379618370888284,0,78.24174119803602,18.111221184333047,-5.27009909633289,15.661183038550677,54.166245609385335
1,2,0.4793861499984197,54.151939771241366,3.9991168581179517,2.0575806146271747,1,0,0,0.6611804984736496,0.6030313223753017,0.0007959826357500921,1,30.757463743707262,2,0,-4.0472334333869675,9.989955479427294,1,70.67738326041689,1.073305564356251,1,-1.0165634898871072,-0.03828577810932107,3,92.8881468741412,13.901015926885204,-4.8561899548096115,6.558449828044546,35.197464171781846
1,2,-0.6381224052823422,25.24335426529049,64.26691674730499,3.546480954364085,0,0,2,0.20807507400386965,-0.6427154919670343,0.6240957597199165,1,27.248690005018034,3,0,3.6696086050895147,4.239506006155086,1,28.094665949949693,2.654527227676207,2,1.841219258782066,1.8134592951606183,2,45.83377380296933,29.79450822750159,-4.843247851044701,30.535552249010117,26.20955780836072
0,1,-1.6268383836180877,51.020141546916186,62.18321749001839,2.125405052150791,1,0,1,0.7626878151375036,0.25590939870362617,0.5959693906687448,1,31.26962738078352,3,0,9.528262804797983,2.1012748559321492,0,6.452744542828186,2.308723242507303,0,1.0433804479880568,-2.1690682376588204,0,55.083448605336095,24.61433973177205,-3.2866056259403003,32.28240235680444,60.67442153243086
0,0,-0.6841879315187209,49.81863150483034,70.70783577265468,2.1680214228766825,1,0,0,0.5506451659193884,-0.20054240814944665,0.9829717762930472,1,24.50702120191317,1,0,8.487563937897573,2.921387039072946,1,58.56073860396582,2.4202970836360485,0,0.39015015728260644,-0.988750183123871,1,52.52667000914526,17.560880955108033,-3.2456521126276536,8.36514617652937,62.9578411317156
0,2,-1.5075619147262835,33.297201002318964,87.72632084595375,4.3378179060873565,0,1,1,0.30165578696448725,0.34013740843832074,0.37704945034348797,0,72.67925045576605,0,1,3.596189132190215,8.98175947708736,1,40.08910937266495,8.05698790085196,1,1.2674024231860068,0.1608775144800073,1,8.174661299540176,33.48400176146032,8.474955018610384,25.256749084150645,37.680379552117
1,2,0.6273662503335985,67.13460286731998,29.656580004539844,2.4923180205163025,1,0,0,0.9324564741198189,0.602893473897169,0.297571872565241,1,28.908843016649648,3,0,-7.17663674514423,9.453067385213417,1,42.504885245924974,1.806424838714705,1,-0.19942027176744276,-1.8887439386032057,4,72.72673044358368,16.952460393429217,-6.831935793996333,38.71736987477349,63.524784520714526
1,0,-0.8215099954061932,49.567072469309196,42.446302944729965,1.565968029644361,1,0,0,0.6041773778817652,0.49645967168775673,0.6260884808733456,1,26.07216074952518,0,1,5.129586856193846,1.276690013566508,1,14.936186003422405,1.9738283113453103,0,0.09622139043626894,-0.24823822081482308,2,66.38286402392359,11.012031801907657,-4.741464678168282,24.363327120087817,60.15600719442975
0,1,-0.3571363555936463,37.111514599529016,98.85138373355161,10.43378053830136,0,1,2,0.3258101088298395,-0.14158412815453178,0.9982629687809467,0,79.0526168259489,0,1,6.383818583444359,22.061826810272997,0,21.742231520758214,8.665108080849475,2,1.05754868431153,-1.0338651589831644,0,3.908589005551649,36.96425703937929,4.081507402329425,28.78534875214942,22.637518231761558
1,0,2.1463955130764782,67.32708794413843,0.7366898012470813,1.3828591505236814,1,0,0,0.8973867368875328,-0.007430620684773525,0.03647440798522594,1,23.207446162282373,0,1,5.839007074122202,1.2875241224519964,0,78.25182263166744,0.7769972083218551,0,-2.1959613098444333,-0.23554923234982372,3,97.5395061661654,12.235735799356831,-7.452249613942843,11.852795765283176,26.936005749829214
0,2,0.564876086622646,23.92677671703395,96.32373889044727,10.153155645980487,0,1,2,0.19772447036312074,0.04145155166959451,0.5476199609966664,0,79.27975287800037,0,0,-3.605682330656352,6.375683872284545,1,10.461100147937469,12.725592670570451,1,0.38996316579221024,-1.6440038284930167,0,2.2800500038658633,36.55701465133816,9.193311140030993,34.817121094629,33.42338913963843
0,0,0.29962260952424424,22.86288786747336,72.443756770256,6.179740858164914,0,1,2,0.15020392146178607,-1.12522796297864,0.2054157672111928,0,71.95395735679121,0,0,1.002664801130436,1.4706778644590253,0,40.116276264361765,9.396291050672538,0,0.29428454149721955,-0.43522439398017454,0,6.834784769061692,30.9627240181473,9.720888239583193,8.63337482216809,37.25009495488196
0,1,0.579868936158613,48.4458069929303,37.77860969390973,2.391223887174027,0,1,0,0.3864789623866864,0.47282508273159646,0.6880314548637667,0,25.27908033639397,2,1,4.347873078670435,3.059943364358572,0,51.183924604822046,1.8684661067723367,0,-0.8982243578242736,-0.5299203751936377,3,64.96996843289486,7.134662856951675,0.5669772212321575,4.9380174615936205,42.31850854858063
0,0,-0.20637151412462656,23.276667134348948,85.77474798658923,6.741682845296914,0,1,2,0.18946695969628086,1.3592057408124463,0.5808720202134886,0,70.72612931530398,1,0,3.1091893315683894,1.0956376460632336,1,53.299498895009506,6.54024320868635,0,1.2251643240491312,-0.6092986430357294,0,6.065286059737618,36.057099872038464,8.832127412173726,21.965970814804166,52.92106261646906
1,1,0.4223873902548825,64.66749153741019,8.243548386248806,1.7885462021109346,1,1,0,0.9084118197624164,1.6987343929648222,0.3399165386832282,1,21.793861447304916,4,0,-1.700685930889005,3.5919920404825834,0,31.69377308639241,1.3334425978029714,2,-1.0135084517989952,0.22519465231957422,3,85.50059568152794,10.379544732580992,-7.273806551836294,24.735628370420315,28.061445281600548
0,0,1.020052764107429,54.77535253585656,40.6987494339723,2.1201368120776243,1,0,0,0.6731783438992367,-1.8420130393501002,0.9457689123975099,1,31.36595121527529,0,1,5.81922926238985,1.0289507446873958,0,25.216087824215503,1.9109838690702066,0,-0.5172767017678624,-0.6246616136455371,1,65.16178232927825,10.206605064548333,0.0748243779241804,10.854640971212568,57.99190155788136
1,2,-0.657272729130429,69.22056668330288,53.728004155628724,1.4599560281806392,1,0,0,0.9959614078576253,0.30903984124036254,0.6133367497145132,1,26.7390302332024,0,1,5.0045927130266925,39.93978410154043,1,59.989971770997386,2.2539574783296854,0,-0.07108726811810408,2.743641627322733,3,64.60559923481456,11.320852092502417,-4.904110016585683,32.97228753612839,63.8801558594666
0,1,-0.6952411004297944,53.750831529754876,57.4297527975411,2.159074926105655,1,0,0,0.7708419479972867,1.2865762211681668,0.37784203788326154,1,20.967617146457464,2,0,9.598048990633604,4.285239646527902,1,74.67921552845058,2.08299239560778,0,0.19827020615731153,2.622498559390729,1,63.021715497622324,16.872668992318612,-4.867056976053393,27.41696660302327,61.9542404548099
1,1,-0.5640681126380188,55.49366969079231,31.64615923224409,2.007720873555289,1,0,0,0.7740248538764973,0.7935377070257741,0.5345015880252393,1,23.62844610038944,3,0,1.250941674809475,7.436721945491174,0,39.74436508595468,2.071880868840851,1,0.35902383477336336,-0.7087559534507272,2,69.03545803149156,9.079314120183994,-5.098750329364245,19.21163031405928,28.246439892725796
0,2,1.1179688251192335,28.09048984533628,79.57292339982874,1.7410929481734325,0,0,2,0.1910002217954836,0.23353370751497252,0.535208342459999,0,30.809100341722143,0,1,8.080042804741364,1.8420065146743598,0,0.6465243215217864,3.2640949365985357,0,-1.020405099489215,-0.25337428966057907,0,38.92454605308152,10.271999571934389,-2.408642243585084,31.8379716359852,32.75077788270321
1,2,1.6093303394862326,67.50459240247238,36.23419973497622,2.6160978977202882,1,1,0,0.8750101115974422,1.5527122212422806,0.8600465620565001,0,24.681201728181435,0,0,3.007703778476145,6.998983914640547,0,5.578959014499869,2.614584448101776,1,-1.0420100681562354,1.3136332064740646,0,60.59680714336116,12.90007180617236,0.2665017960540279,9.123832314559568,66.04537761105595
1,1,-1.64600765454879,48.154505823926925,47.902697622862576,2.105487952525581,1,1,0,0.6727894705022059,0.20507792831676058,0.6007707358487226,0,19.008630239511135,3,0,7.210207613890937,5.517068821686215,1,8.124100266047186,2.3351041859100965,2,0.164745211340454,-0.6774460792013606,1,53.624375020850024,20.0854608490838,-2.503148126860559,21.38107148500612,57.03185666727435
1,0,-0.18511312597026736,41.72398449915302,36.68905862861607,2.1309065099910622,0,0,0,0.32009334454338845,0.19246681387431974,0.765377913271738,1,18.916231770312063,1,0,-3.4375088962095104,1.2234839319316002,0,35.25219508223572,1.8421296857208036,1,-0.6841289044595786,3.355825696361312,2,71.84409696545704,14.578719987193342,-3.5636070624937783,9.141270897846416,33.88942253754728
1,0,-0.7600358843925092,49.99505891867008,5.306261736867812,1.7692311950990187,1,1,0,0.6786806609460797,2.319549487043585,0.6949585324250294,1,19.917175711836713,4,0,-0.3861510292637078,1.4234446963355871,1,31.276614508344636,1.221442150289583,2,0.9977152733812233,2.9711832355841907,4,86.50718406750535,21.652674371665583,-8.38445604116866,12.757092889656345,52.40396114470332
0,0,0.426118508238554,28.348751393810034,24.438992862263753,2.790097891839525,0,1,0,0.1670918718367197,-0.581023989939883,0.0949434566149116,0,29.246667942914026,0,0,6.070068797873223,0.7223364897764811,0,28.33800757942865,1.8907739372863615,2,-0.18806746875317026,0.5580146445459622,2,70.47646237579364,11.813394869638323,-1.0142452697443218,7.078605603867752,22.41000971876275
1,1,-0.16251811381478873,42.86015237770064,17.346379408361756,1.6264148087995636,1,0,0,0.47676621817939924,-0.3060272860332935,0.29596887019355855,1,24.069249222601346,2,1,9.268044617971185,1.060253345453401,1,40.397813095361876,1.422482321480509,2,-0.3532001967139043,1.0445541411772739,3,78.98418542055725,7.621295943417876,-4.601087111530068,14.159146533360643,24.900453636366848
1,0,1.2847385161644893,67.83495366595582,0.16874934250081242,1.4153179359433234,1,1,0,0.9292323166198422,1.4055858244792387,0.28492727447288235,1,24.72703893505085,3,1,7.993449722332638,0.7815186348136584,0,47.68959842787005,0.723201486410704,2,-1.6625577152694901,0.04984148225015705,3,97.91093994202187,9.787586800871807,-4.178307985312845,26.19612515551339,23.5181255818582
1,2,-0.5332777335687,51.22147150099869,56.362216215031616,1.8391285433793252,1,0,0,0.6240583177029783,0.47095089408842244,0.44596996266569267,1,26.474208841561484,3,1,-9.348432399269663,7.369873095501579,1,14.318087767419158,2.1722357632727785,2,-0.45521487157831214,-0.014007290577630614,3,57.15021213988537,6.290357294530889,-7.153293647354757,37.57553018540365,51.08346406445869
0,2,0.9257165986300165,60.744533942620905,67.68893588664714,1.697300301659626,1,1,0,0.8061441920087674,-0.4221909634510957,0.43013885326375145,0,37.64171659854788,0,1,-0.7495546405684959,9.382100319727563,0,76.79901051075636,3.159426530478093,2,-0.036910376121836445,0.13274294114623522,1,55.9453328792233,10.075013853282297,0.28374488977339496,30.62297242416257,32.74987333829249
0,0,0.8949233701140843,39.80573432679813,58.22007291503171,1.5010420598646779,0,1,1,0.2760351675065189,-0.1285160726700721,0.5263091418806911,0,35.574259813788686,2,1,2.406815421779333,1.9646929360815373,0,48.94641361564097,3.35158877361176,0,-1.5526827854368448,-0.20190005860920948,1,40.745190252682946,12.686255467642397,0.5809428742600868,9.304190833111758,38.18419758938967
0,2,-2.077719488923872,66.2875300042817,50.60093582987339,1.6389025439220954,1,1,0,0.9870283219935654,-0.6386895968795976,0.343483828358926,0,23.081151028020024,3,0,7.054452808614421,7.1885242791131825,1,8.911268101718463,2.505080131536598,1,0.4448172151754826,0.2272565206686378,0,53.38837733632149,17.78564992957981,-1.6537318166927388,30.81729754059527,68.5377387502092
1,0,-0.5289653184082256,28.343957524720764,32.11759525342593,1.8411659773594033,0,0,1,0.2615926656419414,-0.18560024906355171,0.5585249351185125,1,27.243153274618145,3,0,-3.0195345432269853,3.6363938867692953,1,63.015040703543036,1.3228675929225573,0,0.30147425582789283,1.3750345372406731,3,78.59068956725346,12.194134789329528,-7.8169913111102005,3.511697271228784,63.183662774215094
1,1,0.21402349656058928,57.3076886333996,12.649763772972133,2.5747488156552234,1,0,0,0.6727486322597444,-0.2688245630449596,0.27333353372846203,1,23.661779606340364,3,0,-3.0048608108804187,1.9252209191627148,0,33.210822703488105,1.151027640519525,2,-0.0468882309974094,-0.05155085123511147,2,86.71491604786975,14.971967558713883,-5.670402881569277,18.486731957078327,25.418856404643435
1,0,1.4644445152335492,63.73061226753139,12.336435803816453,2.0851210838573353,1,0,0,0.8432164787493478,-0.18229290415212898,0.350187123449497,1,22.914017362180374,2,1,2.6294107128083652,3.6433984695599304,1,33.768641432867106,1.1351528686966421,2,-0.985761446763945,0.7747937319211992,3,88.25047471033592,9.53475178556662,-4.147092237333366,6.876447744141836,30.864478164204815
0,1,0.6429073067401487,45.89610406125706,59.65766691656431,1.7061451554511453,1,0,1,0.4102696871953956,-0.19108097346164699,0.255729227145644,1,24.129316807904875,1,1,9.567754354006574,3.5162753930494874,0,36.899840396949,2.06578167776075,1,-0.8450295289128713,3.2391218777182194,0,59.48973950844114,18.982671602716174,-4.103847674239298,27.918347729628408,38.7363573912455
0,2,0.10021882425085572,37.48406103402809,67.29090714864051,5.472685479290761,0,1,1,0.2894457141702865,-0.16048474719306347,0.18499597704693943,0,50.02990205995536,1,0,0.4890903399302857,4.3616429051157795,0,44.168971854388246,4.5674070589915585,1,-1.2229051308223169,-0.4457176443658907,0,29.557727849228844,31.80264976204758,3.298196989571416,30.389719451699683,29.228124798575312
1,0,-0.12608697921599565,21.888049605045516,29.329466998644094,1.8601644275207774,0,0,1,0.11255492974998482,1.9250755059055904,0.34757757562539293,1,19.772961159931064,1,0,4.31023499560802,0.9034723865088328,1,51.83705874456532,1.8549298558477467,0,-0.3052488940319202,0.9431858391150459,1,72.40848264851836,8.500210061210803,-2.8448214255891795,8.081817888504364,25.61849284651218
0,1,-0.03847686894905918,54.474887549935545,56.06238131803632,1.7925505401525146,1,0,1,0.6549618206702791,-1.5274850026322422,0.7767012114989024,1,27.11248240694635,1,0,-3.1771108697626493,3.4575992280880015,0,31.299140319486636,2.3727801203832377,1,0.096678761636119,0.29414122501832657,1,61.36935956120194,6.100711622942234,0.04591397327562241,12.703255092772938,48.22891502773999
0,0,-1.0005143779345391,28.886580304015745,37.934663987126044,2.9052515232816014,0,1,0,0.21994199022682737,0.10908869500419979,0.42959704743434224,0,25.272653846419978,1,1,-6.678933431872636,1.8042404509026846,1,3.224276425818964,3.0746787979738555,0,1.429419185277201,-0.7853055577128836,0,50.83090668950972,26.46490118942816,2.04068546840835,2.716414411075956,61.62390829541035
0,1,1.450990796550983,40.69358479825192,75.37630713592864,2.280028099245096,0,1,1,0.2562234478253709,-0.19991185915861048,0.5734393437321217,1,37.82592915631552,1,0,6.3909545136931385,3.2233350773294545,0,0.5883697129611143,3.215032178466049,2,-2.0534580746787805,-0.0928481986545964,1,38.903872658868735,16.795777639129415,4.393897236089126,24.211829211865535,46.246067286343774
1,0,-1.3806129866959618,51.43015475196642,28.379042405681975,2.0568721964877468,1,0,0,0.7256769761111996,0.3310555678283063,0.9815173966287338,0,28.216475527787203,3,0,1.0821984619732827,0.9324374121901021,0,58.70097016166135,1.7032423385764948,1,0.48728588328600836,-0.633441222903993,2,73.6663667788208,13.631041546011048,-1.764733979184225,4.025388272642887,51.757568682476894
1,1,-0.695176101825919,50.368584646553735,33.24340615446495,1.699042483847922,1,1,0,0.6787890074399942,-0.15616088307542644,0.22707453194450006,0,29.23015341973194,0,1,6.415862336946297,2.2743956242431724,0,36.08906957834814,2.076628739557615,1,0.11987991191859408,-0.7506485615079547,0,61.39380152096027,12.266385315447534,2.010211956987506,37.991064186955725,32.73850893273983
1,1,-0.398893780856359,57.29654505000445,64.4726653687401,1.5239454301005324,1,0,1,0.7775767653944003,0.6080123450835725,0.9789085193162295,1,23.619469027604715,2,0,-5.938027414984238,3.3865736593581284,1,37.32920158495797,2.378994506042332,0,-0.8466066378392011,-0.2975784691830631,2,51.5584611631684,10.576631823528162,-6.65289868591654,20.090018202525435,62.62308643018757
1,0,-1.688271835768236,37.55690284339605,88.47443401352265,1.855478244327249,1,1,1,0.39192876023391776,1.2924883795197983,0.459584867320788,1,43.75640400943372,3,1,-2.7062467158573247,0.6071002934581132,1,35.53231240925834,4.50824100976801,0,1.2082015424460528,-1.551112592394983,1,25.050728016458244,19.48863990679407,-3.3524817907814004,39.995759324542924,59.37528396077657
0,0,-1.0228422301966167,29.376735397441756,58.296180020064824,4.579280730364092,0,1,0,0.24142345654911002,-0.3082769614704907,0.3880085184757146,0,64.2261333843924,0,0,-5.872142301311996,2.4075629040163338,1,73.31839329557349,5.837170594998413,1,1.4798465435907715,0.5677150071830197,1,36.68474182885071,34.45493156044344,7.032366574935132,8.684221428860086,37.1109443628513
1,0,0.7767446407175637,45.035315434714214,8.658186567354603,2.09593231441874,0,1,0,0.27709747980818156,0.5663115025122664,5.644668155557753e-06,0,18.201633418954195,2,1,0.3681421381259131,4.791987042337946,1,32.705467785712635,1.639083768635533,2,-0.9154317393647375,0.08634339844223325,3,81.08331201437413,23.866409009688798,-0.7734731823318803,21.83587029531314,55.300638531743566
0,0,0.30602252206329866,40.2045978888014,50.93452164557356,3.7358295056935766,0,1,1,0.2954144371582841,-1.1948657018710322,0.9019927761984352,0,26.50605513347681,0,1,5.2043371276241,2.4062965981894937,0,68.47507616294494,2.8041049215723914,2,-0.06681463070558202,-0.15617393363511403,1,47.1082246290901,20.6355863713573,1.0837273438740986,2.6915726177132093,24.636152636019844
1,2,0.25433828865897345,66.48283813811747,58.83719272271393,2.866883698665765,1,1,0,0.9350188135101951,0.9532594891303099,0.9817265968178607,0,23.43592846307384,3,1,-3.9396480855936566,8.672854007640654,0,76.48924923069147,2.7214396145204596,1,-0.5909054584099642,-0.6588870699925666,3,47.54805170588855,17.61268275298575,-4.283823306476845,27.20181654262493,22.638357162381293
0,2,-0.3851804203311926,36.36517159217291,95.4956531855496,9.22107339319379,0,1,2,0.2665619665086256,-0.1834632125364258,0.6206949723922903,0,78.84024244577492,0,0,-5.9473707093801,4.782844184289242,0,29.83425169108053,10.484948758802572,1,1.0259830819240738,0.34156423537454617,0,2.336885924857884,37.24228875989057,8.642946538174755,38.22871390414706,27.277004029440448
1,1,0.35932690430501096,57.90505046199895,43.358586780793104,1.626697568252079,1,0,0,0.6676474236210863,0.09455379865214214,0.8901247148852219,1,25.13413456459378,2,1,0.2581473277783637,3.615192091162184,0,13.438558473720787,2.2738286660196234,2,-0.9176926621385018,-1.981924924238484,1,65.6655381584821,10.261091898859956,-4.150831049255455,6.86456721635917,49.35650277894543
0,1,0.5534916431893251,26.383682908211895,97.03512818823208,24.764597059153843,0,1,2,0.21839100686490176,-0.7780356467679514,0.5106698688252382,0,79.99772556703189,0,0,-3.5208786804268737,1.9134280459793458,0,58.214232702201976,33.12255105838457,1,1.4747232154245984,-0.09225914293678378,0,0.07842716611475287,39.89492138132694,9.996467970153567,33.548939720108926,25.467746753001457
1,1,-0.7863334659701489,64.45996407973612,11.683865101047846,1.6279634155880947,1,0,0,0.9443226359041689,0.5724618098321431,0.29840551746644617,1,18.381670086320355,2,0,5.690142528587536,3.472057578495878,0,18.5981801420738,1.2614030980655109,1,0.14307095678742315,-0.033491310834541786,3,85.31200264510848,5.307834463685244,-6.072541700473407,18.759841774419527,61.155505434640986
1,2,-1.1647700012005762,69.50827545218647,12.192802468956327,1.832894267945617,1,0,0,0.9967669667346996,-0.20451952936444232,0.49744217119937983,1,19.28656330084127,0,0,-9.015452200996592,3.7682156282565678,1,32.412377569403944,1.1899845549442065,0,0.650262477464756,-0.33950686470968144,2,84.7138996909941,12.78706993396122,-5.873979453183242,25.818526857882368,69.99817191289652
1,1,-0.8893252666079826,63.19915033493744,10.57252206296564,3.1304078084932483,1,0,0,0.9050473324896009,-0.5916787939438837,0.3365883591490486,1,19.663640131832135,3,1,1.0906616182623488,7.975798723289977,0,5.426124741051868,1.0393607023065317,0,0.7538717380948107,-1.1237288318965033,4,86.66437164931509,28.981050446992363,-8.858637565406536,14.492232063423218,55.66003932502034
1,0,0.5874706564574659,45.172880036690884,6.225610894392725,3.1215438925512364,0,1,0,0.341403806634528,-0.453630041743339,0.29295203512191764,0,34.772802504704664,3,0,-0.547010968283427,1.6736884942674974,0,31.95181268291307,1.5110776882998211,0,-0.37286689485374946,1.1893295390400556,3,86.93838768494395,15.524089240308257,-5.382444206494606,3.2466939585462185,29.56369212193178
0,2,0.7825007841710571,66.32178716879477,66.33758594114082,2.047559047648198,1,0,0,0.8900329587356299,0.7355148636896907,0.2922278948919492,1,24.057284181091376,2,1,9.71723311694825,9.32194353165087,0,71.37469415280205,2.363873496389522,0,-0.7794125905913942,1.341770487212084,0,54.469892793070805,7.3569789241141725,-3.537419983656399,34.3964351019195,64.93551826998545
1,0,0.6630867105043884,65.19679129579518,5.5964583163238215,2.341223988589538,1,0,0,0.8400440242833791,-0.3554450989056492,0.7374431309057872,1,26.554551890525392,3,0,5.47268531323275,1.6757707831572572,0,28.21181140290686,1.1643396235091734,0,-0.8289764621879181,-0.6065291363006001,3,90.38761059778766,15.76265878222979,-5.796059298707385,3.421658303695343,63.96599417352917
1,0,1.0105694388852307,57.78712721892215,9.631613932387378,1.9483881376637453,1,0,0,0.678427221225927,1.1560088461872355,0.835941454429185,1,22.621467476646792,3,1,1.5025945218030614,4.861202633321842,1,64.67859929798861,1.0209577518893878,0,-1.3052790949926016,-2.1275888965089758,3,89.31087444940117,20.35988801706371,-7.071813454147433,15.430832794046708,42.35378262164669
1,0,-1.0197886333089359,32.18640976514917,25.429453256401114,1.7046706999467751,0,0,0,0.2824852965522048,1.201512566995887,0.3697637665441544,0,21.65359306447998,2,0,-5.963016145475583,0.9157147010371586,1,64.7315589651709,1.9327925187329162,0,0.7630433630158351,-0.12577129095194553,2,72.2763304396991,10.785890134810911,-2.5251201987775964,8.794100423579303,50.287678539029926
0,0,1.0421423235014828,35.42421775805693,80.48203527281288,7.102623569250342,0,1,1,0.12560728924288656,-0.43856294976886456,0.3923074930052555,0,68.98239928092207,0,0,-5.293528913097353,1.9272401123577991,0,24.201972822989497,6.069889311927938,0,0.32534686800923335,-0.24797979419862579,1,17.734174888814092,29.762955631490044,5.073141650335309,35.7919898205904,22.058161387913657
0,0,-0.13403860874748152,51.66766068373925,83.41258153916111,1.4177848787869676,1,0,1,0.5203756769307383,-4.367691794272143,0.9999540802681308,1,36.318519302624736,0,1,2.681471389555469,2.229722147611415,0,39.99052611087876,3.35447196532458,1,-0.31642612692801225,0.5550971215453665,0,29.412033800953317,10.80914568470099,-2.5422712702409918,5.826872964976615,62.81974305062752
0,1,-0.5308584285283378,50.47502873966312,66.2099528889395,2.410057434277745,1,1,1,0.6444284660688084,1.1059998230949537,0.5884882015027482,0,30.192330580707498,0,0,-8.533770471821052,6.05953406591035,0,37.919291531457205,2.921601782481639,0,0.41697805977112545,-0.28852171334262466,1,42.5638462782998,9.024070960900373,3.9691611134034446,23.728073811930006,41.269015431646025
1,0,1.4221724311426494,51.23355297552001,43.99495923031242,2.203798376480542,0,0,0,0.3920083094749607,0.372414650713373,0.6615411399864612,1,23.982289545475837,2,0,-5.655754215160824,0.9424005979072485,0,18.848568693148806,1.9093845620181418,0,-1.5464216987396147,-0.5761458512022258,2,63.72783916159449,9.657657943559673,-5.026523047998235,35.23058364456647,38.12545697241987
0,0,-0.3037698516395286,27.668677373529533,58.1834956964863,2.572401807072556,0,1,1,0.11032906496896894,-1.8908596628975545,0.5637411855646896,0,28.88965702737159,1,1,-3.5569704894757104,1.308731671671366,1,62.01286711705119,3.3091296559897256,2,0.13981673760728772,-1.3202100584239131,1,47.63108474238986,14.86429828560637,-0.01470423682612676,14.540627094692011,27.701085219872773
0,0,-0.8202537597410833,31.640810985428345,49.164939203164245,2.148425944651827,0,0,1,0.29070757391098967,-1.6629910413327615,0.2523792962705779,0,23.018579015406104,1,1,-4.356080149876814,3.0707864488469805,1,38.67119716709665,2.2298725777485315,2,0.5392651667505767,0.11162685577970205,0,60.07362334342944,17.140231108519334,-1.6816087735766736,8.663531250902118,44.956683316823714
0,0,-0.4766640973323419,26.577931535504526,9.665951717867694,2.3073718760563673,0,1,0,0.12552475136732982,-0.6888306007918198,0.0016537406552111222,0,21.735340038186735,0,0,1.0416508338068304,0.5522995820180163,0,62.71393659914351,1.8497497451668936,2,-0.47525935816630377,-0.9519819024837044,2,67.0115413381797,17.303336017936694,2.5516689115417037,11.56223629770965,26.815792372672227
0,0,-0.7859195959500814,51.54541417859908,41.21013888118598,1.9053895618393089,1,0,0,0.6157689646342166,-0.21748742018919326,0.7660721684117782,1,26.25000235157136,0,0,-3.448459896019134,1.114763280979812,1,33.54811407029949,2.1393679488089896,0,-0.4869674205930644,0.24518148373710233,0,60.106778216898995,8.422183577583022,-3.047525583937948,9.80269281848517,69.97701028180643
0,2,0.3801759890188852,29.925656016822302,94.09301564514763,12.663599308639482,0,1,2,0.25126278018908965,-0.35651531612406173,0.9013033583294946,0,78.91224377772376,0,1,-4.86872372834468,2.7885452154212627,1,76.83663092795786,12.367108338532285,0,1.540893268430955,0.6711119002662493,0,1.6070431586805711,38.25037291053995,9.333225723634591,17.87153685312859,36.7439107842343
0,1,0.4688162422221889,30.31323322911146,96.29172446612583,28.752135034832396,0,1,2,0.25762698981973425,0.10292146213249857,0.3281899828287777,0,79.7423006639447,0,1,6.153084644909374,4.934963000762725,0,65.83238017567928,20.884646070260725,0,2.1948553577728096,-1.3051316885921145,1,0.9316271454173075,39.918791657681815,9.882597636509903,37.817874883662384,25.504940306862817
1,1,-1.4756550916642286,53.672839640186304,65.1985141592251,1.7850337857074046,1,0,0,0.7716758846170688,0.34577788939104853,0.08195399548393767,1,22.723809331274616,0,1,-5.757807137372694,5.263823413260471,0,14.543637476691682,2.605026286678996,0,1.3477714501798643,-0.5484045238726043,2,54.29548871591062,15.81100753845067,-4.646644772978867,38.46659400138438,63.053305935534425
0,2,0.6561216235355251,54.889398706661595,52.492902262345474,1.6929027522317326,1,1,0,0.6156952453662913,0.2385915613574555,0.13004126893075985,0,43.595656902364375,0,1,1.1691911950583354,11.175864707001535,0,1.5111099412801599,4.152653133005018,0,-0.30672986528512103,-2.087079029657199,0,41.12654535035799,8.675231035503284,5.797648928872242,15.563375435939664,67.59500759502508
1,1,0.43891561754205277,43.47115536365979,34.40812388693328,2.320922148602213,1,0,0,0.4327894927003978,0.44462929226264636,0.8417401087416383,0,19.19454901719538,2,0,9.4108636231411,3.070568360155621,0,44.145502129089344,1.898000354107279,0,-0.8905738153980971,-0.12262027397883632,1,69.26533182149618,13.184220431859636,-3.1311675918484205,20.591704249221763,28.64057749348484
0,0,0.45423893130153675,42.51023820395545,78.80107206806856,1.6204811329086115,0,0,1,0.3600519641815233,-0.71142236440746,0.9220834837191518,1,42.30921503562341,0,1,4.682774415882363,1.8761694253789816,1,8.117192401301786,3.082630302263349,0,-0.9450493265859244,-0.35502015321334107,1,32.89423800185226,10.322276327684312,-2.6477404322894715,25.697377433314,68.39945098852641
1,1,-0.3343332927063318,61.32648783659589,1.437412990125586,1.8164277298678797,1,0,0,0.8267595670425928,1.0245684634428385,0.022880701675091042,1,27.09513578155292,2,0,-1.6771850510443649,2.77338866738842,1,58.38707664543632,0.8750791484966446,2,-0.12101989805117652,-0.17618884885619637,4,94.8405379217274,8.749575557082132,-8.248854687934081,18.163103018652436,41.61972932136243
0,0,-0.5972245926723811,59.29902295624544,25.98423514670816,1.484308775524126,1,0,0,0.854808812998243,0.5987764401254647,0.3686018640365858,1,18.869395212717187,1,1,-1.2979113808674434,1.3284358781803378,0,35.571120671624556,1.4913564570150464,0,-0.030783816937002405,2.087153521624372,0,72.46583377122924,10.73174090356476,0.559131668583122,12.874162293749777,68.14251110801813
1,2,-2.167144193300347,67.23924349572349,36.397346006847314,1.0600219638356039,1,1,0,0.9850689032842498,-1.084474548813706,0.6541524064616306,1,28.30596808689127,2,0,9.356948632604315,7.391082949803726,0,33.86359262798044,2.509343568779496,0,0.43050797115171474,-0.038069358296358935,2,60.328653420331,10.608758381694143,-2.3970665632615127,27.32292633086864,66.25915042923197
0,0,1.0788577523641814,39.719697478973735,67.68654193421021,1.9709024394666292,0,1,1,0.1839164612079962,-0.3612609868686522,0.632107868110088,0,39.997845181297464,0,1,-7.372965061787456,1.2342900729635646,0,20.950333313380764,3.860063003438213,0,-0.9884836339686142,-0.5414770120649347,1,31.737479560329064,10.612384711094736,7.2113731287793925,15.54508454057526,61.33407502391084
1,1,-0.47551532956673354,66.57351926214146,18.090399054616686,1.8530030207698218,1,0,0,0.9451848017901672,0.6934160108874583,0.7535697684741888,1,26.268279901817078,4,1,4.568761597949633,3.167178915800709,0,8.408414906059143,1.654819237531248,2,0.09440796382955784,0.08612153357264063,4,82.71913782250516,11.603511398902855,-6.703565949505391,18.081018994444623,25.449329381018362
0,1,-0.47463658060970043,47.943520998909705,59.802079127046994,1.750895785012192,1,0,1,0.5402179877892096,0.08384201592173639,0.6393572820338914,1,43.76402159974877,0,1,5.490270280849572,4.186517346722016,1,56.04529245552165,2.2914323469850726,0,0.6883460173433051,2.2928081957551987,0,58.10749222259998,10.001824331664109,-3.588256292189623,15.79463611178615,55.32036509277192
1,0,-0.42638440837352265,55.869376133933294,15.87474711596784,1.2174606935356052,1,1,0,0.6465201815074704,0.6886548216538558,0.298497966759003,1,22.79286917190663,4,1,-2.286455900278818,1.9201543534597234,1,24.890632637728366,1.6334796839244066,0,-0.27393375488505883,-0.5434493469623966,3,78.12558616679787,17.050316010715893,-4.714906713460554,10.641598223613716,65.4478593658981
0,1,1.1455827825184797,21.538945203518352,83.16763407741018,15.649009625132813,0,1,2,0.12574108057094058,-0.3457535473926077,0.5247517829610971,0,74.40552244945275,1,0,-2.5610171032861047,4.902278221157309,1,40.891526451198516,7.782440667032122,2,0.2576628406603696,-0.6272273670732393,1,6.129213953624135,38.96676098880418,8.94076672939605,13.587490845965565,22.42643194297752
0,1,0.8437511501728701,67.46829145255924,60.80706284105209,0.8553675404586062,1,0,0,0.9591057621363361,-0.4478613412776903,0.7601462805129771,1,19.99615543731586,0,1,9.440559907626938,2.062571575024547,0,79.74101845710672,2.6558303944483206,1,-1.94589081332755,1.8381585830403524,0,56.23529301159296,7.871843781516461,-1.650713389698634,30.098357234638197,26.798118452383626
1,0,0.5017818051871972,67.41418755923844,0.40538434236880305,2.46871675480723,1,0,0,0.943474104261012,0.9369906747138023,0.5677851844252612,1,19.111780554292217,4,1,-5.389545714007243,0.637286652312668,0,39.59906711839138,0.6238900846235439,2,-0.536200843664574,0.5938238920991827,4,92.46911164637905,9.062523782739916,-9.138215913167503,12.533262312520142,30.359085929001154
1,0,-0.05188414392161845,19.590948227170834,77.57194329989136,3.368178549960204,0,1,2,0.1046618005966411,-0.7337439681711487,0.9545405275531722,0,33.19858815098925,2,0,-7.431550338372195,2.6629501112268965,1,28.403182386933295,3.2298140806501583,0,-0.16126300927433287,-0.45442087682636145,1,35.947949661360695,30.048427795212813,-3.332871675884884,3.743690230291563,60.014445556988775
0,0,-1.7004211799711981,25.583767528861703,88.95243395082666,4.873896470916803,0,1,2,0.11876628986062393,-1.3364498634820747,0.547818832685516,0,60.46626028395843,0,1,-9.409435873178461,3.0701770663288923,1,37.817561851264735,5.235258282131971,0,1.5968040355906206,-0.0794974202282144,0,17.234105333166756,36.67752915335535,5.773891851505946,25.322583087305972,54.83263302718478
0,1,0.41746408193158335,37.34966196072463,69.87632076665231,3.361050233342655,0,1,1,0.32678090782081015,0.31441739447022127,0.3766550999868311,0,39.27925167471654,1,0,-6.569833744804754,5.123418497495311,0,21.941493937090097,3.6255488365678965,0,0.035312183878342854,0.3857705919224383,0,17.358428473210914,15.242886819957675,0.3311225538689495,27.84048004575078,25.405548841614923
1,0,-0.5795751125630807,34.58957027282848,71.12235247588275,3.300427295550242,0,0,2,0.25427522539199027,0.012453916144686836,0.9667162086207066,1,21.93341854170635,2,1,7.333749540696445,1.7657355374960024,1,56.354436917380056,2.609252796121958,2,0.7053102953190389,-0.5476998078579781,1,39.19086116966949,27.52653714390419,-4.997403876542361,16.550182192235777,32.41247055193231
1,1,0.1939563457996502,68.1717208397371,4.622414501461536,1.8660724473058536,1,0,0,0.9882534488793163,2.62936524986232,0.3552342151263508,1,26.774055129389282,3,0,-4.250921345798697,2.268199439907188,1,62.13101240494977,0.8411380106070688,0,-0.3767361054349422,-0.46381725341735913,4,92.08922919527433,8.984565218045446,-5.67750675308933,15.21613555858577,69.16150899202097
0,0,-2.682361141927457,31.645354011697872,64.17561402774984,1.4718578970741052,1,0,1,0.3969820236470037,-0.28816272304364116,0.7967138271469765,1,21.546629972213044,0,0,9.9972720969605,1.4332884371279353,1,28.5600478153384,2.0400598682468374,0,2.3704225370608323,2.76523371542974,1,58.88175789733001,17.765829362360904,-4.318486153956447,15.074459434913628,66.85077885111247
1,1,-0.31426918327387876,23.855423469872157,60.00222795181447,2.008444414625774,0,1,1,0.11987874298029028,-0.9811847374370318,0.23736383760960345,0,21.316503662076016,3,1,-2.1565239274949093,0.9598201571844055,0,55.81600594288816,2.5293617320356727,1,-0.21830826379110832,-2.423999570051601,1,50.245957021325324,11.653198317801527,-1.9184969751296812,21.395123383430587,22.069023533893542
1,0,0.8913209137689908,66.11086903692541,15.073623656194219,1.8820516455194838,1,0,0,0.9140844256248859,1.185389169158712,0.5366205494217808,1,25.763427689350095,2,1,6.494005091414323,5.5664210018294265,1,77.40082835604048,1.1905486316919929,2,-0.8433192793305355,0.4026619300092549,2,83.58124263806305,12.965839928041042,-6.226845218809433,15.810987083553895,65.96699921602277
0,1,0.37556082193715024,53.50292932016739,65.49500178008796,1.9113850667534542,1,0,0,0.5392419456617876,0.32508279787724204,0.657422044249573,1,27.076540164996796,1,1,8.58630053855424,8.477415557278565,0,63.76422754709063,2.8238687477828983,0,0.09940049457602453,-0.1437620217553311,0,47.61299795145445,12.520100407876209,-0.5605982322057574,16.350001584151347,34.00256863971662
0,0,-0.2776859318884738,35.329573180081326,90.2654024596505,5.513628764942431,0,0,2,0.265886470593722,-1.990681103010588,0.7763298551277,0,42.35344963173341,2,0,3.248095807389685,2.5296476492265,0,36.874740905796244,3.555128151770352,0,1.05235711905668,0.44510905207816504,0,30.297303124873366,25.50387392587908,-3.0908674695133946,38.87540534489705,43.87535966205185
1,1,-0.27640744135612794,45.537313383720765,90.1424585116501,1.5578912525086481,1,0,1,0.6115337304434278,-0.2936905066228445,0.5694535710093195,1,37.21562727475535,3,1,2.3173527169567265,2.812123668821753,1,30.28080787412618,2.9090010903076524,1,-0.42903342336947353,1.526324857322683,2,41.23010936089222,11.725692023513524,-4.359504330192726,39.94481953066852,63.461562413557644
1,0,0.7564818705838603,32.1825092649825,12.373742202702498,0.9391106446104514,0,0,0,0.31609564164606585,-1.5140955703777994,0.8171770412921409,1,18.992369969364326,2,1,-0.18462567478319336,0.5579454638573093,1,46.21114138820664,1.37450961779695,0,-0.9438066688690258,0.6840684945868237,3,84.51966612139788,11.23823020413498,-7.009011464064628,2.4737595631838705,31.489861147162642
1,0,0.43302348669779184,65.51133922830306,22.4428380292247,2.2091831877782413,1,0,0,0.932357992126778,0.8977301269063411,0.49341147579835976,1,25.309379730919552,2,1,3.626083354185731,2.7768763590729795,0,58.29136350781699,1.5577933254060914,2,-0.9376973667030336,-0.26321849609312364,2,79.3848923218339,10.070665225217997,-3.99245936041393,28.574264248112687,41.243801242662784
1,0,0.25233512356829607,46.65312364360891,30.141209525554736,2.608852307007665,1,0,0,0.5436205417319688,-0.22278363160197417,0.7256628014455972,1,18.510286811434817,1,0,-3.967908315495249,3.559473251768482,0,26.721794393697643,1.6890255200550213,1,-1.1230829385400372,0.35861216854620187,1,84.23712003252373,13.564661378711659,-2.9076994507952065,6.886866661870981,43.34456123965665
1,2,-0.7758697380074336,27.322795759316932,75.34782273917216,0.1353352832366127,0,0,2,0.14226771140082795,-0.42775461547979193,0.5209623500962046,0,22.64541451223236,2,1,-9.870127638620241,8.467345334590824,1,0.2611767736406545,2.8426025539035487,1,-2.5297995813859515,-0.0015506201925461495,1,39.714571098724534,6.162923868418579,-3.3222534561295998,20.4901770086917,37.3618519539989
0,0,0.3004581547227822,39.286689878321106,28.079161176036106,2.005320725643091,0,0,0,0.30396743416228067,-1.3536354116413853,0.25864332510184307,1,18.65810282753046,0,0,9.75351114115287,3.311978120912187,0,56.71437439746442,1.3075178433958312,1,-0.5475891121151952,1.3322963639339518,1,81.14756547178088,10.058280804730677,-3.0510986623842182,3.781591040284762,46.90085766892623
0,0,1.096178177515819,44.66194440603246,77.49484269979719,2.3966895250350198,0,1,2,0.3242604263718363,-0.39657739803415193,0.9870966196850292,0,48.79101524259884,0,1,-7.530482351724857,1.7928275076446742,0,13.127939277151217,3.8968062512909096,0,-0.54459110925449,-0.16229366157121283,0,29.906620429714486,16.210962585340244,3.0406747292535723,7.2420266909845665,68.4478398664574
1,1,0.23599540190437043,57.744606026119854,84.65090364524335,1.5915960821710615,1,1,1,0.7607046062415372,-0.29760344535973093,0.3270857633725031,0,61.44544965462095,1,1,-4.124390076593127,3.7482467926523295,1,72.46559109309882,4.774101105028365,2,-0.539498877382516,0.5281875382691593,2,22.83776094741296,5.090024539430966,2.1800925805847022,39.99202983005769,63.47120523351187
1,0,0.3831090495618726,60.9961115400694,3.3316692408057955,1.824675719666572,1,0,0,0.7420071273985865,0.7551038060316128,0.4173133470286931,1,22.533861472169498,4,1,4.740301475866911,2.4990118547393565,1,29.627293192555335,0.9981662151699766,2,-1.3448735833717838,1.7702985170507355,4,92.36875890962708,11.364233711604445,-8.956578366222821,17.45502774989,44.54825270140714
0,0,0.245622513352652,31.11662679698761,87.74047810168388,7.543135150064081,0,1,2,0.22680282323254775,-1.9377913313703277,0.6925509745211982,0,76.07573426874436,1,0,-0.38346854623928195,1.4113539466498741,0,44.92442270023644,9.226982171665881,2,1.7647243717683687,0.31907839868728183,0,5.506896171413766,36.23172386580976,9.721432796065919,20.1140929320375,26.45459261256464
1,1,0.4976829260151242,54.82382021817648,29.073405460829406,1.722866772998406,1,0,0,0.6314955969109544,0.31195358094121095,0.633623704477526,1,21.752892723200734,3,0,8.806202776375326,4.061879467740363,0,22.613531528965428,1.6387308169820098,1,-0.6965939635010348,-1.921832185517875,3,73.68820751528071,10.299793732973693,-6.3960613796680255,10.803133999875882,30.607630297579437
0,0,-0.5831245387045841,19.618322334324432,96.98366468862051,12.987623103597171,0,1,2,0.09212150327331692,0.08889535085364113,0.8579467679210964,0,77.80943948290334,2,0,7.228356026826329,3.110677147211565,1,35.13984115840185,8.840782862787233,0,1.6401359205821686,0.42162659796417756,0,3.3916288440477116,39.55831188072945,9.127667594152328,17.219585461657093,34.22433782407629
1,1,0.7978550189970917,69.1740929369246,4.510826591588074,2.7124279906494553,1,0,0,0.9905099268852755,0.8222415012115474,0.2112961789295571,1,31.184146614371432,3,0,-2.1319865703204774,7.794300888083494,0,66.99900790954678,1.0192750704960567,2,-0.020143519028052035,-1.197589465735058,3,92.02089185188755,10.264109082357237,-7.563452618304475,17.651502319147138,61.58917790758503
0,0,2.3565686209884764,27.381231537360527,80.02194773852874,9.476536934682619,1,1,2,0.3221097172131611,-0.4769239288110985,0.4957396730998015,0,70.62060565943497,0,1,-3.5132889179879108,1.1256877945832735,0,51.31434764408792,6.923633720415004,0,-0.4164889010545093,-0.15704928460158954,0,12.160683555091445,29.329022063850225,8.422003457272599,23.30390015516855,34.451516968556156
0,0,-1.3162943612245663,35.32910638792775,55.73663598231269,2.0898802149215316,1,0,1,0.4301981711189129,-0.4964263568352989,0.9473367906675794,1,18.628534201047806,0,0,7.416241639947319,1.5016295112125877,1,42.07353590373316,2.0833967255743158,0,0.7911004716575525,1.0651193636208227,2,59.96080284119915,22.076488052272815,-3.9737713334737235,3.3505247650127568,62.62388040658322
0,2,0.9432507979850885,59.23817074814391,74.54093210546199,2.414237740970435,1,0,0,0.7285278862235393,0.9085403631529093,0.2558892797579543,0,34.676486836319455,0,0,-6.749472601985982,8.70204925085774,0,73.0193753301617,3.0113034715268596,0,-0.4015673303257091,-0.43010433797930825,1,42.45726312165365,9.960262521271556,-0.7608238045806548,37.717604790072514,23.39108251259148
0,1,0.5128475809193989,31.84099146188365,65.03992202698821,1.6943941884504514,0,0,1,0.0641466801413379,-1.394339108466046,0.45674329478061115,0,27.42166021202678,3,1,-5.232347692309295,3.4860970185538203,0,6.9981550883730925,2.502661469822752,1,-0.7363624267117547,-2.3848274900425603,2,48.9387327744741,10.71422334853219,-0.8448668558538088,22.14488802096747,31.25759339963729
1,1,-0.8858719749584846,31.351399380182258,69.16895734501674,2.7475831801858375,0,1,1,0.21695380813697962,-0.8080833827167357,0.6486553950121465,0,34.245548487946344,0,1,-7.405913119006875,3.163374968580525,1,43.11592724794255,3.10979099373687,1,0.13361572498912488,-0.4357411017212235,2,41.50851021058827,21.295076362648796,-2.6589225309884554,24.273124352718828,32.90175491978836
0,1,-0.7182170350931053,22.613359433641676,87.62463519915362,6.534581747262628,0,1,2,0.14841751194579417,-0.3609823416563789,0.45555276768096953,0,76.7110443198866,0,0,3.9089271322257098,2.592566234320019,1,12.943548445620149,8.54414004718545,0,2.1492759521166667,-0.14827424433990322,0,5.787301916843352,36.694857320582585,9.472704124782997,16.109130623156336,43.23553626069122
0,0,1.4021438239556356,30.9969662465573,97.07152621682194,30.37483746623872,0,1,2,0.15257844672389104,-0.22060726504633693,0.9568212699733064,0,79.98208777927898,0,0,-3.416705619108834,2.30123274210143,0,52.277189010750654,25.98653997532862,0,0.8418891789187046,0.2887198775413405,0,0.2089350516245536,39.880990794192655,9.967710387756476,30.048146985416864,25.130630214630884
1,0,1.198467719954614,40.98694031142459,29.54073711722167,1.7916905438809065,0,0,0,0.3368275132604589,0.9323619757217573,0.41203594483683925,1,21.06315127280318,3,1,-2.128646934923615,1.5559961105022384,0,17.930935897350082,1.5328899125740896,1,-1.1919697651810968,-1.0356448543390475,2,55.5263860466698,22.550260248226582,-6.018763326574951,20.01030799214174,30.572777387024853
1,0,1.0514683349755833,62.527166557696866,9.65955612331873,1.9062996870395608,1,0,0,0.7029532211488341,0.3258030951141026,0.45013290596953437,1,22.64540058271499,3,1,4.838790364866114,1.2426569946109411,0,68.54128459154761,1.2234076899420272,0,-0.9788341748282716,-1.1273332994380367,3,86.43722807960262,11.43617859585337,-4.1924029853937395,20.142688742896127,36.889872991692435
0,0,0.253926417325736,37.2080307139265,57.92522495828917,1.5789883442407273,0,0,1,0.21008672296452308,-1.7357039117984832,0.8860794217362443,1,28.52812251051093,0,1,9.669493811394439,1.605044979982678,1,53.047386718079466,2.107127950328333,2,-0.5712618716977828,-0.6487677934717084,0,54.41611702964043,7.759684367257183,-2.10867258753572,11.112860098920233,56.120508150209915
1,2,0.11047819649004627,52.45132153139474,22.31100746029983,2.0492533299937787,1,0,0,0.5873361247991781,-0.33876358942001833,0.49870204009306374,1,19.487132701374517,2,1,-7.3225403030542715,4.16737437704633,1,10.681356551740539,1.48691454236075,1,-0.46530142519664847,-0.2220471562813996,3,80.81832495041583,4.982989549732686,-6.396107418725075,12.07959067180113,24.04566710783882
0,1,1.5226030032172981,61.448099088131904,55.69784409302453,3.4204122262160075,1,1,0,0.7969199272399727,-1.5622111721573302,0.6827138740644741,1,19.980021263965966,1,0,8.007853992779413,2.8569116496528992,0,29.11804696302104,2.5571537115737293,2,-0.693200931860475,1.3229164833068938,1,52.63863990140756,14.041072400789485,2.3654298844824773,20.3882928478738,66.39629551696915
1,0,0.8343747194184455,41.95542961395448,12.390474374258226,0.8856186340032479,0,0,0,0.2267884952515849,-0.3262444245103168,0.650821080050772,1,20.890012051739745,1,1,1.9418958335466012,0.6395549341580393,0,22.50279163003495,1.354800173451981,1,-1.2709517176445058,0.9437374565630461,1,85.67867916256411,6.740989260324954,-4.921580028900103,2.295752419240542,59.51428671502025
0,2,1.0032884484324265,33.22522521676053,77.50068195526498,3.085781926761234,1,0,1,0.3654156691639452,-0.7454884611826592,0.15497754699318267,0,34.448266239620196,1,1,-2.784893297218325,6.126814314390281,1,29.619079562348706,3.4502330701828945,0,-0.3067232550685584,0.12993884497989133,0,37.26076625356686,13.721155188641685,-2.899419011910398,32.17122401947995,24.572551912668814
0,1,0.03476090590228397,19.640718259349384,71.53480358627495,4.50169793314005,0,1,2,0.12888173275132753,0.8021525165541443,0.32078691002334425,0,51.61111716866911,2,0,-1.1103645046016748,2.25240773699992,1,5.411419667854087,4.602946303986333,1,0.3996340371124901,-0.28812043608638693,0,27.09787410685309,29.816832670402576,6.080162570337709,8.180590228791722,23.465810724847785
1,2,-1.388730538476385,48.42123400902277,73.8818304010442,2.0271044258568,1,0,1,0.5492614966488587,0.011284374094003445,0.5332810664151659,1,27.96400457631198,2,1,-5.037104472537371,36.79154161287258,1,24.538389512445015,3.3195319668955485,1,1.2068046570911695,-0.3048124931373322,1,41.85044207721188,21.62023012267546,-2.852496844585314,16.39697948892221,38.25461073354583
1,1,-1.0134818424716445,61.39160721382025,14.801805935360973,1.635677645604397,1,0,0,0.8679618508053799,-1.019815008693603,0.2571861835063053,1,31.243765956452478,3,0,-8.593971887579048,4.767048327695132,1,65.56737641088313,1.2229911869999495,0,0.18170664679083806,-0.029653426410193192,2,86.75299740893789,12.904544715171776,-6.1566140098361855,16.878725840035152,39.72005284387894
0,1,0.228078307627413,22.81198491242354,75.8241946931308,2.699320781486571,0,1,2,0.19402422349697518,0.5907243101518957,0.25824405485220747,0,48.653170844006404,1,0,-8.087882559508758,1.9079242068671194,1,2.2438886947047143,4.111469473215297,1,-0.07084735446695119,-0.275067606146278,1,31.90522701499282,15.682115615800134,0.7154889066215109,32.924965619959785,33.50515539989505
1,0,0.7895127984570105,38.94900354638403,51.054693293747114,4.552649422478872,0,0,0,0.24802148192410428,-0.023875001530952615,0.39372317253128997,1,21.69301921447268,2,0,-2.5781602740108633,1.9358853126568873,0,39.85193683597079,2.005340501729416,0,-0.1704349454376781,-0.18538129598594996,2,62.390448391560895,25.968728183014413,-4.269324529576335,26.36276338880969,22.93509448601668
1,0,0.3921869771220688,20.855132084690226,23.638333095075787,1.8887206364640423,0,0,1,0.1455698923725121,-0.7450491526812962,0.3346895599150965,1,20.10148674318922,2,1,0.4713147425775439,0.4186957135605945,1,32.08844878726194,1.4419666905183912,0,-0.48461532783212496,-0.8512896805867138,1,74.94734718746089,3.8588805109305424,-4.189266783189263,2.586874889711819,30.49095533623531
1,0,0.7850119428071041,21.45320639022517,83.39138059406255,20.536085227920502,0,0,2,0.17295546039046306,-1.3227548007859558,0.708592873564093,1,33.33025925481401,3,0,3.4272032013172193,1.4692734173898299,0,72.0559810719611,3.2023831389145316,0,1.597809019087655,-0.1927263766343943,2,57.47355959770526,39.47775983715647,-4.8197815676683,35.043869010542146,21.733935396079914
0,0,-0.07935732802602104,26.959280980162358,72.54573865365701,4.63833480573594,0,1,1,0.21509637130668557,0.36700187211205926,0.9524965757843937,0,47.89508156640919,0,0,1.356512398165206,0.6420484611399148,0,39.93357331116269,4.439167002555559,0,0.7141864718546745,0.5349821331761951,1,30.790171141957966,17.087800189231842,2.608841817093129,13.502473260432284,27.246240003689227
0,0,-0.19710491396295815,23.624125871027044,74.77959235866123,5.6889004459761425,0,0,1,0.22746903963590492,-0.5177457465017887,0.5671672508243827,1,35.64676833310123,2,0,2.779651641875308,4.270501100659027,1,27.456128730296,2.8276073885330946,0,1.2601839817223839,1.2558827543415387,1,45.93499574749432,32.40899556887223,-0.9183338509142462,11.287659176148757,30.107240166477283
0,0,0.30531359108202827,22.78586786861956,57.212006706676235,6.14758691221543,0,1,1,0.17292910507898757,0.1452301428016306,0.19782063490480645,0,68.8628691330029,0,1,-1.8434949736096407,1.6134711224143266,1,73.14590966962746,6.066853068091962,0,0.3574467283486644,-2.741884308134401,0,10.589231156503454,34.02396033024371,9.195679230891084,4.998279424723194,32.400380717224
0,0,1.087723945904339,48.356275884628914,25.23695104845711,2.2419277891009926,0,0,0,0.2844866236089909,-0.672718080368579,0.3058898975521843,0,23.141752784475113,0,1,1.2803885998788171,1.0156312971865464,0,37.409499894567546,1.5124349762322364,0,-0.9051332780955456,-0.04006230147860465,1,74.26975920303403,7.779350508772927,-1.1340136875429287,7.681329067535767,58.63093704851168
1,0,-0.18779693835156708,43.59108840990203,44.789126497626874,2.110238026181992,0,0,0,0.308034810311366,0.5867986101110185,0.5271434951941508,1,18.48732510686315,3,0,0.5292215474261148,4.032550498688117,1,47.306409970408616,2.0177371866064218,1,-0.21019474867438,-0.6912567515856187,2,62.594763908778425,14.130598092558007,-5.021514951145598,15.856218393945838,39.073018682064706
1,2,-0.9715736046666184,61.46601334812557,82.51862118766557,1.976447323238513,1,0,0,0.9016672204960153,0.9133938874010532,0.9999806102015241,1,31.84088642653962,2,0,-6.116817170722603,7.316145754716398,1,33.743218571582226,2.956471892604128,2,0.05484358035293006,0.7707852602388883,3,42.25856716526162,12.812515045978888,-8.72205871729213,29.340245394633317,49.44821494751935
0,0,-0.23665458223646724,32.58896368170347,94.35439017484974,6.875731095490783,0,1,2,0.18754810264258664,0.23996634915991788,0.5059215428664497,0,75.73438953870951,0,0,-1.9844081173249997,4.7254171857127725,1,43.823267258330326,9.007350436586679,0,1.4825258900163816,-0.2963245331221037,1,6.304645732239828,34.50819490294418,6.693510603139686,39.029592018214416,42.17536110347996
1,1,0.905526472260167,63.03892491212915,17.389981269114767,2.258369040166904,1,1,0,0.8504868951203268,0.6192236182368898,0.008739601636390426,0,35.14288569063539,1,1,2.1042988674000966,8.665583539290584,0,32.09314281901672,1.786699705508553,1,-0.8760623677286017,-0.6506549615040237,1,71.78718762896722,13.154405419431573,-1.3943231325668428,26.828582049076736,34.946697180327405
0,0,-1.7141111235030697,35.6832450123105,86.01132949999204,2.0200112294052017,1,1,1,0.35901406356771026,0.8323178117651732,0.43301504060121043,0,62.51633538337952,0,1,-6.776108346284737,4.393655636782844,1,38.13472007310276,5.644343000873791,0,0.6771083741337848,-0.36631212268060187,0,13.927339031428604,22.782916112699354,8.503760986753534,21.27981499490364,62.85567742387345
1,2,1.307826590475084,63.00444211568909,28.64383442912596,2.2841034581373325,1,1,0,0.7770371913742409,0.31819935858609744,0.47663627053879287,1,27.62246428944043,1,1,5.885497447053567,5.757242976654145,0,54.87974200721567,1.963259053449215,1,-1.1291041014804721,-0.3393580705222959,3,70.17779347940325,11.408665014049353,-5.046826383362951,17.653031468028445,29.623219868147686
1,1,0.7460655631023027,61.725102540391624,39.26477482745969,1.8974689357638137,1,0,0,0.7286824399350352,0.5518344864779452,0.5311797300335191,1,25.970650969688272,2,0,6.242738034280247,5.241219774766441,0,43.391612404345906,2.1122536547634976,0,-0.49465307190262164,0.2360668623165949,1,66.79805190130381,20.502297041369758,-3.148127902044074,21.870823517943478,21.789666482091334
1,2,-0.6273277697252029,63.018393486415185,34.973996875698845,1.5101575767479598,1,0,0,0.9056567131535858,-0.8695931387768288,0.2600279432085203,1,26.59166400944367,4,0,-4.019044301546906,8.196723379950068,0,3.760784823154908,1.8109028497644095,1,-0.35387014720639365,-0.3510734922683183,3,66.26539096420973,7.656654828787685,-5.021356825685118,37.01227212971571,48.03027651477846
0,0,0.696337736451636,31.504950469233577,93.89433371194067,9.59358819180752,1,1,2,0.35188197084844275,-0.031814911481476846,0.9438431533900189,0,73.02418914583002,0,0,-9.708148094695488,3.4290600761057477,1,30.035972376393598,6.333078801819013,1,2.0196295573111356,-2.0176745056717835,1,13.14234424207688,37.65278144516764,4.650897682260114,32.150891644105464,32.67429206605762
1,0,0.2670883892388638,68.1973254609375,11.629716243874766,2.971965226801976,1,1,0,0.9804480198006266,0.4962600274847125,0.1156470000877099,0,26.89245598959589,0,1,1.713785962113672,1.765572767234137,1,65.03263924595204,1.5367325601555257,1,-0.3772062662639416,0.15192793955487882,2,67.42483748107637,20.48083168943807,-0.43162915612770725,24.980890168692657,69.78998900226662
0,1,0.9446697660762081,47.33040895219446,53.008147213609824,4.101173492688054,0,1,0,0.33381786658009227,0.21303360546938446,0.3567965223596467,0,42.689658240897835,1,1,7.787620469156508,2.3459238561175644,0,9.792551975911543,3.458031886977753,0,0.4893458318457459,0.09187350324579205,0,31.370909054533634,22.75726159834658,7.768552483009273,17.505404447012822,51.11129128229953
1,2,1.6147989034773371,61.59980871323901,77.99688973283439,2.280430480725088,1,0,1,0.6640755652090697,0.5243142845443174,0.621264322972064,1,30.05282806540896,4,0,-5.2703389877857,7.514562658801225,0,38.06048286346496,2.874313684234001,1,-0.973238732724477,0.5168055779414443,2,43.02508360878552,8.59404856967027,-5.690823356679361,39.686770930606706,21.314905070535037
0,0,0.6931594045309363,38.248522631859274,63.182941414525764,2.0434960417634938,0,1,1,0.2828888145428997,-0.5821801563136957,0.7711928349822741,0,39.12951896251636,0,0,9.73111606571159,0.961931921955646,0,70.60350536041197,3.259536241480505,2,-1.1046708960530385,-0.5304954444769451,0,38.38565550289711,10.517044105096268,3.32837977218097,11.485744079839275,50.18877610137227
1,1,-0.8738142022081933,49.31455498374503,31.169622063061343,2.6218370396112687,1,0,0,0.6928446462692377,-0.18442184309700038,0.20189943196186905,1,22.981757916565027,2,0,-2.7312637753433027,4.63056356097907,1,43.813450855397946,1.4684013981153479,1,0.34087638999591374,-0.6509790633755407,3,73.62683964349452,21.946920536404868,-4.533415489338672,21.090122007006492,33.81745358422883
0,1,0.04043194297655246,50.76264853688737,60.663502566254,2.6564388829811914,1,1,0,0.5189571535785721,0.4402955808205385,0.44032472927573424,0,43.8752780760602,0,0,1.109679172128251,1.3811729770264314,0,29.388644380990243,4.02506744083422,0,0.5033407151508068,-0.26474934800579814,0,30.564473513005964,13.506911634797836,5.725726141641838,29.657356254168953,63.27474003546353
0,0,-0.5412376142447979,28.518127520442498,50.03438897779829,1.886665029826715,0,0,1,0.2363900567476545,-0.20989288583151297,0.28537729502819864,1,29.552394605116426,3,0,8.947939787875843,1.5637337071195032,1,26.65538181505901,1.8686577153980022,0,0.30672004328800606,0.7501574674300364,1,64.274675345765,15.71431988512824,-2.6846559738797,16.701876315470546,46.30878641477619
1,0,-1.6182826691157888,50.486894865665704,3.6389639695317166,1.6229227751978748,1,0,0,0.8099603929093993,0.16325482007687622,0.5225799663016909,1,19.22772948932338,0,0,-7.311590902811488,0.3223129483565124,1,79.49510891610032,0.97064215420348,0,0.5171750810408565,-0.6623518027790798,2,92.62967349077604,13.079503313815458,-2.625279565151666,2.3170748635694394,53.89791046714467
1,1,0.40138739900287634,60.89418343937854,36.521932532862024,1.7505264385954535,1,1,0,0.8560308355985,1.2011896040886691,0.7358213446039988,1,20.128676200324513,2,1,-7.3251894573322485,7.178139371933012,0,18.492952034379172,1.9856883207500324,1,-0.5809026846289169,-0.9764767724440429,3,67.13349213863673,7.352400407634418,-3.067676577474156,12.2602300464598,47.414922620888454
1,1,0.7292918416663722,46.19728452879766,48.84845781299585,1.6354132921653335,0,0,1,0.3645085908777572,-1.7525175862992552,0.3586206944462867,1,18.04232974973699,1,0,-2.7753585334962727,2.633118180595134,0,38.25577235430438,1.7932328488170297,1,-0.8272051793884219,0.7013040724628496,2,63.86911103738944,12.254825345009376,-4.687566456773135,26.03123444087653,32.51687374453111
0,0,-0.016377573282429902,42.57915650502435,66.27765863665131,1.4885349005680983,0,0,1,0.3283347981738566,1.203466838145229,0.3594360961940658,0,23.6473409677202,3,1,-7.670560694634884,4.027258572665275,0,31.477946423622882,2.568947150651477,1,-1.30014752933201,-2.0836188411023886,1,47.18506487856662,10.982350179813785,-1.1793829272727852,24.892658669500264,57.32624554581014
0,2,0.9974208889740965,58.078052259968324,67.68507881013525,1.9822553334807762,1,1,0,0.5376867726174784,-0.8644194034135773,0.687924100253205,0,27.051051710285403,1,1,2.3283501773518562,3.771365080903851,0,67.61714771047451,3.359356298000543,1,-0.19191803996711276,0.650998620440671,1,41.26958612004375,16.628880164827564,2.222202784131719,33.97474877678328,33.67547454786279
0,1,-0.2353636913271435,60.0969176679474,7.1279916840865205,2.281480068801892,1,1,0,0.8883172543235864,-0.9211614296175368,0.03984755330853634,0,27.152539324055212,1,1,-0.6312318650609221,1.526979900740265,1,50.87627272849315,1.195693128543493,0,0.026611089556248396,-1.142710142572813,0,88.95854473371165,13.22588938540726,-1.146359265570661,10.526478964248849,58.485671237683206
1,0,-0.9442432582070803,20.214779363890557,47.19952693792104,4.813938430807189,0,0,1,0.1535635642436693,-0.41183881968695873,0.4742168621520936,1,21.535720041442737,4,1,-2.2361561982512494,1.7258971338630358,1,14.592284661021203,2.3560737499044246,0,2.476912689100849,-0.9098586413791405,3,59.806923430184824,32.135119069279234,-3.6985091662099183,6.507954916431576,27.417463636919035
1,0,-0.5893228990173568,39.63074610992237,28.35621021408072,2.061036191420196,0,0,0,0.33339588337310877,0.06751148836858663,0.6898944084605411,1,23.561255539369498,3,0,9.540757548584978,1.3100717112123457,1,39.579247165370795,1.3440280868719128,2,-0.20178443588301387,3.7359501428600996,3,80.01767455039237,13.42275378225529,-8.013536713369703,10.056824964406168,34.93574082403949
1,0,0.4556878282595265,27.562606374961426,95.46612665995899,37.706142469960106,0,1,2,0.21606338485901033,-0.39934590409265924,0.7300867550424565,0,72.42744058250366,3,0,-6.061736934397465,1.7124722152510599,0,44.72641605829439,6.766112744671842,1,1.6676052141438606,-1.381334404836555,2,8.731773912482248,39.9870641949892,3.576637488856365,39.92995145993435,21.262139953699897
0,1,-1.134222525718307,38.72665172353092,88.51930788008339,1.5146909026887247,1,0,2,0.35574726079565044,-0.3028535956871524,0.8656195220245574,1,52.71795080604484,1,1,9.19321829944531,2.3347326657702094,1,23.405226525153573,3.5829994840963444,0,0.9189190073675662,-0.8642790540416275,0,27.481253745276447,9.500052951893327,1.494689219615612,31.088492499381264,66.23036087401252
1,0,-0.35242302409872717,34.049339841902,0.27583990029055316,2.5859559476075793,0,0,0,0.24891769416040538,0.9445287022588491,9.450847573089227e-06,1,22.545561561155907,3,0,-8.376991786855466,0.9762415698298024,1,36.59900392181739,0.6873760285759501,1,0.21370777614308148,0.5376441701405772,3,98.60433251435803,25.146247179256296,-7.0053019716305425,8.574529344594389,25.356981195138065
1,0,-0.012044566331360335,67.9650720706068,1.009801831724716,1.884712303910671,1,1,0,0.972530269022931,1.8833077813901704,0.7533034516035728,1,22.6580305534615,4,0,3.5431876006750294,3.302879962419044,1,53.17145127685214,1.0749081765019615,2,-0.9062430641004376,-0.36975890287582347,4,94.8591653753414,6.930832082621324,-6.247529946985178,8.3830830571314,41.380416241606774
0,0,0.1996549564719376,31.453088371515115,80.38069031984989,4.0844193666640765,0,1,2,0.16170249211243054,-0.6294935022215471,0.20561603191835337,0,70.4901515184111,1,0,-6.986886057403126,5.13567229277183,0,52.32366371798087,6.9036244705809064,1,0.4780856743363183,0.6434865907032651,0,10.20037598371749,31.887431113771804,8.839162931600526,17.515433564072907,49.556114679753094
0,0,-0.8328157217804624,37.7306878936683,45.52418965454357,2.2798177545890357,0,1,0,0.3036645858271144,-0.21286427088616425,0.06652670386117171,0,20.438478666368205,1,0,-0.9271653015473422,1.5729383219044621,0,48.04137619986655,2.098337290908686,0,0.6245658998342025,2.317284293944265,1,59.312016632635235,15.701663618185062,-1.674898550042247,27.955961616518298,36.28972319536712
0,0,0.007246577776490172,32.57137825943461,93.34920516254033,11.228457302016222,0,1,2,0.23861744600213125,-0.7591492295300897,0.6884038170274684,0,78.3173233900648,0,1,1.7898721263613293,2.1590124196638483,0,29.875611575836718,12.02605116880871,1,1.025819849250843,-1.6153606896044796,0,2.9651950597082646,38.838150294256195,9.380807145657698,33.15653671676984,45.413311993547076
0,2,0.314108986625333,53.520201742926986,49.57590798142047,1.9175745989142248,1,1,0,0.6297637291732728,1.0590716405884435,0.005122572813375859,0,54.93371398142209,0,1,0.7347082302775902,6.163702047975595,0,34.301625784900914,4.335663902272172,0,-0.6677614014072387,-0.002126571096595289,0,25.64947347000914,10.641667758261995,7.553423137538886,35.663241972253985,37.15335206945367
1,1,-2.179332980875851,67.72704111544877,25.092979261175614,3.6540307851489677,1,1,0,0.9925797757996249,0.929299808698433,0.40187890805192455,0,20.262667705994232,1,1,5.776891894054938,9.555468770137601,1,3.345807687088689,1.9641079745978305,1,2.093912467045937,-0.41220597967982187,3,66.10841057439856,34.59700442684535,-0.22708288134217014,17.276825588198033,69.29812397980628
1,1,0.976554821570508,53.76106641954517,30.341931973241,1.783656398980355,1,1,0,0.5234175366989154,1.0452321888704814,0.4021908612730508,0,22.740344438524367,0,1,-2.7844846934016303,3.7935431215201056,0,52.69297465599209,2.4769906119669742,2,-0.4517580229968679,0.6420225605696401,1,54.18223235030016,11.548212695655756,1.6770020498819722,18.00556847582668,41.04907528544657
0,0,1.1442332828635762,35.316256150450315,50.27830426740068,2.5812098266986494,0,0,1,0.28065303022685306,-1.2137021974802096,0.6220764649227382,1,30.329236154059593,1,1,1.8704373970387618,0.9742533992424183,0,41.657768622319864,2.091402951946853,0,-0.6792438632754558,0.6469836597834852,1,61.44088331362377,14.053522155350226,-3.0479885214384916,15.42295385507236,24.673620455728496
1,1,-0.10056865016018379,53.666860785462184,28.100819624975838,2.1969388846159337,1,0,0,0.5928420403776046,0.01953601553998634,0.4036351879618793,1,23.66426541227165,2,1,-3.796831298408268,1.7786291203773212,0,33.57049743380817,1.7193776395424598,0,0.6744725341350981,1.176952609289747,3,74.46823805325124,10.0988244844965,-5.897070745633317,27.596388699596467,23.787527735570475
1,0,-3.647588985557168,58.320084953689104,2.319165115254318,2.284844139958284,1,0,0,0.922810919718746,0.7964578027409516,0.4474262752416222,1,21.22141553780869,3,1,-6.575900397158745,1.134288936926132,1,11.272211478719715,0.9733346885118263,2,2.906167579176303,0.0389147965718068,3,93.68007198270172,38.177757756672804,-7.278389286536263,30.414684756043926,69.68776053767493
0,0,-1.2004878294126065,22.360843515997818,50.4634078840023,1.4514676479231927,0,1,1,0.16688495780803164,2.0176704805233894,0.5205039711133732,0,20.421585930296654,0,0,-0.7134411988427694,0.9321524563927368,1,13.450353770056168,2.4165163997089896,0,-0.3442033159099316,-0.4320615813555522,1,52.59424620795485,9.287842484805356,-0.02469040387749466,5.612933181430795,53.32295255425254
1,1,0.22669364265620923,33.84557568753384,88.56892274542648,3.9695543801107176,0,0,2,0.20556403924950184,0.5785690873656483,0.7473632690938182,1,50.13859853212641,1,1,1.9199654108725248,3.3366905804984817,0,7.690718087161743,3.705063508648412,1,0.05580828815791292,-0.23545165070391993,3,30.95530178193825,17.752238820280393,-3.640260585794488,38.321231475371064,23.55739073675435
1,2,0.6107394617356998,41.16102212230392,61.23574897486108,1.6702581886077421,0,0,1,0.14577068398325232,0.9828428275747196,0.5279536613011483,1,27.54468558726363,2,0,-2.2415323624665113,4.251910090780084,1,39.62388512446133,2.670384422726747,1,-0.8071366996829304,0.09671046938355539,3,58.38327736668769,12.768967613672903,-3.469736605159367,31.037473424824356,22.52229889577203
1,1,0.04363561322505352,66.390886371888,9.960199359156686,2.375448631087864,1,0,0,0.9491067419656433,0.43452363945401146,0.7636883413240736,1,20.24934966303035,2,1,1.590259850271142,4.347112889313428,0,63.205025409530776,1.0316048449143498,2,-0.028085050382328433,0.25393649739260943,4,89.19190242609565,10.435163443287752,-8.76201374279152,18.365583040776205,39.622160194360156
1,0,1.2715792549100102,59.20867345497055,7.025936102353647,2.5622264900861174,1,0,0,0.5694253665988148,-0.5907664748523328,0.2943285851833589,1,25.018107036304595,2,0,2.7371255483446166,0.8339708283140725,0,40.16580933596617,1.1981048183153744,0,-0.336878834261801,-0.30341420936677843,1,89.13732138773092,10.97102486824081,-3.7375228812206647,3.2424122899140806,68.96097897112723
0,0,2.3001575444174462,32.00016763440149,82.679555778653,15.267023803686865,0,1,1,0.19458176654672427,-0.20956722736422267,0.7461522980283837,0,78.52436580571297,0,0,-4.201448720839057,1.7251628109809676,0,43.76131510144228,11.123989662099051,0,-0.264739324202147,-0.18377933180312847,0,4.077694676953114,36.74409811871193,9.61577997762851,23.029390753652557,20.944471266567934
1,0,-0.18647622584834564,67.7230752419342,0.6027162901159011,1.2469566383593989,1,0,0,0.963267651622726,1.0161074376998604,0.36589137641348635,1,20.773678525559003,4,1,-0.4095738642781992,0.7972906676970357,0,29.842230058932934,0.7712119777344517,2,-0.29324039271197744,-0.23422656129074976,4,96.83496426618632,9.995002060143786,-6.398962151826772,9.645465784389609,69.09603097689441
0,0,-0.08082177525227008,21.477600974660042,86.270856350045,8.105287608088675,0,1,2,0.15486579199926453,-0.042264356810738056,0.5985623639785915,0,78.65898863097462,0,0,-7.782402957193778,2.726207663358548,1,68.07556679919846,10.633480331824682,1,0.7848343702643739,1.0650417500261486,0,8.470693279679859,36.77496409162882,9.051142947850334,10.372062497011303,25.197836065778127
1,1,1.23030441602371,64.86636257281225,29.22762505959119,1.995677461473041,1,0,0,0.9060803853136864,1.6543586655008973,0.7446724623148332,1,30.755040804301643,2,0,8.57498297779928,4.110500253359315,0,67.59630366191216,1.4715360945165246,0,-1.0993457422625474,0.28037157295157156,2,84.93236747275188,10.884800925802974,-6.790876577042039,18.715665562130912,47.16317864113294
0,0,-1.1790671402808237,22.36118591690616,72.52348850700257,2.533519298862967,0,1,2,0.13840003138663598,-2.2612365871304814,0.5804248742612219,0,29.954705927074823,0,0,3.3197367558246675,2.3254527988758555,1,59.296836544575925,3.0516441278774855,1,0.039848061768828186,0.09194111636806329,1,40.17482035582708,17.647066388382495,-2.199005852854702,11.971048271981857,55.873340381945596
1,2,0.9867837861911309,49.55183631463294,57.926723285083405,2.2251035324058037,1,1,0,0.43935683319344937,0.44635467246052135,0.461197281571498,1,24.981235447891443,0,0,-8.116617423397626,5.756583428206214,0,22.46598797424868,2.2057490263684856,0,-0.8366967244539935,-1.3501395266268583,2,52.1236077188376,11.104313938220645,-4.069778595314641,26.29853405391458,23.352461259862388
1,1,-0.500894272281028,50.04265041509231,4.8442337908455535,2.1026231186377307,1,1,0,0.5872212490904468,-0.22816771161078636,0.0012092477291225645,0,31.19645419337845,0,0,-8.782430298493292,3.031262168730397,0,21.176170755899328,1.1112826421794417,0,0.16774896965056837,-0.1628233614594317,2,88.73184622285292,14.477355399937718,-3.780176239515347,16.743516201347482,45.03347592273076
1,1,-0.2319009057768962,42.722997975790385,49.34978876331877,1.598137066026082,1,0,0,0.4808806670501885,1.227362073342253,0.6096626411996923,1,29.99430180820859,2,1,3.8551890836702807,7.879095009799143,0,30.551145795178087,2.51356551529217,1,-0.3812158887737306,0.7156430546207856,3,59.43564159753932,7.270151490407997,-5.218564235348989,10.112452201588606,21.816946052117324
1,0,-0.9265650531469097,53.822915808602275,3.923399316637904,2.0013554159953877,1,0,0,0.7294398908670949,1.1941329330775081,0.4019604333032716,1,19.955377868248675,0,1,-9.929434421407905,0.8755860040497428,1,60.99320290507205,0.862224112790734,0,0.6552549377306863,0.6492637524128031,3,95.08055740159979,14.901217492971586,-7.623516374951242,6.627056480192344,43.599187283216956
0,0,0.30559233487113013,29.78034767820036,85.34560977166232,10.84501813608262,0,1,2,0.22106243132504044,-0.8702482636294546,0.46712999427986546,0,78.63607641064598,0,1,-6.496032545757685,2.9840488765715194,0,50.7619278665285,9.39582181139471,1,0.8983159895924954,0.4412586128024535,0,2.601564619516777,37.56131403949781,9.299761358829699,34.91696582972611,23.73097158661784
0,0,-0.5964453446908801,25.603038816308608,87.88149595149926,9.03415397665219,0,1,2,0.2356631692884169,0.005875370599893231,0.8938974334502856,0,78.08013736847977,1,0,1.5183646486112856,1.8654708798336823,1,58.16918459725835,10.399806719274455,1,1.1270088585858666,0.19518169606327954,0,4.322186229425778,38.2641569755416,9.519914803158006,9.265668584786567,54.387208323926174
0,0,-0.09622378053068566,36.79010048123435,58.32268861839304,6.464034603814034,0,1,1,0.24856560926845656,-0.4800793322379654,0.27789646655873057,0,59.060868886141584,0,0,2.3059922882007022,1.8395152540797353,1,62.056228633349875,4.524239121008213,0,0.39965009667750256,0.01259847941763709,0,24.625791042374967,37.2992545057503,7.025559748431842,22.94232075703682,28.859315674414237
1,1,-0.5672271267249738,55.66425556491706,54.02885793365968,2.0965905413628496,1,1,0,0.7974174873576871,0.32671389887406044,0.6613430284504075,1,21.71802448940984,4,1,-5.6072122696582625,7.55100026600259,1,26.41343747834995,2.858943738054751,1,0.9837404038841566,-1.289869268925198,3,54.267005183023855,5.169551570705931,-6.115003397122434,23.096486911355527,49.23103881471553
1,1,0.985334795927618,66.40777672104284,9.82171113212561,2.177476453493474,1,0,0,0.9352286688474654,1.6562852953423743,0.6497043742697819,1,29.650800883471895,2,0,-1.204687086154836,2.6480403032294006,0,58.76944211011568,1.254694068421428,0,-0.14623621243411672,0.8158173911071919,3,85.05135617127596,14.12738120895755,-5.694868707066789,16.560812027051085,48.16365521686725
1,1,0.41636265004693024,65.70631561010353,6.84748831545715,2.296634179840317,1,0,0,0.9485767636851141,0.42687256699723314,0.6883097697683072,1,22.63334568590836,2,1,-5.8370488601237325,1.9519195702133478,1,74.5162467104144,1.0079841429709246,0,-1.4238614645181547,0.21779173246322686,2,87.17163149535232,14.898293984788381,-6.6288952615232315,4.044563277105773,27.69964874023603
0,1,0.6850593821624524,64.6616692343654,63.97793466608949,2.567800852502611,1,1,0,0.8382972415812888,0.43836656690917036,0.19512178316918205,0,49.88096463372549,0,0,4.295336801035736,6.503810356975533,0,76.40994674674198,4.412662593889533,0,-0.523798999060411,-1.893045549358637,0,26.67941639152408,16.782629306119365,8.21793067375232,35.926391294306995,64.19808063370144
1,0,-1.1181607763528385,54.61474733591954,28.5781973416817,0.750460815304084,1,0,0,0.8006077559468379,-0.17575815292762445,0.9109605506372835,1,29.761497386649047,0,1,7.016387054987664,0.7460998477626801,1,19.646962002489406,1.569488979562064,2,0.08931867803774565,-0.9763767068659704,1,76.46269610445403,6.929574127511584,-3.3419496061293668,13.785836996824653,68.95125883315707
0,0,0.7550116252711145,46.545838587269955,31.622135253801908,2.416389952945946,0,0,0,0.4196028715248371,-0.8097020263131717,0.5947694034590513,0,23.970112426334794,1,0,-5.853957792795131,1.1228461312787665,1,68.01983538546794,1.5365674428157106,1,0.15351847394961698,0.18725058696136798,1,70.9523149997413,9.226883120841682,4.028701170057198,9.430360814039174,53.19348794579314
1,0,0.3787485240983292,28.554547421402553,61.71151017701602,2.2836685021462,0,1,1,0.25453500147464236,-1.1177858548381636,0.4599586298034879,0,35.62769248672842,3,1,-8.33061695111051,3.2999100908566317,0,10.59619027549719,2.8852421555418886,1,-0.7654872665881743,-0.1889317273632313,2,45.13879670615495,11.411729967922177,-2.7702967808243386,25.048706987725772,22.35508290983472
0,1,0.11212128374186041,65.7936336564662,21.315550933023548,1.7849348980906203,1,0,0,0.9100602111252463,0.5471698701638541,0.15661635574744603,1,25.340646168477985,1,1,2.2772520377451677,3.588720670263343,0,65.62492390032605,1.4876927086816574,0,-0.8405698826918735,0.05499965366492906,0,77.99354176985014,7.356205248426198,-3.5835621742693746,21.08071165905558,62.80380008622292
1,0,0.5593503782527668,26.507703111681778,33.56061858821142,2.027055090924061,0,1,1,0.21870868001493438,0.5345873429196786,0.3097080168972438,0,21.179551760796123,3,1,8.1342380085878,0.760777831966487,0,3.7848096232016015,1.6289963361133375,1,-0.441651925668306,-1.2381471461637668,2,65.84273556246846,9.039434547993508,-1.7162493415098936,13.841485912720648,30.08082722338299
1,1,0.6216144039611161,58.66577507721303,36.71742228220186,2.465724910297596,1,0,0,0.6338644761702481,1.1229464302854937,0.28096438677755764,1,20.882744949058846,1,0,0.7929258701158037,3.2734317537579627,0,48.474602795607154,1.6178461979823349,1,-0.6830307811380544,-0.47573965009574565,2,68.37152855861694,11.088251331521876,-6.3632868508048555,39.88557204065023,32.34905379950267
1,0,-0.63717439264687,46.39077035488767,26.156450805336313,2.78291185697957,1,1,0,0.60920396953378,-0.7320292548351055,0.30306741858465736,0,25.679574226981234,1,1,-0.5959896859471758,2.6958387238157178,0,47.54708258855204,2.367990172069121,1,0.4227652085561361,1.050110525634011,2,77.37883723961163,25.582198292438733,-2.107635412079139,10.817273656930531,42.645941985638416
1,0,0.21130720054005908,46.480258026406204,27.29800477989376,1.6040023377904402,1,0,0,0.5460874803245069,-0.3964274980478394,0.6691867660373856,1,35.36237676881052,3,1,-5.596045511225466,2.198884457276084,1,64.40675946318888,1.5599438760633217,2,-0.49381000002177633,-1.218981967850085,2,72.11436749880278,10.594023500618906,-4.295610691592997,8.284379428446503,47.88922273905297
0,1,0.8879412053318032,60.5060132188035,32.697612765050835,1.922742289558546,1,0,0,0.7929351827515984,-0.523831927190533,0.5629794863634443,1,22.70392669588409,0,1,-3.3233019625480313,2.5717464710368727,0,74.52185091015075,1.6096480474952386,0,-1.1629651246104424,0.846813892077276,1,69.75984399759632,11.532693365083588,-4.762237723299441,11.915509167899998,53.59766256819208
0,0,0.483708811724065,33.51509167995892,78.61082258719982,2.5273075952397273,0,0,1,0.20653678200732523,-1.2549837398815227,0.6819904268788534,1,29.066493301042684,0,1,4.941509502597139,1.8948951239014709,0,16.025225307037143,3.425208235585444,1,0.3521995213887458,-0.6558143041868738,0,64.51526752510149,13.615393178584188,-2.5644800428460712,29.14651690419702,37.12127935338466
0,1,-1.3295101071726545,22.54580723082475,91.29149552067052,4.326592819130691,0,1,2,0.13860981579731613,-2.1436790434424475,0.41481426247812125,0,73.55396585318447,0,0,-8.59177871938557,5.037600605680402,1,23.242341086951637,6.263781376748231,1,1.2901259015124127,0.06130643929882593,0,8.321641896370647,33.64936203100746,7.113122857974094,22.766541314946622,47.88135899228719
1,0,0.23148953617055343,27.88531630619496,31.504680690272103,1.628525655697024,0,0,0,0.15367706180098517,1.48233110660567,0.21164273391476374,1,22.763122095728903,0,1,-9.170104864418311,2.1170630171960045,1,31.413976744274397,1.9655258727510037,0,-0.5136527367943557,1.3528496559021503,2,73.97142447017814,12.159211378588475,-4.148834738567453,4.877096591556425,27.499030648765682
1,2,-0.8323490843853163,56.80258100465748,51.421196832851024,2.017981029777748,1,1,0,0.7379091959611924,0.33762667402602153,0.5056843420022092,0,20.061196816329378,0,0,-9.32159669193383,3.9668274801219603,0,74.84678405297106,2.2452772624921704,2,-0.04636642040837933,0.4322444846360521,1,42.983368080182125,15.927533900301778,-1.864025196819881,27.427413599394885,27.92477959143625
1,0,1.3208761859221707,69.94037140862355,0.9376250604055891,1.643313305499319,1,0,0,0.9995019733159665,2.122939189926085,0.9774749680931241,1,29.456780567192887,4,1,-6.894108005716575,1.9266531058331524,0,8.133626029971479,0.6754219148646833,1,-0.5211541306498777,-0.08401424371526407,4,96.81732276292895,10.801529081853293,-9.755595226476457,29.406620990530293,62.63553780394237
1,0,-2.2687559838144553,53.456909907879165,12.983677643218162,1.2831522718833823,1,0,0,0.8134286173786666,0.7267256305825972,0.4461031757030563,1,21.112974132950384,1,0,0.8563116895653629,1.6557550481125152,1,8.878091918858475,1.3037690195234048,1,1.5069726841216333,0.5755626904424136,2,84.13736884195391,13.275829357887986,-3.753872712239694,9.75896129431188,69.35253927824368
1,1,0.7832442483363523,43.58926512184237,64.83422320367028,1.4047174455115523,0,0,1,0.3237288569528308,-0.6727208014155068,0.3303483372195825,1,30.689265901028534,3,1,-8.790959189822926,3.0749908520327764,1,32.65867020487278,2.677918447824573,1,-1.1349632994965029,-1.3307506682906778,1,50.85609793021908,9.247579489105075,-3.816821079292703,36.956614119236974,47.905587757666844
0,0,0.2811916936349117,32.51016502577404,13.860751091321866,1.9090511345901835,0,1,0,0.2713175928331272,-1.036606188793446,0.38446481825425216,0,24.990410967495386,2,0,-7.896722914145076,0.4087241974635322,1,68.1555294128994,1.625668625666397,2,-0.3653412923233838,0.37339491695383487,0,80.0428659213969,10.259172182824832,-1.3051672297195296,1.4019682325433225,61.721448182091144
1,1,-0.19095424936267602,38.90960800650028,77.20398287670942,1.7711943214053114,0,0,1,0.29089730211670534,0.7759451728846416,0.9188624020664787,1,18.98293556005936,2,0,9.984881976079404,4.534709906328624,1,20.627922951869103,2.505497179012101,1,-0.057240074875087275,1.9279010983157066,1,51.56719461039494,17.36379719914298,-5.387044791894649,19.0102291489064,51.431207082718565
0,0,-1.0893023975688978,36.02141638392091,85.91290431897369,5.87957844116521,0,1,2,0.28907706537109656,-1.8643799551495488,0.3296152296232813,0,70.7624887852702,0,1,6.783804541534721,2.6936743212804792,0,55.28720061314502,6.8159300906373295,0,1.4910039234284382,-0.015790062121697604,0,12.38145071586395,38.680831281196795,6.735111955385591,35.87772787594512,38.348418709732606
0,1,0.34272104787839386,35.542743318898765,88.2899601117967,5.520915756709569,0,1,1,0.1869212479686923,-0.9080748033066864,0.3923474103425402,0,75.57084930704535,0,0,-4.146426807045396,3.310947122360635,0,33.30511446368104,8.188870279872168,0,0.1683741650764062,-1.1129247107609284,0,7.929534936806132,29.71282699064087,8.542847233811095,26.22790859109891,46.106238467177675
0,0,-1.0359136483078801,28.90050889651831,73.47653845073715,5.152218965410316,0,1,1,0.23778715361181885,-0.7020010681521374,0.930878828499613,0,67.29615571782738,0,0,5.000716065616409,0.7174106626509161,0,53.24761080781791,6.439855557513179,1,0.691768766622358,-0.5809392839074812,0,15.199292479554687,34.31213089596241,8.0376871622056,5.646061667209281,42.97903331579624
1,1,0.9944577893842822,69.40009730008919,0.02932976570830803,1.6757812266105698,1,0,0,0.9920009453212228,0.7335179615015754,0.004449620945766897,1,24.936388511447802,4,1,0.4580090609773535,2.8521746006601574,0,43.3710059383609,0.48740058982276174,2,-1.2210044499082413,-0.03997487327142039,4,99.25409823759395,8.65947157424313,-9.3296895094284,24.15083999371502,22.30178202593845
1,0,-0.7875888328373768,31.506884558774335,53.54353050061332,2.1317511268588114,0,1,1,0.30083709099298095,0.4240020737066109,0.55741262598295,0,21.068095516437513,2,0,-8.132617284088397,2.29230495979039,1,24.27816779246564,2.4743336339847257,0,0.32699396301198064,-0.3607056757269942,3,56.967220643094805,13.512844967062346,-2.73121094210631,23.473790046546267,32.628524053717776
0,1,1.0086548836955669,32.40412301637434,74.84283852208829,2.5854809616853154,0,0,1,0.20872825342424206,-1.3726108853671928,0.5543908397962767,1,22.94877544659191,1,1,9.968007298454431,2.9117471872177787,0,19.7823064252062,2.495270609625984,0,-0.9736115929990925,1.9354924535291536,0,54.208462922829895,12.051066597212328,1.027243333603046,8.684251307118698,34.33318658185186
0,0,-0.6519535912648367,28.34062227736083,16.858499885595485,1.9875547867030678,0,1,0,0.16472202190276847,-1.9091902455375669,0.16640763661741664,0,24.853812660939294,0,0,-0.1186481180022394,0.9646862064230063,1,61.36126785774614,1.5495768081834664,1,1.7565058010214778,-1.1757000034467568,1,75.9470889287802,10.34191308454278,0.27076284720807564,1.1084869381359552,55.74356125647316
1,2,-0.3098376297225252,49.07420788950354,43.25563725097705,1.8208743573032313,1,0,0,0.48002401423950447,0.5171009376711945,0.4795556492634765,0,28.030986448676316,0,1,7.394592915398523,4.061867727632709,1,44.69482397641073,2.28241628054796,0,-0.6776123950388124,-1.4259882710610774,1,62.44225586754498,9.834452582277663,-3.766753240861105,16.484076050141276,33.943964111872205
0,0,-1.640463718778175,25.78855820248719,55.39774789442824,2.1198823872326513,0,1,2,0.15433870972910285,0.352394866102378,0.3521162487722361,0,27.76205587464494,0,0,2.824142788969514,1.7384963954686943,1,21.694641564605945,3.036085536792222,0,0.6112458356983865,-0.03997772288591446,0,31.06676306581231,21.707620582547946,0.23342562569869507,9.501150010702768,54.535881589918304
1,2,1.2704576758396726,53.51688526074072,59.060894741035185,2.1727877560301447,1,0,0,0.49550743412131565,0.04519531822532349,0.7780337962747046,1,25.644627123393917,1,0,-0.06329526169373167,3.7120660490756454,0,33.0429003816715,1.8965757645798225,1,-1.474010866744312,1.3396658444432217,2,61.3157880932227,19.997264982938418,-6.295945995464476,30.725724092446036,22.639054693048074
0,2,-0.7661291181787573,46.839791854818195,72.32893405377186,1.9354774346411656,1,1,1,0.4874867259969531,-0.30221969146293554,0.46212726468760706,0,49.07266960820057,0,1,1.337275055138651,4.915964165608095,0,35.39431052609544,4.16494397737752,0,-0.04699933534214231,0.26546107912836675,0,36.1253513772269,17.249817619894003,3.6922674650629332,30.563162350880294,45.139244179804905
0,1,0.21846770509621097,30.68565633146997,80.36696269838507,4.646450414457352,0,1,2,0.20199600240348364,0.8078293699714363,0.621197720856588,0,69.97390188553923,0,0,-9.519143378486145,6.806834431857847,0,3.6155014020319376,5.452894803311376,1,0.43008886142879343,-0.09533609841844035,0,12.683847898912404,21.230523522626434,6.64188675941983,20.23736391360884,20.76389913410447
1,2,-1.5031660462032663,60.33978299606723,81.47032047130843,11.077362226129162,1,0,1,0.8626848876825226,0.5726709739057535,0.6243775049617444,1,32.452498072568766,3,0,6.5673947139494295,20.040799436148856,0,3.6223781943247912,3.6358840335075477,2,2.404116036146157,-1.236431250520681,3,34.047442507662176,39.839351521011984,-5.160575081871617,39.64668753280502,41.166949032194736
1,1,-1.0643343902714013,67.52659825381079,14.515504261394724,2.4816265601247705,1,1,0,0.9810124538440164,-0.3885675888406229,0.7760429536563594,0,24.072055722322972,1,1,-7.025277634090487,4.2462429897634415,0,62.580894776372915,1.505094778359285,2,0.07487623260265044,-0.06146389137395142,1,78.69611816678277,24.827512012970864,-4.219156127553747,4.2305123817271495,57.947787876903824
0,0,-0.020453275321355213,31.267650955801884,63.153151373514326,3.381105226990387,0,0,1,0.20773932051816224,-0.360014939442646,0.2909566993421777,0,23.984243250404585,0,0,-7.09658832148696,4.440110326984423,0,52.39611017180087,2.992595821749768,0,0.2514581939391981,-0.4889219876558432,2,48.5600478508578,24.931569767273185,-1.2613833828571135,14.69832265702391,24.02271390089504
0,0,-2.879248434464311,29.02015298735195,87.75018105561291,0.9000354831985414,1,0,2,0.36135832650124694,-0.3280579105823646,0.9430236383796962,1,34.26822593119227,1,1,9.545653386669539,3.2268448229292033,1,45.21096907201895,2.892887740630888,0,0.8852508755765898,2.0414068742299443,0,36.52198213012882,12.913543744840723,-2.579866699129747,12.56487546123502,69.20791223691316
1,0,-1.0853877573211568,55.961877131950644,11.398945605264277,2.4937481436828945,1,1,0,0.7850908345533432,0.7956486386654616,0.4165454219760311,1,25.06439921776461,3,1,-8.145070331935607,2.2104137688876535,1,42.782926065056024,1.5974359315648474,2,1.2140054571898027,0.09394151771462678,4,81.4765010443077,21.967146698130794,-6.3492552282333845,19.715482808423552,40.29017276056075
0,1,0.014920011857764369,48.92431414820646,90.88202276096449,13.433895398311822,1,1,2,0.694551044922841,-0.7306326767162773,0.07436419553944645,0,77.1967200860507,1,0,2.4503083661368823,6.018220151247732,0,79.11867548047184,10.04074109940956,0,1.3528344308207447,-0.19549870535271247,0,5.6215575928118655,39.33242449238584,9.29104938204457,39.85112793538696,30.1632907231171
1,0,-1.2888518721260647,32.452323208821376,89.16787755222542,4.479046690499052,0,1,2,0.28867014975930894,0.07479178857057327,0.971730061457046,0,59.26151328222137,3,1,-8.421520291132847,3.667819690421153,1,56.89214840851842,4.277257159010784,0,1.3252629690759732,1.7057666419701676,1,22.149229078443653,33.06822280642631,0.29260497495057436,25.585902534728344,48.850232451756895
1,1,-0.5127267624732536,67.2689697330459,22.58239975468567,1.6173399372633541,1,1,0,0.972781691934351,0.864332822245194,0.6793236220612339,0,21.94227024195726,0,1,6.308910511701736,3.1094372784846884,1,65.24571586623071,1.7630913903803087,2,0.23721392916281075,-0.3666732101242873,3,67.78399423228613,12.37257465225023,-3.7928442627113954,19.078330509498333,69.22827017945899
1,2,1.7528284782832027,63.26983841554571,55.021756162129144,2.0930162143484083,1,1,0,0.7132065218984127,-0.4079234962746303,0.5408813204465799,1,19.18980290605638,4,1,1.6388587766128353,15.984714874372536,0,10.89905399630255,2.849403181963746,0,-1.3924938282787354,-0.2237255688590595,3,54.73794248223679,12.000834620351995,-6.3710713093170686,36.646094957416324,35.033322153393634
1,0,0.39991934863779527,69.13993465946609,2.987150036797331,2.2825977503222834,1,0,0,0.994213781133493,1.4053297508498894,0.7119354160125211,1,34.160474176543566,4,0,-1.294126492498071,0.6006405307646114,0,19.463622917442216,0.9150698915819462,2,-0.37577712916061734,0.40456454307387957,4,89.93909075810613,13.996761948852562,-8.805266542545803,18.46182502897461,67.60017562906984
1,0,-0.2221249401780216,59.20545083208296,0.723278606085842,2.004226945240937,1,0,0,0.819082684355608,-0.4141669792819384,0.010017726627817969,1,21.03598629526215,2,0,-7.317099278753285,0.8158637151398499,0,73.3313420455423,0.7151450658973479,0,-0.3734876890543105,1.0685526168394344,2,98.24807882418905,12.974053503570971,-6.2441721185814725,5.993969233139202,43.73566554241695
1,0,-1.257581817413446,20.07059470409034,76.5544993688096,5.294381230285942,0,0,2,0.12077959719082171,0.3567064854590576,0.7816575213223915,1,28.204713968630948,3,0,2.5215337868463124,1.496867588511258,1,35.843679317603005,3.527042693873166,1,1.0756894619794255,0.302869057351502,1,47.17036436580109,35.74440558766536,-1.4630320067443083,15.851805647257958,31.267410884285272
0,0,0.2109430387873672,19.25392778854955,55.4074787215599,3.8265942705403266,0,1,2,0.08846972297967343,-0.4903357878699659,0.07506179504705929,0,69.12804561851092,0,0,-0.9609576990976478,0.8173059983798359,1,7.045155121649782,5.64137339405552,2,-5.2272298028903744e-05,-0.8260879016662247,0,18.16965567959194,30.100679641409425,8.828191695565494,10.545732475396516,35.341264919506806
1,2,0.18804547485355425,65.9710442513406,47.47241951987704,2.5946488222440203,1,1,0,0.9529593081277572,-0.020492734467529094,0.7093471872290169,0,19.255085554959308,2,1,6.1439214464837555,4.179206727367404,0,59.814539799011506,2.327306328556818,1,0.7233745251974326,-0.3373103150600137,2,59.46832129133796,10.061030569488189,-1.7870291745730142,30.59536076794125,47.2996766477752
0,1,-0.5854492005322983,29.199718217456287,88.57074230218919,5.828265896215321,0,1,2,0.22564846995381,-1.139093201953422,0.5645493920123625,0,71.85291341758942,0,0,0.9595653452451103,2.631567646801618,1,76.69879031716951,6.543124652705016,1,1.3799939627737894,0.48509952014159335,0,9.567805659570766,35.11837843917019,8.076488238611073,22.63277779367082,41.97265769629955
1,0,-0.14810677874650002,34.00583446258538,48.92368896367144,2.446385239907732,0,0,1,0.19797209654117365,0.0986260630547056,0.5880066764975974,1,40.7972026084947,3,0,9.630950169790573,3.4739431530536455,1,30.088612216588544,1.9825327878022156,0,0.24668483565217622,1.1004897091953412,2,68.37794630524994,16.404467144377783,-2.1322979777596007,10.386259589105403,36.94361199214113
0,1,-1.9961547934716475,68.98042952639966,31.14887595781919,1.8304095940997112,1,1,0,0.9994475178671711,0.6353807175529604,0.3525652356763421,1,18.62907335049595,1,1,-7.75155185517851,2.2000912603736706,0,79.94228184605961,1.8839723440788423,1,1.5223374106832874,-0.5927774158864028,1,69.27378466343716,18.892967577311246,1.2482334514887317,33.86694534657711,67.5793149869762
1,0,0.022260415103590094,58.93460548107847,6.276458501194343,1.5334535597899042,1,0,0,0.7652513085814892,1.3544313944115647,0.7575671648811269,1,33.632984147351614,3,1,5.759517596174284,1.7371325343792143,0,15.767634723250472,1.09637126815978,1,-0.39987199074007396,0.3457004825332632,3,87.80924324110397,5.065601256381351,-5.596283228409932,4.128136962691677,52.26337863556887
0,0,-0.0622090399907775,58.60088255767392,33.09507956037128,1.3056450931721595,1,0,0,0.8100486317367199,-0.5657257860102598,0.7465167580687099,1,21.825665383661534,0,1,-7.323140188912786,2.871695197836025,0,46.64137410235951,2.0106063908303913,1,-1.5455072438723556,0.018060265585240366,0,66.23023136775247,11.83849844878756,-0.2564134697721414,6.0761892541313784,55.44753322570562
1,0,-1.3440335212566887,41.89321855472315,8.621404561556446,1.9259151069751825,1,0,0,0.4570783352887263,1.9105507545179825,0.3951168458864813,1,24.188813812038692,3,1,9.487065664605971,3.743448339316851,1,20.94685850935638,1.242398919307404,2,0.7096816331924855,-0.22215336783263503,4,89.55250403706548,20.91978378646699,-8.97074687783162,6.233956586823628,49.04893648286934
1,1,-0.5689943540956323,63.54275875510773,12.051830851011868,1.7665480421207995,1,1,0,0.9225372560143195,2.543008342890307,0.6812791447713898,1,24.015417621429577,3,0,-9.077163936598879,4.457415556071223,0,30.603742343517382,1.2707523448056492,0,-0.28871658165564124,-1.6311511839828283,4,81.18725699516291,8.415226660606157,-6.845430194781736,23.069418357874593,44.732001671630016
0,1,-0.6636756731943002,55.970544320641594,55.490215871011806,2.661600600327459,1,1,0,0.7780562221593113,0.6631206771074942,0.3547079868065173,0,26.390052841950478,2,0,4.166286260274948,4.011168970759522,0,21.680053126235066,2.279527436120557,0,0.26824227447775995,-2.4090159951511207,0,51.50277855259869,20.59756907526957,0.14524254660311442,26.46110066804594,68.60449671349316
0,0,1.069588327406533,58.74699215489443,44.4779399230906,6.4939316565765655,1,1,0,0.8051180003956075,-0.23747874262222288,0.4362446651380792,0,34.464028995654644,2,0,-2.206308077882947,2.5832295795960114,0,79.72694928409288,2.768540517068644,1,-0.367426040068165,0.9586059480264747,2,49.514073397488694,29.30804139035457,2.3466153611892544,29.837133481477185,38.28205250223261
1,0,-0.469435451808318,21.70893117582906,13.268330966642395,1.9963370677232528,0,1,1,0.1704512777618225,1.5598634185866815,0.12782070001894735,1,24.273443628433572,2,0,-2.7468356091059682,0.7615240934484572,1,23.91538005782887,1.5261166081970308,1,-0.44778930837504594,0.7608440069948443,3,82.95607642995613,16.44277220869782,-5.664339320590743,3.958198607099519,29.023058998417333
1,2,0.672651676163052,65.08516438635681,88.62773143270114,1.5148463223284008,1,0,0,0.8587834219333701,0.7021523374705246,0.6925933855948302,1,34.33575811883708,0,1,-3.620247953758648,5.452846960960179,0,55.49182311930284,3.1748197471164397,2,-0.3363507476111651,1.5204946130904877,3,37.26267942805877,10.319346177742762,-6.563986122704244,39.99838149185349,29.8137201714166
0,0,0.14863179511893268,24.109544205208444,76.73367920428828,8.513916242280684,0,1,2,0.17838621156566703,-0.6462831749803571,0.8057124222344838,0,59.03892657059144,0,1,-7.516729486757324,1.3602010190762344,1,69.33528776048524,5.147465773643211,0,1.119809788738179,-0.9502148920973871,0,20.308622768159303,38.73086996624984,6.2146366641396895,7.3230567724628965,41.334335760613826
0,1,-0.5537701629177888,42.60673279925138,87.82143663488267,2.1363200744615125,1,1,1,0.4392129204118146,0.04442979659688837,0.5274708129485286,0,56.37867559187928,0,0,-3.1948481235186588,3.824969293575171,1,23.551461914098624,4.431311685135084,1,0.8969781832661787,-0.9036513869637555,1,30.316156865425302,12.883806323624576,2.083782198243547,13.294722958847345,62.37061040088891
1,0,0.5165088709449236,40.00413734085521,20.364598861066437,1.7309003223701063,0,0,0,0.35065252535116576,-0.37452893044710744,0.3994192073999734,1,24.772218721075046,4,1,-4.656718371432582,1.7049340521647038,1,41.513945045708205,1.279905483802851,1,-0.7596856689418067,1.4240405579776814,3,85.03744178508022,8.275582710829125,-8.18791849030398,15.911897640021877,61.50296145768343
1,0,-0.6682316020554461,46.5012098202358,76.58300575851416,2.5611771118974875,1,0,1,0.49229720566168544,-0.6088332922936337,0.7662126388773243,1,19.591540204578138,3,1,9.81717170448221,2.366000610691939,0,30.206570408231727,2.1748098407854752,0,0.8202657156602808,3.904431228584688,2,56.54570036893257,23.6019498526097,-7.737519658614863,38.649730441856526,38.64979875430251
0,2,0.3305217544019494,40.5681194970091,95.02484863913524,4.727016458124269,0,0,1,0.20389676082979902,-0.3575369694380085,0.5289485876004875,0,58.621533562226055,2,0,-0.7888239202537441,4.753909922224557,1,28.84890818043101,5.033171725693872,0,0.4014346361918568,-0.44767226656490317,0,19.447478522117883,27.745993495775856,-0.45244563198352594,39.38940398085889,50.60321682894816
0,0,0.5399656191251028,31.0200508161224,59.45698862371452,4.672780793093575,1,1,1,0.34318272096969243,0.586201921273016,0.52712406627518,0,70.11710811778771,0,1,-6.904041517865485,1.6341190314413634,1,75.30884508332635,6.409280398842082,1,0.3790432411903937,-0.8548542633558318,0,13.702401300309896,25.524952949482707,8.85963327993393,14.874349053817362,23.209309460868248
0,0,-0.3328660874595506,19.51450896063648,43.93712574938809,1.7198520883705481,0,1,2,0.10288687846456368,-0.871013682549508,0.11454131989926686,0,28.92579388967844,0,1,-2.64986807509559,0.49100908430730167,0,0.06654801693433576,2.5759311001167213,2,0.07424947048113274,-1.500275857092941,1,55.70968466474474,14.628322209350252,0.5939521147338134,11.090613160972683,24.880632659559726
0,1,-0.15852727364009475,33.667764276746055,65.54889520339118,4.125240069590315,0,0,1,0.16212749747759098,0.2510858143265431,0.6933662257541225,1,25.558021067913987,2,0,8.13609601339445,4.320240012070979,0,37.26492715587263,2.878689684606172,0,-0.21116904971130043,0.8264988472724741,0,40.89283388503821,27.164517838137243,-0.9199548387903675,8.432450399521269,26.148636048046882
0,0,-1.3950652386516254,24.355353885209354,84.75566126289263,8.881794035230213,0,1,2,0.2196872439055333,-1.0045207916496803,0.43904170614222404,0,73.87952115316712,0,1,7.370159112011418,1.9439827225779809,1,73.88237127305558,8.433784742090078,0,1.8778429987035101,0.8476713684627897,1,7.54469275295413,39.564345438455376,8.319355781038151,32.91492373775601,34.75877709981954
0,0,-0.8872081707209973,22.079202423612156,91.96404850408616,5.005863319111421,0,0,2,0.14563034053860596,-0.6183724686176403,0.5894260587940727,1,35.77472227097006,1,0,9.999778281675201,6.975559969809869,1,0.31809942196613594,2.9034808487488317,0,1.1396426228355503,3.572172847990864,1,34.54263708941193,31.867453952358726,-5.117750255464283,30.007551478734396,34.759248060934766
1,2,1.7075882706261771,56.62153816981319,34.56532917793525,1.836790650697419,1,0,0,0.5136395777446228,-0.05857560448391717,0.22868409097943904,1,17.621545109037363,2,1,2.2255301749041845,5.2810419986607995,0,1.9023409960466253,1.682558846303715,1,-1.5427807979647303,-0.5243985783891841,2,69.38504389722186,12.936578589406238,-1.1804395629172664,18.11894849015648,45.67116781564425
1,0,-1.30052072808066,58.9629351633908,24.907464725727994,2.189989088623402,1,0,0,0.8789402309762633,0.6878549458914169,0.15807233602327359,1,25.583720335367467,1,1,7.756153210294556,4.079254538564897,1,55.18256006880907,1.6370241159118766,0,-0.6669744493082551,-1.3131338593907051,3,76.66519046029936,20.4203953995532,-6.797615224443991,5.854305255811658,68.78896490818909
0,0,-1.5850368924748788,43.76976874123162,30.410416678961173,1.8952154992287822,1,0,0,0.5552915010414755,-0.6749150842293064,0.49536181808649077,0,22.12152924352182,2,0,6.852893618515175,1.799224724896332,1,78.2162291156135,2.063224740031995,0,1.41903821758642,-0.6882202054249651,0,71.3961821356546,14.011472805428621,0.8056447713353858,4.779158903817953,52.19494859883235
0,2,-1.7434397451323949,64.736673365994,71.4180125831087,2.047926662171052,1,0,0,0.9660673802670572,0.6674971592126137,0.5607192960046827,0,23.48205665512087,1,1,6.833824344099099,11.424446444586348,0,20.261117006057063,3.2090105898155015,0,1.187538910117289,-0.46632332841335766,1,45.682975682640496,21.165405933651268,-0.5826294233858214,31.58513396821954,67.90203236524331
1,1,0.937968682032699,55.434061713908996,35.10795455169974,1.973009392620258,1,0,0,0.6034488643775291,2.442443569955729,0.7370388109206484,1,23.439074414664063,4,0,-6.744601585216861,2.470716473452134,0,3.1917841809173586,1.4352809915362905,1,1.5545297279148698,-0.5722839447932637,4,73.57540849915202,8.305404571391515,-8.597831861606322,39.60459919557237,30.222446675846513
0,2,0.3549037530347278,34.19775442904377,84.42454022481398,1.335099141098028,0,0,2,0.24884840999511665,-0.17456132397542498,0.6069192715042331,0,40.906695493452965,0,1,7.486089447353127,11.325792541281874,1,8.081796584226716,3.671775037487574,2,-1.1386477430866104,0.1033653867733559,0,34.722261381855276,7.649011446316765,-0.7214038998240095,15.849599289826134,67.01939799323569
0,0,-0.5616004120257694,40.48879948903768,65.26819257935875,1.6233684314487005,1,1,1,0.43072001794315307,-0.7623599197974225,0.37291239301214574,0,39.5276015922859,0,1,-0.5527618925638773,3.6832395119547416,1,19.664193122367543,3.7469833951972333,2,-0.3193009364374496,-2.0127828069058515,0,38.39686229342528,9.290933698120083,2.973369668522693,22.952566913114932,39.479044496926406
1,1,0.09606482470905219,28.120595507697807,44.529217780222545,2.4240958165136033,0,1,1,0.1478798482424335,-0.2669954143948759,0.16968920066812854,1,17.035019054646398,0,0,0.290266392316747,5.3997757947807115,1,33.74681297447661,2.3758117206332434,1,-0.035202171670681535,0.9448294977077528,3,60.25972371538892,11.842974473905969,-5.650943690037521,22.524131875479192,23.727459670936582
1,1,-0.15416027400077287,63.65508075456589,9.613516598718586,2.1716236028742584,1,1,0,0.9372657797977928,-0.24932263531880808,0.1289776609794162,0,30.57487955953587,1,0,2.2085429745671803,3.088595995917713,0,22.249123960186317,1.2711575686969308,2,-0.11266290736500903,-0.10691071914074764,3,82.8041092654074,13.369107062118948,-5.543530179050603,17.665251124878726,54.439925589913365
1,2,0.025772291885273253,38.93061363676145,69.25667814326277,3.30567786799574,0,0,1,0.2955822825973937,0.5279359513799057,0.3105316875404235,0,17.87707980870674,3,0,7.0665657859851585,18.703522379045566,1,47.731297736852525,2.3073397053026734,0,0.024856642666139066,2.060877677479626,1,52.906327640620695,25.954331975896142,-4.704421188000875,29.533283709474787,22.91242940244101
1,1,-0.5019371081219082,55.575299422143125,41.97716489087093,1.8427415308513726,1,0,0,0.7880418871548897,-0.26052050276719046,0.5714141681254286,0,22.113592210139018,1,0,-8.015365074081641,4.6480284759103405,1,35.02022789941599,1.9706801768521065,1,0.5191157182583702,1.0060088574646309,2,65.41557493648304,13.199894700954735,-3.074896896079035,31.081177701141396,60.89785555608872
1,0,0.2762694211298486,47.2751512798342,23.429362869128674,3.030420612040124,1,1,0,0.4259359153905854,-0.0944522650966107,0.25041294863385255,1,21.88579855964166,3,1,-6.001456374999377,1.8136842300804068,0,36.45805147756941,1.608339411939815,2,-1.1438255437995235,1.7447139417049269,2,72.96627812428382,18.887932584533207,-4.131589659882023,23.957447940386164,25.812353222626893
0,2,-0.2357400925028364,37.15844278141904,95.94036445205793,4.530978613298163,0,1,2,0.2183994320858913,-0.6690002567497623,0.6160905840332722,0,68.36432104080103,0,0,0.8953595259570175,8.699975984259432,1,65.22677194850465,6.879145371153354,0,1.5560069305488085,-0.20832232815212154,1,9.748901352759914,30.707125378689458,1.7199367575033158,38.90900872497933,44.294995782959276
0,2,0.8731704510248945,38.80510838477411,86.30549237864756,4.839356480927753,1,1,1,0.41908691081702754,0.04669666708218111,0.5798058826927626,0,79.53911698961674,0,0,6.820669060787456,3.251575071682205,0,49.64482539171935,14.825180596369266,0,0.4654318543081251,-0.7925664900177165,0,1.5576249003632359,23.514317664474053,9.968859703123279,17.31429789589946,49.7853512162986
1,1,1.462484718192988,61.84343601461824,58.437674337871314,1.8929989316041567,1,0,0,0.7464730174261918,0.0712477018232957,0.630597190600583,1,20.720053843532252,1,1,-5.602241872031293,2.520795571067985,0,75.20731482731564,2.103599388921938,1,-1.204563047337533,-0.19608444425363653,1,57.05761615210354,10.440071437176366,-4.551018578206469,38.43028138375291,42.4288852769932
1,2,-0.11682358916647358,55.20883546200739,97.92461236016628,12.681382427463033,1,1,2,0.813189315930811,0.24484950846513404,0.7287476963203077,0,71.74830816403284,1,0,-4.881919878095523,3.8450583227497646,0,48.88016448201385,6.474422978169999,0,1.2374014612222828,-0.3669301549380016,1,8.666267262195381,39.40181279801596,0.8621339064814784,39.99973376278672,25.693897334429533
0,0,-0.29850943703791244,35.29206045270986,92.87533026741734,6.09206056379168,0,1,2,0.23881367013157334,-2.2497820170504736,0.5453444207332654,0,76.40769782156423,0,0,-6.237541049592316,1.1318005092818033,1,70.37147532318608,9.151132004761429,1,0.20687934673922137,-0.4567985870094591,0,3.9538723808080043,32.62866587004546,9.335344495784469,38.543859652356,51.593487595938775
0,2,-0.6456411309011002,29.84756917260873,96.96240383070125,6.812571642230667,0,1,2,0.24513927757792792,0.5086739410271578,0.4914678340071381,0,79.92013891821904,0,0,2.892891936960961,5.031742518621513,1,12.471474420836737,17.1128082092843,0,1.5492317280698085,-0.19352186918117129,0,0.8535332055564115,36.394639684965384,9.794153957949813,34.06032612420302,45.83172052329543
0,0,-0.5652442181061327,18.000097760122724,96.17157347535014,54.598150033144236,0,1,2,0.01571936081511688,-0.5301727100838208,0.9203182841193555,0,79.9993790313831,0,0,-7.06312519668717,0.25430274724987056,1,8.414695717775412,35.61106293228285,2,3.0273216658409505,-0.7815809584719521,0,0.377252834082914,39.999987645385204,9.997906914552814,3.0994673367028702,28.94432525445448
0,1,-0.698623448975068,57.98393777755882,85.24383810966891,2.5382958476873894,1,1,1,0.7304095933148342,0.6574397449276491,0.7363290421355412,0,37.91183034284408,1,0,-7.16738660593392,4.794421735544213,0,60.90202241962022,3.8448501439078973,1,0.4212895853074967,0.013365115786045332,1,30.61784016194096,14.02970093165294,-1.6608687262151882,38.68324765951348,58.99168947080699
1,1,0.11514443827601718,47.92971657995555,21.94565370008188,2.0989806621136546,1,0,0,0.4777315868195755,-0.1246270951328473,0.43235067664157495,1,23.093628476963282,2,0,4.107091995839946,3.0762452911459937,0,7.03282300198977,1.4533957659987966,2,-0.4078076264179176,0.002327553800592403,4,80.58743742774513,12.46067595676248,-6.2334306088868185,17.93696313171655,25.787995978739776
0,0,-0.7223641714109361,23.49693526911075,63.55281963040815,1.2298219590019388,0,1,1,0.1617333516547621,-0.7317066417019927,0.4033690923634794,0,31.25903128570142,1,1,6.485332844565637,2.4128426820163984,1,15.194510037487646,3.075131147852582,2,-0.8345037972589316,-0.161316679796741,1,43.14726864475384,11.487350091262742,0.8232901585389474,10.236642568292327,42.83234675913595
1,1,-0.8257660405333925,52.38728416203635,31.117946300743725,1.784061349890155,1,0,0,0.7170119913865471,-0.49980512072862937,0.3387404902471923,1,21.37007207801755,1,1,-0.3766294591571899,2.70648476060574,1,40.86325004964146,1.7605575830741198,2,0.03684436311990227,0.2476552727525754,3,74.46982515690486,12.746741089292728,-5.873103473969962,16.81665033058167,44.33673843650176
0,2,-0.23231811732999585,32.25955235337114,96.75104051445807,31.252667010613923,0,1,2,0.32970805634138894,1.1969943756622425,0.8477381018633812,0,79.96098021819633,0,1,9.886287528464685,4.191964305121265,0,59.880860040535,22.19893154309974,0,2.308198026784651,2.380339075014882,0,0.2997713400694102,39.99937575201456,9.881226604938867,36.42604313294718,21.1016151295674
1,1,-0.05439769595360081,35.46665980044169,97.22266236642434,11.932309078230457,0,1,2,0.2598700787921713,-0.298147329270968,0.5824834752247381,0,79.11501658191145,0,0,-6.908924937837167,8.592681754503351,1,57.194462218886144,12.462907043458545,2,0.923201421117144,-0.9895676578207926,2,2.2376682986798957,39.22429647693289,4.89459496851018,35.249734999482115,31.609114834545682
0,0,0.04880662257893893,61.75522874736565,29.331907354404542,2.3426970306130963,1,1,0,0.9160855735648821,-0.5172461090609388,0.32006400881182007,0,21.64856735214974,0,0,7.024256605027741,1.4076789262306078,0,68.11145488890885,1.792727227066842,0,0.38949899582332514,-0.21744148507130853,1,66.76105964755233,13.16550968639094,-0.03213366399835138,14.90696326531964,68.86456282861002
0,2,2.4901992387637004,69.9446840499269,64.19638776003498,1.915126850274316,1,0,0,0.9983329635409688,0.3763506286161586,0.4895972578115863,1,23.865599182043987,1,0,9.574050474938865,30.28142807656489,0,70.43405345303627,2.6209751935847887,0,-1.6645409083308733,0.5464394566903853,0,52.648437456769905,5.766998107740493,0.3087755459036394,35.23979378843452,26.99343083391573
0,1,0.7726250318499546,32.94539599941653,77.75185132634815,3.981293223103004,0,0,1,0.18343163297365095,-0.3166932250963295,0.7896186044919299,0,37.635458355364044,2,0,2.61632829004272,5.771464581252937,0,60.31152382203935,3.7708086966496785,1,-0.6337774929375057,-0.33616584435686964,0,36.96681263523857,21.419994485433435,1.3557712344778583,9.006688666287692,21.20863607300278
1,1,-0.8052831585964787,39.93328331319201,55.66800277863887,2.6581613019246433,0,0,0,0.36309686866976065,-0.4684927676072178,0.3808275348550185,1,23.544915025059915,1,0,9.190170112939136,2.414897292660147,1,47.27130979753309,1.9749542189096616,1,0.9237373021651571,0.5662215155799879,1,60.17852340266231,22.56567189021366,-4.582578237928185,28.17289586892351,35.602738456240445
1,2,0.9019864086812808,61.90054788959819,26.53457613370829,3.861945106618602,1,0,0,0.7556326967378366,0.1591834113570497,0.7782213813825274,1,18.73671118069766,3,0,0.8473845160219327,6.619105607409213,1,33.10317892453158,1.6503996732712771,1,-0.33476165508407857,-0.5184810246158561,2,75.39970987253427,20.320238922792356,-6.835671795605651,14.806847821738835,43.31606976329069
1,1,-2.1983424910352234,69.7027964399569,8.52169506335892,3.2200979971981742,1,0,0,0.999410651408836,-0.19738260991090226,0.40585818455346884,1,22.001045808343296,1,0,9.47432239681077,4.100096788673217,1,76.24934158484689,0.8593140147069585,0,2.310228669450467,2.61877119859009,1,92.70684733308295,32.44245688555601,-6.7316031952586926,13.832507882693186,66.10117505340047
0,1,-0.9036608329940656,30.20439543714938,89.37070997572472,12.016487851368998,0,1,2,0.19995102972060963,0.023504061820505563,0.6838389247516979,0,75.24950444252522,1,0,0.002141022730384634,5.495051601490206,1,46.61622087895269,8.916451213112447,1,2.167784099190361,-0.5874275582572126,0,5.270989861880282,39.55129776942234,9.448315230314797,29.492597612233197,32.96553188746108
0,2,0.4827559072739633,36.290093522901664,93.85280664682824,13.338423179335122,0,1,2,0.27155422604956037,-0.42373259177373696,0.7998868122985261,0,76.76316753933958,1,1,2.5373953533706484,6.343894229479549,1,61.46973231255739,8.900637899617712,0,1.25902114648754,-0.3210752340510896,0,8.17747603010497,39.52827679429819,7.666200629459897,31.16460025184636,20.095141585254634
1,1,-0.7443034758464699,59.284457136422056,26.324653606650838,2.4434649019958106,1,1,0,0.9003538119796822,2.954169018843904,0.6042774042025105,1,23.78967671273311,2,0,-0.09548499600431626,3.942246002465339,1,35.264966273945674,1.4713223934421031,1,0.10506846192339514,-0.3026645984628201,4,69.80267111552098,19.332328757527392,-5.6886453433824435,30.329224705420934,57.95020761353882
1,0,-0.05189532364616609,58.56352794817257,8.92104241028001,1.0955420963857865,1,1,0,0.7580390371968725,-0.9805580685692585,0.11729393666295229,0,28.678540041419907,2,1,2.0323828670460067,1.4543623593623285,0,26.314448249633983,1.2640580374654753,0,-0.5774168192705494,0.8411927632134664,1,85.08731104130483,9.714342074843694,-2.7440021014008176,11.08832890155304,66.80957792816994
0,0,-1.6326557982473775,18.560573425037873,97.16497351366341,22.391001360312735,0,1,2,0.08483186373931723,-1.0178820986754131,0.5210711880608123,0,79.99901543949713,0,0,-8.070402448730801,1.0208998796099302,1,27.51904417704111,37.19575766957752,0,3.1754382774749303,-1.3368522129340898,0,0.030802813736430235,39.980716697672996,9.999906795211789,17.627789345746535,54.08756729533719
0,1,-0.16143188439207753,65.8645724175973,45.05802801563605,2.065965051374794,1,1,0,0.9398427093709557,-1.4625378378785723,0.22229058199813706,0,25.495211268006845,0,1,-9.913893269949318,4.3499289829946015,0,53.866558462875275,3.180378457546559,2,-0.4439941772998866,-2.253972710992927,0,50.42399997918573,16.68427052442459,3.398774996912195,32.373157450330694,60.673431992576916
1,1,-0.5949487810671134,66.3073784614543,5.43217753180138,1.695241456384297,1,0,0,0.9781443415107407,2.9329072351121144,0.12769086139834812,1,20.31072675831308,1,0,6.060314975952291,4.128546177357462,0,45.20457763352232,0.9183007173634132,0,0.04441909912670081,0.10333034127459033,3,90.71980933645617,10.206702971123446,-5.7693832046843605,29.762584902935167,43.49350655969525
1,2,1.0473324541342364,46.81889548547261,59.435054137187734,2.4684886420904393,0,0,1,0.38797387330730815,-0.23014490756243844,0.3149255168350005,1,27.448113665115727,2,0,-9.058717748141357,8.926509070987443,1,5.207960393020237,2.2571924830677386,2,-0.590235196908487,-0.14552785109069724,1,56.08792568624544,8.54594609595682,-4.73981499669388,34.2281508066231,27.11522900125403
0,0,-1.4629720887454964,20.352861667318464,78.01787038528472,6.742659273309852,1,1,2,0.20783338531719076,-0.8472972514829891,0.6608645051872322,0,76.46328985950136,0,1,4.364775873327627,1.11542035307291,1,67.4203370190156,9.94203349320973,1,1.7002842724643406,-2.341904169928607,0,1.2274829247352015,38.60181242944384,9.830806089949277,27.95655442216141,55.971266463160894
0,0,-0.16643275673174857,30.22976475736379,64.6548794478409,2.7991834401854807,0,0,1,0.20775253385283227,-0.2873075493797872,0.535434523967749,0,29.873795863896273,1,0,0.3832007267470665,0.43649827451858664,0,22.137019692710957,2.514222561605911,0,0.10057683757925255,1.6553453022868898,0,50.65415256907508,20.531327890864695,0.7206760265234919,27.38231332157101,50.242745466342306
0,0,-0.9399775210987193,56.15135437188468,69.71703582292344,2.1914614149819935,1,1,0,0.8719182878582984,-0.3292508773489604,0.7694787939441824,0,44.68698938502353,0,0,-3.2853364477044176,0.885281395629241,0,67.94723854694834,3.858154890272001,0,1.421821730469698,-0.20277113150574996,0,55.56237075683066,16.56789119325923,2.4842726025302238,35.953579444041345,69.13510265318084
0,0,0.8942334102810057,49.78167153788132,55.95371673753872,1.914684612342889,0,1,1,0.3498105876523302,-0.9045716104952221,0.5338129528079026,0,31.26173489996321,0,0,-0.9061071918275552,2.3530990290180016,0,55.03169563764699,2.8698555063306452,1,-0.6923110269008709,0.5314904454884763,0,44.96501624648921,9.948031319932456,6.4231840896324,8.863712149635273,49.24105498513944
0,0,-1.1423836687996922,26.97285435080333,68.9345841722081,4.514488231299577,0,1,2,0.15013293289944069,0.29111631344457234,0.8396870298631209,0,50.82247199555566,1,0,-1.7812461259684103,2.2857559312490383,0,32.030122322100105,4.69270643919799,1,0.5702129396085449,-0.23845467826048675,0,24.27939368577439,33.521792669664585,5.193880251251862,4.711482304943773,32.19437673687035
1,2,1.3071893334826563,68.97506265974894,43.34006442244435,1.7001858959099203,1,1,0,0.9779835047789598,0.8883272744416494,0.4685495019056768,1,22.632786144755794,0,1,-2.378453960750269,10.861582432481743,0,62.83291798592819,2.5045596433977857,0,-1.1303783762584552,-0.08411206041360667,3,59.93907442670221,9.344705868887274,-3.295338702130035,33.75159220547999,51.56567020731792
0,2,-1.4400503072978155,53.46479269735882,91.47488901500682,2.8987610135971074,1,1,1,0.8005816212804375,-0.4605235484428707,0.9575263899906596,0,57.316610750373925,0,1,-0.6742306867863679,4.112737675934738,1,66.4911394795069,4.761348347277792,0,1.2197507990651035,-0.32876515480077667,0,18.413457880376843,28.861991783795258,2.3732047230417646,30.882035521891524,57.32502592353459
0,2,0.3115236064468634,44.562949181014126,84.60491236195251,6.765344378421826,0,1,1,0.37420108219929454,0.6809598415336197,0.6827016174074005,0,57.51256160558263,2,0,-8.281556058472116,8.881766633758602,0,59.711022774070415,5.1818892408433745,0,0.3131300534170073,-0.22739187130563396,0,18.384823707958866,34.07426854835627,4.553667160069633,29.655280687228416,22.153144997214344
0,1,0.6145952026551454,37.308851960934874,77.11606671419521,6.671947361526287,0,1,1,0.17858486592231382,-0.7896298053142193,0.5177897050311727,0,73.42291789549975,0,1,2.5954978622519036,3.007049713427169,0,59.64458939168841,7.5880036715287815,0,0.2585464366354925,-0.8278687300295549,0,11.189573785552737,31.70784089944973,8.818945412355745,15.568989786653846,24.8520711860883
1,0,1.0805778128421017,35.70547584247453,54.35882344674712,1.657339586988511,0,0,1,0.22291874690956426,1.405622548730576,0.7674796955654636,1,23.519552827798744,3,1,-8.155780748565592,2.1300214782354474,0,27.940630944783873,2.3942593919791157,0,-1.4479884094086855,-0.7155214383734961,1,48.99157149092649,8.901819401577677,-3.0057996144861034,10.337025598169237,28.60565248679578
1,0,0.5931227927808945,35.17015283226213,77.90118555989527,1.000496795631674,0,0,1,0.18565947310258274,1.38067943840098,0.9994593347637266,1,31.97298768273024,2,1,9.049226441560485,1.4560907507146041,1,35.36451260129192,2.8718480557241675,1,-1.5265163168854392,-0.9698113736097386,0,40.0335160891671,10.79875703113223,-2.521787493282851,4.303077052226509,63.27707045868625
0,0,1.3583992885517413,35.01602744216162,66.86263791117709,4.615198119818178,0,1,1,0.2848669011481111,0.40639662955896544,0.21679305787252745,0,56.7764231490476,1,0,9.191862860216187,2.88012110510299,0,64.78919283881223,5.517732393563394,0,-0.7132030823948713,-0.1233559165694904,0,25.862132193735626,20.882868546582102,7.707299826091148,13.78629013806391,24.642476297147102
0,1,0.6780628988930225,19.64838388314295,95.6125232767701,14.58898145049505,0,1,2,0.10215661723007685,0.054142952493554226,0.0908754770009031,0,79.99174899192988,0,1,-9.454188481042404,4.490222199996484,0,0.10794524567597552,26.905630697522163,1,0.9321939259991646,-0.18275830325308937,0,0.20221572168185875,38.91891600503214,9.993007627520392,25.897423002987246,28.391391249300796
0,1,-0.5681287666531014,43.956992217612665,52.463587319489214,1.6991306422751156,1,1,1,0.49843135895433166,0.003878776091318381,0.0947274343749514,0,37.98559135394139,0,1,-5.817753522735099,2.2441974441936603,1,59.236927806943825,3.6621041203713083,1,-0.23246681493140106,-0.0715159134245331,0,33.62572305140196,7.666871239560528,2.974704020592405,35.386482883225355,52.107819703076984
1,0,0.09040145980112889,38.99311140688671,24.95323801270904,1.671263412290999,0,0,0,0.1792615088593752,0.49349780744666677,0.3700529641602365,1,30.255203370005418,3,1,-3.7582043470374913,2.8929943141037158,1,15.108967925506569,1.3929204394795849,2,-0.1621437712013861,-0.2610378684285588,4,78.52164942812318,11.678786362911753,-8.82848129425621,32.60270683587229,24.776781580104036
0,1,0.2838943110476844,37.04181560729837,76.42385318828062,7.8932164646067395,0,1,1,0.2872784620259222,-0.41881862918475204,0.7203420726229481,0,52.027554880710824,0,1,0.6684858971793588,2.5340616239050817,0,70.69502092244528,3.538216963070088,0,0.29330183142310534,-0.6216985178484006,1,30.499734019653857,35.70351180041966,2.2521213329528678,26.165085848639634,20.39489090828228
0,1,0.06262600621442874,52.93517062391016,78.25445425099491,4.596387767266574,1,1,1,0.7187266545462134,-0.956653736837219,0.3469693563761901,0,61.17313870945307,0,0,-3.9031275356450656,2.7700572946126094,0,62.56181830441611,6.014660487162512,1,0.27259513265981783,-1.1904345741925908,0,16.64724445948449,30.814559568978765,8.222785374339782,32.51300330486336,29.752221931887618
1,1,0.13587829580183045,50.52300688205473,64.09033645470234,1.9134744779521229,1,1,0,0.6596121661917753,-0.919098065811255,0.8040602272105495,0,25.03268153756466,3,1,2.491478630099502,3.133346829055073,1,48.86727340791063,3.0218433255015738,0,-0.3269756881842415,0.12238897653338543,2,53.33792754188666,9.21289586022128,-2.663154742785948,11.708621303685868,48.43799531428499
1,2,-1.7239122080286444,53.6350033419432,33.20717793775817,1.7818353196403496,1,0,0,0.7883478190623288,-0.33256720140893764,0.23323951378254631,1,22.765657860397653,1,0,-1.8322474513354141,5.396217114526424,1,50.058354309144086,2.100988175480717,0,1.5800760290208904,-0.2044258295947011,2,43.60913888537871,14.013308913072821,-3.76920565922116,19.537113828651805,57.30054992120868
0,2,-0.44134639304977596,43.19896602208944,76.5725619784493,5.072394589701565,1,1,1,0.5035212111049118,-0.1753314280413245,0.41359687496207914,0,48.38017035190429,1,0,-6.424582230563231,3.6404733605627917,1,2.7606377991518105,3.666146311794813,0,0.9249599468077707,-2.013296302759778,0,32.760091044309625,32.106863710586865,1.3280635645842143,29.525076920738712,66.2065843525354
1,0,-1.3155322058136416,57.999932534973,21.223539762378348,1.8593202903682318,1,0,0,0.7899399489104676,-0.5964934869705499,0.658916743251238,1,22.63519845740474,1,1,3.020923782368561,0.9067546568528674,1,70.27274166419438,1.33895532755494,1,0.7786168850011337,0.997923487554738,3,78.39096075541568,16.305909657413277,-6.829972646667021,32.57123293118978,47.9372700173026
0,2,2.2144548466931644,55.5406153012783,73.7053762082437,1.4824910369563093,1,0,0,0.4797544292795847,-0.2604859117748085,0.12621771736607978,0,28.68604011438621,1,1,8.286150871918366,5.4435458684875355,0,75.10272425785944,2.8711707541267124,0,-2.0731336193420544,0.2756396107390925,0,44.28293051210457,7.984159665517159,0.39220448483251147,34.8115848504415,43.14704000247282
0,0,-0.8373058186564135,24.81556791249857,41.34942907334825,1.8578806928957485,0,1,1,0.1843470033667033,2.229724734104035,0.5300773665121778,0,26.300550495849706,0,0,-6.775843649914989,0.8318336774895648,1,47.903140570388025,2.799915972249755,0,0.6569315948957181,-0.4962450252546933,1,53.03387863547266,14.142086281800662,3.2106055684920314,2.0452590881187738,47.31595709211252
0,0,1.460226410988624,24.923038249996978,88.90848302303553,6.169132659956341,0,1,2,0.2568856066056442,-0.6160816630256538,0.30985269488115363,0,74.89062387975066,0,1,-3.3727209315134914,2.2903698837776014,0,17.43130345664529,8.667924213714386,0,0.008943727847093427,-0.8329446147776569,0,8.329173901183463,21.814882385644665,7.925964538609847,8.616023683452381,28.745810158709247
1,2,-0.9104151368366528,60.390167167856646,65.28803431545495,1.427789258425321,1,1,0,0.8843506451334454,-1.3009772917106135,0.8624105086999228,0,28.8320754054479,3,1,-2.802472357556807,6.191827082979058,1,61.40230798899534,2.899324157919062,1,0.15515671157382702,-1.273278408514365,1,40.907751838112446,11.334579433317455,-3.6212077548492605,25.97391500208777,45.65711453257296
0,0,0.9344777390961626,31.23418228631472,99.20635260206254,54.365419197928,0,1,2,0.2216970622597299,-0.5172408396784077,0.9999984805536102,0,79.5811419989078,0,0,-7.966956874035684,1.005778538514394,1,65.68488335671478,14.224715890773323,1,1.995228784391391,-2.74437410315446,1,1.25519349492485,39.99682353097664,6.731240967960126,36.584758152319445,23.28147876353674
1,1,-0.5357583130820943,47.28169472347659,87.45974763109608,3.407332079752896,1,0,1,0.601321015644109,-0.03879731485419183,0.6439483726246893,1,41.837221640068485,2,1,6.685816665515773,5.883840572795046,1,64.56427762052043,2.952153105961252,0,0.11098089571814933,-0.08600480406322963,2,32.90175208904903,26.853117137090578,-5.481744970010817,38.38227531797607,29.61459630290038
0,0,0.3982462195663772,51.501983123282635,97.73233660705493,2.898626849336422,1,0,2,0.4988699415096009,-0.23995840648895245,0.9999999938953774,1,56.74742931087273,1,1,9.387953207601608,1.4747132532323712,1,67.85596145053519,4.537187241702902,0,0.40307761489466903,1.8189538769222937,1,13.327870080040283,21.33633070570523,-2.183196324199951,22.368368800964227,69.3411027136916
1,2,-0.22048356268997485,67.68424112060063,12.312920257822825,2.651035575254555,1,0,0,0.9681602514785443,2.2493684799615954,0.0811329127142093,1,15.623220843843647,2,1,-0.45611454834682164,7.617245365787537,0,50.97102510238622,1.1094901853042591,0,0.06764836282789115,-0.29493924888163275,3,84.35315693923069,18.023176753916196,-6.878586047117561,36.64816313422618,33.03367694262946
1,0,-0.7836660991056164,64.25168677843513,28.109939416229146,1.5986317387608364,1,0,0,0.940627657879655,-0.16478266846867373,0.72243555438353,1,35.970075107929695,1,0,2.2461799478832596,2.2456365564949397,0,79.40736211474797,1.735764266374651,1,-0.24042204577785253,-0.07311858349717028,0,71.76496218819422,17.145494078031906,-4.174248898072319,13.759558759755679,47.1741165676654
0,2,-1.2986630100396248,53.44184300031303,96.63762425725095,2.196387235451019,1,1,2,0.8373736705086218,-0.0219358035676975,0.7409328018596124,0,79.27464987250295,0,0,-3.212108123045498,19.4671852268335,1,8.588212725579321,11.05631453744225,1,0.5129551738896373,-0.43088395113458383,0,3.566887283062281,19.08482069705233,8.630813383391253,36.25934870290738,69.43777815961369
0,2,-1.8740743390775219,47.89635737263667,90.99940168428333,0.679241207622757,1,0,1,0.8545816607820462,-0.4698888691408223,0.2722283898920893,1,38.81967398714147,2,1,3.149216632661531,10.97047111676866,1,25.865854164494362,3.077877380901396,1,0.26707293453228464,0.6631314294182116,0,32.75997636069195,9.592917473550775,-0.8004040426888288,38.421181709309934,55.71659295183778
0,2,-1.5619985968065822,51.73726185272055,69.00296161263266,1.2180435379143493,1,1,1,0.8469906208406521,-0.036863895375637626,0.14342179806441152,0,37.50189231875477,0,1,-4.3700228944510044,10.322027569109688,1,63.132548066368734,3.7401133302898,0,0.6532207092013255,0.978421477085871,0,31.40161653763405,10.908539437307667,4.74549588199509,29.333301214985422,54.03073108036382
0,1,-0.6217737736942933,42.14328137054725,93.56978885345062,8.053188566936146,1,0,1,0.4679556362044748,1.4257110543623517,0.9997522291213139,1,52.67713609440758,2,1,-2.0085981895284526,4.155589830032719,0,67.94769593332754,4.755595873116723,0,3.4435021026069266,-1.2089725320900042,2,15.481213450329717,37.73108106570333,-2.252735553913751,13.170760926429486,28.652202128799516
0,0,1.579006401761773,68.21261403633547,16.23951154373916,2.4430562122561974,1,1,0,0.9496470934247304,0.00793430602715222,0.3012207282043293,0,21.03521802647751,0,0,0.6875601922926222,3.199507949889346,0,53.81121947677048,1.7478227402098736,0,-1.2071660829793296,-1.9158084380138074,0,68.39555980630745,4.542702524632385,1.5034866865123835,10.326467904664952,55.061434523047986
0,0,0.3171562908413728,36.60066021619175,47.01964719852232,2.5487530874506477,0,0,0,0.19538775220899912,0.6363623791287202,0.570238332354804,1,27.240119796609754,2,0,-1.2102030701269904,1.487834166076032,1,42.87319455974029,2.148500243816398,0,-0.4439295507322093,-1.6605596412105634,0,56.63031510676449,10.990132186145889,-1.9234052398034365,8.000258477406046,65.17867693266601
1,0,-0.18435865567342852,58.1495647514006,20.75638983982128,1.9851758673396047,1,0,0,0.7686991843173847,0.22352075156794676,0.45640075801199925,1,22.410456339723538,2,0,4.2028207047779365,4.009672597703228,0,61.21492887864926,1.3636220383399518,1,-1.1508676698670341,-0.35959881371738944,3,78.10200553808997,11.815260494117892,-5.351511085182458,12.931600143248314,44.028220703179514
1,2,0.4958162032237657,51.23450392637552,82.90171740904326,2.207368961735659,0,0,1,0.4596527049690705,0.048562233152451326,0.78962022552559,1,39.54906561127192,0,0,1.2105888967572493,3.5248727445775185,1,44.5952094792512,2.757077986954861,1,-0.629253330170299,1.5339298317269225,1,18.810056594106538,15.754197899212457,-4.355177830073308,37.06598995324932,33.65495207405307
0,2,-0.9058243414272222,21.827266968803894,95.79465498103387,11.28188608117263,0,1,2,0.11577196257504485,-0.3224982631446893,0.2807738198689458,0,79.95874033639123,0,0,0.5570748246208908,4.002646011270883,1,38.60384439261929,27.548266116534695,0,1.9076732434963042,-0.5729337480657497,0,0.5403857113680077,39.44408103476347,9.983191996348335,21.948286674482237,54.934469789305474
1,0,0.46676842277133257,38.79486537996503,15.457388942573003,1.773084664952598,0,0,0,0.24614369570710387,-0.7666713256166676,0.8114920733509179,1,24.41539712854852,2,1,0.3566405111949589,0.7274743053483655,0,74.61007675894288,1.2837034443488344,0,-0.5517981342653367,-0.4818261671952824,1,86.67584330995051,7.47289494999257,-3.3764958855210665,0.7776807199194025,31.08563112684336
0,0,-1.0111673536553694,42.6133192498649,26.8913481918918,1.6191225080780633,1,1,0,0.553630148764293,-0.6342279297199557,0.20034653896456955,0,28.825499060069188,0,0,-6.419894260786582,3.1486421228207675,1,62.36296876832135,2.2425726025528383,0,0.4400951281034485,-0.5492887569666732,0,62.58536551041093,13.968691993587283,4.424012457286697,1.7033011419763522,69.35694432148759
1,2,-0.800860111892948,45.512031446655,54.9147990203085,1.9833294610570364,1,0,1,0.49182403266676755,0.29158960150350227,0.5633550564276574,1,23.817077944271958,0,1,9.197040286161126,8.723366737775592,1,65.28482767896222,2.27369274418088,0,1.3313322251679036,0.2545812026081691,1,60.708505318424876,10.414149222894707,-5.449235010259001,13.724535488223681,34.98893967491692
0,0,0.3566499976374222,26.966826792587558,71.05507273291077,2.9921406359939793,0,1,2,0.1966943738687208,0.40510130651611836,0.6272700901666939,0,40.60283362472965,0,0,3.475141732011039,5.515289323771975,1,31.56997699546573,2.9399654949042713,0,-0.7924756538987261,0.7918405065095325,1,37.328442197530336,15.701556709699513,0.937466004261891,8.400569359445349,27.650954712639418
0,1,0.6118365863885515,53.323316356034034,53.88548837232873,2.0062148065640866,1,0,0,0.7140434962013297,-0.5714712310809712,0.6052937784651575,0,19.9603669896818,1,1,-6.2403693730445955,2.981590589819728,0,39.21737397875918,2.5312019950468154,1,-0.7039032382002729,-0.1601381616136424,0,55.8095367308699,6.529258776794813,-0.0659938125606363,10.278122655362122,52.624057870508615
1,0,0.6928338065152626,64.49057797747258,2.423505986423158,1.8151948012257384,1,1,0,0.8112935591936328,1.1275646231749794,0.4826559291857217,0,22.819748604005987,4,0,4.5284652121617786,1.302425442530544,0,30.679335367973614,1.141311337722396,1,-0.964008591864366,-0.44669118244085915,3,88.90089468220128,16.348252047399367,-6.270599571018264,4.979418563697877,41.737442553608105
1,1,1.22387252495466,54.8520783722973,53.23353233615485,1.8757554892619905,1,0,0,0.6187754113980238,-0.06732276324699293,0.687922003435554,1,33.526605188638726,2,1,-3.195323453409414,4.460735749193565,0,39.43544712904845,1.8097998847867918,1,-1.226532832157582,1.590411363450433,3,62.78624060640485,5.00890928070503,-6.689292172699739,29.079037887231944,35.256910814402396
0,0,1.343123586172415,29.815262902657246,78.08191781699658,6.815582236698187,0,1,1,0.16920313343626692,0.023484370592967877,0.8201965455819493,0,50.59452889172875,3,1,-1.8828748010931928,1.5902997367053895,0,60.01964962913519,3.9893496023713704,1,-0.028393335168448497,0.4742612719053935,0,37.30254183810649,32.02909038507834,5.487832971467586,10.228850993149443,30.268975329740655
0,0,1.6735077087563996,24.47853925833166,62.18731457359492,3.2513367639847552,0,1,1,0.11408220474309771,0.2860606434894212,0.43668034045697296,0,65.14619713632774,0,0,3.383701682193207,1.3287489499137164,0,17.24412055921868,5.869023335923684,1,-1.2883041958327102,1.0255873927163077,0,15.596275658978337,11.568099183965774,7.808292143629984,7.4846288839583135,29.933612564890687
0,2,-0.5072521298352717,39.63099707629627,92.81084327582145,8.983694468047663,0,1,2,0.30888200976075997,-0.48440499282036364,0.31884582041175535,0,71.01846021656371,0,1,2.5858658495826052,2.1357324448082773,0,29.357719395988155,6.270395214107048,0,0.4696008788157035,-0.06845281699192494,0,9.539338748844445,38.3758271175583,5.981080772545205,39.93777296413582,33.02897380325078
1,0,-1.996061082607977,39.35174551030924,28.821623887281294,1.6302442660666192,1,1,0,0.523871374569364,0.49870156814557265,0.41024816803734904,0,35.36788759964998,0,0,-5.1127253206416965,1.440163052551242,1,4.668670933103605,3.1399351343507975,1,1.458498867654128,0.030676726080757607,0,51.390809430000516,17.30142394602081,5.482989451728795,7.061264053570548,60.11754755207551
0,1,-0.5816138368955965,22.024172920441515,89.1146785096696,13.443846121944265,0,1,2,0.12193083649560538,-0.1727953884592998,0.3177887221094502,0,79.57180303366117,1,1,0.44732344243560007,2.0579016123298977,1,41.073857961840446,12.545475122481932,0,0.8506667221286696,-0.19140930468263842,0,2.709583835379142,39.05561124847192,9.718822678468516,21.3355233078721,35.08779299522649
0,1,1.9134559873476804,63.68058329161441,64.84204264261926,1.6848390649546319,1,0,0,0.7000676370762955,0.731610055179181,0.29946955749771814,1,29.946000518713003,0,1,-0.7662153680958852,9.971661906257294,0,36.40498302984098,2.5302607546010365,0,-2.1667030963810006,2.0732454264796782,0,50.1480500560703,11.780034037416087,-0.6737458159740033,27.59000217434569,60.251329857364006
1,0,1.1017972826311462,65.62531315936495,18.431630535003585,1.9757653886509474,1,1,0,0.8334346141133513,0.7560134403453778,0.3901709332197675,0,29.13929522404926,0,1,-1.826342861976622,2.104685624733488,0,48.58220676622679,1.851893904725551,1,-1.0668277136062254,2.458780039351982,1,70.50107165072667,10.125972469757862,-1.661853166697945,26.044171772989788,64.0611143926561
1,2,0.6126362366727137,35.34154433002175,70.41983956363414,1.3587621607623337,0,0,2,0.2732383437972383,1.5501315940933622,0.42639881244725825,1,29.63123432359719,1,1,6.148524732129541,6.443715835178075,1,12.175314136789947,2.611876813396683,0,-1.5593313790680818,0.8603969874026879,2,42.627317944891026,6.650065337162532,-4.398530050444853,27.782309712899806,25.91270729248101
0,0,0.614073111285323,33.82173234624719,52.842324607396705,2.243197601924841,0,0,1,0.17330368421829845,-0.2236332532596968,0.6844684936631297,1,25.477055486220166,3,0,9.996598879698062,1.4562730899008016,1,43.26878588166633,2.152762432946822,2,-0.9255593969660652,-2.1055000805673605,0,57.709803331239726,12.872098015153522,-0.6475168601976815,3.3337456501728613,56.24583431076731
1,0,-0.33497911854028045,26.16547139656948,84.92564085818957,9.51747531663924,0,0,2,0.2209150842950175,-0.572460403555461,0.8285073343072031,1,42.89547551416781,1,0,-2.361045880521841,2.996055210448865,1,67.4231150604958,2.81449734758038,0,1.3483426964951055,1.1016882028279589,1,37.37749802248228,39.03743015869796,-5.055805837917891,25.905616993633586,23.444789213370022
1,0,-0.4472472489051783,56.69308466228554,36.07262059510816,1.4864924453041584,1,0,0,0.8144929312801223,-0.5835988696868679,0.6104940570304395,1,23.50770808972444,4,1,0.1242436211916953,2.6515306908356453,1,54.82875184586648,2.005763047158003,0,-0.12221044542277351,-0.31100338559174706,3,68.76587142918228,9.080007382270592,-7.0350371857365435,34.217452105703074,52.395677674505635
1,0,-0.2771591904068925,52.044786628412446,27.636361562075663,2.0171653566042833,1,0,0,0.6124339018180308,-0.309286208222422,0.4196174834847285,1,21.031818692786544,1,0,0.30547753161280156,1.4644625260985873,0,68.3211108832437,2.1376374690185638,2,0.050298862243547376,0.7095062105287824,1,76.5115087701231,18.853779146755425,-1.3047374956717128,16.314798920929082,29.160116837905328
0,0,1.9198364462366297,51.171494290731374,52.02819319688472,1.2426338581413108,0,0,0,0.365105003053972,-0.03388181386506036,0.32526819523093115,0,21.38596448718171,1,1,3.900673684606698,1.2549691605627271,0,79.57746131438368,2.499835945360536,0,-0.7219573113249617,0.3281062917918735,0,56.27321925609742,10.869708369266089,-0.674954565914911,33.497850097435744,50.60404057571111
1,0,0.031398081549014495,50.94410501940439,8.845375840962816,1.9977152959957265,1,0,0,0.5132613176419945,0.6779149670323198,0.45794619644894713,1,27.159179432622164,3,0,-3.6683581687489326,1.7227461954702172,1,36.81591930489844,1.2422606788204813,2,-0.147616663178985,-1.2551094494534274,4,87.09051318977382,9.222332542641173,-8.618221461565847,26.59730486604369,24.23109943983743
0,2,-0.39147010332957605,25.016934730454174,98.79076656604714,24.81345063623927,1,1,2,0.28219538653321824,-1.6961318277923578,0.22464952764297402,0,79.99372491887445,0,0,1.4268992585443119,6.513971460195183,1,50.4216991500863,27.715725456651676,0,1.3725849731286222,0.13572364463523023,0,0.13844089980986074,39.86565473727248,9.959544278997964,24.151963772127985,32.63906114646757
1,2,-0.21990196064018505,35.823876189131425,94.78282043521722,3.5202308905117654,0,1,2,0.2270876683671339,-0.7878059974835212,0.20704825905669733,0,63.838933712652604,1,0,-6.431739022965271,5.49320081922216,1,5.986969606504857,6.348808312226377,1,0.24162575745681011,0.29639349614612964,1,9.930132215395925,22.600993424345948,-0.6410339076363343,39.990396228655754,39.50579415067367
1,0,-0.4017532217208435,39.84533214096753,22.58887381161106,1.1329279840252957,0,1,0,0.3198606986069976,0.34675079761731503,0.7332546670619253,1,18.358521948301195,2,1,0.3064306040539222,1.769718154288991,1,65.08329476167621,1.8539063281954493,1,-0.369486607650089,-0.857035976310339,3,68.01079433909337,9.833987027584065,-5.3882282690864844,13.285643303484935,21.268858620001414
1,2,-1.4820009812142514,56.181628935928295,45.35721718043628,1.7854458328576581,1,0,0,0.8671231997196966,-0.3482458500354534,0.5855155618403705,0,22.44219575301966,1,0,-2.9921154296774555,9.787198103039271,1,37.79495908199446,2.0116929638528536,1,1.7326004342577597,-0.21501450140385142,2,66.2611794146538,18.771499348364095,-1.0286290968009162,9.583111114384039,53.4545612648482
1,2,0.17014846678795165,66.2908392586151,48.0558241780702,1.800658060967117,1,0,0,0.9534016078905785,0.3681500375006446,0.6404392698144208,1,28.585409257307724,0,0,5.226404311172228,7.809084558564443,0,28.362735878875167,2.5736743197144274,0,0.37562030284197345,-0.44338401479954126,2,62.147726626316036,7.621491332249235,-3.626232983905629,24.41709890384168,67.32805909377487
0,2,-0.8201075387947538,48.226411940307145,79.79028440455505,2.301563423284356,1,0,1,0.612487959808437,0.3893919636909365,0.9133850253482911,1,29.480661477022608,1,0,2.790295314708704,4.08980637427588,1,58.51293151680827,2.9583402685248235,0,1.4786539103215872,-0.30989221375934356,1,40.103957130590885,17.04045269876397,-2.388242836635178,28.22640919325513,51.52188363974508
1,0,-0.8511485495221451,43.93389452858361,51.30864714098278,2.7168152177021763,1,0,1,0.587448470854083,0.04084876792949998,0.39803958514594556,1,19.276359403521404,2,1,3.5245434963769426,3.342401807781936,1,30.844839981547317,1.9806709884674454,0,0.7161867150308547,-0.18004809607707623,1,56.65139123795754,22.43180090528094,-2.4550843877784683,21.279468083019704,66.83794462922071
0,0,-0.10134306362819831,38.69826744926028,76.18665301038791,2.0635644805307063,0,1,1,0.3452592338076431,-0.016524826330569224,0.5672529633771147,0,54.40853940194586,1,1,0.8140542250728462,1.1975295417171037,0,29.2666559904977,5.383514644567627,0,-0.26111275937406725,-0.63834336401736,0,20.4068846065974,14.310676096208741,8.059240963691106,15.980048608811078,60.53153915398233
1,1,-0.8593600657988872,48.58216499864545,41.87270560246217,2.71275321602533,1,1,0,0.5062589720886438,-0.165252979867181,0.7655219938639082,0,21.47320717018114,3,0,-7.42672144024251,4.28755265600845,1,22.576173061525196,2.18516745583293,2,0.6181008646344424,-1.0132665652304678,1,55.125848656411826,20.19762505499504,-1.7281415309423451,11.349964939155983,60.83010679868736
0,1,1.197081842897763,24.771287060624324,91.95974911982194,10.485606199479397,0,1,2,0.2034013473138213,0.7058944692319818,0.42694381241847823,0,78.81004455910664,1,1,4.969361542902268,3.0929447532765373,1,54.40813258133251,9.425065747779309,1,2.2175200852947965,-0.865634113930912,0,4.523496448103847,30.608311423715804,8.870189299022183,33.594122485786315,22.970299003567536
1,0,-1.0952226535966938,32.8990569694697,46.59632170825695,2.489363185500416,1,1,0,0.3530971130794861,1.3056714827975182,0.3404880117113568,1,21.045734726055638,1,0,-3.4254783170255028,3.2580938028925375,1,25.240673040573345,2.5246819954868585,0,1.1467372496727417,-0.654194535938661,2,55.989508709583156,23.20600646684219,-3.286463594872232,18.76058244046462,35.44777843202073
0,2,-0.021087543541677016,32.990814720813766,96.84889983236144,13.33341497876199,0,1,2,0.16824535789503675,-0.5845909508916628,0.8929656161864084,0,79.69051981704247,0,0,7.388853397065972,21.173447314138972,0,28.388657074181683,17.29860011053845,1,1.2800423812886481,-0.16749659680018514,0,1.0170517888494213,39.09681423022333,9.385628882003225,24.28290089848538,24.48047029641093
1,1,-0.7778880943692568,63.42714900941905,0.41403608756334087,3.259269821633159,1,0,0,0.9309787172358375,2.295763454475046,0.04550269834203091,1,22.950215574446673,4,0,-2.4488762213256674,3.1233316377144424,1,63.72305561329512,0.6694111085359651,2,0.0007121045347619109,-1.3374221674919888,4,97.64472387673383,25.47936054504933,-8.541152054311038,12.015488881114633,33.93829056570508
0,0,-2.0142952944943815,23.856526783092676,96.30655090297854,13.106791276153508,0,1,2,0.15089446637845783,0.08293035500444365,0.7979936514756999,0,79.23756017960704,0,0,-8.723180688593331,3.2034203347350636,1,25.270294143024415,11.424281869059795,1,2.752584925348322,-1.0931787436672369,0,6.410045883930088,39.95169532242088,8.982172605539034,33.97337842527665,42.127953586664866
1,2,0.5165984210618392,64.39470300335574,29.259139940276114,1.740759559512724,1,0,0,0.829216355562556,2.196334116364101,0.7127383115690336,1,23.276738015548446,2,1,8.869006546372166,5.835535415402482,0,32.5242583967863,1.7192826452083474,1,0.30329764037010415,-1.2088069753590749,3,69.63356799191092,13.774078308717526,-7.141277697012992,33.122906088191144,26.137105931334126
0,2,1.5234371441632217,51.46270412169086,61.00727408139246,1.502492680437101,0,0,1,0.2777019278188469,0.292713251536166,0.23063730650044234,1,18.368722777034016,2,1,8.410223255679941,7.970213388435379,0,21.044065551240422,2.7806288405653516,1,-1.5192369110088662,-0.25853936846038444,0,53.9734248823854,12.801973684195731,-0.9271781764918341,25.437711658960854,52.978585467643526
1,2,0.14579966317846932,59.67332949304424,30.58018732708132,2.5576567846066305,1,0,0,0.8212603288010137,1.2349900250553405,0.5466121195839437,1,19.39569036174109,3,0,-5.825392776588526,3.952018029346152,1,20.596629834344647,1.5722591156360066,0,-0.2789036934063711,-0.23432164672340713,4,75.3816011318808,17.7205505644485,-7.981585584354685,34.1587531570726,33.747350032282014
1,0,-1.510174279986245,52.56168179134892,21.60274001763672,8.739513530043277,1,1,0,0.7271586964008419,2.73055417951441,0.5054080248514563,0,22.116967733640386,3,1,-9.63355442752316,5.186655423110212,1,36.476297722351596,1.8656327276019704,0,2.143186809128055,-0.8089628045925196,2,71.08883288947985,39.158404296999976,-4.607065038691649,9.325571210975486,63.81060379885173
1,1,-0.32606203415609053,22.13269988727332,51.48185843546048,3.476335943568846,0,0,1,0.19754909623211164,0.09776799049486484,0.24233720546693488,1,18.621739567390243,1,1,-5.806565342621091,4.863760609489136,1,21.052452980795422,2.2609157890008538,1,0.09652997139163676,-4.003127921497051,3,61.20669436846893,23.634219246537455,-5.399310575992828,21.068930592737345,24.20696284310555
1,0,0.012555926591553168,59.159070637210725,3.2295305474862035,1.5176208597409768,1,1,0,0.8113170304479562,-0.07077018606033302,0.02054678180754055,1,23.02280740703342,3,1,3.4380059917133146,4.945773274960479,0,41.029328866683905,1.118647210025532,2,-0.5832696147755441,-1.1770190043086826,3,91.39498861316137,10.645437558294361,-4.814951423060311,8.269183075617928,53.131528706350046
0,0,0.6859392152023448,66.09521718465267,21.183049711709305,1.4266039499201812,1,0,0,0.9413363300216109,0.4815604464182211,0.21885742702460026,0,21.717746428629376,1,1,6.407275857424551,1.9225535589996237,0,73.4709548362827,1.4356297341655782,0,-0.8911604691854099,-0.31079132157635037,0,77.98901427707288,12.67878203744685,3.5042491549371686,15.942660157181514,34.85838111059617
1,0,-4.274005640537225,67.51319851691966,3.3965451118134817,2.536959316268087,1,1,0,0.9995493741765882,-1.1287512715234844,0.09164458514070628,0,28.062148429313552,3,0,-3.9990933827617647,1.422403315080802,1,76.51532955089309,1.2620502660327673,1,3.998626318742125,0.6547659749824912,1,88.79847458036667,34.59915225121541,-2.4017410708675087,15.731228393349673,69.98356547647423
1,0,0.395067155066354,30.658126071950903,56.31860967378499,1.7282998130405096,0,0,1,0.1522092637808744,0.5190136921768624,0.6759531029672948,1,20.700186603904875,1,1,0.3532298120191246,3.8779437673824133,1,57.98952457903386,2.2922753535959752,0,-0.3209807464077459,-0.045350617673647654,3,58.18205214914881,16.506454984254656,-2.9030636485858548,8.386050690937672,48.34332595870813
0,0,-0.08663703194678431,26.713712820794164,75.84860511467892,3.981101289599536,0,1,2,0.20886321028856725,0.13133428311049783,0.7535546079022656,0,64.97508821631241,0,0,-7.063369100651742,1.222856319027232,1,39.98281739879975,5.511458112553308,1,-0.2638150150111795,-0.41170821285378456,0,15.06230363965247,24.270211513860247,6.878878198795224,14.853591193665059,49.03134015263056
0,0,-0.173676234880224,30.933354069554944,47.58373019775047,1.8664697368906857,0,0,1,0.2747257526219278,-1.8345972757386726,0.25362133962287514,1,18.92407031360689,2,0,9.381312200674252,2.504666585620245,0,0.17170306170664507,1.8799829994040627,0,-0.035975989731446334,1.6879367692862,1,64.97901971377352,10.016560793775895,-2.8304758915769117,6.398751414072084,65.8472971233214
0,0,0.060255547694462196,22.243489138469158,57.34973501233894,7.0853222382044825,0,1,1,0.09570314333227858,-0.11008679906119732,0.6679446837735878,0,63.78317302519568,1,0,-8.46349251320751,0.8619444682232228,0,48.079156316362614,4.467760882844721,1,0.8335190046650846,-0.22353582659723373,0,23.59056824252311,34.755690191999086,7.6127481565234625,3.3907557210228356,25.577021375481948
1,0,3.5131618017200585,55.510448776095345,19.011525144935725,2.682992839141828,0,0,0,0.4540886704722524,-0.4919771915149264,0.7330489963157684,1,18.406704134354143,1,0,3.242332819893024,1.3316415268832587,0,49.21140308974773,1.2889420415560107,0,-1.7578091251923167,-0.21616746057105898,3,83.55758832206166,12.988033207536978,-6.336826316271292,9.485552501091444,36.55028898136932
1,2,-0.50668583663746,67.62118442103096,17.530145746483473,1.704983579920315,1,1,0,0.9790550814467143,-0.45961491882770267,0.25396069448957426,1,28.14450233369677,4,0,3.5261228919145697,11.910971706660765,0,78.41828827396368,1.6214337985076093,0,-0.42301981935207345,-0.229638865971203,3,73.7776590879692,8.844848762093099,-3.499321157943232,18.9859103494992,51.1342093791128
0,1,-1.9846493386886215,27.501511256876448,80.45181584161169,1.9167225453262915,0,1,2,0.2321913422574149,-0.9864698053798513,0.4313784158995778,0,69.87887919473921,0,1,6.267984240187495,2.569010104863958,1,23.55242206556416,6.865125729606067,0,1.8539293028298591,-1.1348842266469503,0,12.36768089644133,12.08473188481111,8.480844570117519,14.172969379439454,67.93436895225342
1,0,0.06847808257872903,59.33653601449126,1.6683648959651243,2.048939821355433,1,0,0,0.7918178867004411,0.4349215926449754,0.4650993120071936,1,29.453659933082584,2,0,-6.075897226488699,2.563198420716387,1,36.46241464295889,0.9170020799217944,2,-0.612368233610262,-0.02718122090170955,4,94.78309470457418,6.989788798433172,-8.846499249824781,7.874398237749347,62.613626984365695
1,0,2.863614856991441,59.296235274662344,0.12310755742430679,2.127400278558543,0,0,0,0.45279399491856825,1.3871415630524648,0.45107537032999245,1,29.810901562801995,3,1,1.8840959866485907,0.3345460481013745,0,49.953432327783965,0.5131017116786909,2,-2.062350025065735,-0.045578884030341965,4,99.17598546072112,12.989683718108228,-9.00065678630866,2.490797890184586,24.65486233887008
1,0,-1.0802705788288431,40.68481621673521,71.36477681217428,2.203139003810948,1,0,1,0.5155029765523678,-0.09492363902105609,0.6864356827109788,1,25.63659565857406,0,1,4.4516751999476725,4.280789429612531,1,52.09974057947128,2.8334328993861795,0,0.6936994038823047,0.8285120440745827,2,46.87857034229416,21.61677175092587,-2.8232463524507168,28.838672796226007,57.15213810351906
0,1,-0.9297877416414843,42.354329214488686,58.969219942280816,1.7658725375083828,1,0,1,0.5365595898994785,-0.4302870035411048,0.7620422715459675,1,24.732218401674643,0,0,3.5561194499070066,2.817728312035093,1,60.42917720727477,2.610274927325915,0,0.8061569125312351,-0.31953681886437335,0,51.997100160294885,11.163289855187957,2.254888006080968,6.822717726776391,60.07213502128741
1,1,-0.2905100847774169,46.39131232952917,36.069456898946804,1.6516427224535346,1,0,0,0.5277509081379153,1.4413614383871685,0.4025632663583041,1,21.734095366887153,4,1,8.867980056100478,6.791805469859468,1,66.80533193547288,1.921683913370481,0,-0.6021986257443732,-2.2796777507524184,3,67.01888892195487,9.02382900206833,-5.324491811920726,16.726141014288643,24.10469970272686
0,2,-1.9873838811213023,43.59721845025776,92.10890793850905,2.0296825298626624,1,1,2,0.5624355470248507,-0.9272673161466826,0.6173443515829539,0,62.680801456393766,0,0,9.163649345121929,13.488723195072726,1,2.040270993126785,4.719914271723201,0,1.871094102865138,0.46413365943336193,0,18.10896189628527,22.55332148151236,3.0666214747787706,27.644345254233276,46.00284107173033
1,0,0.49663066462547945,21.461370759989343,32.6768844650634,2.0025233643441807,0,0,1,0.08864465186611481,0.6916455143486823,0.2860591769486882,1,22.77557730022364,2,0,3.456775476763381,2.0381628865110093,1,0.11194265061697184,1.9377837378736849,0,-0.3228503217638012,0.351230710977929,2,74.30906029123715,11.52871955120261,-5.58826716303215,3.2961393648217863,39.85199321631025
0,2,-1.0040821727497875,53.689088211885164,85.68584292832102,1.7836277577959103,1,0,1,0.7281155783230374,0.7763363768248507,0.6914250321612893,1,54.51514043717151,1,0,9.319450512800973,8.09253621167221,1,29.591274533645983,3.3228744006085744,2,0.502838944666931,-0.7836685233161075,1,26.394288615942717,18.596163925784285,-1.4971132962504328,35.72477094608261,49.10111764980558
1,0,-0.6470964667017303,69.6074105002223,1.4606449096855656,2.069412922643341,1,0,0,0.9983223283171382,1.730744901887395,0.45196679884632307,1,33.76918411165862,4,0,7.41531922350034,1.1309185506886712,0,40.065960798148225,0.8114550509294856,0,0.30337892384528997,-1.3292383745843515,4,95.39925650493028,13.094741511989326,-8.037313383318212,23.09467320131699,69.88389968464153
0,0,-0.019516497756140914,23.97153806652915,71.65094960605846,2.3253333602290938,0,0,2,0.11077314918019071,-1.203195218457481,0.3509574083865415,1,22.9400363580873,0,0,9.000486338474165,2.925389741610031,1,19.440549288759282,2.689562648727582,0,-0.6553173574180328,0.2499484346818806,0,55.15241643758295,16.20288038015454,-2.602196957591776,17.44223337727557,36.545622300649455
0,0,0.5222551289303394,25.67342833215749,81.99346789206923,7.581564583539914,0,0,2,0.24926880367679638,-0.23069743454509786,0.8440902575576639,1,31.377156916254144,3,1,9.617063560301784,1.7972645056284922,1,62.86688953613405,2.620229257446733,0,-0.4159560113186449,1.999898924227131,1,42.833774079901424,35.13743660124515,-2.055891458982991,20.29225455990016,55.518540899074466
0,2,-0.7261872733242885,43.405033137315755,92.4564462349903,4.870926568461078,1,1,1,0.43824717680204645,2.049600043205748,0.9225745314707838,0,56.68842986376315,1,1,1.891650673239356,5.74776542107187,1,28.38821551923934,5.516799697495152,0,1.2504857879680382,0.3580723757785507,2,18.80663886232572,32.52206156260851,0.6189976380594508,37.38473205609036,30.53748828097681
0,2,2.1413889261334647,42.47699217618781,85.7311033102171,2.6457978631382892,0,1,1,0.2140516732053504,0.6417835719758768,0.5223635178045766,0,67.56494732380071,0,0,5.025670817006704,5.758598841542915,0,6.584545756621094,6.247117776067087,0,-1.4211203257492764,0.3571437164766146,0,12.910398811841656,9.249029379055461,7.999159993696921,36.70428651999252,37.32465742818687
0,0,-0.13841227027046252,23.034623482644882,56.048937070174865,6.560905733476729,1,0,2,0.21020285047580395,-2.0253424597427854,0.230690283886951,1,22.584767262784258,3,0,6.658554438068833,1.2224006082943843,1,76.16972075020767,2.209111079840236,1,0.733170141404586,1.3842200507172129,0,60.7171542104743,32.51512550103952,-3.0020188155260543,10.075643183677677,29.075360429395104
1,2,0.8068617076765474,60.619910612884446,44.89290376447042,2.4261758761786276,1,0,0,0.6902003013447724,-0.25567139787252313,0.5567695821778106,1,21.0553429171092,0,0,8.287421212189415,5.104354634605962,0,48.90156160804024,1.9578744920917441,2,-0.6245519476078593,0.7935062936697447,1,65.31103243877159,11.882771188560826,-5.456478661080792,25.703460310131085,34.12311478580703
1,0,0.04314209976580433,33.70356468998558,30.583177246668047,1.2737008324135852,0,1,0,0.281086233087369,0.5076045207977513,0.7016784789416334,0,21.361928212088035,0,1,-0.35972859165696924,0.7956910107826437,0,35.98251285870817,2.052750035818152,1,-0.8007754589457982,1.721186976461592,2,67.04731519400862,7.177873125065249,-3.409292739471736,7.967086051154135,33.05055444952064
0,1,1.159091995177266,43.71203302708622,56.40745015582262,1.6590135479611359,0,0,1,0.3301688976217708,0.05215094663784542,0.5361638135033524,0,36.97205734257287,0,1,-2.102142145301623,3.1888263437722686,0,24.91613486635937,2.2063564266702067,1,-0.33568208750529666,-0.29882193101887056,0,53.87902785777354,15.056625092935132,-0.2496561163443083,6.260764845758667,26.772719487978367
1,0,0.2617774332661262,56.219033172579195,20.59300579596296,1.6174917948572527,1,1,0,0.7621726136988232,0.5297174842184055,0.9357680167711394,0,17.877685746700685,1,1,-8.224785729463228,1.32978123580008,0,45.48221603303219,1.7212525655280617,1,-0.6041289344250456,-0.19207284669356509,3,76.15211469647774,10.747887966953744,-2.7477930321954522,3.227953338118601,64.01531876436331
0,2,0.3928216881678311,38.48792044977972,62.43396324542061,1.8578820704574976,0,0,1,0.2878832906595934,-1.2763830692975793,0.4117065610783487,1,26.713517388327766,0,1,6.255360394078359,5.340850829101534,1,43.20480924986116,2.040163876642108,0,-0.6943306508350161,-0.36271642910808405,1,53.13270426547264,9.926728925324241,-2.1203543391621587,21.162677347961562,23.138951793341718
1,1,0.7923026373576598,65.58894981657886,43.51381510734218,1.754029767483504,1,0,0,0.8733882726763671,1.251756341548724,0.42335213032213354,0,20.871244542592606,1,0,-2.9805777159972546,5.8937100747422075,0,43.278752801631946,2.4207153598324505,1,-0.11920153881504321,0.600230507313129,2,60.59221647852482,11.705726488207674,-4.8454536358477736,33.81114390424653,55.77896372601327
1,2,-0.35060414598082296,22.513255036634128,93.02174276350364,4.904901663939124,0,1,2,0.2027087086761341,0.48209615333950107,0.5512655516709496,0,54.765539683509104,0,1,1.9979941717202045,9.132293998680153,1,0.14225450742873402,5.399241965963837,1,0.24877241128101676,-0.20085247006938164,2,22.465654018416824,32.539394789676365,-3.495009321458909,35.206143116994035,25.303754024879957
0,0,0.6817852829345409,25.222485970904245,94.4164434747355,1.9662845265973046,0,1,2,0.18828967359353116,0.22730858635705647,0.771649333720295,0,76.06070648960494,0,1,-3.0741407946095523,1.2116926983393073,1,10.697070894383822,9.95428290620084,0,-0.6574490616223994,-0.024965064411611983,0,4.213284292628816,16.477444526601776,8.59518881068896,26.07565488576283,67.10952129492244
0,2,0.20565981562153265,54.91621152784848,98.00314116839668,5.0330094485914705,1,1,1,0.6065112808212598,-0.44649034248373376,0.7202290145473543,0,72.45856448454768,3,0,7.811421927998083,14.811020097648193,0,20.086228303417446,7.337655716276234,0,0.3883578750878852,0.38007284861265883,0,8.627904663505365,29.062961757382748,1.6083901948052919,39.92844458374692,49.34846941353176
1,0,-0.6726937843999329,33.7596929830359,37.05997741986739,1.7025849036930791,0,0,0,0.13881672559446595,-0.8632216615134356,0.279126620564349,1,24.934424551799665,0,1,-9.066271467237092,2.6729447924114846,0,53.62432861389468,1.9310277844824126,1,-0.15407083096953214,2.4300088454447417,1,72.81607473108804,13.02654649104025,-4.127697142051961,14.412627733926875,23.773619980958323
0,0,0.5546177252978973,18.206115396711297,98.17546775844919,29.78376207701428,0,1,2,0.05306887650385822,-0.37453095302791917,0.8725804118763837,0,79.9869994237583,0,1,-6.282112682572477,1.440867437230645,0,0.1571072539070517,26.52000533568461,1,1.2845831095498799,0.5720198566911586,0,0.28379429288135083,39.97669155061849,9.951633881126657,28.072016606140025,29.01837718680598
1,0,-0.03576392293571119,30.325610216858955,41.0795243979791,2.495264957457174,0,0,1,0.16933311119431205,-1.6414801769788288,0.7895482245991226,1,18.931541631285803,1,0,6.420347050320498,1.1356978698838145,1,45.784824554111665,2.1566878052688825,1,-1.0853999897960915,-0.014167516030078368,2,67.86289531640666,21.45086031504606,-5.64619683948292,8.309880093762041,30.099060274391977
1,1,1.4345883934094004,69.3417646268735,8.292400915049875,4.926140990034159,1,0,0,0.9896513246974314,-0.4990064271651098,0.4641530903397933,1,26.949946353864263,0,0,9.394930167898238,2.3091326658478653,0,60.858279241754936,0.8112295659221955,2,0.056146631162652165,2.25235525721269,2,97.9394261742311,23.459535417750324,-7.63239419263266,19.33238261411627,58.783703153092866
1,1,-3.0722035952936193,62.86285581939963,11.712948207121594,1.874581740318544,1,0,0,0.9655506325441516,3.149104878699663,0.601575614837641,1,24.043900894159307,4,1,-6.176104098713289,3.6324362942771304,1,44.50173005407195,1.1665457413187779,2,1.7043534307008803,-0.25837308075234783,4,87.31077143125903,32.151845615638564,-7.900927678804529,19.82735392335855,59.01522724178407
1,0,-1.2051454354697817,34.7931411552354,17.517531310170657,1.723427332774659,0,0,0,0.3019090465671003,0.5877024833818605,0.1412817134613527,1,20.11755022480368,4,0,6.462567556622837,3.109648883439109,1,65.29519783928447,1.3922704352608153,2,0.47333039580398134,-1.2750440288269087,3,83.45410821733455,14.964735298101974,-6.009546233587011,16.762877113894746,36.342360895051456
1,2,0.4725362380299196,61.489780744210485,33.14392653393753,1.9352125988825724,1,1,0,0.7213989305417657,0.34475370938636796,0.4619346794608797,1,21.513943654866175,1,1,-0.5713133627345499,5.559567484989472,1,68.6219095069157,2.177943716658208,1,-0.7289572849977958,-0.8043919423028048,1,68.9408334722702,10.294025023586922,-2.31808241699071,20.964114966978592,59.46369165106222
0,0,-0.9480827113735231,25.402264623234686,84.95600650175668,5.200873393595566,0,1,2,0.1559909073638021,-0.8926320311239415,0.7160960657544458,0,75.45028426097102,0,0,-3.043223415173287,1.0295173734981902,1,49.21374559413071,8.22340621338583,1,0.8559866081771699,0.8716242156290845,0,8.545514288719513,35.66900478448349,7.7464986356043575,22.50174604739769,45.71398867720852
1,0,-0.9993003943142964,62.41217662247944,10.414442283360327,2.891532410825169,1,0,0,0.9257770693045625,-0.14414756696208797,0.28330624566250184,1,23.015280887581547,2,0,6.662726657468369,2.346603440279204,1,21.090691666094123,1.2734968925161918,0,0.764881630131026,-0.3215261546141745,3,87.97246855096938,12.417116509062463,-6.007885492430004,25.749381619048304,69.3824031684982
1,1,1.079781584087407,43.14425201555811,64.3676287278566,4.274359746053935,0,1,1,0.2479086320467911,-0.525135010844031,0.6242588546375141,0,25.006498035907406,0,1,-8.816895849328933,4.2672989996648,1,37.44897079557035,2.759169852450141,0,-0.49127222896946265,-0.6688542004284126,1,43.0181024571509,21.788877363195628,-1.3524269775024802,24.90452793580434,34.846087558148746
0,0,-1.9142428810951306,40.16224975707665,60.76250154160097,0.8698047518980803,1,0,1,0.610438484708411,-0.6291204354455576,0.6043642999362613,1,21.085733726516676,2,1,-2.9211559813757155,1.805360899974025,1,43.620076713004856,2.5477290552572116,0,0.46546645097536626,1.1510762059115454,1,52.613477822334374,12.55492595562314,-1.0819161711226108,28.43833011535598,65.37252490984818
0,1,0.07371912467009537,29.606957883956664,59.808232420458715,2.0480461176820453,0,0,1,0.17649563132765117,0.17174082674305857,0.41109809396863695,1,19.93735249959719,1,1,5.99505228219688,4.79033085918273,1,53.91153641354102,2.248877196033463,0,-0.3137977054629643,0.3613641193503856,0,48.812008322848946,11.966041581935368,-1.7704148527802417,3.8327545997155155,31.65197924890371
0,1,0.5827819421426056,40.547850750363466,80.03592816344181,5.859912814914829,0,1,1,0.26104365004430113,0.49291850936226356,0.7122581290185716,0,52.00618845521759,1,0,5.712171561657591,8.373737242418816,0,75.50021556090795,4.8205505281806795,0,-0.08756303276464235,-0.19835563979976265,0,21.896360406579525,24.590503989258753,3.98094447616902,13.295635246515666,27.192466908544667
1,0,-0.35619927359006137,53.440545884832304,18.334437215196864,1.8863709295877626,1,0,0,0.5855757276804682,-0.6653433757287569,0.7181711383108647,1,21.0824937002787,1,0,-3.7776073031434105,0.5228088827062148,0,36.40084999248541,1.5675328300252487,2,0.198955905774062,-0.6367973181166918,3,77.63455174234603,15.471992110441644,-4.396012101730092,13.511864878106682,69.51484707946446
0,0,0.4855948525739526,41.109023098965224,28.537947237462685,2.2820191189712373,0,0,0,0.33070975659064583,-1.1438856028274655,0.12020313248388642,1,32.3576573801561,3,0,7.165615720200929,2.564678206048238,1,32.80341679164249,1.6213005617690726,0,-0.8143530720962523,0.5316040704328489,0,75.57906623823769,13.123112837710323,-3.9668133029004418,8.491313148581188,61.92479679966158
0,2,0.6057843215066123,44.30911897322193,97.59225320373513,23.100459842526757,0,1,2,0.3628267512570118,-1.3877082912802203,0.4970975310500042,0,79.99761128596052,0,0,-4.2190317996917965,6.73945865451445,0,69.03053997024521,31.034658135216592,1,0.6627275564047171,-0.9604169012699194,0,0.13168179046464945,39.8118649375461,9.987796643621103,38.17663844321881,29.10224127508055
0,0,0.5999217562634257,44.56272535197829,88.02607206330305,7.520862734776379,0,1,1,0.3378976908509354,-0.053001228257612595,0.849150824644296,0,71.48541822905928,0,0,2.538019131626239,4.306436030719061,0,62.68148833119659,6.238442949901126,0,0.7710290411397679,-0.15822948118819435,1,11.432423946437503,36.156573672507726,5.130188793368145,10.772542803725315,22.82177146601547
0,0,0.2215192544186258,26.002627933171212,20.05527004351787,2.831559321891087,0,0,0,0.14263998009489104,0.023973768248250323,0.18007935616804094,0,25.76712611695775,2,0,-1.0283797927178142,1.0206077523137853,1,51.66769385623664,1.5896126168696083,0,0.31907004415534174,-0.5570560234377729,0,77.21483866507815,31.057652220291565,-2.852257579250235,1.0702370895928404,29.500048846668363
0,0,-0.17400904226327712,19.213801362339183,74.9954563755032,12.754507999938708,0,1,2,0.10667780422747525,-0.211777042405065,0.7886269230163285,0,72.00453616071441,0,0,1.5416761133619978,1.5479148488438625,1,56.66818436168465,7.282118894833641,0,1.4485867367009875,-0.1556511809607382,0,10.29846186657079,39.45812428751094,9.135233009406242,3.0865434589181784,30.605718158263464
0,0,-0.9839972332823378,32.530261827293344,64.12162932241154,3.1193380539751336,0,0,1,0.18806378758848846,-0.44878146311240935,0.7491616753345756,0,30.281136737399944,1,0,-2.392857880072982,1.7438704420337123,1,64.10620466927458,2.6667651046463456,0,0.9032905534743612,-2.6124767787543206,0,49.073023508202155,28.4022887212209,0.5383632997779699,5.759771605738912,37.39334608332785
0,2,-0.3264138642772566,61.16367732322999,67.26055341457219,1.6656822306761185,1,0,0,0.8476904029121477,0.49686227227341156,0.7018056097778151,1,17.767125415730526,2,0,9.816953646113845,5.789058594382856,0,55.10118692138609,2.2186322949568766,0,0.2732044361315428,0.5767307155915307,0,53.97983720539779,4.374451362016942,-2.747096878863477,30.056711640781295,44.960583830247145
0,0,0.9848523843533874,25.42261284359523,63.24916585527014,3.6153370446937636,0,0,1,0.11777065910379486,-2.1024534763665383,0.6747667508065682,1,22.12950126007552,0,1,7.419734522717221,1.760941464232898,0,10.543992310593788,1.9295351964485252,0,-0.16732608380418196,0.8192025358271854,1,53.90066399112584,25.93814336795941,-3.364539994742417,6.4608939271215675,25.922765293472615
0,0,-0.1377352018526578,20.467070376846817,88.89457184160877,6.545447625930909,0,1,2,0.09414064691378676,0.35820333584267683,0.5251231561678937,0,69.63638124772716,1,0,-3.0545616581500665,6.398670151618644,1,1.9566600692859115,6.142780020986136,1,0.6473769391411068,-0.05880635526015998,0,11.21301711548659,33.677364030570075,4.4165705921725795,18.235738670881737,47.498880557013244
0,0,0.12140962401728392,20.707681522879668,86.1017388050773,23.000172431830975,0,1,2,0.12152664051214918,-0.7429498453040722,0.8213879462700637,0,71.65494370572664,0,0,7.798705394457784,3.754796683392477,0,70.4767445785074,7.319301013703313,0,1.8219997547523092,-0.4183589699650063,1,13.045405065461784,39.93474423907755,5.6802177288514795,6.861080544576625,21.450464418799456
1,2,-0.14921326642497024,65.33575397344235,36.19073949209699,1.1772482568282991,1,0,0,0.9308948242550656,-0.40012695135880166,0.17581289458030863,1,23.74311990368455,2,1,7.859144867909752,4.138932528189744,0,76.98569865224673,1.9939468494561765,2,-0.22494615205857876,0.47758817390207403,2,72.0320239714236,8.353146006874766,-6.158249287333489,37.41947988050952,29.36480906169659
1,1,-1.0286812994385286,44.1241659728393,42.80515937729666,1.9237476343495379,1,0,0,0.6811004733149033,0.36549779762846163,0.5803946856455682,0,22.26336545401721,2,0,6.7847992000017,4.348758262576245,1,3.973484016275357,2.1971178725497214,0,-0.32023695203235386,-0.6100741947007036,3,65.33605937999488,12.20069854528003,-5.348935543233657,12.265009120159917,63.743356376355514
0,0,0.0844695191645012,33.590252536774415,40.15265723278547,3.517116184091362,0,1,1,0.3261284531615347,0.4449305734018011,0.8385177468862963,0,27.85454537650611,0,0,-2.23295270408693,1.6758513123715586,0,55.786455782147506,2.668059564530425,0,0.5482713406764306,-0.8059030702806659,0,54.76152777003706,21.82199587889425,2.438995280145635,1.4346487691855825,21.9701383008627
1,0,-0.4653260636875229,50.01801682023859,42.92225029291507,3.3513308877404278,1,1,0,0.5602122884622284,0.23876414894803438,0.5753036951279659,0,25.79568209687039,0,0,1.9878981508837263,1.9743825017954941,0,21.650663946502817,2.3293927434804735,1,0.11059637167234447,-0.2640040244974615,1,61.161238244538296,26.977741032208176,-1.1810601233593498,20.269651763383667,65.25294923410999
0,0,1.3384798405201,49.519252082552704,27.478373780408056,1.3905835564443176,0,0,0,0.44681749805584936,0.260581429365884,0.6064599625546471,1,33.03139179409419,2,1,8.567112093708385,0.8308403003812709,0,55.2714505350972,1.4909474040425892,0,-1.418006744445747,0.7368589860741117,0,78.65676091542,10.938689756762994,-1.3900780684806406,3.8420124015701473,40.625481121351
0,0,0.565928188879929,47.739969044032634,61.10158807332942,3.5005352345577476,0,1,1,0.4031794380967583,0.41981865912145605,0.6714519825378287,0,39.75349987968561,1,1,3.944135989060859,3.529330103749904,0,54.42429034442313,3.6938921341398685,1,0.15227363335402266,-0.1545955840661272,0,40.68656446299045,15.901558753411058,4.485244647767967,15.411329577343905,24.858474754282135
0,1,-0.10273292501147034,68.45723937905649,15.390520827427029,1.8589536180371977,1,0,0,0.9935330177247639,-1.2158187348630942,0.06791903305921926,0,28.849228151330486,3,0,-1.2238067668387327,7.788081840182073,0,74.11184710556877,1.532632220300861,0,-0.7126829638391912,-0.18733918257952736,0,80.4038305208019,9.605608493520544,2.9254201505526254,18.36926237230875,69.62541782015509
0,2,3.456990826747183,67.24835947124558,42.11666133892884,2.239258511756808,1,1,0,0.8264108854279084,2.0312434145755214,0.3516191742308774,0,20.351514050856252,2,1,-8.602686654829157,2.451014128912625,0,75.27683361046839,2.5447317801100398,0,-2.9057579305404846,-0.1157984678670185,1,54.90712036066927,8.790043316126521,0.40795512175088966,35.392534863222764,29.67542388953446
1,0,1.9644089388918315,57.29309243727189,41.548913800137846,1.7990467097546097,0,1,0,0.4405952121748301,-1.4814037384717165,0.9982129852019584,0,28.83485134719869,2,1,2.075642614876047,1.768474555953826,0,67.14464331409769,2.440460861276038,1,-1.0637204571912313,-2.8540879543834103,2,53.89315270997563,9.31993414401588,-2.3869331773075935,5.696608049003597,35.60157144187037
1,0,-0.09139891404012548,60.3472111359062,20.858892197763378,1.5368703269631174,1,0,0,0.8056956251511526,0.7605643623260747,0.7590619229121305,0,20.95823760063748,4,0,6.119700758768417,1.8830225861214922,0,74.18535966537377,1.8153067438196662,1,-0.7050306236173706,-0.5350163158770173,4,76.28930285044393,10.641235457893092,-5.456783690282473,23.680549716676886,31.397374740006242
0,2,1.3649296273440852,25.40141064927797,98.51127406157127,31.98175722775189,0,1,2,0.14101450417745476,-0.5746874453591261,0.9689113204835347,0,79.90752101629367,0,0,-7.161774275886942,4.746161918161845,0,2.7127766626450445,17.681828508197466,0,1.1438642859403507,0.11591025194626674,0,0.39038989859208617,39.86458309893462,9.908260644115096,21.268487258357727,22.48675548925491
1,1,-0.5722836043585261,24.097221645537296,76.16664862969219,2.5316989775626944,0,0,2,0.17701949117002996,1.2315627222318282,0.43434274492004243,1,25.985177917452347,3,0,7.822355423017019,7.233993108246787,1,3.462463143307666,3.0220129333852865,1,0.35908039419031895,-0.895018220464214,1,68.69983647780586,21.32993977824079,-3.245438059464048,14.983967904123869,27.588490529478328
0,0,0.8016437982160685,41.006727337195414,15.013704121406912,2.2609445139706565,0,1,0,0.27010283592044065,0.807117841162445,0.06741186108680142,0,23.534768316967227,0,0,-2.552461771923441,0.8261871923593856,0,58.17675078472155,1.8137557709866667,0,-0.12775926066048607,-1.6334648252562636,1,69.45367042004335,9.348691246349103,2.9846991725150396,9.055983912549157,25.84893028414509
0,2,1.657041464524437,64.30665772847571,61.63034562727792,1.9977581509855906,1,1,0,0.8492959655677658,-0.30308628862682,0.4478445211556971,0,30.23415357345723,0,1,-9.35313308735754,7.101625925867467,0,57.05215106640165,3.3752278103205877,0,-1.4125526107172306,-0.023250740014224686,0,38.897320038729895,8.069617312751191,3.242959748563239,24.31695574069635,55.05776218303719
0,2,-0.32421627097334704,26.470666661249695,92.13953312649326,6.658291600068079,0,1,2,0.15301375254254795,2.0635301754450404,0.3802087109679921,0,79.53692835002796,0,1,-8.22342658971775,4.760538781553641,0,7.817110813240253,13.049629149404458,0,0.7626380900791971,-0.8989109513438723,0,2.830108894008071,33.26697459626755,9.56985344199935,32.707919706067834,45.348190931211256
1,0,-0.7509525833805007,49.63888531742404,4.132670244646208,1.7038348023652266,1,0,0,0.6423430409080618,2.5878190948762865,0.44933798206645054,1,17.41632483938008,4,1,-7.387807935471427,1.031989562760688,1,22.929474539938557,1.0942632551171918,1,-0.6537783273042285,-0.5622825080057385,3,90.93884783115665,11.885514341216263,-6.535559343543465,4.542820367886076,38.6920988824681
0,1,1.1044505551480943,28.948455320746234,96.63053641668066,37.95495035867106,0,1,2,0.1917215529329961,0.44639519098508257,0.8928665764010539,0,79.99957908973398,0,0,-4.655706815426743,5.686245069189087,0,67.2871202189958,41.17211135479691,0,0.8902948780744004,-0.1992919768703434,0,0.012474810151913429,39.99574531050734,9.999235424614529,21.598300639551013,26.090260433580664
0,0,0.48999080277276114,57.10802199101825,36.63289912581698,1.8838340703209646,1,0,0,0.7636931120593856,1.1215421005822823,0.7723059433363264,1,29.557670491512198,2,1,6.8883080700004875,1.149805187755729,0,72.07156346089916,1.8889936939611427,0,-0.4846126017647879,-0.1515322285612057,1,70.31546871885372,11.284273888113674,-2.194056078169778,10.622753033595252,52.22339168307412
1,0,-0.1071281587233445,60.260013530207424,7.966311180723807,1.6452717506957937,1,0,0,0.8429756838084579,1.4917820772292347,0.2181838811563761,1,24.7120451577078,4,1,1.7888267730032048,3.4551661152294884,0,48.0624822498794,1.082446792827002,1,-0.7775778506432656,0.30348198556692546,3,89.29441167955595,12.072557662021461,-8.184570065510671,8.519080087154286,35.33095086420688
0,1,0.018579135873400866,36.671434153524174,72.08716760190566,2.0660661840378776,0,0,1,0.16326133669030735,-0.16322907535489728,0.6801759630789059,0,32.226229712230975,1,0,4.835430465718691,3.1341693192400673,0,4.380698420221556,2.9913530423964874,1,-0.14580228740217968,1.069143270535552,1,45.391325313605805,12.31265864427424,-1.4224973000263912,22.292192202640955,30.23270510317991
0,0,1.752509578931488,49.8188190628602,36.03546198978588,1.8297106197195556,1,0,0,0.4606213277379444,0.4040365853566776,0.7776934000828897,1,24.038864093607202,2,1,5.856672257956529,3.6651167408387075,0,57.998929531837135,1.829707804322676,1,-0.9589119709689174,1.8300204960643418,0,72.48870423225287,10.903122042899724,-3.8928948238267207,1.2407055927183852,38.40995645369142
0,0,0.37791035290898056,22.984748266316366,73.48131312981045,16.626694959609274,0,1,1,0.14377182670167088,0.7406187042902267,0.6180218907795365,0,61.746359724508,2,0,6.410745758019832,2.535756976378895,1,65.38651604355246,5.372032910842178,0,2.545784576570813,0.7497350681495719,1,18.843867157331317,36.43000895956848,7.329494292455728,10.785597280505485,29.4556405697764
1,0,-1.2709658144685365,62.78364467756137,0.11083278460520263,1.8446195597222528,1,0,0,0.9605377746116651,3.1218711962502845,0.38306543000758064,1,21.840903300371313,4,0,2.8511513591592745,0.7774263858395035,1,52.045454972553074,0.5436147837372989,1,1.1526871112184067,1.3242054133191075,4,98.67154283057478,17.368817524531266,-9.178029061650372,10.20901561977897,47.27079339150582
1,0,-0.7866234003095105,56.98370812960828,10.152080781409673,2.303375458955662,1,0,0,0.7633651137506796,-0.10748293884853523,0.5413878087568094,1,28.805630707995853,3,0,-1.0842719083309955,1.8754387721984036,1,60.16887178950764,1.06484742404191,2,0.07872800703277688,0.13560880578306747,3,87.98943107462304,21.417107293693856,-6.764966137299526,5.839571433605708,58.89013397902227
1,2,-1.0657968336734827,42.17012449890543,56.22147487859684,1.0843256663787022,1,0,0,0.40043656339291245,-0.23385624254987572,0.7444645236618976,1,23.47291009382735,2,1,8.275243206103546,7.410484730617967,1,7.227938276816062,2.259933850811517,1,0.15460987545888663,-0.28252705416321106,3,59.06102497541357,8.507442693649406,-1.1785653480274156,11.525579059850767,50.58842764484528
0,2,0.7405303256136203,43.0355080226136,79.50054294539164,1.4149422522544428,0,0,1,0.39442343289291915,-2.504856413616203,0.5839412307645454,1,35.919142427398455,3,1,-5.375295459763057,9.659521727691414,0,6.43411467873241,3.543336114876486,2,-1.1956510938699934,-0.5058622372982687,1,38.00437945857325,10.855582445383853,0.28262375449580723,29.298877837951835,30.454860433861082
0,2,1.5527615749760633,63.90507767505629,50.996779865353425,6.282635635987646,1,1,0,0.7703452326457748,-0.44508951389871454,0.6107184173383461,0,23.57215939585246,1,0,-0.4426701727347808,5.8140966592292305,0,48.24613440500319,2.268809326855105,0,0.31261210633191955,-1.7197690083730646,0,51.972867778707354,22.513497343944316,0.9614134273958559,18.590510432604535,52.008552639413274
1,2,-2.3109584748653518,68.96918278786154,7.335876057305979,1.5175470551478931,1,0,0,0.9986249434730253,-0.025057080536445186,0.639078020437623,1,21.50074247632549,4,0,-1.22894037259681,1.6319739782954266,1,30.587087690233293,1.0674076127974155,2,1.3574796788061143,-2.7188725330071946,3,88.17628930142676,18.983153804134616,-6.185009167818377,22.30604482459198,69.87578324384711
0,0,-0.9425238645145757,20.967128770447783,99.78458541744446,54.598150033144236,0,1,2,0.1072757922666302,-0.6721361257057726,0.9999999998073488,0,79.91768195694071,0,0,-3.3849583227469884,2.0675694305681445,1,33.06286948645742,19.92891892476561,0,3.3071454418517727,-2.749347011334384,0,0.4945995561723926,39.999988269672336,8.197337879355612,6.157666475544341,32.697133281549924
1,0,1.0341167855945432,52.18260671558273,30.08830621237285,1.5944082742146752,1,0,0,0.45517867310338583,-0.12172540085501415,0.5765289166845787,1,39.770109796631324,3,1,5.594723403820012,2.3885934163524962,0,59.33423543362524,1.6485810161110481,0,-0.6559959012683095,-0.5062735626070093,2,78.00121814587379,11.510420135326413,-6.066468176980914,13.091119990479676,23.915069630586302
0,0,-1.3662358994198351,24.313233911308846,83.63599161745343,5.2134815103792365,0,1,2,0.1738806153062471,-0.22344109178159216,0.6211959707282799,0,65.6038056121898,1,1,1.6776795286519874,1.1721704355928235,1,35.75516101535808,5.658490302023872,1,1.0205487250737717,-0.8264173614039239,0,13.185618641168567,35.96756733580484,6.540110553436161,21.925097253770286,54.71498660904797
0,1,-0.2681188381137642,49.95536354126503,77.89092559144297,3.7674310535418907,1,0,1,0.5526791416640443,-0.5514917042600862,0.9611374115551052,1,30.493562921399363,1,0,8.23488452919074,3.0246397125420184,0,39.07513749516732,2.63512662191611,2,0.3098994615293963,0.3085635971161864,1,23.33244343911925,21.657120940458046,-4.369699382893899,25.503728036618362,24.669594850115967
0,1,-1.7119814560967992,21.797218586972424,98.89291266408303,24.57178643280744,0,1,2,0.13289231842389432,0.811815181721278,0.40662416530122136,0,79.9998378116444,0,1,4.206000189605611,4.258026944737821,0,11.333932915710792,41.90952295469903,1,2.59381581797998,0.11939540471407642,0,0.029359609208257087,39.99646226837302,9.998872409013998,34.93800254825484,42.19973208270402
0,0,-0.00825809340150878,19.42819461915567,43.95061470482823,4.822157302350673,0,1,2,0.16157368512834286,-1.9834915026194795,0.3818111994970188,0,22.094783544866715,0,1,-8.188550506747564,0.5804998393705084,0,0.3454302204711279,2.228251967336208,1,0.6610656679320173,0.49756968566324655,0,73.88039818542231,28.839147796615094,1.3511948368322138,2.857125019735387,24.271595546786642
1,0,-0.046829878561013366,34.69202437806527,28.49725853530177,1.5865823934710395,0,0,0,0.2555710541175116,0.7879015326453822,0.630645188611465,1,28.570490491731068,3,1,1.0125357734028881,0.8497661802714775,1,56.10970593178729,1.5855356175394428,2,-0.03281711414687547,1.83053635355395,3,73.07357741665746,8.542258904808897,-5.1833105267962996,1.469749372129845,24.645123312357644
0,1,0.40401860808911416,33.265849529928246,72.3899703412467,3.895635818069343,0,1,1,0.2824796249991109,0.5354959073701476,0.3944545285504095,0,33.30372650508837,1,1,-1.978796615200352,3.115947629204762,0,6.551320548731496,2.7272015845908864,0,-0.6316075466143284,-1.9409008428204173,0,41.634587643934154,25.216592070905165,-0.45653861417344643,26.73456277094236,23.4479041409974
1,1,0.5049556292971548,67.34692524563492,15.510465514841021,1.9018352632235245,1,0,0,0.9452549688972767,3.0483461981459534,0.9964002870407771,1,21.82579767629175,3,1,-7.961112422319285,2.842469223389689,1,41.88404330015376,1.2029604994685474,1,-0.8815452540923364,1.1485537802951544,4,85.57317994467124,10.049658945659452,-8.909203830339651,33.84155022450004,37.171083330764006
1,0,0.8638928630342083,64.5806154435393,6.337746522795346,2.360185396029564,1,0,0,0.8373482107395647,-0.06035009237779874,0.44610041459035615,1,22.9722232618494,2,1,-8.273649724215076,4.372148855098844,0,12.565187396641457,1.2312116678597174,1,-0.7692881040799544,-1.0154706057229883,3,87.21350909055863,17.423293795530608,-5.727150193272718,4.199653598387174,46.87372664147765
0,0,-0.6251594382139887,19.50570417930599,93.7398434631174,43.38772489238501,0,1,2,0.1320575991498072,0.15072082756118896,0.41642504926957313,0,79.99206853261528,0,1,2.480577658834582,1.6709359039797114,1,50.7731187685707,28.966596860046874,0,2.4690455456288714,-0.37804175834262443,0,0.21866272750097338,39.998838778680565,9.994790137021205,15.914812286416595,26.548584623064713
1,1,0.36209495114643137,69.12419459433531,43.1646033041408,1.9817453569755454,1,0,0,0.9952023815676719,0.7796254884907569,0.43042949586666346,1,22.511979920038097,2,0,-8.439982344061224,7.209472785727637,1,51.799380395619565,1.7511918022611674,1,-0.33961349377308675,-0.8649562294685698,2,63.17239838073069,10.176765506800152,-3.4827606382489513,38.82339665462798,56.57063859810286
0,1,0.6244116663666947,29.852347230340545,82.6448362985569,5.218577848847458,0,1,2,0.21463701347924324,0.16065198827149302,0.06657566659202602,0,68.57393214632958,2,1,4.844640593016971,7.278925246161256,1,59.432035638068264,6.936045252196409,0,-0.06897317748422553,-0.5857655029811589,0,17.076682441020168,21.86767772080931,7.109943663087304,27.49734304481357,32.903795740899376
0,1,-0.3623435070915824,26.76019740998401,91.6769182939285,12.326095289495445,0,1,2,0.23043827012073675,0.10971180599576004,0.6447136164439145,0,73.40392919033623,0,0,-0.5541016481053926,3.5631102005617086,1,18.749192558088037,7.242216201505865,0,0.6627183838126315,-1.1892362620742312,1,9.12883805654549,38.48057436315568,5.035223322737629,37.46603731865126,22.274437597220203
1,1,-0.5386600725871368,61.15055574786383,13.973517415974756,1.6982407674480156,1,0,0,0.8672718157129509,1.1183077927151992,0.5857343282062493,1,22.36045563134106,2,0,-3.112506013360111,2.858957764458471,0,6.241658996476893,1.5541173914671642,2,0.39409737212130536,0.392995990749901,1,79.0746332059245,10.227891381157516,-3.735999132147408,6.675019487522276,67.34005792619394
1,2,-0.851990952011,67.41009806187026,17.522794549478814,2.1755834418010878,1,1,0,0.9864746376640539,2.530114953857256,0.6411632922371417,1,21.36695366463881,4,1,3.3740672557144276,14.240910420856585,1,39.38620438816786,1.6243842940300013,0,0.8811528197231994,-0.33536560020777173,4,79.37226034179,13.76152439749626,-7.678921377614833,26.01795576648754,52.10653507697019
0,1,1.3444930282320489,38.099494605641965,45.94120999306559,7.265321777258608,0,1,1,0.15022469925972276,-1.018380213618113,0.13969485094887246,0,45.92175477460752,1,0,-7.651977555622517,4.990332350295836,0,58.27510168875766,3.945036291513124,0,-0.5478008107429703,-0.15985231838587965,0,34.29475819852081,30.89925569006395,4.906703985097341,10.755825174145151,20.391149356734726
1,1,-0.24794827986386353,40.14375891062626,60.45446895934106,1.8849916498203987,1,1,1,0.4161333142821325,-0.30576465589618673,0.3144341530666379,1,21.696182345654556,1,1,4.797112297307908,1.8560765743819176,1,7.157647830425247,2.5875922206369117,0,-1.6943688466050835,-0.404689201912472,3,49.93969666269513,12.897096942439376,-2.9050456604729877,37.78854233302396,50.04769787021065
0,0,0.6421463237115363,46.12537281279319,23.039796127117818,1.6840990487184255,0,1,0,0.3889561462853436,-0.8066437880322419,0.2503258899341655,0,25.207581995638147,0,1,0.1424564985987793,1.9200691353434522,1,54.535733458847275,1.800644252912286,0,-0.6398712635075294,-0.11295289177943643,0,70.01758507222287,15.63655494286432,0.16002085616650064,3.206291170486848,69.59047869639943
0,0,-0.040935931551856916,39.4370369096411,93.51053633642053,5.975197374066674,0,1,2,0.28143006370511925,2.098963971405471,0.30409387328674853,0,75.5371709347196,1,1,4.274008167559929,3.9072945878717977,0,36.37767377727758,7.920722527962355,0,0.1060810334731757,-2.1118187792695107,0,8.355692429570377,31.490534005732712,7.060939551924893,39.9084231354175,34.47899887729419
1,0,0.4309769399010867,48.79297113022806,7.473666486428882,1.6563452281104767,1,1,0,0.5068743176329953,1.1995682909097625,0.40480057551009696,1,22.06353273732269,3,1,-2.299251937262187,0.9758907054006535,0,23.51921254665878,1.2417915534181083,2,-1.411770352439521,0.2955751605251115,3,85.84408750956801,12.492045098212301,-6.980849492455908,4.098253465888904,37.03634974364718
0,1,0.8469268109347731,59.275619005880245,45.3050816861396,2.76517576005833,1,1,0,0.6056496901912239,-1.0971926111367942,0.6112662993487576,0,25.94700749565147,0,0,-4.317960794133451,3.396032572816456,0,74.66694485423952,2.5629329476710523,0,-0.8349679817599965,-0.7016237554424307,2,58.56632510743884,11.996916148395654,0.6292854519293183,15.705312848507479,54.29502518903567
0,0,0.8948813805746721,47.651897099833356,21.242085735884064,1.380316270448957,0,1,1,0.3827393503848502,1.7276450020450669,0.019939139468485634,0,39.527257374084705,0,1,-6.178835627430796,1.0686079853849315,0,12.140820830868243,2.878460352477387,0,-1.930465428765708,1.021703583119184,1,57.19563683820058,12.737309904944127,5.891597067488821,16.762503796419832,68.4105694671599
0,0,-0.29326451584584484,24.730031334763414,88.50673522236153,9.507527439655753,0,1,2,0.19736027216322766,1.3643721996726255,0.45134841075934806,0,77.86623624195371,0,1,0.1186423522195561,3.04639743184209,1,29.591080679038548,10.006984534688772,1,1.031387232025758,-0.2913823682405174,0,4.936321694563545,39.56346996902823,7.639634389708611,35.79794894143077,36.66933313601665
0,2,0.5847739174828421,48.27299791701163,99.61606431287437,25.561251446748035,0,1,2,0.3825377356233859,0.5686368206272188,0.9994314768577908,0,79.97273011729169,0,0,8.89735012375617,9.47900621088699,0,27.47122837209817,21.34881479837147,0,1.788856821368364,0.16809499480198314,0,0.2799125030983618,39.97091493884782,9.440880643437787,37.22872033241952,24.01143813094298
0,1,-0.009831903310817772,48.18829577245216,88.65424942113276,1.448246219358754,1,0,1,0.5306975778544355,0.2792239658064291,0.5140902354769318,1,52.32309474134691,1,0,9.198616525931627,17.28517974850451,0,10.371190079972958,3.2068024405697737,1,1.0162830060919228,1.106666631841669,0,32.99758872904185,11.861558303485689,-2.7477154399893555,31.87435624521484,61.02328297883228
0,1,0.465622757960633,21.36360290361838,89.25834855913605,8.130097658236258,0,1,2,0.16421044215989072,0.9572883116637556,0.548257097909487,0,79.12923512698927,1,1,-8.376954013002539,4.056911348160561,1,16.192015473324965,8.364790319498866,0,-0.3638086886313767,-0.200748338104034,0,4.097209881509639,29.782019071653508,8.5662236090119,16.510441756210987,37.00247999145804
1,0,0.4548481555821152,36.98823609520457,19.239999928026556,2.046305280591702,0,1,0,0.31346527934816937,-0.6850171146704891,0.13609267334117214,0,21.501946605481592,2,1,-3.8171389271420093,2.146308601501036,1,3.2827700570460783,1.7685157766373691,2,-0.5594469038310039,0.16075470345646178,2,75.88276056943073,7.038251636495671,-3.5215141846259046,10.459634596653316,57.32397890034948
0,0,-0.21212125673930468,24.582850877420313,86.06225704047232,11.863520763511877,0,1,2,0.1989549751898379,-0.7794014972202185,0.4255425255025262,0,75.43048830642286,0,0,-2.2054788889830075,1.4328343750801962,1,54.37701667955665,7.152094145749618,0,1.443087071541873,-0.03448987683733412,0,7.788696837120279,38.06517021794995,9.322008956331782,29.304807267761287,23.583167174724167
0,1,-0.250657987849678,51.610066855786435,73.2791314799964,2.234118902301518,1,1,1,0.6340001691601386,-0.7757499465624322,0.587070565702883,0,38.35347655747189,1,1,1.97211264423888,14.552797108872568,0,21.314601005105533,3.5894537693052984,1,-0.21275918739203303,1.5464432411161557,0,37.609961700826865,12.579078076699792,0.8168527789747859,19.72051650229443,50.41339982229871
1,2,0.3043405500472535,55.15021208764177,49.94472992236072,1.1907239053902332,1,0,1,0.6942653317173018,-1.453623035717283,0.42260931283886327,1,17.698192463194417,2,1,-8.29923451524602,4.538345677390901,0,42.80954508143425,2.1976782878862875,0,-1.3330810744589516,-0.4801999637628326,1,57.50414923970707,10.389490356319214,-3.0266771168253808,30.72970327042448,21.81973177271209
1,1,-1.7015795812741208,63.03292877008527,62.58275573458641,1.914388371170218,1,0,0,0.9245146074987642,1.311719864210431,0.7971374923030317,1,23.382038444104833,1,0,-8.59975731097357,2.6012952480866276,0,59.91385201480769,2.5550380717149688,0,0.745522241521678,1.436366856360508,1,56.34473263321155,15.711295989577348,-5.963982598326975,39.13354342162319,54.933112398159196
1,0,1.0519465593844548,52.527126216385525,55.33876045244328,1.9885274972747267,1,0,0,0.5856738010293875,0.03545310363272383,0.9996499130742966,1,25.15687117705116,2,0,-9.149532163594783,0.9788906153439912,0,35.96583304439344,1.8732633083329047,1,-1.0380625559886985,1.1676304560322233,3,64.72384904161073,9.206558124014268,-5.803623991354186,15.372422865367083,32.308873996145635
0,2,-0.8290339994483286,19.83027068607752,99.29318234141122,28.769329625853466,0,1,2,0.08853102440837729,-0.6444355886977848,0.4215277861017583,0,79.99771614769821,0,1,-6.893365447224574,13.294649364353967,1,12.803926803407215,31.195438713526933,1,2.3559913315580445,-0.13568557573749895,0,0.054367606866739804,39.98846885693551,9.943148496981511,33.143480136036,49.81093303811781
0,1,0.8698083888458915,56.352759692468595,35.64500400325187,3.117892756931727,1,1,0,0.6931561542222645,0.8166370235338578,0.6017442931386974,0,27.653954845070253,0,0,4.9665062049312745,2.868918445042401,0,75.49554213824499,3.198955266575407,1,-0.6657279834035266,-1.4296485597123612,2,47.96456219046175,16.932607565230587,5.842415602281035,6.527447673989872,33.16938013808853
0,1,0.7738240250780429,63.86553255658962,52.24976093340143,2.200625977510425,1,1,0,0.9385464287942742,-0.171789898008691,0.35966612178362045,0,56.56313066753971,0,0,4.844712692869933,5.029945145908755,0,65.28243386828589,4.150770380640193,2,-0.3885447358408719,0.057041832419989474,0,11.141006253063246,16.842282187118023,8.424919983265653,18.471406761697516,63.44247564024363
0,0,0.1882419684919788,19.330483006928603,31.567366931250053,3.8078840375347083,0,1,2,0.15892288426265755,0.6593983516101571,0.7203323103752206,0,23.570111167490964,2,0,-2.324512071796647,0.17158430911558953,1,31.360556453190913,2.2957762114792826,0,0.24479283499289034,-0.07564771522738133,0,64.66467688250901,24.369931328263213,2.5402925661082207,0.913914514440497,21.981638229033972
0,1,-1.1640635624317672,49.4236365080678,66.55378497690033,2.99717872596696,1,0,1,0.6266649065077614,0.6689533395400983,0.7183998904200419,0,33.77549978069707,0,1,-7.136456429444421,6.990783509004143,0,50.813470966237055,2.9702080804258104,0,1.509495036185611,-0.12408398853932671,0,44.8376256529047,25.361596276402963,0.555429659366574,11.661123523785282,43.48533200489791
0,1,-0.046939302669972226,32.74004761913646,58.622227361509225,1.8532582331569325,0,1,1,0.18694595679164244,-0.1517863423023906,0.26801560878669545,0,30.817078826099934,0,0,-2.036916720874186,3.130302140070297,1,36.123603039030016,2.7233630616583864,0,0.648969633830081,-0.3325350030651897,1,51.94913324727661,6.34254226075427,1.2479351124272675,17.394313640952767,40.43865474797596
1,2,1.61010983119446,69.93997759313709,0.3078414153037001,1.8806814605293676,1,1,0,0.9994107670431543,0.8800748452238907,0.030399104642763963,0,21.40666302200204,2,0,1.3353032918682715,2.887438369654064,0,67.09134689486123,0.9787421764637786,1,-1.6533469170172628,-0.642301262803933,3,96.16037867867684,10.774448124925907,-1.9966326239110543,18.549538714484108,65.47524312979894
1,0,0.07625789246221122,50.40180846030607,9.498315674986973,3.138829458359617,1,0,0,0.6115195973324155,2.4181783542741817,0.6761228811702464,1,27.150287089860882,3,0,-3.81862660392504,0.9431197163292957,0,61.93559737197553,1.3110899880898483,2,-0.10546654722400095,0.35762380378306063,4,86.2356993189302,19.0410527405718,-8.584086438916547,1.839918959045228,22.18215267297964
1,0,-0.062034998378677444,39.83020365876591,70.73060433871836,3.5111421280315427,0,0,1,0.2790662268570443,1.1472366709320263,0.29723334002657076,1,24.250311456920958,3,0,-9.133471715517596,3.9923493732502413,1,1.0765745865069354,2.6657331772010884,0,1.166933268003674,-0.23608207106411153,3,42.91599474706717,23.570517153942735,-6.693926256829652,39.55859729299736,57.49788845130379
0,0,2.9176829943132496,41.35482035038254,69.30091606927124,7.409568012996316,0,1,1,0.32642815920246504,-0.13430391867028607,0.9579533397263793,0,40.09997185529764,2,1,-8.427745516456273,1.6271867976790035,0,62.97285050933755,3.5181228846403982,0,-1.278863674701134,-1.1577156816479997,0,32.25052253157787,21.907124448803238,2.582322093730678,8.66628045750662,26.83624622469832
1,0,-0.46704727104052723,53.529346077507576,15.172339127147676,1.9722111642926583,1,1,0,0.7250883783139294,1.5052800651621001,0.3481184774089099,1,18.67791083476744,0,0,-3.1505180837100575,1.24531202823447,1,63.47175623733959,1.4474328977841255,0,0.014743029286814348,-2.622749968475694,3,80.81977977326642,12.777311600264765,-5.102208924360671,18.229900546755175,47.23443221629986
0,0,0.0926037773605013,44.861867407599014,93.34020352473222,10.607730721352883,0,1,2,0.4186351929069158,0.1170218093221126,0.44983119421952084,0,79.48012345059138,0,0,4.839464425537177,1.257203117182653,0,68.68358224171824,12.29684388041175,1,-0.04562816216134809,0.4156962137268367,0,1.9534278199556332,39.1537798742766,9.634409209193738,39.9968499500154,38.791525132988525
1,1,-2.0300094934223423,69.50256374467102,0.6172163504285233,1.9038863770250865,1,0,0,0.9994022265785296,1.1068265163396378,0.7743650620284138,1,22.10825063604341,3,0,8.081663796127195,3.4683443537307155,1,0.9043848033654855,0.7254570919973803,2,0.6027540328973439,-0.16119841613051178,4,97.29247554319156,24.41711420535677,-9.015297681448427,7.570213998203574,69.94975346576727
1,1,0.27486031861639043,69.75177903842109,39.977356145616525,1.973136451430122,1,0,0,0.9979156716878702,1.0388780949310161,0.464008319316034,1,17.370156361760962,4,0,-2.0904155519709366,2.9440956185857416,0,62.734516380250994,1.932083228509859,2,-2.0109803685842507,1.2676934126025796,4,68.4926147927968,10.10127753047388,-8.802274002800988,39.99996143128748,53.16373626681212
0,0,-0.2742258144872326,23.786139173482503,67.16533315774547,1.8400750080675294,0,0,1,0.16670422747484437,-1.443004059531543,0.3484456160244611,1,21.662389510726534,0,0,9.770334617513889,3.368030080629095,1,16.355630555806833,2.786800182698752,0,-0.05188946484417449,1.396753378237588,0,51.75008638280272,8.195314588789355,0.04082221900467076,4.712313624588596,33.1091776578307
1,2,-1.291978105278428,66.1971801961395,12.066180232455498,2.332750568119077,1,1,0,0.9826751558350799,1.765510952918341,0.04558096056094024,1,27.989204659625877,3,1,-5.728308583247976,17.803101579394323,1,29.89543241637226,1.386851926049195,2,0.9890111442839542,-0.17649117992106236,3,82.11793506905987,20.834835153239727,-7.297994069882914,29.972191151854595,60.119837077078046
0,2,1.3117700633889313,66.12718268723413,58.42917220953042,2.0633883654074583,1,0,0,0.8807420962474163,0.00959253922394181,0.7111646606862878,1,19.629521894977703,1,0,9.358409983166332,3.921060923163873,0,31.36294741621032,2.2533389047208563,1,-0.9253266272450764,0.24723790170431453,1,59.580038710662805,9.761895677716904,-2.6850427928181198,30.19791254570951,69.57559137622036
1,2,-0.8144943234247414,60.685079106822144,10.206261748447504,1.6603996314230782,1,1,0,0.931028469393405,0.5782166177519579,0.15151288701713933,0,19.487240364218962,3,0,-3.3314011756227355,4.306934654314279,1,4.387511906076922,1.548370529604134,2,0.656694060759368,0.05003962247690081,3,83.4903097809622,17.155628245730835,-4.826338160785983,15.527527106485051,54.76714368653141
1,1,-1.8630496818354707,51.19847866704256,13.064502261337058,1.5090937914466713,1,1,0,0.7257205814481877,1.689002563829498,0.5579953848365434,1,35.029239472655064,4,1,5.290124859770611,4.765426126255847,1,31.08495900717812,1.5674374290471236,1,0.9525465459709153,-0.43733844827146157,3,83.23592248468255,14.547579660595847,-7.687532250657844,35.81062078811431,55.755672466364
0,0,0.22046437143783268,34.75872138037009,72.63693995482657,1.934552536037722,0,0,1,0.24202994129898736,0.03002000809691266,0.3990094338096296,0,30.608747675101604,2,0,3.35207671737669,1.7955401855700546,0,32.97000043663221,3.0783122479416463,1,-0.5776529859574122,-0.12815687355886257,1,46.25347306343311,5.040441106223675,-0.24474636680746187,34.424348764959745,32.45245150317711
0,0,0.21093321943949828,69.20056770046509,59.55355596415895,3.4669456746268246,1,0,0,0.9913154896486411,-0.3742827438454895,0.9545164264736061,1,24.39477189329718,0,0,9.973239386111,1.8452147209165861,0,79.67132338204735,2.377482681988655,0,0.3324348286470293,2.321138102044087,0,58.33769516935462,26.42369713192773,-3.9907214719406037,21.225234781009675,64.513731226354
1,0,0.05657891355914359,43.541034734622116,11.848949871215025,3.534780646793376,0,1,0,0.33714071978036636,-0.2539032843871582,0.06509425391642215,0,23.621856210315926,0,0,-9.328040176001684,1.3168601657959973,1,1.7454248897500069,1.8773971766935724,1,0.4211808974956047,-0.31449857703909656,1,61.51477497992032,20.341445153672623,2.657035017080549,8.300094060994018,68.51491263743354
1,2,0.3754196843159482,68.45065441375269,20.858627234943338,1.7982864167318788,1,0,0,0.9839517348411653,-0.23563702566433656,0.41770294716922673,1,24.249460493103918,3,1,-1.7953020136238358,5.9355715509017335,0,63.511616042168555,1.470950023532284,2,-0.4302377807719492,-0.15474692488244596,4,80.85085761081807,5.141025726435881,-7.827923470629811,35.98055224550017,41.81035664717001
0,2,-1.4568373021785737,24.84788038890828,96.01232110452436,4.133252333173344,0,1,2,0.26864035864189284,-0.8086483441699803,0.6699868602996724,0,75.12664930825767,0,0,-2.3370019151659864,4.396562149570386,1,7.321832059451316,8.959560551472578,1,1.3577428862142153,-0.906530410773871,0,5.24052273406646,29.543827627075988,7.769208406991005,20.437121486459517,60.264616175929355
0,1,-0.44924975454790506,45.648154523405594,43.73410112387368,2.524562346131974,1,0,0,0.5047956764106193,0.14872122065148363,0.38272601551677177,1,17.531869012505176,1,1,-1.3849831578922291,3.2028592744714546,1,39.95376838648426,1.829655791978638,0,0.4823658354832249,0.17128994679099974,1,61.86454999407381,15.039755041288497,-1.8265537276970765,13.225410231875383,59.387803373003116
1,0,-0.40686292153660336,28.495474481838215,67.93262515854799,4.366028944167874,0,0,1,0.13235549407994096,-0.07903381280157973,0.7086260023782411,1,27.20642053251112,3,0,3.5783523067844687,1.9704859292310715,1,44.64213391684594,2.352161822601159,1,1.0327016971241896,2.722753231360589,3,50.60941008017892,28.29186104922142,-5.176187422748858,31.841832699371544,23.899848341604912
0,2,1.4907984751766066,59.08309811284181,32.868389729843294,2.6627038487352737,1,0,0,0.7283982525520795,-0.6420044273507836,0.2689463386344951,1,17.75042768701035,1,0,4.83210404056239,3.9759159970370863,0,63.77335326154469,1.7887455115465496,0,-1.2326723886198439,0.48949431101314633,1,72.91579370646681,11.355552743093327,-2.060718954655991,16.05655309292017,39.20490823216399
0,0,0.49601205647398267,25.682776273950143,74.24361823893182,6.021534199052425,0,1,2,0.1714547693123351,-0.2898979690305744,0.2986332173291373,0,73.79608314998384,0,0,-5.62238755628511,5.188091330679711,1,70.3326724929313,7.974097377684255,1,0.530489574488475,0.696233984804429,0,7.473239587524899,26.982894159314146,9.531734726755868,5.912906778691605,29.59286753353369
0,0,-1.2891368015720586,32.58770980371677,96.25010649781989,2.7080255224476777,1,1,2,0.33480457465564184,0.9567849955690736,0.5846777683539811,0,63.383631373779465,0,0,-9.661647483771166,1.7327278555863397,1,12.444048674330531,5.589345253269961,0,1.10477269253187,0.07590965425675658,0,12.726174569670057,24.687350036003025,2.9282825517417326,39.67681323385775,68.84923889507897
0,2,-0.659538691292589,31.48353514046118,89.53058044083078,5.462108174841241,0,1,2,0.25309186132414696,0.8869582364309685,0.7445417086152144,0,77.23361208447771,0,0,-5.657453111885711,7.481093267892377,1,56.275672635374065,8.878148467640893,0,0.976425773937906,-0.3459058805379648,0,5.685368829812132,33.38223052565852,8.97166621910733,11.065350412374457,32.42211837906777
1,0,0.5094028966862256,31.24175842856861,13.314321367416436,1.6163244365479503,0,0,0,0.2643668648056591,0.15092605347975466,0.6116652432038079,1,42.81885468206816,3,1,0.1528382680423963,0.8460190190581802,1,73.0863618926321,1.2898912175493114,1,-2.1320727020377266,1.0436930821319013,3,84.39109683406349,11.477084328911186,-7.54328102682857,32.97246888063335,20.121722369951396
1,0,-0.36501103047226174,47.832617918279595,43.427017003748105,3.08965566103218,1,1,0,0.5178893065852771,1.06245156638434,0.3645906739491734,1,20.49916090661979,2,1,2.50542038998719,3.8896942798582166,0,45.48400660235907,2.267271515524093,1,0.3927365823249095,-0.263720940082168,2,57.89200180405651,21.548559932221956,-1.6440679789379011,18.989224418496796,37.995899485789664
0,0,0.8932991077760783,34.68536586668978,76.74311396972516,9.437614188597514,0,1,1,0.18134782205805144,-0.26522425225452834,0.6699629383563395,0,76.22796777190584,0,0,-7.694367096420103,3.3322496288359322,0,69.95919841069052,8.719342100847863,0,-0.1605277949413921,0.1720015027176378,0,6.419168333075115,35.708045526071075,9.38231754482561,15.145095271960889,30.562778730963167
1,0,1.4218274358965273,35.82961288769157,38.50582657236498,1.0189852053362936,0,1,0,0.22052347058867622,1.3457003251709154,0.7189244874787513,0,21.359697291099216,3,1,-2.5923602078505548,1.8213869143370183,1,43.571245723346024,2.212193121608163,1,-1.858825610160533,0.5235169253148441,3,58.90042572188838,10.237818461530402,-0.9632766854281378,12.7670093850217,44.059635240489825
1,0,-0.34325382616366895,52.34522721418561,49.05184440469476,3.5608886764270076,1,0,0,0.7217830717757525,-0.554185282864897,0.9832304038403188,1,18.594301270381397,2,1,-0.007402998897102719,2.050143501751903,0,22.901844198331887,1.5390644717992228,2,1.16139566601604,0.6271899496664041,3,70.34295570447901,22.894738045621956,-3.9789032325932183,12.773611215303502,36.9508980473055
1,0,-1.0599562550461596,39.744024992050115,20.216370114767347,1.6358041064500612,1,0,0,0.4159082607563602,0.4771644517589049,0.08140469929508626,0,24.836527102802677,3,1,1.8729524040646783,2.664204026693629,0,21.006629123090732,1.5004519494443538,0,0.7669889418846244,1.6573754677178356,1,79.46586726074713,7.54445845455415,-4.291260907725338,4.838920535344098,44.11033741715027
1,0,-1.1415846309084123,30.16130817659362,50.68935157124444,0.9674159499565161,0,0,1,0.26511457453412896,0.5163900261792392,0.48982944560747177,1,22.213482475845055,1,1,-4.375895696323413,1.5436746136464399,1,57.78967413931164,2.3369041177009726,2,0.4103209441250247,-0.32039714763797283,3,59.037018310990305,10.790853888946842,-4.821673554098094,23.12262641626497,48.58471681592978
0,1,-0.4828084907744944,21.741819418894,80.68061163004026,3.36412252291974,0,1,2,0.19605930137975958,-0.9807989749024691,0.6419839237799614,0,40.24914960003451,1,0,-2.2174987868800464,2.215847411307957,1,43.14808215291243,4.0044064701933495,0,0.39631305366274616,0.545267181222489,0,32.869047874981206,19.13690796759681,-1.1197142052892683,20.052111910802562,25.819013084983062
0,2,-0.3266265212393235,63.904988311193996,63.24593752800156,1.645011608329525,1,0,0,0.9370510097918358,0.2569820648529837,0.715643742260782,1,20.296497363860084,3,1,-1.3847032168606948,4.647011464691521,1,74.05575305600603,2.3043010713401895,1,0.4502843037260754,0.11685733094810312,1,55.51237518569313,8.181334417173279,-3.58223330697834,32.73677292007089,60.3010326550172
1,0,0.4195454904079993,54.40432099230945,17.37367115640186,1.7784082181812402,1,1,0,0.5771238354729615,0.8332997177894107,0.40331128432015634,1,21.538411370884994,2,1,-4.465646488357763,4.046864655152869,0,24.805163890179664,1.5572339282394534,1,-0.4956468817339323,-0.5354303570167853,3,75.8131591614745,9.925676230726374,-5.762150336387996,12.014419841814126,51.62868676563696
1,0,0.9898270150419214,57.551050278085334,3.179849031093335,3.3505276611043957,1,1,0,0.6847431090220751,2.797023803578191,0.8180576163240896,1,19.674800617492952,4,1,-8.744875867802516,3.696981031379082,0,5.227865272242114,1.1089349538403286,0,-0.6023088475338643,-0.357276431680489,4,88.38466509596824,16.951692265437124,-8.267775089047461,4.305671418380639,21.20568349058977
0,0,-2.044622654807518,24.960059868598904,98.56348570190825,11.709105188808953,0,1,2,0.20804386667538444,-0.82432306290338,0.6811382410245141,0,78.7335058009584,1,1,-0.8751841791500361,1.8863495782817452,1,43.842170200965,13.09754097448695,0,2.25249944092526,-0.246384543618629,0,2.156321259863353,39.86299771118479,7.645258458547779,39.848922461210684,53.03770035347284
0,1,0.9556239185059828,61.47319020327356,59.309002022020486,2.1458536697564607,1,0,0,0.7472514001325383,0.019265530655802204,0.7844659195671166,0,25.397409928357536,2,0,6.049958103122577,3.8518942910777265,0,75.9752338832964,2.219705276293509,1,-0.7987025346085803,-0.055460647385793135,0,48.53793451208928,12.495600177355396,-0.17011634252689412,20.534086073100838,49.933356972738714
1,1,-0.07108834932176578,39.28869160570836,78.68721253662589,1.1110481255904758,0,0,1,0.22943841300895557,0.35348318498899656,0.8741560029744604,1,30.102345563382173,0,1,-2.990278598729703,4.116529887666815,1,59.92174607881361,3.1357103102873958,1,-1.0148722174834213,0.28413097074068333,2,35.01981334898306,10.881293681322168,-5.314199072027929,31.858758976196064,33.25610883378315
1,2,1.0934234770569502,63.880368476877635,31.99679256075758,1.710348105490263,1,0,0,0.8314067044988065,0.6776788067874656,0.3994439016213414,1,28.963647301992104,0,1,6.54785008238807,3.068186934768784,0,28.427264418751,1.7293576989264576,0,-0.7052185308710102,-0.46357177424961143,2,70.80542607983125,12.539350423260817,-5.3365824234693315,32.63388605775986,50.55974919097842
0,1,-1.1076734928021812,39.932171066609214,69.29427788802597,1.7533219611614264,1,0,1,0.43092620364544154,-1.291541200363366,0.5874246574328724,0,28.14175955338802,0,1,6.138321040651725,4.097640497667714,0,11.96236435929503,2.658418128612382,0,0.14847040377007314,0.9522567171260642,0,46.058958336754024,14.84056603005068,-0.31775173587622696,20.02006283654619,60.703469517528404
0,2,0.6516663050986371,42.94439051305396,68.51350474793247,1.0437768885443814,0,0,1,0.34302468692000765,-0.7000995643691065,0.7723480434014574,1,29.832636834605452,2,1,-1.6700334064584155,5.715384546515449,1,61.09479265823417,2.405210580005078,0,-1.6963696127215204,0.3292132666708676,0,48.42062336443107,10.119651795099687,-1.6215002023146248,8.709074602518017,29.934927876530157
0,1,0.5913926135364777,28.341542689442115,85.80210773019326,4.867650022341603,0,1,2,0.18485989252305057,1.0719071601648718,0.8034032710617517,0,72.45741190613634,1,1,0.026369231073656962,3.9501235806229493,0,45.2411999136023,6.2234191923697555,0,-0.7140566217411111,-0.3044476945787546,0,8.544674981738815,25.743081193344842,7.548090252509581,11.573373553811601,29.322813779213185
1,0,0.24061335047642216,23.313978471730604,28.991923730345793,2.289245710413849,0,0,1,0.14957957558501694,2.136411231391784,0.3075585797257564,0,24.410057051474737,1,0,-0.49382423879638004,1.7214819125661223,1,9.45415088583616,1.8809319425393212,2,-0.3221446985479167,-0.371933363077551,2,70.1917288890396,11.053830349497717,-4.6986071049734335,8.640418744589605,21.78362148026365
0,2,-0.6740936424300004,67.95476387584935,30.273629217326263,2.369121157867294,1,0,0,0.9872400783676535,-1.4359624909207729,0.5794659636431421,1,22.27520948760027,0,1,7.764259514362262,8.231255678700657,1,57.192230561793416,1.6654725672222954,1,0.1425314709496384,1.7469961813894799,1,68.98123775058902,19.22515273600794,-2.2725755756020067,11.627717576477156,40.750537114593804
0,2,0.3055067028513799,41.925338444340326,80.63564648809214,2.7277835609026138,0,1,2,0.34768468430072064,-0.3750133722745307,0.6215262773152853,0,40.66318916926868,1,0,-1.3649978385173647,7.166849841201637,0,29.028519310720043,3.943375621501826,0,-0.38618749311500344,-0.059722207074027235,0,33.055274571545766,13.541350561245974,2.5602876873117495,18.775263093629285,34.36451188726098
1,0,-0.02164706074371713,28.509518811340754,69.18898727767322,5.403258506660503,0,0,1,0.13653549773732698,1.005771073647907,0.8114829878141793,1,28.01369565373438,0,0,1.002843001812634,1.6626512381987997,1,59.39319058370087,2.6153171550627645,0,1.9429594275776652,-0.14321422121032473,1,46.409303387604304,25.345946213848336,-2.603505540063477,23.071291051513864,24.022957874685506
1,1,1.0496161905807184,54.46839318214579,17.08549005515443,2.2036641285753955,0,0,0,0.49332761477055254,-0.10205581923586295,0.6473388083550329,1,23.001917074293306,3,0,-3.476016762694818,6.796223242215614,1,44.50901940235273,1.278282069731769,2,-0.9806871557332331,0.3744119358879354,4,94.55500403467117,8.366372497634625,-8.215681333217507,15.720683928334235,29.838565101064578
0,2,0.488779491953315,19.475298619729376,95.31688560529918,12.644905227583005,0,1,2,0.1475952274257759,0.24850569803339578,0.6974553024677035,0,78.44442311513653,1,0,4.79491887771475,4.660307183912287,1,1.1277841557752,11.448625774816344,0,0.8479359531508189,-1.243715202129145,0,3.6029837627043095,38.43521274090958,8.134246728573128,22.689726998197102,20.623895603051864
1,0,-1.2427926270493062,53.57234541967671,11.551098452570812,1.7933908471632087,1,0,0,0.7273098796718804,-0.519649540820831,0.8163373016693871,1,19.303073437816938,2,1,-9.814358181760173,1.105246398670607,1,39.790244056245136,1.5309064419797995,1,0.2920251770704806,-0.9395970542785135,2,83.6473701480084,12.659627657778607,-2.868625492306995,1.8892068863153644,67.18039837747722
1,1,0.9708720636872407,60.17064003126201,39.78539098645317,1.386474724161225,1,0,0,0.8135153890411625,0.4389928735753737,0.855555570689924,1,20.222079933553275,3,1,-2.410457768807084,5.175560243411048,0,8.456175005812758,1.8764399107436998,2,-0.36227159518144914,-1.581640796188104,3,64.21375440992567,12.856206720588757,-7.548859501091076,31.52025526202069,24.477706926607453
0,1,-1.475213622411331,24.818742484916903,74.71732909451102,2.4602556911139586,0,1,2,0.15724996323805757,-0.06601346538208434,0.5004974602459864,0,37.583501798460105,2,0,-6.004022079581866,2.1499809767493576,1,2.5705651835313637,3.3757589865280275,0,0.9376291780271089,0.3967797620904641,0,42.7183139308578,22.50086144577707,-0.4877657391367354,19.2159848921104,59.6587633819504
1,2,-0.5933348983627472,33.402549815671904,70.90130890059618,4.38769486034821,0,0,1,0.22696364055191542,0.4893964115505329,0.7697736391875781,1,26.203939027023473,3,0,-0.5027053216598691,5.15886235212906,1,62.92298567003053,2.2210544484221417,1,0.5155146679590793,2.470312540437521,4,53.55766996374863,31.48474884956853,-7.684968181249019,32.42608011575466,31.356025238576102
1,1,-0.9368975472760444,69.93882789173934,0.8986515211121593,1.5285880666776526,1,0,0,0.999895162675229,2.190942510688429,0.5272781350038246,1,19.839351709402983,4,0,-6.222531586301234,3.3562543252465735,0,33.811487216627995,0.695808112686407,2,0.1693079572302774,0.3630229080546139,4,95.36989972431347,17.86540171092765,-9.529656488029598,36.70237404186138,64.81030872889274
0,2,-1.7744267359382995,33.79503773007137,85.94079630297978,2.7308969912558174,0,1,2,0.27732393656606735,-0.7300571760760308,0.19570066272560993,0,65.05238287241839,0,1,4.395012764285546,5.048542030799765,1,48.266763383709154,5.079462894648485,0,1.1150374267731873,-0.11500329803571094,0,14.844399738005054,27.848721717054346,7.98395976582626,23.33981022014552,60.098012817206296
1,2,0.26925641486276775,37.37876703170602,39.88655402316347,2.246427342574996,0,0,1,0.20565208426198645,1.1811364702341034,0.016728134063784428,1,23.431786529868084,2,0,9.081636438539814,3.4650524095949597,1,21.122470220163198,2.210135566672007,2,-0.4894352363233458,-0.20927721735704413,2,64.61045214794623,7.6512344963425205,-3.9166316429038917,35.19929304978782,20.158762373387624
0,0,1.9987042999344093,31.920212554245914,78.7636906363399,8.00323559581764,0,1,1,0.27822735657246944,0.490527102567111,0.42356703974464666,0,68.20930792846056,0,1,-4.22902621146619,3.3232046897141054,0,40.24916543731018,7.823844462070476,0,-0.8542630028986771,1.2348768755384614,0,11.378340492917838,30.85627685300235,8.325937091776453,20.026651088589475,30.433503639315184
1,1,0.33270315895450225,50.59186302469001,40.51037866181691,1.6167644077948455,1,0,0,0.6878313622895253,0.9761949645420799,0.5120856861235114,1,20.81919789390758,1,1,-8.825522618183804,5.794788417207487,1,35.34499545540489,2.07235002873999,2,-0.5467107909759529,-0.12321028995320886,3,62.64975884046946,10.219458129091855,-2.6887558162080953,14.801814506449704,45.422794428534296
0,0,-0.21487839809042647,21.778501397403456,90.25069901414061,11.654615812837138,0,1,2,0.13217815036359626,0.23377678944532254,0.518179785372357,0,79.88735546001854,0,1,-5.082325536193437,1.4150051820334713,1,38.41075727504912,18.470634401687068,0,1.4559328598870631,-0.5680884792910382,0,0.9844629939495364,38.40302636571249,9.909085781855769,19.059442451375645,39.562672889914396
1,1,0.4954929169289918,67.36052817661962,32.09733359543006,2.0942245459349,1,0,0,0.9443314726658313,-0.5217224683626617,0.29384443811447125,1,29.447306344645856,2,0,6.024123082664477,2.492748768819667,0,37.35077572547935,1.3510547830558528,1,-0.7014195690253866,-0.6939423171032257,3,48.56391598561374,10.353246602738972,-3.2832425668388954,38.63040007852598,58.909440552516145
1,0,-2.1587597474448956,35.193155380918135,16.024969787313204,2.285387770525675,1,0,0,0.396074710291609,-0.009199888531528888,0.5689934487172316,1,25.923745246068115,4,1,0.8343934801399087,0.7897804475814286,1,8.65862109218208,1.2560611346311346,1,1.3468193397714316,0.13841586633316416,3,82.64956142867324,30.80789825955336,-6.141487854284983,8.045909571380271,67.5093473389778
0,0,1.2677924423593585,35.392822108927604,36.252674442326125,2.2282306103882377,0,0,1,0.27919192064678083,-1.042949174359863,0.19932035824358674,0,21.16571091604897,2,0,1.0325848188316034,1.1535390723352121,0,57.16236461657458,1.8388339160808593,1,-1.1083586050885077,-0.3649177530546511,0,66.46159024174699,10.569239938112997,-0.3636101659275397,12.904003036748154,39.608665188741064
0,0,0.725308611522328,23.608065389086143,74.40008479763617,8.960227228245966,0,1,2,0.19826013000059567,0.30791062933770313,0.4792026093507003,0,75.62960610598752,1,0,-5.4145301821423395,1.4303766686640973,0,67.12497962738722,8.192301828197804,0,0.7451798907576584,0.46968296437416973,0,7.397857322389578,35.01162503553665,9.58501469262185,7.447394196014779,27.51932394826229
0,0,0.7336363179108844,25.477570242711202,55.57353158657921,2.7969079013436726,0,1,1,0.2144223942348915,-0.9843699563187623,0.3599171151363343,0,51.430888406957145,0,1,2.477848058734722,2.296425091918552,1,8.508258337193762,4.105536183442021,1,-0.03710864135548427,1.557739882700223,0,30.804178777125845,13.279593424295523,6.855655154803518,3.238688162236507,22.695878726936133
1,1,-1.5753290173055703,51.84744411104797,29.421907436975232,1.6985965164159482,1,1,0,0.7039500996985948,0.8402258051936383,0.3480735930082312,1,28.003856387847375,2,0,-8.027315944918119,5.936131110528698,1,73.026739786131,1.809706818432776,1,0.4586546016295645,0.007411091967920054,2,69.16450235676082,15.225158805486217,-4.6741082756135635,16.676986673176625,38.493193127353265
1,1,0.22713191207714123,43.39219383534292,15.670095502807602,1.5030489240932954,0,0,0,0.39555036219575335,0.7850139799909639,0.25407451121681873,1,24.861950185059705,3,1,5.18905696084939,1.962341418947336,1,53.97432572965964,1.3837710401509185,1,0.4609305302928009,-0.9735677894876189,3,80.20678182225723,14.499745589540067,-6.516647702502838,21.280754502107044,25.82873591238734
1,0,0.06188017342162479,51.62400539602805,17.751317492184643,1.6339487477315284,1,0,0,0.47214478344675614,0.7563847611123046,0.6707873978794028,1,21.412027617282124,3,1,6.270006004988016,2.7646558487638826,0,39.320134069592015,1.5000570074438468,2,-0.7145150876255331,0.291860448650838,3,80.08305414913977,10.045309140958736,-6.1838499169822345,10.902350865606811,29.437750807151332
0,0,-1.4771071556204962,18.741111791093093,55.725053320661566,3.3139349825998923,0,1,2,0.10683777531579008,0.025290929943724835,0.38237610388348725,0,48.51360697419777,0,0,-0.14131410782794518,0.9679892476485381,1,57.3460101896091,4.401681075604403,0,0.6958782335660417,-2.3141251318847567,0,26.460979409939394,24.135684060910677,7.384781570839898,1.0109107316958132,60.32092236239414
0,0,0.976080325530514,40.77191020259988,12.931827442005645,2.3647337038962735,0,1,0,0.37806434263393746,-0.5749157742645996,2.5722904904712518e-05,0,22.30559838222158,2,1,3.873485527157399,3.4228902534107735,0,20.18022825058825,1.7758138592743142,0,-0.46521430414841913,0.48188340474264074,1,52.295258605651426,7.439076520745314,0.7500720165690709,16.918361621304317,46.738442497573345
0,2,-0.6078754383788769,63.16774075770434,78.40783781233995,1.53806765082933,1,0,0,0.9010345523451287,-0.12351019574209492,0.9004772386658815,1,32.766881753758064,1,0,-5.11497152828616,3.3303957996117517,0,66.05764331479128,3.004395153050635,0,-0.23529689592351638,0.40658777370111576,0,36.17962786835663,10.487114712242377,-1.9224424888666292,34.54456631111605,63.17593636394444
0,2,-0.229446289164769,25.8415866823836,99.20228601417801,11.34098090052029,0,1,2,0.11770823536304065,-0.6335159629322311,0.7507068493320082,0,79.93725294460505,0,0,2.7001671243197336,5.48729440529719,1,3.553954949432767,25.594373749214576,0,0.21164467002975,0.011670448050877887,0,0.2837837343848515,38.77546881106393,9.474119880994628,39.44930802603098,41.72515657057102
0,0,0.9109598208238742,50.338878643329295,10.902640119130186,1.49923686236923,1,0,0,0.5216212070189881,-0.15035922934892765,0.047466841367519386,1,22.78829101362493,0,1,-2.129256589958498,2.9294498715656387,0,6.266227544282317,1.2671469758764315,1,-1.9615294862102346,0.012141172216502431,1,87.13034104996291,10.893655178690409,-3.486114833854364,4.275316831622944,62.17665490801193
0,0,1.8762130234934555,49.36851205670512,18.443133251043214,3.0838008533212915,0,1,0,0.4162202163209371,-1.8287689121131707,0.2438539311836609,0,16.93021176079634,0,1,5.837305539118514,1.2740366671120644,1,74.62485785511234,2.0048967970850082,2,-1.6186623708415906,-0.47049020658951907,0,70.03424417939738,10.174958013577967,3.235853445776984,3.01436301549153,60.16060170718847
1,0,0.9338025071100027,21.511414764043636,40.954568098963364,3.2255790759664387,0,0,1,0.21486707791836662,0.031430700939566736,0.6715398563698498,1,21.69064761428909,3,0,1.0172262293124739,1.2504623674918196,0,55.87745906359139,1.7103059251097863,0,-0.3326406388903814,0.25765245564946604,2,70.9374016278382,10.778658965425475,-6.295140395680999,4.151466849473264,36.69543414505642
1,1,-1.0749864459928373,49.69592115706347,19.52855009284051,2.1364705790414233,1,0,0,0.5881361929254957,-0.724843056116656,0.3801291608465698,1,20.568769432171017,2,0,-4.95194558663562,1.3584598926742328,1,47.30557980159875,1.504498980247459,0,0.2289197782011734,-1.092417943400631,0,77.02146042961982,20.78541118143646,-4.608927634245541,8.312572068672521,65.60480486870966
1,2,-0.917001063249879,69.97862175957846,1.420877523431463,3.066940879776596,1,0,0,0.9999923896205419,1.6761319485797928,0.3475375479637849,1,19.110452582285582,4,1,-0.6350535925568597,10.626395130589865,0,50.08641781870896,0.8106362097932348,0,0.5760946566263864,-0.49149326715152314,4,95.06298948704452,25.05515189220209,-5.470175298650824,31.82766370438296,66.90391144939157
0,0,-0.4258124215149046,40.05441438602608,50.70931719447339,1.9206026782633387,0,0,0,0.3404990787398031,1.251553921272887,0.12140185973301248,1,20.495411405649882,1,0,-2.9584253376462053,0.7729180888495234,0,54.08277634588211,2.449734903567063,0,0.0721697489426045,-0.1733450019648425,1,60.3153760843178,17.9154628057324,-2.880216563398214,33.654564434336166,29.152798936842213
0,2,-0.5919116412098019,36.82666612065246,79.82475051457554,2.3157490765235114,1,1,1,0.3604278275072853,-0.029440245241695282,0.3307636293255431,0,35.66515778457143,1,1,-0.8305791327099037,4.877799479878428,1,18.87569177054987,4.002887197985491,0,0.6211436197128026,2.41298733403836,0,32.6360216820686,16.759055154428015,1.4742893347800035,26.10914583669107,49.24565913666094
1,1,0.07218856402538193,67.22094705083671,26.81058967845886,2.0267292284946916,1,0,0,0.9610871764903703,1.2102466359367365,0.6912555293955714,1,24.32183065291113,3,0,9.466976536948017,2.14917014373258,0,50.52430528410227,1.4997899029419741,1,1.0781796237056858,0.28575433937165406,3,77.76030466343504,10.088673890668646,-7.849791348260766,33.773265666418204,24.736268867785682
1,0,-1.0525454443184459,44.6040158780725,9.779729133241972,1.8530773186086114,1,0,0,0.5596211523219791,0.47150346578652186,0.6691393059659476,1,24.51019831441951,2,1,6.54682964449637,0.7383685798426494,0,10.349736230950164,0.9313666842273218,0,0.43045768880704083,1.9607218953116106,2,91.40514595377294,15.670374897022619,-7.453173274000832,2.0964597682219743,68.18182670197888
1,0,-0.32619072891691137,37.920025346898456,44.90038250075845,1.8161498076377682,0,0,1,0.3024440079727079,0.44979275572451055,0.7658700697764504,1,26.175665182951533,2,1,3.941333547676468,1.8478982669741846,1,13.005508577348053,2.046440159265958,0,-0.24575846695154652,0.9092061426805368,1,68.3204286164577,10.28782730074245,-5.988831607651047,8.164965831228812,51.11167110711236
0,0,0.5780265472894172,39.30776264520766,98.33160158100371,27.01976319319716,0,1,2,0.35192668159253054,-0.6586445906505842,0.9999985871142669,0,77.57308519527038,0,0,-5.919903984962013,3.1896672533032837,0,66.63474241698822,9.972558836998529,0,1.7150020630774754,-0.6369084936752006,0,3.1148770453869323,39.842197108709286,7.034213727051501,9.106227030268437,36.41356711566082
1,0,1.395241193206922,58.91302165367006,57.98056731733509,2.1344936598756665,1,1,0,0.6635481766971106,-0.5288188009341818,0.4125921258647333,0,32.38149922666359,3,1,-4.011445026241653,5.276822900890671,0,51.72750472931693,3.127996986566496,0,-1.6229407355219856,-0.3814919681346934,1,45.70594682444322,12.000666345276564,-1.574077195909279,37.750089536292954,57.63531127972448
1,0,0.6003446391109397,62.029129653794264,14.197656546843728,3.4074879378958043,1,1,0,0.8368122939524836,-0.2790710037678894,0.6906773404956642,1,31.42200499544583,4,0,-2.4013725334829052,2.9738619169006553,0,48.81760582836019,1.6727737183620732,1,-0.519351101871308,0.7219591168233902,1,79.38809486839604,18.973529779678294,-4.30308854443693,5.930752293120436,53.80307000782596
1,1,-0.4789100695836655,35.61146459095893,62.02766835822045,2.010198220475,0,0,1,0.18921566565392584,0.22235385924038628,0.7494641564130439,1,20.91648833973517,0,0,-9.27821059640859,3.97475866167867,1,29.099439402394147,2.3601500733121847,0,0.2519865170410855,-1.640693695857468,2,53.49946485390015,13.104572781182547,-3.4390272931262658,24.66907079194786,31.745082696870142
0,1,-0.2381587798027961,36.037543380855254,67.60924542813198,1.7640563536247802,0,1,1,0.21665215533188292,-0.4192591740785931,0.4926922192352953,0,30.793054497377476,1,1,1.938617253564793,4.7228808885531475,1,73.0724451768031,3.0539420079275326,0,-0.6550071957333324,-0.8995809257486701,2,66.28506925915997,13.998189667347475,-1.1683576205226895,19.49059821078074,35.38377139973767
1,0,1.0295911378336495,60.05472837296593,16.772772304753573,1.670016086943596,1,0,0,0.688659110297278,-0.03783093078984745,0.185803590868657,1,18.16390177126102,2,0,-4.003042757750377,1.4705926726970489,0,76.2503671021306,1.5819322366513462,2,-0.939649483136255,-0.2815607495260697,3,79.7734003072476,12.88746127857669,-5.839664635335046,37.18419211169311,28.703185806723475
1,0,0.3000504220108228,32.24099586249947,63.07865569664898,5.498816659580107,0,1,0,0.18219481701131934,0.9446817487791754,0.265958026963006,0,48.542321450800536,2,0,1.7404419557604616,2.7630528917970074,0,29.11525599413284,3.8563619691694395,2,0.2516705611082644,-0.6306725828409534,2,34.81707029613849,30.57283274736082,-0.2887965427763941,36.634860376320134,21.76505157837276
0,0,1.6547724593009123,23.472024701060466,72.78461914906529,3.3507302926165052,0,1,2,0.15635384801200897,-0.4102340147356675,0.4668850986095049,0,71.86575067116094,0,1,-1.4183742045823031,1.5377950379246395,0,6.456378567324843,6.0641056667053475,1,-0.906802145890548,-1.2264139692085707,0,13.871662728202372,13.857575259505627,8.614418656332813,10.665983326540239,36.4885039837467
1,2,0.11478710701401794,34.91795410558166,67.36124885661371,1.7818515673558115,0,0,1,0.2272576827868259,0.23462120021053515,0.29962055755520733,1,28.572564267768694,2,1,-7.293814720090373,3.454531804566439,1,48.15423207785744,2.4716305139974395,1,0.5529078364482007,-0.5814826287529866,3,35.60387005036982,10.726909403206605,-2.9379062908544835,12.980747863010295,23.915807658318727
1,0,0.4247711453483686,19.73160618721483,37.4921837646985,2.19138971049429,0,0,1,0.12899310142871573,0.5617839477993234,0.19049230000094924,1,23.418557619255953,3,0,5.239221491996485,1.7238878231974777,1,0.38031341392362084,2.0615917152179972,1,-0.5768420131644006,-0.2724313462482436,3,65.7837713752197,11.360262858176029,-4.087887906145491,6.496641464562433,30.03482290069039
0,1,-1.489512497687332,30.743932416832074,91.65528918679449,9.659960867633716,0,1,2,0.26502611810617194,-0.6875511826585727,0.48046941948518507,0,79.81141579468327,0,1,-6.149540277162954,2.9300223375028867,0,60.44972965649645,18.98023711662951,0,2.355974687049124,-1.1947753792690492,0,0.8150353680148159,39.558889177222056,9.940996639077678,32.01454419698864,36.47371550657388
0,0,0.4442384909554023,53.70782005039306,62.88834121772037,2.0000516870270153,1,1,0,0.738244547912813,-0.18530134254047206,0.9900206415024608,0,25.446784671248004,0,0,-0.047261035055761624,0.8640872515120651,0,68.50168886506133,2.907814207126695,0,-1.0800622947183276,-0.3085949862268569,0,36.73311692152937,6.5410726221840605,0.7806802333102443,8.17693803987142,47.21961533899766
0,1,-0.4398861032564526,37.46398242840093,59.57619635894975,1.8963771468994048,0,1,1,0.34279399038013453,-2.2065259661893486,0.23514218647435575,0,23.308230426736355,0,0,-0.122871139975679,3.0655435973256977,1,25.300349136888535,2.4394264675307227,2,0.3147870852958233,0.9466826422839871,1,49.64405190502706,12.363794557189243,-1.6710722258557222,28.154824681848606,37.77378286785609
1,1,-3.7072955263171785,57.41211343626,31.07229975738347,1.836727854152883,1,0,0,0.9422788857001405,1.3522846741944639,0.3262929221172203,1,27.094367022486267,2,1,-9.310432863005511,13.035398542710942,1,32.22401827730836,1.4894806839335888,1,2.1711993846735487,0.20420684069516307,3,75.10991543713772,30.905008479418022,-7.466607314812705,21.19817515893084,68.74550933711703
1,1,-1.798457424822766,61.50432308138885,35.519485320524126,1.8419058522786507,1,0,0,0.9495937265388494,-0.07732478023480051,0.37743259872483426,1,18.524437149161137,2,0,-1.7608588832252359,3.215853885149495,0,68.12186410969105,2.0670491016572465,1,1.0676622744394695,0.021530469636983456,1,71.52690679183095,16.326894233045543,-5.459930695534404,23.66951349453052,61.81531963071357
0,2,0.5759685418162043,39.991821633069414,69.92919996597644,3.248216002795489,0,1,1,0.34675342727969405,-0.6501831876897476,0.7386870527830497,0,47.64650811313476,0,1,9.874408438018659,4.526170901369431,0,14.23132896854539,4.22434888923939,0,-0.46920985415576283,-0.9136285570130988,0,26.786177839231772,16.12726349365322,4.989477608670008,16.56329577556061,21.982291199235238
0,0,-0.0684201838436555,41.37383606587238,26.38804329933112,1.5984027819356925,0,1,0,0.2490515287626513,-0.6818926505410474,0.10175520362471174,0,20.950743164417297,0,1,-0.3196327708075817,1.7177873334960676,0,65.71787842346947,1.7393788420020053,1,-1.1780391867815225,-0.2612480144261413,1,66.5099344421217,8.733906821856095,2.607763696703902,4.614726820790822,27.606843769036697
0,2,-0.2093792915584699,58.47468005947461,54.918385255329724,2.6846723181861325,1,1,0,0.7589905915331813,-0.0016773830433477641,0.5626318039423142,0,26.180010369479135,0,0,-4.812470528665376,5.695706024111466,0,9.158301947469504,2.907748665912875,2,0.45239338139609253,-1.2489915937684624,1,43.97087751588345,18.229614839307718,0.6652100790240763,18.97568921490896,39.41966141547945
0,0,-0.9268188388801364,33.145870634219406,91.91460816565495,10.261834935194276,0,1,2,0.3228097873591664,0.24207159899191014,0.7147262247963359,0,75.1087209066013,0,1,-5.192216689007787,1.823083760691699,1,75.66006475868961,8.582416052571437,0,1.7315066757162891,-0.29963164106101164,0,6.026893765079944,37.951867682932196,8.375607002114688,34.26338411186386,41.40184855290431
1,0,0.7927095748271049,30.343915619434334,79.24388372935076,7.380596394097425,0,1,2,0.22009078385770064,0.6082017811213221,0.14115102875720414,0,60.53096405593513,2,0,1.991477654566216,3.407374166479519,1,45.68888066559226,5.351445838135976,0,0.21014999831260298,-0.6590337924237382,0,17.15848554614491,34.05396026228702,3.663445972138229,39.02184730373161,24.79569528053748
0,0,-1.6146282747586718,28.421064424121184,49.22507554383119,1.9777290132739143,0,1,1,0.22781856865857553,-0.8506925274253747,0.13278672665889396,0,21.99819783224359,0,0,-3.6098075839856865,1.0205389177790785,1,32.65391124466326,2.9426081485132585,0,0.3834904303110969,-0.7414832624539156,0,52.81517163238596,22.08107118456578,2.5808003332642677,12.18219659548411,66.67375558815448
0,1,0.13648379209684486,24.522639755801183,84.51331969774346,4.904513762792763,0,1,2,0.21794804344636753,-0.493125799942363,0.3855991920677013,0,67.82536003330283,0,0,-3.4257086284687546,4.1871990876776675,1,2.8154813419806946,6.007594870969606,1,0.27686828434738514,1.732230719801888,1,10.933020213484902,28.197515785819487,5.174326010033161,32.41311093451013,29.91130981439055
1,0,0.04286323144098374,58.67246865778698,73.7664669539343,2.983916170480493,1,0,0,0.7532880707932162,-0.6761771372947202,0.9338458270859966,1,38.73090889517438,1,0,9.18707683670517,1.2035303646182078,0,68.62703450690229,2.175392381127895,0,0.2989383277211816,2.533803196622314,1,50.58440941328768,21.887833458850146,-2.4873464483912713,19.730950976006252,28.486813630216243
0,0,-0.29306388047991294,22.145068302940032,82.97362306011888,5.845159985648361,0,1,2,0.12115870626571551,-0.9443405422168044,0.8547215463933343,0,47.29013406924647,0,0,2.160791147142337,1.7901451851953685,0,11.574670958602166,3.70567042137413,0,0.29641300521196184,-0.31381876296576144,0,31.11174022960801,34.77312347552968,0.8385126072891005,6.753691624988338,28.217108667792203
0,1,-0.9409179442935555,43.19628180205246,52.653353593667006,2.1719194711407277,1,0,0,0.4777397591332373,-0.09816509813400974,0.40650769345430704,0,32.68325624972037,1,0,-0.6399339978953851,3.9549805657076496,1,17.048407723424578,2.4442842861398866,0,0.5325533119431582,-0.05131828699116984,2,57.17651508197068,16.463528893014594,-1.634697991644071,15.883471102678644,58.39164960308079
1,2,-0.43881641539671123,37.50902443408947,66.87326974030906,1.8874303180053569,1,0,1,0.3555938317739601,-0.16836525061648927,0.7081001828507387,1,28.89401412435432,0,0,-5.630677183758417,3.5550604191966593,1,53.833295136703754,2.5113277977162785,2,-0.5457650464248406,0.27671898132981754,1,43.77630660687805,16.44724742201934,-2.772861332451031,39.001526964777696,37.125435685495106
0,1,3.3278653787909898,49.132808663064495,87.26180056155648,6.2439075566403535,0,1,1,0.30914382730247264,-2.6993215072071624,0.49153861550122485,0,62.28740026695724,0,0,9.49123478832633,8.267689403012813,0,33.21010070294929,4.348059457261642,0,-1.112000003043923,-1.1040300902233229,0,20.344050223492722,17.834768671328277,2.0700610006476676,28.998784403100256,30.193867813191062
1,0,0.3358295966658816,50.595194814876464,33.86908198487061,2.0431857022903013,1,0,0,0.5669281531589686,-0.7633489095542659,0.5396553778875943,0,25.23501585234311,3,0,3.3922893578389512,3.8006482162176067,0,2.733592619432268,1.902192595267545,2,-0.5871449453720861,-0.15530044694395095,2,70.96482352768051,9.2047523673617,-3.1260012958192824,8.275448117538602,52.03891531946673
0,0,0.08649087433660813,24.92640926074634,56.09441055057428,2.7043065532498227,0,1,1,0.21670619077103215,0.35237258730163395,0.4271773361394891,0,28.694801128154555,1,0,8.43181524285399,1.8154162629179769,1,26.071309937013893,2.619566926662778,0,-0.07052900202396886,2.967995202803727,0,43.77756896950094,17.884985729784034,2.9814349731414467,4.757775110414489,52.14448734450328
1,1,-0.17241176235597547,60.99349186613017,32.55670552932348,2.9595310950192233,1,0,0,0.7936942350020287,1.2549899491552146,0.5810020802057078,1,20.19227362029275,1,0,8.220606296777447,5.174197981335823,0,53.65034810195563,1.404991024478916,0,0.3348156826987464,1.6563982109865178,2,77.88856986293479,15.950137968839712,-5.446304513732327,16.775661122190463,30.119144294653633
1,0,0.02582269723877205,62.68657355699554,10.344303950581235,1.9539844315786818,1,1,0,0.8810679443053011,-0.18274908182875255,0.4715303647294064,0,24.48237094646503,2,0,-9.651907130281282,2.865332526540702,0,28.501653967303508,1.466676000219698,2,-0.1809559889369252,-0.9353506352751181,3,81.13606668212816,10.369917684874588,-6.523050175065479,19.159335972080825,47.03375904718302
1,0,-0.07736419598824577,65.09949466677912,7.4694216453375155,2.033405342343428,1,0,0,0.9127346112854497,1.3403348100127221,0.610605515369731,1,35.69013664537411,4,0,-1.5031822219280127,2.3605389769759992,0,61.56620188491857,1.2402261516425004,0,-0.9050952627683458,-0.9111544124876345,3,86.3590929429913,12.160785696883721,-5.707595886709509,9.189418923259927,58.79216961954533
0,2,1.2190013617234678,46.84014080768696,53.45332383097799,2.340267819762849,0,1,0,0.36427995287018866,0.31800735381387646,0.0937068504480068,0,22.712349143381587,2,1,-8.545915193398876,4.617388706694824,0,10.14388532313042,2.4659891958780773,1,-0.8622701943032626,0.30592154968158225,1,51.796517151615205,15.11869778326368,-2.3329325838477217,32.26038281817817,29.71514098743341
1,1,0.08930469000060266,68.42510863725572,3.956768305096298,2.313156246362284,1,0,0,0.971221183706569,2.08389028247849,0.76644142429881,1,23.611224585023393,4,0,5.592811625967419,2.1900137871094336,0,17.082241520252296,0.8691822096141656,2,-0.07583193297414184,0.17686170157736958,4,93.90081106091834,19.37153033277809,-9.383592145961389,28.75666843544785,42.22642598138866
0,1,1.6807727702341768,24.00034442017308,88.34596724576025,10.91458191668587,0,1,2,0.12805609733811624,0.14788889111414788,0.5294717624635444,0,78.96084464822331,1,1,-5.342109904329288,2.147368619792739,0,15.301181044621952,13.083900715610216,1,-0.5861222930829131,-0.35449030337999926,0,1.7713292368539468,35.77644531177164,9.660087900021146,27.184309941393167,25.65796551247778
0,0,-2.390533534471366,68.22369438734063,11.336591722214646,1.8959503945106648,1,1,0,0.9986927423440521,0.9530695509898591,0.6408716591576632,0,17.89183556090969,2,0,-5.993212862416257,1.0016010430952016,1,78.69821572058042,1.7217101688962622,2,1.4558665197552385,-0.47050223951079817,2,83.43442027207118,23.49020247805596,-1.9850141927955427,11.885698091478918,69.99984766042246
0,1,1.0126782598901707,27.75853475651312,44.41164951267426,1.8913629643394638,0,0,1,0.2907054599758599,-2.019497490465501,0.1953866905097924,0,26.755589415269657,2,1,8.006229339199106,1.943371660642082,1,33.32004058814071,2.051666971445138,0,-0.6897917422709565,1.0058434265898608,2,66.59694135737276,9.975101842716999,-3.3804036601879837,12.33099390083204,28.19621491727169
1,0,-0.31199819606291085,40.889447283900154,23.294217503956855,1.6872346183587643,1,1,0,0.4454937045475822,1.6638522449878637,0.7552188796942536,0,25.552502157546606,1,0,-3.0062944275454875,2.188689657436806,1,15.776485169780607,2.3597378356194496,0,-1.1530908102158448,-0.550757540781386,3,63.568261096082935,9.044385059605553,-1.3648247711355044,15.250205433466393,28.628048995615355
1,1,-0.22801675152679415,43.03664995969475,71.14302971096596,2.588705650205107,1,1,1,0.45867446138389245,0.09259041286970296,0.09179013433089839,0,45.72103402045629,0,1,0.41567704867485133,3.29850138981532,0,0.5440480109418466,4.072001806398582,1,0.08611098918179398,-0.3878775751091897,0,26.82444497644957,16.93191259950106,1.2541500495735427,39.25521353704906,60.429935679164984
0,0,-0.9741481933305428,21.610036008493708,94.29083358934831,10.560800317080322,0,1,2,0.16981167629226684,-0.5928348280917533,0.47985647991648667,0,79.74949991776482,0,0,-4.509314396707083,1.6625129066489297,1,32.115286877059916,17.387004792751245,0,1.532682819704679,0.49043572511407935,0,1.619043214061805,38.906833374130144,9.813943768417175,24.788544876079293,40.5470992638399
1,0,0.2947106288055977,21.14492563470065,52.05784429403211,2.1485517529606866,0,1,2,0.11292447435814607,1.0143470615530465,0.3149364674392142,0,26.398424196805117,3,1,-0.9636101420057273,1.0339214884933325,1,10.624228209503151,2.48351493631713,0,-0.510561174605289,0.7346969543021216,1,51.22724867531535,7.79892566870918,-0.3048852834708331,4.6474239409142015,35.345407992663205
1,2,-0.2916178857404143,61.098843679923355,35.88530415720627,1.9293774932712144,1,0,0,0.7880998416825564,0.33586241066516404,0.3259085933832787,1,20.0568358838483,2,1,-8.03416849529677,8.120215065903276,1,36.63368649333481,1.5348241837454366,2,-1.5283833852798476,1.5907659364437687,3,74.16546489971165,13.874899234781939,-7.656269304738396,30.475500977317374,41.40447592559702
1,0,0.4910352408949978,54.56078147612309,23.584676148313676,1.6473146896029962,1,1,0,0.6664682589166351,-0.0657799513549007,0.2844894855843524,1,36.56703486804918,3,1,6.136914513856794,2.327672180993784,0,29.36421155982943,1.9760656406845765,2,-0.7113373961051203,-0.39871614232938685,3,71.17757659267807,10.415101211286895,-4.432315259061862,24.98908954500202,42.801269522902814
1,0,-1.479763226535869,56.408533402177795,6.289040371694493,2.2009116924468466,1,1,0,0.9581704923978955,0.3813949578198566,0.355529997579752,0,22.30437697426194,3,0,4.619901325642655,2.1282469430734583,1,42.42740725981012,1.3200808943503928,0,0.5658748252631934,-0.5544375174428081,2,86.19155445714784,22.721216579104716,-4.026041184678327,6.354104012090474,59.94411679742495
1,0,-0.4572572141202794,40.963347883923504,45.64775341018744,1.8413803571697607,1,0,0,0.4026300861870398,0.3314430609680825,0.39713171519071533,1,25.994826292292945,0,0,5.964590444116755,1.20620380437398,0,13.030016164847495,1.754030933740909,0,-0.022595007594393618,-0.9024775450412739,2,62.66200514477506,8.569911440806441,-4.321744206896099,27.946195207072712,37.98613157154524
1,0,0.195254142265071,52.712737688377665,29.717838889246494,2.2857412165786086,1,1,0,0.6019802742206166,-0.5236788680770611,0.23631982845967564,0,25.03582592334107,1,0,9.55761987698212,2.0136117108161726,0,63.10941770275845,2.201773759569303,0,-1.925029028092984,-1.3730446404202594,2,65.82582660691888,5.9738004642948646,-2.527564564557312,17.4724709504277,50.79900801408511
0,1,-0.27777021348892256,40.959944205545966,89.5017177181656,18.141500007509755,1,1,1,0.44908304100532537,-0.12401695088879668,0.38901730701018156,0,79.15048129374927,0,0,2.8924332173075804,2.941929746949882,0,55.69906013969444,13.05070119937999,0,2.0167177395806304,-0.32010629461384343,0,2.3656191480975695,39.80215966993637,9.323395579946599,34.32843599915669,34.76233735306185
1,0,-0.4817394628516855,35.21281123174923,71.80724584342448,2.867948300984054,0,0,1,0.2522785217820265,-0.36877355159421293,0.41896633430135966,1,24.15929167719667,2,0,-5.661845533516159,2.4374399654751513,1,50.95086238101014,3.027870669074076,0,0.7038869549064819,-0.22275299773059937,2,41.630155373322864,19.64710933101335,-5.467801662302044,35.37070573846635,22.75653933340032
0,0,-1.2985992961379489,24.23185371866085,90.34035541574555,5.057944640176389,1,1,2,0.26284849978596203,-1.6653814646119598,0.6471117073265976,0,76.94709918953511,0,1,5.982949864564677,4.4173129387541525,1,16.5847724698641,8.704716081493965,0,0.6472754658337467,0.05786799798669318,0,5.725805928477362,36.105720703995864,9.211926752508539,8.125881405285202,65.8476231151115
1,0,0.7265860472404685,47.97316048686621,50.17362442918355,1.9331466256275474,1,1,0,0.4398073442957015,-0.24420729446024167,0.17973035578894253,0,24.760647726488642,0,1,8.393743590183206,0.9312037977539867,0,42.90383727274403,2.63615319880841,1,-0.6764407342580541,1.7731026559363134,1,51.47031496490896,12.548676664128475,0.9369819731933315,38.81727293393578,36.62867215568569
1,1,-0.14156771181017866,37.87662337512445,54.32638176798187,1.6345635805012553,1,0,1,0.39686416231681265,0.11006947426648805,0.2671746658870042,0,29.982798187485393,0,1,4.372126247845413,6.325141008691076,1,50.4288481404243,2.508479171505957,1,-0.7126740261250682,-2.5371021981222768,1,54.334043864958595,9.840184382449948,-2.550753136891788,24.328822090137567,68.32705311047033
0,0,0.7354199289659266,40.846591919156296,42.375406708773276,1.7062115445297437,0,1,1,0.35615886709909206,0.12458753751538268,0.27035557871761484,0,38.98081032329681,0,0,-6.842844414377573,1.0557361261915919,0,50.27913578854202,2.4063758983092987,1,-0.7053941124212983,-0.29453384575160135,0,55.24376064879692,7.887054270687431,0.524031634444766,20.202910393998348,39.051551695119976
0,1,-0.5600510518753349,45.56153570616681,62.514259615465875,0.34857566194072337,1,0,1,0.43685666191209355,-0.5721261274576627,0.9384920150790486,1,26.587901715315425,2,1,2.052086194053654,2.4872680118750616,1,15.014972572438259,2.2091579492602453,2,-1.377296842527635,0.7409955338025821,1,51.92814028299518,7.14582084361659,-3.636295561253238,11.38603851991991,57.75153029534954
1,0,0.004851819215191478,61.3848126509934,34.23401367685521,1.5444587829765195,1,0,0,0.7967215485573664,-1.4291014734051537,0.8155655649600073,1,26.463948204421193,0,1,-7.176359064902335,1.6106361443162613,0,22.74794555438777,1.9208666180939427,0,-0.09927213302423848,-0.859342622880689,3,75.58317252975742,10.148724671880816,-5.480847917960798,13.383459386870463,66.28287693219687
0,2,-2.464429026954996,46.2758070587795,86.13998411052802,1.6339322462986627,1,0,1,0.6409122650891753,0.15969653304359907,0.7933994253895282,1,34.268559598675,2,0,9.96758193774959,10.439701116688367,1,72.22984222988444,3.017308840298681,1,1.2458482783534717,1.2060449218499945,0,38.70991693524811,20.05607472219313,-1.860609377869249,25.13391612107975,68.34228204151985
0,0,0.08100382365251349,26.345246135932125,40.009756647871974,1.4825009257354154,0,1,1,0.19135995044814397,-0.004554194124450729,0.515088941161806,0,23.21625766292425,0,1,-1.306840237320941,0.674109806874841,0,15.630902686471009,2.069293442161554,0,-0.19399050186125738,-0.014613358961549493,0,58.50439203349642,8.400943660731295,3.354449057041972,1.2504345275597228,62.74378884563634
1,1,-0.523031360345412,44.19030427682304,47.99335632555215,4.537053803790689,1,0,0,0.47278698339032954,-1.4151897058317384,0.1283413217987585,1,21.95409082448502,3,0,3.393254336859364,3.0317763559130553,1,28.913122634507662,2.1568261749021813,0,0.3333513254839876,-0.19032303548672244,2,59.90625746349346,24.04765796016074,-4.38277570402267,31.785496491752696,29.87772860625878
0,0,2.785018967060047,59.98792080309767,8.852243702168138,2.0222477402528654,0,0,0,0.4002602647113739,-2.901744092277089,0.23287720745054974,1,23.362239725605445,1,1,5.828653002634525,0.7590050261143638,0,36.50692648151983,0.9627559426750136,1,-1.999973556968491,0.923103658923868,3,88.0220421526113,8.845331989813733,-4.559901121508679,6.288562924083488,65.8573967210861
1,0,0.5842775198934659,54.29345415612246,6.824329176811483,2.0872042856422097,1,0,0,0.5982991295446063,0.01619223885263192,0.7351950309253079,1,20.027585861326642,2,0,5.558635963967141,0.7504323590571892,1,41.13575343963493,1.0353072745493612,2,-0.21199296713896465,-0.023213889667601306,3,91.34079155328442,10.25387103146969,-6.237744517592986,2.1839748048587926,68.42518147690768
1,0,-0.2808021988458526,52.02929460059183,17.514389169327195,1.5515044368878934,1,1,0,0.6771217041882063,-1.2199412051063045,0.24914185214022022,0,23.85721069958347,3,1,-2.572906452252628,2.0548408139726124,0,59.083438169111105,1.677433374616664,1,-0.21675894814695906,0.8839099105089119,1,78.52582884836072,7.062319492825133,-2.653524010982684,20.00710017107258,49.2877458193184
0,0,-0.18608693239809795,26.909342343134906,96.28909352370039,21.73221168826345,0,1,2,0.14929731153040093,0.6956281391985516,0.7552456598808895,0,79.99988792480207,0,0,6.053046746380222,1.7566895803556823,0,69.33680524049748,37.45587405749072,0,1.5735845083773714,0.5223547474559459,0,0.04834110061401886,39.933846880081525,9.997952099826502,34.968829402910366,36.22768432996348
0,0,0.5852227399756093,29.004871258522126,88.15016781190185,6.185434740955333,0,1,2,0.23190572656566039,-0.04738582619611283,0.6964808681494449,0,63.89151664889651,0,0,-4.031454872414941,1.176968576222875,0,11.46680767892795,6.815840120986841,0,0.47187791153383213,-0.747237531495452,0,12.905077595869724,35.42744406897842,5.062975898747686,34.522280467778266,34.94931664670532
1,0,0.26251471982807717,44.27285769741249,15.84933523059487,1.796892651646973,0,0,0,0.38742285278209826,1.939910982800734,0.41135588229626896,1,21.990581270761147,1,1,9.865690824257516,1.2515722983141075,1,42.74049003885804,1.1289327739517632,0,0.7832182174155979,4.059734652971932,3,90.62715842170576,9.733046573312269,-8.700181511419073,16.101062042217595,36.81639334420877
1,0,-0.040253828606600865,30.028949922766245,34.503776718273336,1.963569593967623,0,0,1,0.25571861051055533,0.2074939285415832,0.6770430593239245,1,20.28640159052361,2,0,-4.447150769588584,1.470149965298723,1,46.22416062905141,1.8428140383106526,0,-0.2036982448753309,-0.5809818669395886,2,73.66959027594042,10.58139316559322,-2.792243767981608,4.98972707372614,35.004270470464064
1,1,0.6028060817092745,34.609202775911385,52.288723284356905,2.6692161003246038,0,0,1,0.1760279596694307,1.4575898108908474,0.550167917712427,1,25.88180578819057,2,0,0.6536359284926707,2.0866429593538265,0,10.506088760029812,2.0326834248171957,0,-0.6046696352211403,1.1482292465487602,1,65.66180209591221,15.187147162150168,-5.5942598279820945,21.197865844124063,24.573613518345194
1,1,0.7171317906306629,51.752985303774594,34.5138902222344,1.8893438865951877,1,1,0,0.5837375681845033,2.487847638091425,0.6827857937464501,1,25.394622460235947,2,1,-4.715087829449343,3.7199431681878377,1,32.18800450878817,2.084911144359227,0,-0.4698472342890414,-0.20037474831870553,3,60.075078922805204,9.438064197051407,-7.169256814247137,26.416941915293883,38.96760019770442
1,2,-1.1082375844180927,69.25695505800348,57.836417315862576,1.951697399639688,1,1,0,0.997995605937216,-0.5093123267296848,0.8627511919110857,0,25.579417958921574,1,1,0.8030311717723393,6.364630329331009,0,79.87108217605346,3.198788553521942,1,0.3264831589428781,0.131273292486302,1,47.173071215153115,21.401910704347063,-0.890171268234905,33.81367391432093,61.06233045609442
1,0,0.320352306805315,63.375580686173976,3.3681792710910874,2.4896550210977595,1,0,0,0.873524360535254,-0.059079416112512384,0.5108374071860752,1,20.871697761494143,3,1,-3.7043636434092333,1.746688932287526,1,64.02214296113549,0.632742874810884,2,-0.12211488785629077,0.7248565113142067,3,94.81435078532378,17.41943598199625,-8.497697518564827,6.8948701013531615,49.86809019715891
0,0,-1.0751584779658265,23.916797709108575,53.342415361025616,0.344587493102935,0,0,1,0.16959751739859802,0.38491904444230113,0.34253456180201586,1,27.379009437507182,0,1,9.881069737889216,2.3058448701234777,1,39.086906628712455,2.0098369249795986,0,-1.8224986636977476,1.903175533679751,0,61.32768636104896,8.28971778893254,1.0566468802871398,19.606675597874343,38.58142421844768
0,2,-0.16817893076563406,24.445254688624356,73.4930197060301,6.928360303089263,0,1,2,0.14753794968356948,0.3821670744189023,0.158096023390143,0,74.08730904248644,0,0,4.656595807945511,6.516401155617786,1,22.82161273914661,7.585577456637954,0,0.14196368736791276,0.9118876045641532,0,8.81180201139053,35.65187173860719,9.115842005434317,11.669463967267909,29.693788194029683
1,2,2.2763255420677617,69.76825620597464,52.76046419559047,7.789016381563677,1,1,0,0.991408447027701,0.8783169198122402,0.4177634043260803,0,25.545566422661174,2,0,-9.31949795133982,8.227977136596637,0,64.04719869579141,3.356703092174439,0,-0.6270315806462874,0.07283234693170948,1,45.05358503113269,24.369617923097877,0.5704654607358801,39.71039250001259,45.51895339819362
1,1,-0.10058517318243493,46.56369351894325,61.910660393012286,1.7703046061579184,1,1,0,0.47351650404527273,-0.06969790468755865,0.43691407525954434,1,23.308522365186374,3,0,8.936853183818837,9.44439775157466,0,8.471981808360795,2.402748102615792,2,-1.2139846777284837,0.46035180733925823,2,49.57155949955275,7.396198749273449,-2.093740179004482,28.43781588126745,28.22900101625234
1,1,-0.6307180080019745,35.225949594449986,77.03103330415011,2.4729548231376275,0,0,1,0.24029461851447187,1.8978233474086577,0.6763785301791425,1,31.64011303056516,2,0,-5.178786206948846,2.450267053952064,1,27.050145719044963,2.8433657730289763,1,0.7239872096981376,1.29000733292909,3,35.43639942411805,24.669218540958774,-4.973246603723799,18.56808735892888,32.2074963142987
0,0,-0.5578188184576859,38.15889663433984,59.37055942315913,2.168730763397805,0,1,1,0.29188769690508604,-0.9219195417659366,0.5611658678292859,0,54.79801745821636,0,1,0.6209777760126585,0.9365123169755588,0,77.1430183161467,4.39403895924959,2,0.288614085741674,-0.3843481944225461,0,26.591614639706478,12.781544864301788,7.426876083361908,7.002268337807616,47.94372486795759
0,0,-0.08537502251960037,49.75808366421598,42.87075442616241,1.4415453661946571,1,1,0,0.6404864641233723,-0.35465015218412727,0.35738156118136516,0,25.390350500538815,0,1,3.7026375002146867,1.1856377531978894,1,71.38001771241719,2.450121630424702,0,-0.35662013431849426,-0.33723378591609215,0,58.6608590715877,10.443303906491067,1.2293985226502713,20.88279916424615,68.90397021693464
0,2,-0.4326325297307425,28.451987417478023,99.79332770749933,54.598150033144236,0,1,2,0.19074771485088493,0.5551484446894851,0.37521829863959216,0,79.99999984116803,0,0,3.913357343997955,7.8639626856742115,1,77.38977162569063,54.598150033144236,0,3.1831774850812082,-1.1895577200149268,0,0.00024141105494646098,39.999884548050574,9.99999808432975,39.732456743867075,37.08858250396523
1,0,0.07468482177885749,49.74589395593924,15.086699509347723,2.2258407228776216,0,0,0,0.4223991527105936,0.5292281376755865,0.5126811320800055,1,24.61991116991543,3,1,-5.759018904597881,0.8730211740186806,0,42.02133268088474,1.3602796496436023,2,-0.8669490285406736,-3.1163414764943194,3,82.34927009445576,7.976393023638442,-6.4127039476843715,14.233638040093643,44.05292768943818
0,0,0.783636225867987,25.003282586261882,85.74032447433086,6.572504861989745,0,1,2,0.15306522787850618,-0.35563425154920136,0.4272019570095146,0,75.94771875962623,1,0,-1.0728528429614173,3.142558403913051,1,31.45013621167346,10.046007591450174,1,-0.448805911038368,-0.9585487849521694,0,5.977828193085733,32.21835681522105,9.422627349840223,15.558946721889829,40.19546421782122
0,0,0.03464290451254452,25.587860655758153,73.49486150613205,3.1694107530158644,0,1,2,0.4682403764929734,-0.5195704589947544,0.6219428965081354,0,57.31966306829249,0,1,7.110637307726126,2.089137303577347,1,25.4531108587054,4.790790860182924,1,-0.1820750600901881,-0.33985416967731097,0,24.651617881644107,18.950125645486697,4.048817648975046,15.099367753847437,37.16761846560634
1,0,0.7082634453796189,60.987970338753485,31.420157107729242,1.32512236983805,1,0,0,0.8058319824807798,0.3310800107304232,0.34893658112843606,0,21.980900872911874,2,1,-0.5989817021626909,2.110837362598568,0,39.7238442506669,1.6497092150788368,2,-0.8281068561179045,-0.42476958137199483,2,75.83986950678072,10.465505721139332,-4.793039901842869,34.012178670026955,68.39859682808247
0,0,-0.21433735651021912,64.69448086573644,45.4509785130634,1.9262909849740144,1,1,0,0.8963054246156869,-0.9602963826886955,0.2750681951838104,0,19.500449061660795,1,1,-5.589506584274142,1.9928096039455392,0,72.28013965814056,2.327230277871911,2,0.08984930842609955,3.00007729514346,0,49.81615063451886,18.516884490416714,2.7613670378662825,35.97273336076213,69.37683838226121
0,1,-0.3665038581133012,29.619874037893247,79.86061251354461,1.9808415782179731,0,1,1,0.1952028088660927,0.016193217471238048,0.9190826729600179,0,40.10641091755904,0,0,-9.0454638780482,8.699540973512283,1,30.135598803742376,3.7958292075497657,1,-0.18149345040644865,-0.15603101007072234,2,58.33530857419261,10.718192611941781,-0.2077318197516611,5.991470370836083,36.10307355759038
1,0,1.056591866317019,69.75107378933464,3.3988849987877545,1.01373030292974,1,1,0,0.9982314442238526,-0.9929121351126803,0.2862032016561226,0,19.55161503503033,2,1,-6.6168599960191425,3.35769322470031,0,23.640038051137047,1.2108702629068664,0,-0.9088623401271385,-0.9904325471609317,3,87.93762072835345,10.093496955403793,-3.090775408757491,7.704388384347006,67.64447551829142
1,0,1.1300852450252186,64.97523135819117,12.720873962621743,5.473222931730993,1,0,0,0.8255617483660845,0.026161599717118966,0.533967826973232,1,25.237147739710444,3,0,-7.589213260014902,2.9385034343489083,0,76.86231731289332,1.3385864588869687,2,-0.018048362334197602,-0.02686971739201679,3,87.76496213807633,25.25815727723299,-6.293058002782184,19.395379439857276,65.09144765322941
1,2,0.17268491402505035,35.79945919638724,81.77180478799512,2.182737201862047,0,0,2,0.23010092846219132,0.3866412249155501,0.5455467165921198,1,35.28445991666993,1,1,-5.5334944675621545,8.402865212751415,1,8.161917368992455,3.031416936339178,0,-0.028821835963036543,0.600052534341718,1,39.5292557272027,8.947811162160642,-1.6010239849505332,28.29430895884409,33.54534494242137
0,2,-0.5922797788992102,56.64405801164796,69.63090590979633,2.3015527400148397,1,1,0,0.8803167436456067,1.1284673824286287,0.46689146496997996,0,33.79208545270075,0,1,-3.4993239760394035,6.389809103794031,1,58.386492077875815,2.8263268954556127,0,0.4557402121991824,-0.40334776378390025,1,33.534781040137005,14.30658943225846,2.0306367820824427,28.64468193317551,51.05844007113654
0,1,0.6618812213161338,60.523617883872745,76.76864598092283,2.5729783152146126,1,1,0,0.7864497962742352,0.2251909096460773,0.7952693772668585,0,46.565021599736994,0,0,-5.667966666578551,5.78758917721082,0,66.86534094829622,5.385049158027444,0,-0.0018515895733114064,-0.4023381901061117,0,26.357939025519755,16.114621801128415,3.2974665946589727,28.356039547984967,57.42622243439444
1,1,-0.48207780319391086,68.01606266692617,4.274172792011866,2.658242885083952,1,0,0,0.9885099447726096,-0.4561157629150575,0.4084764022769479,1,25.391013331885933,3,0,2.969909923672027,3.6946536084438693,0,69.85850407418921,0.9136662373036233,2,0.4851906019784981,-0.5562585517132225,3,93.05925732076071,23.000525295952837,-6.035891119398266,34.18902643502065,65.85154326404765
1,0,2.240041873163631,44.75586626431019,49.99061562903439,2.0667239796776307,0,1,1,0.3526162659537544,0.741077029383272,0.8339539455031468,0,24.86493305109716,1,1,-3.913028758047316,1.7186509775014047,1,19.41551593840375,2.7089783504708516,0,-2.7212723450633294,1.9697539576205634,2,29.1160632365974,9.944844501307344,-3.868143682148384,21.58467160923886,53.612981810068426
0,1,0.3438081636038164,29.675395489107387,76.49194337991887,16.327844901981685,0,1,2,0.12645907052162614,-0.9498454680621691,0.7815103287240284,0,66.70356920295751,0,1,-7.978996681072617,4.153333857938172,0,5.989791216975773,6.814770434284038,2,1.0979826683304372,-1.5571685560991875,0,11.692533945181166,39.63586255045207,9.085331355810872,7.782891132438534,34.455559260946266
0,0,0.6072838468887439,47.12974388416205,77.93235436514429,1.4623329521526958,1,0,1,0.5246833392074753,-0.3825181945672126,0.7227679553504064,0,33.57824227474268,1,1,4.706800540871466,1.5611976583293385,0,38.19893495612739,2.8408376317450332,1,-0.3711455546731629,-1.1139829578780458,0,38.75206662766041,11.604356332147008,-1.0301284107573565,35.02738624788431,64.78403658247672
0,2,0.8567606010595927,66.13601112794055,61.18246419294087,2.194354420322734,1,1,0,0.9140696987356862,-0.532474122021088,0.38346430834217704,0,53.27544550703603,0,0,7.800945874440664,4.372715516934699,1,79.39389228862674,4.561216200629302,0,-0.6303310607044443,-0.10189915916437332,0,22.216661762727476,10.706940608629235,7.848073549989284,34.68705932680428,69.42028065355893
0,2,-1.2513137233520866,69.87344185253292,21.799051530245684,3.910881000935977,1,0,0,0.9997562579342594,-0.19227187556115577,0.5647675802417453,1,22.062614998471055,0,0,-8.135693429573294,8.058034127483648,1,28.685532832872802,1.550709750930872,0,1.424119439231573,-0.2842473787986798,1,76.96551856986883,33.31241301049125,1.1350063837674504,15.485284729451141,69.99689475688834
0,0,-0.7589425088787248,49.66228760900087,20.88259745455382,2.488752094970987,1,1,0,0.6830847815331879,-1.8949613972020247,0.18455326004469796,0,21.345390962226265,0,0,-0.6009681327894931,2.7311025922432433,1,58.907602900370854,1.889911499396666,1,0.16403119633090585,-0.09515272310581709,0,73.5116589071761,21.29506702704991,-0.4685970348244535,5.066159932857339,60.07467348734999
0,0,-1.133272231545292,36.494415847659575,52.15505634890773,2.9286818710988913,1,0,1,0.4223093527652616,-1.2395269789965913,0.8314093501438325,1,23.173585929795223,0,0,9.73372916644875,0.9435289218399489,1,7.433529137963246,2.14262274594698,0,1.1443450564724236,1.4360618247270187,1,64.53130435718188,16.037617491009758,-2.6360410130084215,3.5568719180237562,69.8921576770626
0,0,-0.4566347574027462,22.673822401405282,88.42944084799754,8.666281677628428,0,1,2,0.19211544397553737,0.7530625360585272,0.6592599869624078,0,78.3410825224293,0,0,-7.404409584906329,4.797644705358076,1,49.39606627761718,11.895763205204855,0,1.1026769183355452,-0.7699753747558642,0,2.125780073540623,38.09618698584535,9.763286459603005,8.3456937011121,35.15989041121581
0,1,-0.45060621825492686,33.084811430661915,81.68435813738743,1.306858622468058,0,1,2,0.23979156143557567,0.28548674871910623,0.4847735941335629,0,41.744408181318484,0,1,-5.966615848484757,1.931622347165538,1,11.41931936487493,3.5647917781513754,0,-0.17520473627073269,-0.008272956174718732,0,30.050639059862444,13.921732600042409,0.03339711799515932,34.9958513782951,48.8393244852041
1,0,0.42554169898324723,38.92883254379862,29.309024969341003,1.3612873285097635,0,0,0,0.2900697242035518,-0.07876213687528032,0.4023779958391263,1,30.857359014571824,1,1,-1.0910468810674683,2.0987659598922814,1,36.29605241106291,1.5135295141808742,0,-0.658742113485745,0.3359136608354312,1,78.4948736107117,14.119439728055074,0.04997358749181835,6.138785363703089,53.85945711418341
1,2,0.610448515390814,44.77744564021208,80.04997469351451,1.8411646560014694,0,0,1,0.4054920153444147,-0.19639098192800006,0.5387493656049697,1,29.50505235752669,2,1,-0.3758984970928694,3.9474126164455274,1,1.4913919408763876,3.211854951645209,0,-0.4272648936407018,-1.308194539280465,0,41.14228442434162,8.639858890435557,-4.1624502990727414,37.6749451513973,40.207513829203705
0,0,-0.10080830659732108,33.08947415130507,62.12722830707425,1.970123623589168,0,0,1,0.23396308185180198,0.483920483320912,0.4070092116245151,0,26.388296197018164,0,1,-7.798570348355019,2.7298256886983046,1,49.08937691246493,2.677496106000539,0,-0.4997395198923834,-0.019507240257003875,0,47.01967241846139,16.31980133743917,0.45387027365675436,9.442867710364048,55.86569067238942
0,1,0.28946024183237784,42.34556564319226,54.400979812674876,2.275433612662557,0,1,0,0.3647451948140067,-0.016498866692044135,0.5560435453653427,0,42.7345627007075,0,0,4.003754456142467,2.8992435890731945,1,34.89918932287288,3.1802963087962173,0,0.02521609743377642,-0.2699405408298138,0,38.8737552484978,13.181984513177824,6.15973796544322,7.09832211989985,61.61502279942448
1,2,-0.9082348520774348,49.015527306624634,34.94422089653806,9.846071148683986,1,1,1,0.6058573203219246,-0.7004143716872204,0.2828434817930117,0,27.569517942284428,0,1,-9.199229291272388,4.358572814599138,1,59.67736094971084,3.052915704336689,1,2.0837337709390993,0.2199893585776628,1,48.35893427673133,38.15931945825544,2.563794033918448,19.24183029903428,30.486007493471483
0,0,0.09560427944018572,37.08080766030719,86.17978655322818,4.2041556232876,0,1,2,0.18659441256720033,-0.7227310830994867,0.8853467533818711,0,79.37155560408823,0,0,-4.9112830946648,1.6271385727801937,0,28.104318904481445,11.724784100989508,2,0.3285397342845905,0.08671778798620136,0,2.7058925016746507,27.059029429370884,9.823996037221452,10.436669240325662,24.924554560912792
1,0,-0.2109679546679127,47.51442082650022,6.6109214280900055,1.8968804681101574,1,0,0,0.4889334239858516,1.4918601666601574,0.6458022589187653,1,28.97377819887388,4,0,-4.68954283270723,2.5110779276207484,0,0.2719119820920479,1.1760237004045517,2,-0.44861201283199326,-1.7399017874943759,4,89.01160469540218,14.996602855210735,-8.749547566611538,6.6004202007007695,28.634311049150284
0,0,-0.0007780883957226456,43.763343000975134,49.4742769217687,2.355627179626966,0,0,1,0.3814174276376354,-0.5905527546670145,0.7137663813084478,1,21.64007078394659,3,0,9.97406245704073,3.400064395394164,1,47.62182047810113,1.635534624055809,0,0.017405473391036545,2.0956737003610697,1,74.1097578018136,13.407519436099417,-5.116352867537901,7.789097455288044,23.56482758883127
1,1,0.13203805880983255,61.324897003994515,53.697490317255216,1.4702925689315094,1,0,0,0.8945857696989099,0.3159340319914462,0.9722781752481667,1,23.977296367685028,2,1,-2.655092655202214,2.2584395583906964,0,71.03033307068019,2.3678081885943407,0,-0.6938036797518905,0.20632884021143572,1,57.0099935922682,11.833713464657814,-5.4837556455509056,24.118785764170525,36.792666771020905
0,0,1.4919260791754114,40.49326003454765,48.20375035310399,1.793379161385693,0,1,1,0.27344132495514895,-0.8936037124472261,0.050952398306032154,0,26.8689014365113,0,1,-4.673587758764515,1.218573194748431,0,34.17903655296821,3.0792289995029822,1,-1.3864808130185524,-1.1055588565637733,0,43.429494220996155,26.63817058988816,3.909351406420466,32.19884305028649,32.97390055547301
0,1,1.7747485441220758,27.00125263947055,85.12228811560708,1.6240339091309903,0,0,2,0.21755428026447632,-1.490468084661412,0.6658398546237104,0,44.66376197632442,0,1,2.6711656590663893,1.8431568456513368,0,9.566698381220608,3.4878180186992993,0,-1.9216467066791811,0.9047489924178586,0,27.41599964095258,13.177253785359568,3.945389102509324,15.027344196115697,42.10136670998278
1,0,-0.15592952834042648,60.984509123703106,2.189604924898658,2.062580981701292,1,0,0,0.8668085541970265,3.021846953788878,0.830406130204512,1,26.210166405464797,4,0,-3.058898566182826,1.6051956632906608,1,11.81120775523822,0.7859305250525148,0,-0.2065126616121883,0.3732177159948626,4,94.5648858416755,10.609909126783364,-8.850477519310987,5.269065475580444,51.49910526147449
0,0,-1.2136343925321498,19.200918489350713,94.1245040813894,18.662747186545502,0,1,2,0.1081550702660623,-0.36328853169074105,0.633944104295043,0,79.9041149187748,0,1,-0.251736840649027,1.6469046552456752,1,22.408840203478917,16.31647111189394,0,1.2863341099024406,0.2357436457357699,0,1.6728020034498359,39.92949322148455,9.932769709216135,20.95488893389437,49.51773457091467
0,0,-0.5224324738876073,18.40686148316259,98.91635354611657,54.598150033144236,0,1,2,0.11112812526884897,-0.19321151785599688,0.9310703290648887,0,79.9999356061318,0,1,-8.526853278589352,1.3954382720164735,1,29.786863740732315,46.16218329259615,0,3.208802862005354,-0.02011306535042954,0,0.01298745018117331,39.99997491934589,9.998293153652469,21.90917379937753,27.118185875580266
0,0,-0.13232228352446226,31.679484112124086,40.627893927511174,2.190776645917005,0,1,1,0.308409231223251,0.7981607890836652,0.6716077960232524,0,18.637293183721766,2,0,6.623212169866864,1.5353267979436978,1,49.256937955794115,2.1209405392698057,1,-0.1841701837402949,1.8492506099254702,1,61.052067951797106,18.741742592625812,-0.6734604596862326,3.0637102460214938,37.48335890456778
0,0,0.980344465912661,28.274060540784426,54.58713319014977,1.9364595633790602,0,1,1,0.17379783003559746,-1.0828006792029936,0.4711177909899044,1,21.7974531943469,1,0,3.5275771279375654,3.5119792303860247,1,24.66632480673134,2.6243690072387156,1,-0.5455823988223383,-0.5871224015128134,1,53.1373175751214,13.905330360788458,-0.5971523280279669,13.54307199361557,33.323592027614865
1,1,-0.15523841975056496,49.0328595172097,30.23487538731621,3.2088101474609756,1,0,0,0.5230455567056415,0.2675717737645255,0.41910174497984964,1,21.413583033583038,0,0,-5.5963528156947016,3.430647904531335,0,23.251330840560335,1.8157346243490933,0,-0.27714428235732536,-0.5314720335762042,2,72.39311706095815,21.944030550602562,-5.8903575798024965,25.23795253298789,24.47713653965622
0,1,-1.5075411185305856,31.299084171158007,87.24909718141912,2.1000332949940415,0,0,2,0.22755793920984363,0.03163078568570634,0.9784694849100901,0,43.65446085748157,0,0,-8.238259277346787,1.8463342343364169,1,20.622827099954513,4.08524526935016,1,1.2446799386376854,0.050138650766523504,0,30.180757693446242,21.129682677182295,-1.9813291753679962,24.35446321182017,56.253274362782776
1,0,-0.1787734402497253,42.329654590347914,30.65459260557165,1.7423628500046848,0,1,0,0.35023386435791437,1.2045115366211825,0.13099814005542915,0,30.03252407714198,1,0,1.4762971223189645,2.7732005066695637,0,8.560777518629944,2.4634848255884054,2,-0.38368986022264,-1.3827759073806964,1,54.90119283274667,14.174723703259753,3.96014287709062,14.115071274118048,47.05179891006576
0,0,-1.1305065904065779,22.875497125294288,66.7026032963247,2.6734309731254866,0,0,1,0.13036717635259892,-0.2662242789535159,0.6040276704478026,1,21.665839651160415,2,1,9.99803559142321,1.4474984353780156,1,68.46322922826248,2.263265240260704,0,1.290484727441964,1.4454985654686614,1,53.17873698229004,22.371573977833613,-1.0555194481319035,5.906406060297938,55.74970905572345
1,2,0.21252565908623366,57.37963827584447,43.29734374863785,3.4405777164275517,1,0,0,0.6763717462399228,-0.43593267599847474,0.693057907177439,1,20.19427265988254,0,1,1.478524638923652,4.257774222233872,0,12.957398148198841,1.8932036259771292,2,0.03678368620353591,-0.49939878112802366,2,63.36063606150236,22.528209666865052,-5.599146101187093,25.76503858579462,31.67736729144449
1,1,1.1774730862292988,62.01777478714996,27.467892267210924,1.2861789086537454,1,0,0,0.679537450903863,0.11345577062256115,0.5406280090367835,0,19.37045657978022,0,1,-2.293679772329684,1.944793380365815,0,65.24687160209693,1.6509116767119807,0,-1.3625596380939886,0.11987252920955319,1,74.0021791253045,15.292400309393317,-4.967650185937651,20.14735522130502,59.60039411462995
1,0,-0.19362899450709398,41.73272335108687,78.50048118797532,3.207489177209958,1,1,1,0.4927344269245611,-0.24282381314788962,0.7402726231985626,0,40.74246889066998,3,0,-8.13547473439762,9.09387234095386,1,46.38277903825998,3.153478588781083,0,0.27712973582510164,0.029007728461038593,2,38.345000655578296,18.149509514773314,-3.710210678350064,3.465975014134237,33.943094544408225
0,2,1.0155175732340491,48.960518632909164,93.64040894094785,8.454570818587575,0,1,2,0.32041732897717157,-0.0775767781375509,0.3051316956577068,0,78.44611779597429,0,1,-6.209783700013183,7.41449581071205,0,77.77299211883792,12.001286534199096,0,0.5484352904748374,-0.0767710221686528,0,2.6448413298484574,35.50405931231773,9.33037078818596,39.919160542906845,29.874466535478295
0,2,-0.7542922227304428,56.49143547062123,56.286168647155286,1.0600674470736007,1,0,0,0.6693096354183403,-0.8988611803126559,0.7273061403721646,0,23.0304720872471,2,1,5.980477669910167,5.528215319289148,0,64.07837564475582,2.3836084009036034,0,-0.12356031207473081,-0.5236987513811098,1,55.8395012801035,12.86644441436019,-2.496909876478611,13.128000251394155,49.47156014859284
0,0,-1.6469611234194117,23.151224749766584,55.134994374946764,3.2885816292190215,0,1,1,0.17853103288016986,-0.625562858080831,0.6181043779570782,0,40.00632598900765,1,0,-2.6913599169859745,0.813645191108844,1,60.456301866214126,3.3311605730491265,1,1.3409893266514517,-0.9873684067871464,0,41.638398211324294,30.56345207668711,5.80808582846638,3.03692721276575,46.19631069039463
0,1,0.42174015956136124,32.82769840479593,48.828033902524,1.9627382527047652,0,1,1,0.22945401606010563,-2.264774651232387,0.32621371764308094,0,21.75600565352842,0,0,-9.090038164787886,0.9840014811541632,0,9.677718560615013,2.3428955202115707,2,-0.7424241251416621,-0.5861604453289336,2,55.16892197726778,14.722216825202544,0.9916272389125265,21.733853863280125,37.76430550019677
0,1,-0.7880781026294251,29.27878920371476,84.3795773195431,2.263607684255327,0,1,1,0.23899676371619322,-0.045040933276975684,0.9043550792823759,0,42.47999995586139,2,1,-3.5658803453067467,1.5558949073495716,1,47.64696231357044,3.3333579545410736,0,0.0798213692428497,0.6223810402245268,0,29.991244473639767,11.906549769290237,1.3140011244351122,16.884705366850167,54.0812084002808
1,1,-1.9846323386396985,47.7456612651406,58.66995805775939,2.3639280611204954,1,0,0,0.5980765507615448,0.2066802015560192,0.7849658097145511,1,19.21542660102834,2,1,-7.47690673784295,3.628231147976008,1,21.622951992877972,2.3620472468274194,1,0.7412803159085641,-0.16497002734247773,3,54.87807869960354,27.199174641168035,-6.639889265625568,20.03184833658102,47.94394722829618
1,0,1.275880534494763,43.143569801346715,9.87218895359791,2.2604581114715794,0,1,0,0.343848832685362,0.509771993620808,0.4856928456323618,0,27.667527251762948,2,1,-3.6416142964735654,0.4142216311356775,0,30.969021317677125,1.558137788668397,1,-1.6332208141086644,0.3399351024987122,1,80.28413464487775,10.243856932517579,-3.9729380051006107,0.5726867164765825,45.32384347241123
0,2,-0.19456433487169372,51.41578098034324,96.48380051428326,8.139574499129273,1,1,2,0.6590663936677125,-0.10878085088954592,0.8603915666331003,0,68.21353356839604,2,0,9.13198089210616,5.99373407515674,0,30.399960770251575,5.50186999264194,0,0.9170550894651424,0.19245805027808452,0,9.230386707343058,37.367039604516926,7.460470522912658,39.701144774366256,26.586617503912727
0,0,0.27699013665662775,30.194977247548167,63.14720459106663,2.192724157663578,0,1,1,0.2504342051717803,0.22599081852165773,0.5357895270633439,1,29.685025589378427,0,1,1.7069113890194298,0.6115330412304346,0,13.846093838270317,3.0530762583355213,0,-2.13304298956254,-0.9263282949545263,1,46.83797848577085,9.8143394200668,-0.2261464138934688,31.287880867292827,44.55798851383017
0,2,-0.3334429846134771,58.459973441321125,47.2895534431425,1.9638627565058486,1,0,0,0.8235945633885443,-0.11185912495369803,0.5477923313468898,1,21.788432819498944,1,1,2.809608305982053,2.634098617882338,0,57.85099790917254,1.764776520115738,0,-0.9681566752778942,-0.04136111968508681,0,64.8085430538817,11.489381064291582,-3.5736077271673805,22.926270223603087,59.1519902004135
0,1,-0.835762701339458,24.562992204122878,73.1672242190631,2.891138866078387,0,1,2,0.10873242797396537,0.1191751148150685,0.4416560436596317,0,66.91855201028936,0,0,-9.660319039831464,2.133963761793043,1,27.03831718997535,5.12083647280266,0,-1.130647584298963,-0.605370832089233,0,19.295647918736147,30.963327678455947,6.73910496850808,12.233636044892133,35.43008251298909
0,2,0.40208539135377114,35.656209086981306,96.21966327874105,14.680839152729568,0,1,2,0.3383191456769691,0.7809147411149782,0.8009422280984677,0,74.88106992629369,2,0,-2.0591317134176617,6.11033848796749,0,11.421570606019312,7.59193234100154,0,0.5793357594109574,-0.18665266348147316,1,8.618272255536352,37.640406420439575,4.436665127978516,38.78489594619123,22.030966599803723
1,0,0.4506705247182377,24.34282000049318,40.35400807183672,2.1917515857298118,0,0,1,0.10519584365929574,0.5891506424640758,0.3047459784111054,1,22.33739359670187,3,1,-2.688428399312892,1.2755630944393601,1,27.79186801471188,1.7694385440886682,2,0.3525555434007003,0.5489507584823704,2,66.7036103477305,8.853442734472477,-4.437506718965913,17.845150041743874,20.34885609567206
0,0,0.7516595401638773,22.302970225234933,58.68607725306406,5.2725008516854,0,1,1,0.15867982037321499,-0.8938770354132702,0.2789672946589327,0,62.88928133602161,0,0,6.6110463833569995,1.6072532485267221,0,28.862523927977016,3.4496504412856552,0,0.02622744687274897,-0.917142824580058,0,25.37396543345815,31.380136880989657,8.090904766350718,1.5218687465730962,31.997338467632233
0,0,-0.24575816029515854,24.6382781297472,59.94111390367698,2.925758529655884,0,0,1,0.13800275794778144,0.5969945654343346,0.29133154660637955,1,27.717332262982517,2,1,1.11177884646324,2.8204592980815835,1,61.215474487213974,2.06761926870173,0,0.3899320900140462,0.5833823806717428,1,55.943519753010975,19.05162219835268,-3.8784019810985733,12.034156390122783,44.98167177325674
1,0,0.1526156431506858,28.28262050367637,14.19923821572307,2.467107840619554,0,0,0,0.19703746412148143,2.8733141634146797,0.2846387974222069,1,21.57582907610024,2,0,0.6569459818487733,0.7984796679695685,1,16.01276364457579,1.212320741193889,0,0.16559459207119265,-0.5725227596718315,3,92.90847453603222,19.20532771583001,-4.260117331451982,9.553427351003661,21.469313166019866
1,2,0.349431137623047,52.32263071288192,70.29137392154325,1.9839261354353452,1,0,0,0.6162663162427001,-0.022663938284630075,0.5032987070130952,1,26.981591720097455,1,0,-9.34084056225229,8.35374261656038,0,1.5176688248191006,2.3073843678441373,0,-0.9042661053994354,0.3206727614391256,0,47.98445606569107,7.832716571340765,-2.816013760869165,30.708275592144595,31.503808173691326
1,1,0.30305311592840617,43.64533610240804,18.868491170401263,2.7794143031958725,0,1,0,0.3600302766464575,-0.9848707409790596,0.23555557875287797,0,20.735299337244378,1,1,-7.9143932321840325,3.258170849278332,0,37.401414984792844,1.5023054173511816,0,-0.7924015079416347,0.24404389272802424,1,76.96634554530245,15.32058622627565,-2.9908979570330088,4.572218578595503,57.1816929444522
0,1,0.07121753247575,45.91832340011277,92.19453610193487,1.9068894934406613,0,1,1,0.35604826950484114,0.08312764659218562,0.2203902887234978,0,53.91060399044801,2,0,-2.4107008990819443,3.8703907655054204,0,8.193167852297893,4.432859197530194,0,-0.205387271300555,-4.5721175473875455,0,16.476847957529117,11.632512466902185,3.5546538050303145,39.63872107378079,67.55706788653617
1,0,-0.35865579167900674,58.79179425108642,18.65729508840333,2.277361199760089,1,0,0,0.8348548015593187,-0.09391203566245486,0.700846167588499,1,22.536546544692186,1,0,4.876047716456579,1.2874966170652409,0,67.67778981756697,1.3348962528188955,1,-0.21255664373610572,0.646445395807199,1,82.44214746966654,23.627999355247308,-4.990868121075669,3.852744069545737,55.29900574958136
0,1,0.21561428821609577,30.33149821803869,82.95847062024622,2.578066452746809,0,0,2,0.13602432510174206,-2.11224852461441,0.6083800028585143,1,34.503474588588354,1,0,9.207079605399613,3.597946028850505,0,17.435014753347772,3.001293253235513,1,-0.6877942715325729,2.1613612396679556,0,30.321870452752155,13.918150658112607,-0.31759250843223086,21.059569042454797,33.59777642220805
1,1,2.215486934237059,66.11526320129886,19.207879356714596,1.2114478926758614,1,0,0,0.873397167167372,-0.335235646068119,0.8815823789890264,1,22.202644688095944,3,1,-5.871641085233449,3.7271343986316525,0,16.278274842305606,1.5209088295762285,2,-2.118014272863265,-0.6178445716708442,3,83.36989097742297,18.008728314399644,-6.363700749673282,19.359073214943724,56.96830307696512
0,1,-0.8260396128570465,26.251107732260664,94.67067446895318,7.7721148553898045,0,1,2,0.23704867570064087,-0.8310487335736894,0.3984135729304797,0,79.58966527205443,0,1,5.17365764390242,8.166286135542567,1,3.692345424281469,13.52794620615755,1,1.207936121554752,-0.49447402460420825,0,2.5448878272862183,36.414651002370256,9.422216285287583,30.002830227281407,64.92610066042681
1,0,2.253024479478678,49.5438632854296,8.359825806475113,1.6924386712878436,0,1,0,0.358610660380708,1.8107768356126483,0.26131596626340314,1,30.15417402592465,2,1,8.574503983846128,0.37213671077297145,0,63.342007717563796,1.5527011567851179,1,-2.013942651865111,-0.40025132052951745,2,82.6408037080665,2.6252484802204856,-3.2893599412071097,23.12178098810316,32.742821540845654
0,2,2.5010697187256996,66.60837569432599,65.25319410286518,2.2637917139623496,1,0,0,0.8355412186439735,-1.9416735460591754,0.695440718192606,0,24.49987514361706,0,1,9.720323787552768,16.685387808154058,0,74.59913608120607,2.2761310033045565,0,-2.8232378754211287,0.6487005415400303,1,56.901064821402855,9.47377823594035,-2.7425536147798724,17.597423020535466,55.21074594937045
0,0,2.5774142212981266,63.43137021344005,28.88776520547318,1.108266222638039,1,0,0,0.7136554014394944,-0.9852396597964931,0.7709308469913054,1,17.74537191551571,1,1,-4.752029534200979,1.0717029932273985,0,36.90191043273852,1.6727897233761417,0,-2.951943748040431,2.2388652950681296,1,75.3977326354779,15.052948310204643,-2.424252993594748,8.630882892462848,28.43365940443977
0,0,-2.273572646409296,39.5707478407839,38.69915035685668,1.9833486129896596,1,0,0,0.5874719287879302,-0.5682254191470097,0.42756064807170846,1,26.04353169501752,0,0,9.992142129109393,1.7518175268831828,1,43.06728819266305,1.4445473672227034,0,1.209836303127964,1.3171698501756737,0,75.80118235615761,20.88390558383013,-5.724836333085641,7.461819519788914,68.66664781290244
1,0,-0.7169699859258348,48.61580126822295,64.78387809575968,3.452208094739114,1,1,1,0.5701898543226713,0.3506536342175804,0.5532222535884155,1,32.83967318929105,0,0,3.9427140994512566,1.1988954982243631,0,31.741574673871284,2.944639182737205,0,0.6012619729703758,-0.44852799598612136,2,42.18596512265965,22.50968308843135,-3.355974728398139,39.29318622880417,41.09570099114375
0,0,-0.9981272025030951,26.72495773212897,85.91026698611475,0.3214081220295626,0,0,2,0.19476907006770333,0.043980722258577014,0.39568254655868773,1,36.5048853860361,0,1,2.260705665762204,4.435248989297552,1,0.7408396413935403,3.774058028096387,0,-1.0107109169494304,1.4480987210660043,3,34.34491282769093,7.393120821341322,-3.140120910508516,34.17122323210264,67.9171708001161
0,0,-1.2772608276163078,31.803546723258563,82.4731356497986,3.7001550703528516,0,0,1,0.2535519700775779,-0.7179201258714331,0.662326865319949,1,25.06135278868852,2,1,5.516528689611464,1.5872916374899448,1,42.085512221449726,3.018605737811484,0,0.9276038445193764,1.2960392308270505,1,40.55153912113195,34.124766553518235,1.2055122774005511,6.821100414814188,51.63454748845641
1,0,1.364967789914166,18.423538022578512,61.09358985132749,9.522286230640464,0,1,2,0.06487962097832423,-1.1908454436546685,0.6926712860370738,0,46.80527775397486,0,1,-8.39508897299378,1.0510785624874064,0,28.61053603206213,4.100123975998514,2,-0.21816425074676213,-0.395815470934669,1,28.064925554592318,33.9925846399977,3.691871916563114,2.7560706536100366,26.462775555320142
1,0,-0.38247235807506086,60.46396154536632,12.130720960180568,2.610411007454861,1,1,0,0.8762448254250994,1.1616770720049652,0.6894333353203869,1,28.924109709776147,2,1,0.7875807110496034,0.9837110587186346,0,75.40490440960536,1.4277879754327634,0,0.49511857044290813,-0.17277015498144663,1,80.69979664067817,18.141099399101904,-5.099973937109437,10.91536456088428,44.85852460721003
1,0,-0.4713294799168784,31.382958328617143,28.36519902561369,2.058500726527885,0,1,0,0.22828455778669943,0.1751422643019332,0.44147051527672243,1,25.19065326463043,0,0,7.684788168155627,0.6858500356526833,1,28.08539581300359,1.793533403610751,1,0.08608141066006278,0.2493544177446022,1,68.23139935542468,12.761435742375923,-0.5048968131151561,13.607569960243957,40.27769595823359
1,0,1.5840407532423315,66.81937769597224,12.813277513534866,2.3453114851805306,1,0,0,0.9564701722743902,1.3598286995552846,0.6269151456848512,1,26.768740722596878,1,0,-9.466677913687048,1.7063853641719229,0,58.35902605882566,1.3019663842967668,1,-1.0278359204379703,0.44224511838608555,1,82.1973552769006,11.294236161016435,-4.521466706520682,9.0205184884087,65.04070228533462
0,0,-0.5435848714212278,25.528124337755813,87.96642572803518,7.137386072331167,0,1,2,0.23337154990742298,-0.04738977513279395,0.4718704298025329,0,54.58753451112591,2,1,5.282124892722475,1.2269948965760273,1,50.18970448486762,4.1412059637933085,0,1.3596385924110879,-0.2027184784625379,0,21.38546319930429,35.75741460545618,-0.5411562313549272,36.212143634441105,37.50637135979386
0,0,-0.2678717078530157,38.57412410287089,88.88383156496269,5.94657364293378,0,1,1,0.3669987030663331,0.7470943286720308,0.8720646120990636,0,70.5317635206977,0,1,5.475002718881585,2.1970280955508596,1,67.31908772625984,5.820718142674028,0,0.8956206634338875,3.1933955790362902,1,11.499194094876641,32.29109885386188,5.223503806170669,35.21260254080274,45.141964151528654
1,0,-1.8379986101794252,35.2545121415651,54.57179233655567,1.1203350005337487,0,0,1,0.2759539089507367,-0.22626174062967944,0.41343891852970005,1,30.871965908237442,2,1,4.748016155683036,1.969087915951599,1,6.6398616993065,1.9588777926189735,0,0.3422856472544213,2.0544490001073106,2,63.955628079055735,11.117652639300442,-6.40841947560544,30.31497253474484,64.31682892749181
1,2,0.5087138887301269,67.92729036232598,37.044860345433875,1.6997872588667693,1,0,0,0.9877217855564413,1.544605818665854,0.5261568887501913,0,22.459733623983116,2,1,-3.1049054095596595,10.417136008837755,0,57.94087720984385,1.970197291928895,0,-1.6767614008757397,-0.43303365812742006,3,65.88184273010117,14.130087106095939,-5.850616311739828,33.742484508724445,52.2587464205547
0,0,0.5489935798452319,21.264140725571576,98.00072059835563,54.598150033144236,0,1,2,0.1262638870328327,-0.6575091632757541,0.867834728779514,0,79.64801596974465,1,0,-4.264856279758878,2.32016561626762,0,61.321156504128886,16.045833064942272,0,1.985983894440908,-0.01580951023272554,0,0.804358107866987,39.99891230337314,9.436545897475813,36.72026180002226,33.3722300620463
1,2,-0.4464688793941395,48.64398420247889,57.103415970251184,1.6393607303059605,1,0,1,0.5404911754148515,-0.5976002422376224,0.45232057606681875,1,20.37334579547639,1,1,-7.472973657237274,8.278070949873925,0,36.546222922688855,2.3860642067083875,1,0.1826078912677891,-0.16017536115234018,2,53.53643166837987,11.662755044181747,-5.3808344962963774,30.195018438901254,27.623655969107418
0,0,-0.6929748411698291,46.18350133193438,77.4249391756062,1.6174986391162023,1,1,1,0.671360186931697,-0.2691417076123009,0.16204969822966286,0,61.36867652112579,0,0,-5.820452872077928,2.422877258491546,0,34.06670759495568,4.692262815129193,0,-0.41723858760231763,-0.3169394210098925,0,22.451632503882752,10.523200775071949,6.763535281136043,37.28678894193103,68.75396831548655
1,2,3.329465324041001,68.35659088635579,34.42659736417358,2.3716338753034907,1,1,0,0.8674885563598673,0.7555295175357378,0.6299756428497766,1,28.309069960354265,4,1,2.3041032290738563,5.129988761039723,0,47.71006779851088,1.8729100924891287,2,-3.2732143939001657,-0.6125794835862635,4,69.71468479370493,7.986677042823644,-8.43450391750011,39.661418286768,23.57079480984913
1,0,0.2822668451205342,40.06302401612696,79.04983474575893,4.9332453446017785,0,1,1,0.30252065851932936,0.4577853086216394,0.7700209899774306,0,43.02111380349824,1,0,-8.332248633231925,2.5338506152795155,0,52.77106384406942,4.138808665910373,1,0.4080827967041857,-0.2841062916563405,1,27.577409146439486,32.063836456274124,0.021394300334801386,34.533160744058556,25.15940882654734
0,2,1.0431440170898028,41.81150209485381,78.030679341116,2.261334601531653,0,1,1,0.330154597273858,0.6233346348182617,0.5335963997943316,0,60.61734513836009,0,1,8.28641067299154,6.94548228099814,0,12.684790328919027,3.658602947354837,1,-0.801576766667864,-1.1622431135473021,1,54.814432574072846,9.556443236056138,1.3964043681404625,28.081138694750774,32.60204555276177
0,2,0.21040470394958155,44.52810229378763,79.88124241814572,1.6855140987130408,1,1,1,0.45292094843312203,0.027242147790886878,0.05058444941966728,0,61.55318230508491,0,1,0.03488653390444618,3.6882905549644494,0,14.65851265028407,4.8265246849768255,1,0.0705730815482789,-0.39933685326356216,0,19.708674795474977,14.952273813627293,7.082177612376217,38.944516923896245,47.08028745914558
1,0,-0.6094088780544634,50.46876615405582,27.79888909200905,1.5206142045790927,1,0,0,0.6483087498990721,0.7186160607351323,0.5790087395768867,1,19.508568918054998,3,1,7.579912228736674,2.957781671378273,1,74.37555715667769,1.3909636572416988,2,0.6865773724456162,1.4335012498055928,0,79.51132092469979,9.90937172355287,-5.589353069213754,5.94783478736465,39.38678458636262
1,0,-0.1410931083272509,41.96630870306218,15.505834665109736,2.030071317540019,0,0,0,0.3205389091609867,0.0358393786189601,0.09673469235081311,1,19.21098298014277,2,0,-5.958671625576905,2.5671203885585427,0,23.494075029555926,1.3170051941144103,0,0.41017470041770876,-0.36071139450077105,3,82.07082949793491,11.765841513326512,-6.662607400307941,16.897282947955546,23.709467317087032
1,1,1.915779026666784,41.381641209340614,17.813891366932733,2.1731052253937033,0,1,0,0.29338491825240726,-0.8413234921131795,0.12484974996135062,1,18.536043504322194,0,1,3.36497623796582,1.1656071330859488,0,31.86434135715715,1.8457943299107737,0,-1.7529818729414357,-0.04891097986268598,1,76.13301575636488,11.4930345424103,-1.1443713529583182,9.781937981414334,31.0419657709453
0,1,-1.475946229247232,34.86223185468536,70.76027143366068,1.782906043362375,1,1,1,0.4940885069723563,-1.0428598497201635,0.3602347810649795,0,42.60797435334421,0,1,1.3758432210720564,4.029332050161533,1,26.24727527102923,3.7059214731911387,0,0.4902209761829927,0.12428528884969237,0,33.28806037222512,16.593037803791574,5.591774672000682,22.580000814729896,46.17875109614026
1,1,0.43288431884397616,65.73795777113615,19.924954905267654,1.9122939693116041,1,0,0,0.923874856401552,2.0451260178832027,0.7395094260683264,1,20.120557143445097,0,0,-3.244287194730151,2.611609748216143,0,45.60314904943417,1.3521852300145394,0,-0.4159365367343185,-0.2302540393088238,3,83.97372047038219,5.915894754387074,-7.627677665981977,20.669331496688827,44.298371909480636
0,1,-0.8936476463761849,33.47367304574021,77.39250413535976,2.54935006968226,0,1,1,0.3216760774940495,-0.261231332767193,0.6791373737780004,1,38.83279869221227,1,0,-3.9860478887374917,3.156140558010212,1,64.38771390754064,3.214020087908111,1,0.49035832500388127,0.40703450960179977,1,36.41128006706394,17.26144505816149,-1.307550924282836,26.974432921658188,43.23158455413207
0,0,0.8626294577123652,40.26406858233352,69.36070766184166,3.3340227362184116,0,1,1,0.2734501948114605,-0.5625541500776897,0.5055497613509946,0,33.37300734878127,1,1,8.25924918731953,1.6846240743982026,1,74.79845672395786,3.849455603433452,1,-0.7788915068015354,0.5623055773429674,0,38.424888302447386,15.201752585868869,1.7203867255333254,28.692034502010433,38.26565396836408
1,0,-1.8058428541143046,47.11768857415015,33.666078028034505,2.0360098741716985,1,0,0,0.6133962676420177,-0.6463293216722521,0.4767445884958622,1,22.671142611399144,3,0,-7.628405498573719,1.7211684054847582,1,5.854101955865123,1.5701169456705342,0,1.2014325845494653,1.3649399717240909,2,71.49510547934162,24.168419348560228,-6.037192957061837,23.792691382954022,66.54799738600715
1,0,-0.9062004703233865,43.62301165138655,25.81006773116584,3.3724113147228256,1,0,0,0.4710740393525542,0.17403281190240358,0.23465706949953746,1,19.07137731745285,2,1,8.226831823728904,1.8575728177765487,1,25.346938629721176,1.4518712633295465,1,1.0103775867103884,-0.4250206656389563,2,74.78414769291734,27.234987653833134,-4.534880851706754,18.54806236778672,60.684961000069386
1,0,-1.5632455016109759,61.161791813411455,17.569245224034997,1.7899692148956623,1,1,0,0.8902189961218991,-0.6540925144797362,0.6892564826101569,0,20.53091876323458,1,1,5.344046218255606,1.079206414721839,1,24.632066558562002,2.0538013486908784,0,0.5180964183286652,-0.02002826283433226,2,69.75742389571192,17.94183820513487,2.9548595924298393,14.435053793879796,69.92374256337018
0,0,-1.310460611868171,26.922362461479786,87.05045492475469,3.5171180096506864,0,1,2,0.17877564035292093,-0.017128708383212784,0.42188365337144457,0,79.24194052814259,0,0,1.2942320815892252,0.6473071006614431,1,56.023025272048905,15.689285682662979,0,1.0579095332660473,0.3113222462909471,0,2.0165492271405405,32.652716242908355,9.968021781933228,25.141217426305392,69.11774806804243
0,1,2.481057366328692,65.42587084444759,36.81969114756757,1.8054747900016848,1,1,0,0.748150205169642,-0.21449966989505495,0.4625595641743411,0,24.091009468432514,0,1,-8.39306077771301,1.767641924082296,0,18.2058460278742,2.203017436312662,0,-2.041244317832955,-0.5140101768810685,0,62.655185281264835,9.446785342555323,-0.7476900161931646,21.474390373261407,63.127039915168226
0,0,1.238906472948419,45.32435242229813,40.196715030362945,2.6143764306226314,0,0,0,0.3410036333409988,0.16775518280905574,0.5695549967689653,1,20.08750359641568,2,1,3.1130058216072314,2.980441360395395,1,47.05574636290096,1.9257718018161558,0,-0.7628341467793787,0.3393996916994264,1,69.09152233192319,8.803036751207063,-3.508662120717858,7.905546016949665,67.13777343717601
1,1,-0.8207670029767401,64.8854509339852,10.413307355977796,2.3242646975779615,1,0,0,0.9746703685886668,-0.6175261422145768,0.19776948227885194,1,23.652001021768548,3,0,-1.6837788967082137,1.5907732488607862,1,13.758614405242549,0.9772561552374979,2,0.410727846318316,-3.384382475619298,4,95.92586286931103,20.139138361316622,-1.7335601007398243,28.085166877799644,68.66820042480222
1,1,0.06066317821603427,25.110529291425784,53.81931023266198,1.9152179858984657,0,0,1,0.10043993348738045,-0.5597666810516987,0.3838148394834396,1,22.368175741571896,3,0,2.00687722237474,5.494375770552887,1,27.759229085593866,1.904427393460989,1,-0.375580263364614,-0.0672371422756569,1,60.563949540745284,8.27871112357293,-3.4459959265900952,6.71049938896175,23.60587422441278
0,0,-0.46439448234188124,21.414610023917998,82.05477958713652,6.471527984509111,0,1,2,0.1769279077465708,-1.0375297580669922,0.5153675950928281,0,67.38925073095966,1,0,8.290590130571118,3.2905052769218375,1,10.658334181421395,5.748601831413164,1,1.2000752755352748,0.6831726722868746,0,14.47560568144718,38.52777922786311,7.730660023477046,7.645205357057097,38.8449064163847
0,0,-0.526147397830611,29.354825182594034,72.78761877654426,1.8276248801013106,0,1,2,0.29497460345790727,0.2744102162112668,0.20993248183083446,0,41.98374824422978,0,0,0.8329945005388382,2.1504196589133304,1,15.83151352086988,3.6929004605975897,0,-0.4564478572712221,-0.41208514280311564,0,33.31440331207617,11.367936331623,4.910356931801532,30.23015340248717,58.34531087717477
0,1,-0.9038747810194929,23.99356682384738,87.78975732350818,7.291570800670988,0,1,2,0.5305463584066594,0.12173400471678834,0.48754138971983496,0,52.8562268342848,3,0,-4.7595303681969305,9.300392824534276,1,22.88192805385941,4.240470343793796,0,1.7927648989087877,-0.5360223657409224,0,26.236835140606356,37.008559691670385,3.626842132661965,13.806655220532685,31.2308077953874
0,1,-0.9488581384655118,20.031037750774537,98.82122685476031,14.12161218086865,1,1,2,0.24019063976761895,-0.9731247223611901,0.7922781647267891,0,79.77706950897749,0,0,2.254353813994216,3.717572854782036,1,1.4934942484421976,16.028259507708835,0,1.4637822359817327,1.0472007128506358,0,0.9543597931211845,39.59652814018767,9.41810788289104,30.886411258991608,40.90436227153967
1,2,-0.8380748657412932,57.964467269732495,39.97951364570761,1.5195757040079059,1,1,0,0.8728531924369771,-1.5678601838464576,0.24288651276604517,0,25.202409611049276,0,1,3.239755245865158,4.558498657908849,1,63.627076022120136,2.1379925888498406,2,0.5331970601682491,-1.109932681220485,2,61.229232372799345,9.115444425956625,-2.355569590660452,29.023460386158682,46.77915447284117
0,2,-1.4281950144808204,30.682208577908135,98.34143751758182,8.48841720089532,0,1,2,0.3072488037566824,-2.577677196958822,0.36034142957676224,0,73.21353793376416,0,0,3.799949229357617,22.916622820201116,1,47.598259224109526,7.002812544013915,1,1.8359673188919374,0.917335229435791,0,7.767071633814443,39.16820249440001,1.858432854274369,39.1945105531194,28.73124387911595
0,0,0.40393285860227834,54.334021053899434,52.45678334612101,2.0734785857400633,1,0,0,0.7035186974109436,-0.5258682792955501,0.7391687383084429,1,22.774879156271084,1,1,0.6666071085231771,1.8117637242723712,1,79.59810394650754,2.606839934071939,0,-0.5896842534620418,0.9846614328335545,0,54.628012908679416,9.40175862577063,-1.5702608191256697,19.357584646044092,49.51388411252342
0,1,-0.5517716221883278,19.56443061741739,99.48482281866828,40.41223669784102,0,1,2,0.12309116312752416,0.555235531993971,0.7060927368085029,0,79.99999884762926,0,0,-7.5634116733323395,3.766610723313232,1,23.127797938982148,54.598150033144236,0,2.5567808375117367,-0.19217160777383602,0,0.0015562715240780012,39.997695394116846,9.999990764607002,22.855660468447283,52.30378599702284
0,0,-2.729072700473561,35.920961815792175,64.51351383886373,2.2128112486751985,1,0,1,0.4751955904797241,-1.984221520239996,0.6922267578984631,1,21.438335058015983,0,1,2.003949260497162,2.904226792209935,1,63.18549374922773,2.174392790921803,1,2.062240798691582,-1.3403859957431643,1,52.36809684236913,30.494023545742877,0.03294112391561299,13.682204811053316,58.195959990853076
1,2,-1.1189917212878717,36.47014140130632,67.48684348852039,2.4590172379741664,0,0,1,0.26549065735594957,-0.01601047989071404,0.6705932496016607,1,20.377492871046062,2,1,-9.437177102569299,4.228311897765181,1,23.688614547657018,2.7267089537124547,1,-0.012727162709351661,2.5445175152699746,1,51.71592289839114,21.180703166052584,-4.453064378498084,20.674399359652476,47.37042500871273
1,2,0.7563952876710088,50.41234290090484,42.71703288810894,2.0357353463528596,1,1,0,0.48888763698264764,0.31833462229342013,0.8026411472158483,0,25.753517576582343,2,1,1.2503153502628415,4.033693788202669,0,22.151554868562336,2.2288983766738126,1,-0.9955452101614016,-0.21392927805286246,1,64.88179097405833,12.126662381575732,2.1446208017879265,9.24240495716482,35.61638903104884
0,0,-0.11691000845850898,38.993191276570755,48.48886187903899,1.873622720231174,1,1,1,0.43108421637180494,0.8441076135993157,0.45546602586511675,0,23.601392050651164,1,1,-1.3034463633678186,1.7849295838062365,0,10.673506322218849,2.5069566909771344,1,0.2750009554293137,-0.5149214972408102,1,56.752180892233575,10.107976529525748,-0.7011452791858854,5.444631626276816,54.864857293221384
1,2,0.9427883745914944,68.84748591084154,4.1573151695659565,1.9559016777327958,1,0,0,0.9814560023981554,1.1060446749188861,0.010477934066290717,1,17.79072461946533,3,1,-4.311227190103795,10.391065556331244,1,32.31941095375005,0.8534677482627393,2,0.07419768128897083,-0.5872760699307883,3,97.6998619586753,16.837530790651194,-7.068947505497669,34.78476446405934,60.54580596543788
0,0,-0.0875553100884128,23.38558098842925,70.52958516538206,6.269991208938027,0,1,2,0.11014345651551105,0.08365754870229626,0.5339226855980205,0,40.420707992928406,0,0,-7.105227449478056,1.0697581965474678,1,26.26583251251123,3.515429802096321,0,0.6320144015630813,0.6145560267526188,1,34.22924490723286,35.66456209082388,1.456191997202069,20.370534359681987,22.24138852587451
0,2,-0.8536057696353423,45.19675890403935,99.2903261184862,4.741176878415422,1,1,2,0.5009533608266398,-0.8561786538415009,0.45351573452338345,0,78.20160866679923,0,0,-9.54473631320481,13.930825066811213,1,23.515365268237012,11.144267751699154,0,0.9738365179436872,-0.1294358376115362,1,2.596856803166392,32.05287961946759,5.705082001279905,39.98991606960249,64.66262749765173
1,0,0.7961375796281203,22.247340735553994,46.97163026469825,2.0670289353760287,0,0,1,0.22204673961843896,0.5917513038878089,0.6787191135705112,1,25.004269993112764,1,1,3.520664725725883,0.5724827162769353,1,25.356251565467343,2.157255579132567,0,-1.1717158901721398,-0.4132136738849673,1,64.55662446701942,7.431945138233688,-3.2788546510599286,8.59541480354099,28.110738218412504
0,1,1.1488553246649935,41.923096088413445,30.143307394645635,1.7841437819760333,0,1,0,0.21333734554352712,1.6696937254519117,0.050259399462128596,0,21.979249488826373,1,1,-3.95768219642817,3.076698918163737,0,28.332473524803994,3.3153435606705357,0,-1.3225351144843478,-1.6818065931761759,0,49.218734358432,9.591095656321558,4.578836419842691,17.600572900045854,34.129006539077864
1,1,0.891392765700595,36.60111020864824,61.44942034425236,2.3216381617500406,0,1,1,0.24462233746556283,-0.19577376265487784,0.5211519188284455,0,23.874464233017243,0,0,-1.539695132325738,3.118129998973965,0,21.0167119922161,2.815047763745376,1,-1.384750325193987,-0.2552261168452957,2,47.03266101195013,7.585769661447898,-1.4494722665623865,27.824485189261495,22.620055862850105
1,0,0.2360771798268236,33.164757945782895,55.50812779838764,2.166375377149869,0,0,1,0.22756496347902572,-1.7052969931529822,0.9303524403826813,1,21.934017938667534,2,0,7.383323132034665,2.4168887136074106,0,29.361952974594622,2.0416513270645313,2,-0.23919283556282053,0.054870095450792855,2,53.50583858837393,12.693826594805513,-5.483772850881116,7.050520538821521,29.255511796762313
1,1,0.23761988149752483,44.375430929778595,55.290507226673654,1.7678229205699398,1,1,0,0.47577109375243287,0.7181467785652563,0.6894020424880652,1,21.90874490560592,0,0,2.899577838498397,3.450525364804914,0,48.126867524610844,2.7501070813429584,0,-0.26431735447631405,0.2953307040570989,2,48.75288371030791,12.08460081299811,-2.9191733138183,25.22249547420454,54.61701950216516
1,0,-0.05487436244016299,20.602438976275455,68.34697278871859,6.767447106250495,0,1,2,0.1670441243540403,-0.2754324215254109,0.21733640670673499,0,60.64917402833784,0,0,-3.7814182201411706,1.6044556209430691,1,24.326691623560937,5.4429779696920395,0,0.4901808393503212,-1.151973145817159,1,13.537628954706443,35.662194009088736,5.119750013753128,26.109927513528927,31.398113383792357
1,0,1.119056301326086,34.21294907382013,33.74014070963158,1.74115567109769,0,0,0,0.26927682149311116,-0.027292293979703897,0.46200582326279704,1,34.33972227216852,2,1,8.423880132776137,2.932500034351673,0,29.56013776884606,1.7009154023483484,2,-0.6737877048131111,-0.43801014492046453,2,74.89206706384614,12.610878164971975,-5.850499161130643,5.93612370687018,20.99716684127613
0,0,0.9922238108703215,19.537742460837855,68.75015522576857,3.2609421683887536,0,1,2,0.11972732432336708,-1.1129902283705788,0.38795278540896977,0,35.02719774083324,0,0,-2.376818721887883,1.1577278335488894,1,16.212436511692015,3.2623769107173097,0,-0.7461591239012431,-0.7082046068534233,0,30.669812644474824,19.05087676250715,2.307695212862047,9.870551857429493,33.7819519078761
1,0,-0.15968077550643145,64.18074724128127,54.040231298091626,2.516871376034919,1,0,0,0.8713665681879548,-0.7692964278391601,0.7247591959725688,1,29.07854850772062,2,1,-5.2696731343242345,3.8399917915297057,0,35.96020429603683,2.5181052165070694,0,0.8310768161240148,0.04763944099532686,3,59.208575470153114,16.7142199049753,-6.722415368695741,38.647954241262575,45.95195323807219
0,0,0.9159111368295872,22.549132615406368,68.61888028655243,1.6747913315519776,0,1,2,0.16556385434124132,-1.101915999107799,0.0016944772852324763,0,68.76602853897694,0,0,5.126111714165678,1.1571928957172588,0,5.4316036510334875,6.968133637969291,0,-1.0127992555745162,-0.02541758957400134,0,11.924040549939868,10.788983820525315,9.609885916977792,28.50145302893102,53.94043879613667
0,0,0.7848109320523508,36.88500918955788,51.201775575963424,1.8183216324162048,0,1,1,0.31885986015746215,1.5033484959954964,0.4832354823471066,0,18.594181523078163,2,0,5.206243427666873,2.3504878396272444,0,12.57463282581294,2.6126162480875155,0,-1.0591438681404932,-1.4963183834824834,0,48.97517324044004,9.60352593522855,0.5313946901042179,9.679090391161715,48.57263340160921
1,1,0.20119812828728995,38.00910819940712,86.61405539091034,1.6146509386051027,0,0,1,0.2316965219377362,1.0957650837140385,0.8499197476305824,1,29.21137644181288,2,1,9.99902728496727,1.8203867590420104,1,5.422129954207429,2.660795891214972,0,-0.7773917277091054,5.424255431254783,2,47.490427180858376,2.63879657519007,-6.584879128448278,39.459722161661084,36.9987349673741
1,0,0.5115970537597632,40.323436409658655,17.14607813031742,1.8654236302734848,1,0,0,0.41033444368106414,-0.20600544980911054,0.11587484743757126,1,38.35929147186962,3,1,-0.30254773990253625,2.385852629786699,1,19.961027102164554,1.1795289470579289,2,-0.6556715495173236,0.36512310133573095,3,86.00451905569214,9.59451952553498,-7.5151256213762485,31.915605917794263,27.05556254141317
0,0,0.29350733544904334,34.673565908555204,54.55160539133033,1.7771157364167427,0,0,1,0.27268375942606216,-0.3914916098588667,0.611379799136994,0,32.136397706297565,0,0,-0.5143119707972801,1.2790001240857574,0,39.34093390171814,2.4314766992169474,1,-0.6821662146269907,1.9497041951299388,1,61.375154362869345,11.088824154257662,-1.7539599296207378,15.823052349520918,31.893985580417365
1,2,0.32378698476352447,60.825815695231675,25.816518594768713,1.6000170098260356,1,0,0,0.8182543840610701,-0.07011291066776557,0.5264523648105902,1,25.291966953252533,3,1,1.1277098254216948,2.3073058065566445,0,69.88292237568157,1.6047582491719679,1,-0.6022689825403706,0.5643868152540943,2,79.56655048679615,10.257624943248487,-4.157313104695493,19.143143128410934,28.75942711406037
0,2,-0.08171411371403392,62.508284553935454,37.002500241445965,2.087784986163451,1,0,0,0.9234993802055773,0.058780482613133254,0.4994513897635184,1,22.803399524629032,0,1,-6.763926078388761,3.2180542309318354,0,64.19499873205594,1.597878635685354,1,-0.2985759728450683,1.302994019606535,2,71.2718055798386,8.772698606722402,-4.489692838208662,21.38670633321635,48.52436423290212
1,0,-0.8595276257208089,53.71072873476888,20.667825804832855,2.284008144824541,1,1,0,0.7225083366834733,0.6283970296646729,0.5319938864607122,0,21.259170210976816,1,0,-1.9028698351725346,1.8489541806695868,1,58.97261531959079,2.0800781613067136,0,0.5760762546726025,0.2941122000767194,1,66.0060209676183,19.629402983156456,-1.9197234148366515,18.238578959249026,58.26207575967216
1,0,-0.3731241768327256,46.32182237386282,70.15966970709772,1.7541002079308898,1,0,1,0.4189046725941017,0.6529478535539341,0.9380058006431763,1,27.09984327840255,1,1,6.535250913752904,2.330833250457234,1,27.49878374442842,2.8091104946657364,1,-0.10552818466411508,-1.1053975823703464,3,45.57538598623173,10.385959042930985,-3.5187557298378263,34.27119181046664,40.15389358319413
0,0,2.1060887564385813,35.81471237675038,60.4423704111264,1.636906028477314,0,1,1,0.3760394473582986,-0.3786675595796345,0.7705979151436999,0,46.16952299055999,0,1,6.331433352774319,1.731224294445548,0,62.321753773921415,2.86341137937934,0,-1.9946356436682773,-0.1508679343158585,0,42.916207337724366,11.759349291320103,2.0401461546637893,4.640851784097628,40.75211999638533
1,0,-1.782487396938108,55.360047441082514,44.597087431158165,1.5750370739900648,1,0,0,0.8598167857266261,0.08494982067395451,0.7889709369966915,1,28.12720272088088,0,1,1.0922340769311987,1.2425973872418452,1,38.723942251823786,1.9889195069293615,0,1.1099971005389628,0.6595209017758014,1,65.69773209012038,14.859759168205056,-4.444578711841451,34.62925552761304,69.85684423220049
0,2,1.004495928810135,30.968563990072244,91.68851862203147,2.739212952954941,0,1,2,0.20893895018012115,-0.3689393035830536,0.1249088065553674,0,64.42257761053632,1,1,7.690973016600708,6.25988983631786,0,0.4930815924064369,5.449259669324707,0,-0.3089792011600051,-0.06567108820576047,0,15.35088281917169,9.589242685960837,3.0936703716856524,37.41221255391693,33.626448680844405
0,0,-0.7839107078679324,57.81730957058364,44.62331978821649,1.7533653369705813,1,0,0,0.8383725547247227,1.2823501585822932,0.618704078787065,1,30.386030900079135,0,0,-3.379876141763334,4.320218633744302,0,16.183787073952306,2.0505058377663055,0,0.014111933925043922,-0.34146215003706415,0,64.17349737677436,7.968004488742324,-2.6854721486550286,4.091562273476262,68.32533213174652
1,0,-0.31691162581433174,37.41588773863243,20.546350453301258,1.8697440199579851,0,0,0,0.289529922078222,0.42375706644266287,0.5691888266118403,1,25.30854999480729,3,1,-6.18724322462831,2.4584110028401476,1,1.2917721811269356,1.355259562592414,2,0.012888011561540548,0.12746878222539282,4,82.41969153604711,10.273869763390238,-8.868183401803645,17.44948926734782,26.617004013763776
0,0,0.4288382623806575,25.539432037596058,47.06588745448093,2.2658829604763593,0,1,1,0.13221200575714803,0.7555481482196017,0.35284438231129883,0,39.4811072099288,0,1,6.897992391538352,0.9164639433164867,0,11.844993682554112,3.892627293267021,1,-0.4252711133547218,-0.37131449620720647,0,33.12983138369702,10.91795140229281,6.165235704852748,5.532141526001784,32.83504922688938
0,2,-2.234108187054788,45.78693678586117,73.28340748408664,1.53283328745446,1,0,1,0.7320690743828547,-0.12029906794399148,0.6613433189845596,0,37.70819010919368,1,1,-6.57317792820472,7.533027157259343,1,23.920281831303164,2.761063477872566,1,2.520559744171804,-0.020449827616913933,0,42.790578719370075,18.472886570037907,-0.1799276274301036,19.857788317384784,58.180193678270285
0,2,-1.543465845340728,37.524621765198056,70.3100105844765,2.5080933555662464,1,0,1,0.5676247951609694,0.7764559420961963,0.3612274173101975,0,28.70771990704683,1,0,-4.1247163337666235,6.3379810043628515,1,8.71214944527226,2.5091516407145593,0,0.9350941080927067,0.2081697611085018,1,47.55241451382702,24.8329589322058,-0.8337010067680897,25.651034939045587,61.98637095457411
0,0,0.11651431505608081,32.99500829840808,68.39617233104003,2.7779613324941628,0,0,1,0.3030378186407182,0.6783785441567249,0.6581459877974329,1,20.068547795365387,1,1,6.90436816140549,4.030815772319732,0,16.536192963991695,2.9614753590035408,0,0.17556590766531993,-1.6544539063439347,0,49.183178352264314,17.730476736065064,-2.912220896082359,9.289044937942762,54.38269071847383
0,1,0.48643161450744293,29.111461107300748,98.83740938399472,28.852304437498624,0,1,2,0.24399678262313396,-0.6837388350902139,0.810916306610654,0,79.69978243420678,2,0,7.206270712329609,3.4073897114728156,1,63.07210014983628,14.781204295883509,0,1.579505932808394,-0.20788230550389467,0,0.9147700272329751,39.888840142093606,9.629420232394875,39.94096391794065,29.54689969695004
1,0,0.7769454815167248,31.558061161577864,71.08917534427046,4.69612543748028,0,0,2,0.23031853965734295,0.8925484153803542,0.9998673974437022,1,34.58433775321081,2,0,-6.616352623333684,1.3999577733237303,1,46.102125988303506,2.8549496947302626,1,-0.4764189099243935,-0.39756781566277116,2,44.69606552454785,25.946930475853407,-3.6524931395221305,4.336974397506181,28.223963956183987
0,1,-0.6052040393526616,27.891903058851888,81.56262360650102,3.8288420227087796,0,1,1,0.25490820119033647,0.28436460542871855,0.5967856430207867,0,69.39634469695781,0,0,-4.024684724808296,5.891093200436943,1,33.67812866120766,7.186711189088542,0,0.7871417300464215,-0.18869699769830112,0,6.768566873772852,27.82226402960371,8.134934110363595,10.23560706708677,39.24369795743703
0,1,-1.5802634000353686,26.7148226610522,91.81771771205457,6.392349118568163,0,1,2,0.20636045241316703,1.3063490823832353,0.5874990721025327,0,55.274586565971724,1,1,-7.9335143153003775,3.8501699999245362,1,34.46376044101741,4.250308996114734,0,1.7145362993287487,-0.9147250091109175,2,19.363974397238803,38.01041157789321,-0.7903934803639316,37.761537715245936,37.78394394870743
0,0,0.18387758145831531,23.29954952966947,60.53101728525856,0.8355424499720225,0,1,1,0.1608423832621056,-0.9647178064393696,0.7592006517036889,0,22.82569787800233,0,1,-6.306754627111903,1.6271551917157747,1,18.555358913894274,3.4097947843905163,0,0.36873554197971825,0.250126277625852,1,42.148588124388425,13.81822304041812,0.7613762686745993,4.6889692882635625,28.06984781789332
0,2,-1.0647268853387644,41.5283721741135,79.7719627121106,1.571463518600241,1,1,1,0.5508602991384881,-0.7776069888520913,0.10875505522592421,0,55.99882768141856,1,0,-2.1402253741080752,19.70756401391728,1,39.182716479661,4.249738283490951,1,1.3150370796501951,0.6051078692013264,0,23.82846466948002,13.599636956075493,8.651151066999656,21.928210612543623,54.701013549447744
0,2,0.9918558928609422,37.88346073825871,71.38211066717562,2.951979684472517,0,1,1,0.23629698438994678,0.45604794328934134,0.2569970025255318,0,58.51792250815141,0,1,0.13078838557065886,5.207531040974144,0,40.67674797935538,5.022416008387459,0,-1.1936286475715014,-0.13853644425662837,0,21.806153317735767,11.984937707731259,7.802961752983887,22.339420928053762,27.15401416071304
1,0,-0.7929956476042053,39.61831555788687,9.534070059610888,3.000786731407132,1,0,0,0.5105915354273975,0.6120567442829759,0.5061749908890935,1,30.496463600848415,1,0,-3.4034921239597953,1.4458601138564404,1,50.59290340073818,1.2798666590825896,1,-0.11373463316939861,0.013509355062075538,3,79.73281179100455,25.2091084965614,-6.325210999301123,2.5556016757693145,31.078643885052927
0,2,0.9463319314331323,41.41242288092475,79.88616222383794,5.677428755216652,0,1,1,0.2955759999610647,-1.4283065521843579,0.8125664537269389,0,53.04958493568316,0,0,-3.5416028604026213,2.87331830398593,0,46.85161137635447,4.116218402205504,0,0.5699103838826127,-0.2715960471629551,0,24.236302859574888,31.665418296265628,4.909185964840255,17.738592455878436,35.42637108637406
1,2,-0.3646306882005899,65.07071163919242,51.177194183369366,4.302865850641798,1,1,0,0.9477975515902357,-0.7237211287932996,0.16568391444281783,0,30.283525432554068,1,0,-2.710021848339408,12.873301161915881,1,63.204851956126475,3.38993220937093,0,0.31674418647819796,-1.7890224207329073,0,43.203101869318445,22.923523133489297,0.8469966403963944,33.62442217103434,50.715060710050366
0,0,0.006011017052146143,19.070008605911877,75.04968968236665,15.565158510315523,0,1,2,0.05309243257074375,-0.8784793559902162,0.4672752645781301,0,78.27641870858137,0,1,-1.7276446398132137,0.8261518400818084,1,42.45239368276371,9.064749329210128,0,1.439365586170811,-0.5216007279821384,0,3.7247487829093764,39.43199366366151,9.916394468249976,1.2241672433501583,30.58191365431354
0,0,1.138759677222991,37.06368314182667,27.698392957674333,2.0077879968855314,0,1,0,0.32443859108974826,0.6234605221299321,0.03788279368005748,0,33.60547538028455,0,1,-4.396167064337316,1.4043196200202233,0,17.720175996279565,3.128917188277689,0,-1.231368276651468,0.20339497179540103,0,48.28318955702052,7.211937766158403,6.193823516131541,10.564244245631919,36.64298981263512
1,0,-0.8054444822788923,63.7168895018671,0.5019585062922827,1.2035359673692803,1,0,0,0.9248929843150302,1.290969165269708,0.5761389779367873,1,20.568117445012255,2,1,6.563581361783392,0.3713977320017607,0,79.99475990731747,0.8000085877928842,0,-0.48931987012311623,-0.9811421992758701,1,97.15443919612187,11.375440831194133,-3.0100646430279347,0.33076808701348215,58.60339104929195
1,2,0.9585916638963419,64.53821154141588,27.884076124570306,1.5063970848336488,1,0,0,0.9046493546728507,-0.13734327707709496,0.5477410951037677,1,21.376826160134748,3,1,9.364783257442578,4.3918099846966525,0,60.9221255418015,1.5861471324809726,2,-0.8421058156732083,-2.5966764288828106,3,53.7158413371497,11.889411202692362,-6.247542883337349,25.040979448754936,21.41827084723768
1,2,-1.4413810847205633,50.42790471026461,99.85716998712506,6.809183463697048,1,1,2,0.7458682929045426,-2.019208753329649,0.8693619108140731,1,78.21013133786852,0,0,-1.6810934385862257,7.220125809472183,1,8.710030526923127,9.338307608857345,2,2.030936265824898,-1.4133375068272962,2,3.768777196987483,38.596286982233266,-1.2197941222333952,39.99999860461714,52.031490934670344
0,1,-0.6383267324353469,36.169961104353575,44.62323531060716,2.5546565002077357,0,1,1,0.2306495106246068,0.4544055843303118,0.0738912100268147,0,22.340796210033965,1,1,-5.443592366631168,4.194934146809571,1,27.013730502595678,2.588023517374603,0,0.42441252030145143,-0.19189259119572183,0,49.42379775108234,20.609964308386317,2.564420255700462,8.010730871992003,51.94687788670406
1,2,-1.2584095741589973,43.4244983517484,78.39443096840009,2.381417364227943,1,0,1,0.5652052720905172,-0.5067993610115155,0.6170984196602433,1,31.53822813268631,1,0,-3.7572682395834267,9.748386522893693,1,21.43658581572586,3.0998760031982204,0,0.9677607214202023,-1.3718980028404626,1,39.14111276533697,25.30198312584455,-3.2256248273125765,31.083223164571905,38.58453248036809
1,1,1.1699757786254543,69.72767085626782,2.134050281403449,2.0069425102397824,1,0,0,0.993386402198801,1.9059345305980526,0.49627291621662023,1,23.442258595273458,2,0,3.7675644494257234,2.148210495838757,0,62.98340317779447,0.9463667542621224,0,-1.1764992155898695,0.35275603523813476,4,93.55884228385906,8.50708005868386,-4.871109909035121,19.988534411134008,67.55373523393502
0,0,-1.013507781429277,19.959203436628307,73.99688569630666,6.364912917640245,0,1,2,0.11111003323468066,1.4389153383783573,0.43050390688304685,0,64.21616485151723,1,0,-5.010433674017367,3.100351253323128,1,42.43189310794915,5.18298495650899,1,0.9670778790235794,-0.6401981912420757,1,16.39470166759675,38.50030177014359,6.598182568740498,11.058673743422471,48.9567476416546
1,1,-1.2616130769922178,45.119706988713475,44.76153760015537,1.584308115521402,1,0,0,0.6869801605614289,1.0672447270553915,0.6459217964009948,1,27.2346838763435,3,1,-1.121856205490234,3.503079170283451,1,36.369355381494955,2.0702710785750416,2,0.5662214345757433,-0.09879444022182833,2,63.748613350002024,5.838313932290626,-5.181912485645238,21.733576688333848,48.45584950370221
1,2,0.6688336058797347,69.64935630865706,6.466376367035542,2.3273055162778413,1,0,0,0.9962245630246196,-0.09761056331691807,0.30548327072005826,1,31.859198592105507,4,0,-9.659700491241347,5.74581814662218,0,44.27443083810295,0.8301936691442237,2,-0.4262513724183557,-0.8841975690965046,3,78.58658662952591,10.235539337299372,-9.01224751749615,38.64015589980426,40.5920089805972
0,0,-0.7712159929898805,29.875920816097512,64.38155072549479,1.440422998539904,0,0,1,0.16505056179887795,-0.24364985907722145,0.5045183211928815,1,32.90084669337967,0,1,9.565651541580369,4.230577679603705,1,60.15865850522458,2.5520365509178617,0,0.27927973181153165,2.93088581211682,0,60.28190063689324,11.291071276647067,-1.7103673801762493,3.6471351820885634,53.04430844730896
0,2,-1.3300493927168184,48.61196431619845,65.92018526006021,1.699091465595022,1,1,1,0.6516710531865962,-0.4442277867549456,0.33854721001359567,0,41.25865730370194,0,1,1.9193228980822052,7.78670729063005,0,29.89552715574647,2.8586195564498698,0,0.5522734856190626,-0.8497860396179242,0,40.74783932636228,17.07862149637233,0.805029825482384,27.221151198459506,35.46077038424319
0,1,2.6503410653552315,61.92620490498923,29.07936937211354,2.387488192623449,1,0,0,0.6321322594472356,1.0554428662117865,0.27822559367998245,1,21.803861098633632,1,1,-1.9998757144987902,3.597004878552195,0,61.470520092391894,1.7673646051285974,0,-3.21787967590992,4.8872396297122975,1,73.53046047588711,9.908068987608337,-3.7664466842493898,17.260271511931006,23.544595901347993
0,2,-0.9591202340114633,36.70999893200222,71.29911362526202,1.6452909658271069,0,1,1,0.3439925201853289,-0.7241319854636025,0.22242227261348324,0,34.82162095271919,0,0,-2.4209450134930597,5.908382354918577,1,15.09013691636046,3.0968361631969192,0,0.613022520832291,0.4548886305158111,0,35.06855609636401,7.181216392962941,1.2961767198482228,20.608062809378083,57.88336422408418
0,1,0.42092424423493663,29.99927925400049,67.12262379045654,1.4782522571142873,0,1,1,0.16022933880717993,-0.44178726325301987,0.5273306389240283,0,30.549089174046934,1,1,-4.535542959800745,1.8550759794331702,1,14.256290172856726,3.3476134275295037,0,-1.030583282062081,-0.6133339260164413,0,41.04033027330251,9.421771705577743,4.139468411749521,14.996202790326976,54.64732087305181
0,2,0.9213832051871111,55.323709022965005,72.44989382818689,1.9749152291588885,1,0,0,0.6968510607411065,0.12355706289265299,0.6715894124664518,1,28.747852719756978,1,0,-8.20345584447259,7.035947631905791,0,41.0987895990999,2.8483579085543345,0,-1.901540749755384,-0.4576464824943461,0,40.37200908101361,10.742964914981666,-0.41581679650334635,29.119513162367028,44.294661501368374
1,0,0.9443441904968413,20.348859245698424,40.823870280037525,1.9917759747375834,0,0,1,0.13061957617930403,-0.2187454778399875,0.06956709525041244,0,30.02213952483972,3,1,2.112096304904469,1.3685412129557384,1,0.495645233192783,1.6633963180462668,1,-1.6991043717283736,1.8383606715480645,2,65.0894239797647,7.590412163611102,-2.4452614669542605,10.049264939020635,24.124819842905683
1,0,-0.44390357052487817,40.893253094848646,34.870986744964085,2.06084903924954,0,1,0,0.31567484909465726,0.4018273117096937,0.6373257533143016,0,20.786680285944897,2,0,-3.515300071801306,1.9887617014283752,0,1.5083762715567328,2.035311778066071,0,0.10499762096742443,1.1926757383241438,3,67.30875952096423,13.113744913462796,-3.3237937571773912,9.213215734151268,48.8342701608002
1,0,1.162836094080592,57.03541394723997,14.506978077664051,1.7550272421009736,1,1,0,0.622757043420074,-0.5711817973855455,0.6125188636533405,0,23.233429584900836,3,1,2.1697901947569065,1.7240180861254237,0,30.29390207843974,1.4966360971545005,1,-1.1002958693392286,-0.6658776318143174,2,78.55540542600806,11.676474916477023,-2.732893667639641,4.36383338801644,40.980870146192046
0,2,0.3071758786126151,45.04556432938375,90.43093996476559,3.261963415297937,1,0,2,0.43720805292980375,-0.6011293801951981,0.5136803678981081,0,44.65629417762523,2,0,9.98940728653027,6.8987597317738985,1,59.62908393200276,3.9756632487140307,0,-0.30799182361045635,-1.3054419625727902,0,34.30500280116034,12.581986075111217,0.7390333537725464,38.06223059724087,51.556291745025305
0,1,1.9565017034256953,29.39311523204679,98.36397067353988,37.56473724772499,0,1,2,0.1748697907804656,0.15589592815970668,0.9704326421770162,0,79.9987706467769,0,0,-7.321592239287434,5.73154140146575,0,21.99678188008308,38.428014930431445,2,0.8999037566508866,-0.06598633850430692,0,0.0595792409323781,39.82813490211502,9.983871425819547,29.98375738634738,23.510799895349724
0,0,-0.05868364690772855,24.255667896877757,66.07504766767602,6.589618592852669,0,1,1,0.15349703906338508,-0.5394651773502352,0.4610333985006299,0,53.314963907408554,0,0,-0.1581682794423891,2.1724996216939103,1,63.617037498439885,4.421314370455992,0,0.4600977889472821,-0.1768856325201728,0,26.50206724561295,32.12641927678397,5.214875357211206,9.688731385241002,19.679969251844902
0,0,-2.0162365083492197,34.089673215335,95.07273916321863,5.083135814434734,0,1,2,0.31476061481093315,1.8075075439644448,0.9999516548933738,0,61.334293162363295,0,0,-0.7749161498827508,4.106482611348369,1,58.236690051356106,5.770482248400272,0,1.5430715673845943,-0.7031447307521794,1,17.219775020015156,37.66535691135605,0.36886853794815266,4.847659920639207,58.23090533975002
0,0,0.39633341801201005,30.970950452257362,58.1672253448987,2.1713980372792108,0,1,1,0.2604241217439158,-1.1120330983706657,0.6743794174757313,0,24.744767288935403,1,0,-9.151132160075834,2.010189733713363,1,42.73358364700242,2.48088713675955,0,-0.8971797787845205,-0.8134970935065596,1,50.91654866971357,10.267528711196018,-0.8872599564296451,5.865935323447977,30.87692300752665
0,0,1.6676166202055298,30.481609066608016,71.59854309860626,5.297122623646284,0,1,1,0.24383688876802967,-0.08568731057638808,0.28167764046703264,0,68.78331304777564,1,0,7.256916620328212,1.8692794598843918,0,9.835059599076272,7.685853908680457,0,0.1852591439569074,-0.3440975333145482,0,13.183734695400585,18.5950580298223,8.68851534292033,21.10899457655818,28.176037084422408
0,1,-1.0132634016974742,31.871501710449564,54.995283811555474,2.2767861257959714,0,1,1,0.1962066297244855,1.1436194133931998,0.15033153545898076,1,28.199284538783765,1,0,-5.9621855203214515,2.784098739897289,1,49.08764259479483,2.839834793764275,0,0.6854670102401414,0.7313792727753298,1,49.41748619631679,20.96319941911692,2.3757924276772755,22.99069636915743,33.747834373135106
0,0,-0.2345365934414251,30.04402501240262,50.32224236621252,1.8098993858386394,0,0,1,0.14430074510793178,-0.23076745063991214,0.6590351605919347,0,22.11924648042639,0,1,2.4897279647729036,1.0564071960471395,1,60.40833805562832,2.533470735735126,0,-0.19929011796443782,0.04367670191445849,1,55.96274345580555,13.639063666434605,0.846973798661729,6.587566396767328,34.724947531345194
0,1,-1.5821316630885807,66.76936404105284,1.0108714698206178,1.711378299565816,1,1,0,0.9658861797722345,-0.3897387863745812,2.2788689743591384e-06,0,22.86959073825379,1,1,-3.1933938267622333,1.7476939584635616,1,69.90825176328086,1.684569155059561,2,0.7437305642094596,1.315597889716465,0,79.71989708504633,14.335908119594036,7.68724337602206,23.971264553219367,63.5521166851513
0,2,-0.5778687347505818,32.148907951619776,99.88520472267584,37.193682155196214,0,1,2,0.1618418546996444,-0.41747649727075686,0.999999875947094,0,79.83876070587796,1,0,-4.456830833843073,7.432884372468531,0,9.448301157814507,16.085839782310885,0,2.2020310942544916,-0.4601876669214185,1,0.7455071911509237,39.998318268780196,6.556782270347448,29.693771182781383,34.41171275148316
1,0,-0.42413584399041504,25.085948489309963,79.73123988623294,8.020592812269731,0,1,2,0.21811986120649768,0.7931559537279725,0.7108161987514324,0,41.336650542109254,3,1,0.8491839819900466,2.0468732370884504,1,53.94994931326485,3.0944714645460354,0,1.381169297977701,-0.34455429069026366,2,29.489756980501202,36.94614482813665,-2.655296961899425,20.482818288048136,29.106144955417932
1,0,0.02577901335889019,65.86177813446034,22.99388279978721,2.2373345461131904,1,0,0,0.9648011197056757,0.39425405317616025,0.3892795811646504,1,19.640052949079355,3,1,1.722388828314127,2.1791028784822046,0,50.98044894842755,1.413130635309127,2,-0.5625269967788005,-0.451001607781191,3,77.45637504820706,6.527681215125787,-6.549920917144272,27.724389861833487,60.62609533903771
0,0,-0.8787765851258338,44.53363663494908,56.9264632710164,3.1343782065206023,1,1,1,0.5907753401216317,-1.1677462357477657,0.3870639312853026,0,60.738154336770506,0,0,-6.5386621129773195,4.128980423598582,0,33.33687352528246,6.507395886216938,1,0.7691196506556119,2.219732997232566,0,18.209213076595304,28.072408486725738,9.443574730781403,4.703976143682123,66.87429438715378
1,0,-0.0031568646338019754,61.29548590895206,18.339323675240294,1.245725537537534,1,0,0,0.8648373935715361,-3.469201496448179,0.8275662755978177,1,20.44947703875173,2,1,9.01864336015942,1.673241726281149,0,63.63417340705209,1.1407131659613092,0,-0.40395572030038923,2.944273487138733,2,83.87306294541939,21.92964343428028,-6.56351198749153,6.922668256605997,54.32199991246194
0,0,-0.8186905819669096,21.79290751337885,95.54161132669385,13.838875854224781,0,1,2,0.1291403620123318,-0.6052482212329938,0.7682422598156315,0,79.6969292778497,1,0,2.9437898524331896,0.7975931227120439,1,17.73454750476955,13.372305190119885,1,2.8421937672266067,-0.12397515691469911,0,2.724182979737738,39.74375186377,9.609161647947037,32.155834489786166,48.03614441981313
1,0,-0.9583168618246563,35.15114398313632,25.02843973636989,1.1686152332574238,0,0,0,0.36892572987076144,0.950065833472948,0.07183630249672035,1,21.746113075391342,2,1,3.9927008118028127,1.9981795071953254,1,57.87843024510799,1.4471301778602361,0,-0.32471288390860875,-0.5032077786119178,2,74.93164581664435,9.390055653938598,-1.4012436343860823,16.40254290913662,40.8510342463166
1,1,-0.2900945373464263,52.980738272612165,24.750067167454304,1.7631578270899668,1,0,0,0.5938931759959204,-0.8718201252250481,0.17091592706021735,1,24.963053865616047,2,0,0.6904029362734185,5.056301144437173,1,68.46904245024422,1.559907650512193,1,-0.7016950243912169,-0.7981536119033638,1,76.80740131339543,10.058363742660408,-4.23485950842365,10.6389464782868,43.47168545153917
1,1,0.7560133783998887,62.09716083112933,74.80597917298209,2.755550688284903,1,0,0,0.7615662501796576,0.596120103227011,0.9976201492388883,1,32.62425501121764,4,1,4.004159575559974,6.917502021510092,0,2.3621138485890603,3.1186496811624633,2,-0.2557510819102872,0.8091652209244868,4,41.12169955485609,8.7428773758045,-7.696788358272407,38.38339860399532,28.882520532406232
0,0,-1.4998015157046654,41.41480169281988,52.677305531104004,1.8857411001144577,1,0,1,0.5325874456193332,-0.506850269044788,0.47312893972936076,1,18.917391794819704,1,0,-3.435815565112126,3.7165436846786295,1,75.5091216946323,1.9192258851004507,0,0.8888906757508488,-1.1613853248232924,0,54.3949171651309,18.325989686836813,-1.769824509429636,9.160936657501558,44.14169920093837
1,0,1.716662752137595,58.97583283727077,64.31733196037564,1.518944116690097,1,0,0,0.6240215657317669,-1.186874474882247,0.8506846251657052,1,20.94040656499791,2,1,8.244020599837505,3.9284386905463435,0,47.41994621770928,3.127291085469013,0,-1.4511306897953573,0.12887976730495054,1,52.84939291775157,7.801520147454612,-4.48866217983535,31.934275244002677,42.56000536834062
0,1,1.5133435977822485,59.941030585916984,77.07215598504231,1.601870075487624,1,0,0,0.7284614691010264,-1.3571446014938628,0.7138568664254521,1,28.024437400598305,0,1,2.9306206149672356,2.523814487283737,0,50.56505824712911,2.797567610793797,1,-1.9496591426292853,0.5273803855510334,0,38.58983257110501,9.047045173405197,1.0456567492660973,28.931848067300677,68.45567507227477
0,1,0.840996379886057,48.078616478632796,42.165422245012316,1.6956071336105591,0,0,0,0.3101016156347562,1.048933016188098,0.22113931647506302,1,21.380156965465403,0,1,-2.5300618136536013,3.955575495871482,0,69.20044860018355,1.8931434775756544,0,-0.5926548324371685,-1.335308278872267,1,64.61924755313183,7.565845969292124,-2.4301864289345696,20.12453437468558,26.976268171757027
1,0,-1.7401101403368082,58.65533833620625,31.24559399057138,1.8277855243638623,1,0,0,0.8625839493504808,0.8411034323293106,0.6706056527587526,1,20.446744901853013,2,0,-7.001642427345528,3.9667332617603397,0,71.08401551290615,1.5560026158286888,1,0.5195016941299513,-0.5823814207268904,4,74.38617217124605,26.297465996550777,-7.421024608908137,26.024234982827767,33.50762496970382
0,2,0.2828680629514896,44.159610605630185,85.77608817759688,4.648683057582245,0,1,1,0.339828169335478,0.4794435765444003,0.6779877291772081,0,67.5150814823142,0,1,2.9454302212741155,5.319856233830989,1,61.966267449704105,6.417102416884369,0,0.4297917792671913,-0.8385592462637569,1,12.829926129507951,28.917238929175085,6.408208427060767,33.181851840123,33.57438373259903
1,2,-0.13834976188102022,43.34466417758,60.51943005157341,1.50077095442879,1,1,1,0.46845088623771514,1.1853769261077494,0.43953171890291326,0,51.03667023186895,0,1,6.18344787328661,5.454619793333429,0,14.374807172834805,2.8782582068456533,2,-0.09823242078316352,-0.41951788428660547,0,43.02588600738504,15.687789343062075,-1.7171438362263274,24.375645458796875,38.07760076151277
0,0,0.2716896777972046,19.218812886490173,69.86740489187746,2.4605353841051425,0,0,2,0.12147514972432999,-1.7288414900717404,0.20701188420711514,1,26.341812241116934,2,0,0.8445162181738226,2.0873852857641686,1,0.4547892641175011,2.7460355678007224,0,-0.2877347894518467,-1.0782003361891406,3,47.95624180878876,13.136689394446762,-4.009500303644932,18.82788416680627,32.93303413406164
0,2,-1.4803556640085436,53.06354791070766,65.88662223357026,1.7666093536635203,1,1,0,0.7353943183281377,-1.159408489405814,0.42953692677167477,0,33.11032710362178,0,0,4.516553288598031,4.782984549148166,1,53.019838462612576,3.2967213709046828,2,0.5539800197686605,0.7285215229396783,0,43.944503804458876,17.907724714614044,0.4245429473264277,30.904452403705235,42.82510193190221
0,1,0.6004485100445893,39.4754587514192,71.89083963868177,1.7552663550118959,0,1,1,0.30956355832675886,-0.33539195787747783,0.28099672719575386,0,38.9533360599848,1,1,-4.5366912599133205,3.3560909221319224,0,7.5217514015729625,3.5911596916381825,1,-0.10021818924147063,-0.020009863390800395,0,32.460652391657916,9.670905830748858,1.9922078236609853,27.540891155372258,43.64448750267684
1,0,-0.907318153481275,46.79064355960425,7.168904710654633,2.010876416635219,1,0,0,0.6157507180294954,2.6361593788341193,0.4350191984363615,1,33.801224287436526,3,0,5.364188230799893,1.1214665052940203,1,29.991692139947553,0.7923983285929052,0,0.36739837422504246,1.7110886111446642,4,92.93954089445052,17.851822462716058,-8.066408165337933,13.886334387561334,36.43695235000821
1,1,-1.1783146968254556,68.2535436218622,2.746942051604895,1.5239764195726606,1,0,0,0.9875378058478647,0.5051856853777117,0.10713058215789101,1,21.73766415183779,3,1,5.000427571840028,3.9211006346923263,1,57.35554409354475,1.022137177533674,2,0.6561458307018637,0.7865595331502339,3,92.92571477258242,12.825722011876547,-7.10907135805831,21.569354593747747,66.56355868438155
1,1,1.25486292002832,44.24986904826861,18.634372155450603,1.3135556792075878,0,0,0,0.2949036851715142,0.9486331327267655,0.35183701876716955,1,27.167267912075094,2,1,-0.392455400048231,5.4770143335764025,0,0.0019953649376125426,1.2986174464413764,2,-1.882027296683497,-0.1719082562758499,4,83.87850868251621,12.508286295781792,-8.7022161294127,17.48772113400506,20.530064816828784
1,1,0.0887611219272745,55.8073065357413,17.310362104224108,1.4471840295144547,1,0,0,0.5563520446322308,-2.6290157788132205,0.31583509834429346,1,15.67241396247641,0,0,-7.997725296379633,4.200338443564309,0,66.10599815927846,1.469653623156055,2,-1.2062299746969836,1.4261359956157185,1,78.48031176290046,8.987326573599653,-1.394607607319962,6.001620884796319,29.211752188828157
1,0,0.4788702924502233,31.423607879617364,57.08583493909073,1.4454483651709256,0,0,1,0.33757211516059266,-1.274680842475512,0.35899282878729466,1,30.478297303360648,3,1,7.797578930675286,2.5416095638171505,0,20.342091374352243,2.34795617466196,0,-0.5876749103622415,0.3272016839586188,2,60.65114848368225,11.900938840882969,-3.556724485848715,24.48665206333977,27.776096412826952
0,0,0.26743621251892113,38.6281705880469,63.389339506268726,2.058216643848999,0,0,1,0.2393228776582096,-0.3360624206495839,0.5842238874630616,1,27.061773576125645,2,0,0.9078501338170497,2.758066643151232,1,45.595437239290604,2.487549567527236,1,-0.19543962139589532,0.7560070789085972,0,53.856573381090115,11.368834396131042,0.24352682084160016,20.74209598871596,54.046405722663245
0,1,-0.5988185418083596,38.84536541268674,70.8481549295189,1.7134003116551675,0,0,1,0.3398765104475266,0.25465585750440084,0.5376661065388021,0,30.698262472985995,0,1,-5.306242117602066,3.5417674144555673,1,54.3954668383883,2.7369723701055686,0,0.38231439691971525,-0.28407638294417625,0,42.56600749741387,10.746509858417522,0.2833452724904273,14.315986067206751,64.98008193473987
0,2,0.548382424665513,37.18453973810817,76.06413213638629,2.7090691859797027,0,1,1,0.3388180867524574,-0.13173085607447602,0.5140619508453781,0,41.91297194106704,1,1,2.619899978213864,5.30568057226895,1,29.62698764782091,3.954952719142269,1,-2.5302440682761276,-2.008375021433731,0,32.01610116714922,13.542725779122549,1.2674334392969726,25.96192301308391,34.34443461833302
1,1,1.6337037743737424,52.6002632535808,56.605712448866754,1.3693954917368805,0,1,0,0.37269648516123877,-0.5207826125080298,0.8343078181689296,0,29.73906219033004,3,1,2.9878944542034525,6.027663470699359,0,54.97572376158295,2.881376645567853,0,-1.6414440077274566,-0.023521986812312445,3,47.96330000661007,9.022119650204033,0.9849523680951666,11.92817313496359,42.539934871433445
1,0,-0.4749652560837458,42.71346622112585,20.523988158984537,2.353729452196441,1,0,0,0.4469469786089397,-0.0906075024843763,0.2862937316036644,1,19.989677013749258,3,0,1.3284166379924116,1.5257649522155903,1,50.883995769807825,1.326872822515068,0,0.8977712711758248,-0.3479462473079439,2,75.61159568641834,15.022622783155963,-5.652526500648464,25.49759850514593,27.62536037215976
1,0,-1.0636201643587084,55.189630319005936,18.32618186377395,1.962851697080459,1,0,0,0.7490499732552989,0.30772169361791246,0.7050255074685178,0,23.997557794211104,2,1,-8.56118464354305,2.2882656836459514,1,25.854678616856415,1.3330409500029665,0,1.372916211367215,0.356543429473974,2,82.30112842144712,14.888099595303732,-5.029328779652371,3.9321660213494303,69.62820045998255
0,0,0.41829859062775543,34.38106763129625,50.06757098773797,2.6019745373834997,0,0,0,0.30715538475831883,0.04541691169185161,0.5811125779905832,0,26.745536048664718,0,0,0.1925786328767849,1.590807265810894,1,66.69599447795166,2.494405387794668,0,-0.0006066667490167805,0.11425499371295468,2,57.23062126143677,10.411514973215139,-2.3142927359395493,11.8363559841624,47.57009910883838
1,0,0.0931714694328032,57.57340680950598,35.63627159975372,1.0950913765720367,1,0,0,0.7767153051887374,-0.11675243053624128,0.5364751728250492,1,19.158774550823203,2,1,-8.725011165873648,3.979068184963098,0,36.325273673042624,1.9716715248403909,1,-1.1265389307283162,-1.3349608792274377,2,68.5936454605885,8.814365762770358,-5.9917658432623195,24.634460355886834,51.91366548732554
0,0,1.0972106688791834,34.816524238370086,73.34199156317696,4.586776025356176,0,1,1,0.25559139589326063,-2.2617059856507757,0.19148536594380028,0,40.42123781720828,1,0,1.6283375651382528,1.9088285098163216,0,27.627384698210772,3.5546013448713825,2,-0.4856342593652959,-0.5028397725007804,1,34.242646077660574,24.052132756297382,1.3197253590931641,24.166228940852136,29.42191783300753
0,0,-0.5707223136087523,25.112451015058788,59.77480207262344,2.9787487335764995,0,1,2,0.23947127666981077,1.8467330075895187,0.165767868047206,0,38.267274058187624,0,1,-5.2549241426094175,2.5291076302137077,1,2.7843562648091913,3.5346975264783573,0,0.2249935254539169,-1.33102638018244,1,35.12908033556854,26.292739564728862,3.92107996219681,20.25960471935081,38.32836750437721
1,1,0.36542441291266015,53.11244011184516,67.57791018214722,2.3391428825401466,1,0,1,0.5625814778921377,-0.22134242158357895,0.4222418265879092,1,19.195285006273906,0,1,9.34844802248302,5.4599307737660245,0,70.61641118184544,2.323163850813175,0,-0.5838345926760873,1.115981268727082,1,57.11438477275984,12.197237964463085,-5.237987097314068,37.295166744843876,24.850175923236506
0,0,-1.71364228056972,32.29487769710023,41.34112848253199,1.9726953836520214,0,1,1,0.30388052955313016,-0.485809848869205,0.7083607127274769,0,21.469165782745034,0,0,6.80349805457751,2.0454359801555553,1,13.46692154832862,1.8266163891803324,1,1.2724393847742257,0.45137272330003647,1,59.35131969130359,16.597976245417062,-1.8645695659286066,3.319061344740295,66.8062396604324
0,0,1.1976561576081262,27.139552333203085,92.13275562591234,16.695607135379188,0,1,2,0.134305788658712,-0.28358133152665843,0.4191501611520387,0,79.97547637077857,0,1,-4.109977695590226,2.4532157888794646,0,62.57699873413362,23.06623651871262,1,0.6597438646515912,0.23551178530279293,0,0.46621509740332745,38.834424347785166,9.980815635678162,34.90108211779802,36.03215219031942
1,1,-0.5513184059770141,55.221783624846154,57.22721689945863,2.1569290788546303,1,0,0,0.7885779205399506,0.7899870887656698,0.2604072794276503,1,24.477873692579692,3,1,3.516814508432912,3.2019069233256037,1,7.74296256476775,2.253258274902801,0,0.1183073055062454,0.3508198516026012,3,54.80575424613933,15.169899102804877,-5.601374730750895,39.716501650233994,50.84197552691254
1,0,1.018315721274476,33.689332038767695,67.35066857006245,3.390895990041113,0,0,1,0.18413279935552174,1.6321053368820257,0.2819528930585329,1,26.4179409983458,4,0,-4.170234541325156,2.2285800242763805,1,48.01310774920471,2.911101050917608,0,0.00915768337452957,-0.35501438889601217,1,46.018857164629345,13.893818997020775,-0.06547335642608054,33.19917312354694,27.2527615473416
1,0,-0.2422894195639045,21.63015138310142,2.0764421055907256,1.5147957515862354,0,1,0,0.12557929178679306,0.9685520325202838,5.1551251267767384e-08,1,29.277957107935887,3,1,1.5738336163580584,1.6474818318433986,1,33.11945696042823,1.0429607920463604,0,0.10778797681440044,-2.103375478395158,3,92.08133898435248,14.573982353648788,-5.964397703859754,15.261004947980826,28.169167015048785
0,1,-0.8026602498735511,34.71694910765724,88.81817179093434,8.485754784337715,0,1,1,0.31872295583055565,0.8473097665174476,0.4998132076402061,0,77.06129725261823,0,0,-1.2976132572557244,1.5824046241145755,1,79.15449878135715,10.134467270748441,0,1.6095429973473565,0.5849032814047824,0,4.288657618008468,36.654343506547384,9.839222862740527,27.66817220306798,48.038064980156335
0,0,-0.163297752254059,19.374150168884583,68.93159323361935,5.360422267441332,0,1,2,0.1657342801016311,0.2345784374689072,0.6386604406600633,0,56.44891579177077,1,0,2.8888119106627723,0.709612741879895,1,24.10469519655652,5.65062909671113,0,-0.2819291480139639,1.3954799293391826,0,14.44765687810361,31.20708958596575,7.673158949842463,2.5975265950570092,35.74935181869734
0,0,-0.1892646664590401,25.76162527375231,84.9850847751146,7.591638476462796,0,1,2,0.17802747489622278,0.44295509669323807,0.47485595462697217,0,68.99501963456473,1,1,-8.910639602783803,0.6372136689485955,1,76.50912751641393,6.018164181675394,0,1.3753035145337058,-0.19831795798945145,0,11.564301437333846,35.54538683710351,6.707333945956329,34.22427946082291,62.22782289105021
1,2,-0.2279361197136039,56.001635833655214,62.690979404552415,3.3653171815457688,1,0,0,0.8104862700856352,0.01225227302506945,0.5887514073849287,1,21.481996518507238,0,1,8.718237286279663,6.321236379745366,0,33.937029923255594,2.2429642984008145,0,0.8123299327318901,3.002201908420505,2,55.20311167237537,23.927689084807344,-5.424766889357304,29.322455610722006,40.11611978390211
0,0,0.0863875417589891,59.519154890709,28.521114217939626,1.281850097279799,1,0,0,0.7678164878269209,-0.10905009163458408,0.4151589860394342,1,18.057463656417415,2,1,-2.4932549531089894,1.1192180551356712,0,77.16041215969526,1.5579314418366934,1,-0.451058695308944,0.8413626251339451,1,74.06616073159444,12.45217500570874,-2.923952884693967,22.884541725182686,68.19404692632403
0,1,-0.32431293812535456,31.507398917043986,86.68343504296679,7.330542699759979,0,1,1,0.21120434773833546,-2.301489586254603,0.4024431098627213,0,79.48388725169235,0,0,-6.7911793182096725,5.684904819013498,0,38.468610258695094,13.349491646838883,1,1.0106153509566447,-0.5623759723355786,0,1.994967913735829,36.84284748452038,9.83972806703261,19.211260772784172,45.58320951032724
1,2,-0.9163968949446251,57.86741664952592,42.55903296867787,1.8858429654101077,1,0,0,0.8688311147429649,1.2204597095842693,0.06569518629300569,1,23.597490006202122,2,0,-1.0039628428955716,8.853520832862275,1,29.607379163550988,2.394802804381841,0,0.37520209890439543,0.3245699264802462,0,67.65775163348644,17.55531250811698,-4.678147223014076,30.426459277569986,68.2551879633467
0,2,2.30584590884194,49.96489174673537,99.20941006040582,29.919877593782722,0,1,2,0.2872493742131995,-0.35741289125814074,0.9890843553884723,0,79.85092779331131,2,1,0.7317478037810705,8.338293067633403,0,77.88271077934101,16.935358241604607,1,0.6237904387878094,-0.302270548368617,0,0.725809927144927,39.86969394597699,8.5629863838316,38.6919483760903,24.68337756886261
1,0,-1.3736254152847716,47.748659859348166,22.428390586818338,2.3320647675470583,1,0,0,0.6201040119373021,-3.02787668676482,0.5767098313817927,1,23.049808996488444,2,1,-9.127038887231448,0.9920691335365203,1,25.824677605764464,1.322564908960369,0,0.32551845919077244,0.556637613442052,1,78.09980140743997,22.553678230284618,-4.584456208172412,8.688986679313862,57.72440153548723
0,0,-0.2236368043005293,27.118153488688925,90.4278599164045,13.820129976106962,0,1,2,0.1489130320200378,-1.6987787433724153,0.5815279391441219,0,78.85993282304766,0,1,2.085504161298907,1.3220924443471218,1,72.31491697683525,11.657455050187869,1,1.4168792195970015,-0.3750461142634651,0,3.4340639632967687,39.573150798128886,9.725494923049169,30.042411624658378,43.43775176047558
1,2,-1.79282136836713,60.94876863155535,49.85367466446657,2.3127906980471646,1,0,0,0.8825126783783483,1.1764560931793766,0.6969827641419143,1,22.97589972869244,3,0,-7.903115326969696,3.693303416464422,1,37.129081501278236,2.461966080618759,0,0.8175084105989323,-2.5788834987094327,2,56.08038374808112,24.137210781149143,-4.806835215606937,34.89289820080546,57.137262973155664
0,0,-0.8997201293371981,43.406995327935505,19.934158187958158,1.64827417832404,1,0,0,0.5347978302229889,-1.333569564859357,0.05382082868674909,1,22.46383580126755,1,0,-4.325999669927677,1.4828144644558827,0,78.04061198099802,1.5305131745138572,2,-0.3424517033702151,-0.34999281792295583,1,80.18270730532424,16.787829956870567,-2.58579690291894,13.041985466027896,42.39969205506173
0,0,0.793595718545489,19.423301070278896,37.523734362826254,3.017615951110198,0,1,1,0.12072462071338891,-0.07698922682220376,0.5311622405042103,0,37.75059018725934,0,0,-1.6827240189278374,0.17653980717076764,0,8.96031210266679,3.8535805164925807,0,-0.46538105213802666,0.13826592211245878,1,41.26676777977287,14.115111433037054,6.67289226725897,0.9137765519835273,34.18070820533514
0,2,1.578450535577292,40.47963608116011,87.63031255965228,45.34679281217399,0,1,1,0.24543257607364405,-0.6993365914846605,0.5997611457820817,0,79.07557858516017,1,0,-5.726464681067538,4.8413098878811205,0,19.606800320906924,12.421746592183455,0,2.302814392709331,-0.4253967865448235,0,2.5438042996626,39.98454707188988,9.602928118491153,36.27942267787458,22.879805879795967
0,1,-0.1658525945905656,22.225983967166243,96.71990178051497,20.319740189415974,0,1,2,0.21413223565396433,-1.9119146559034026,0.5739386994185848,0,79.30926900203505,1,0,3.802260396302044,3.0519139513902367,1,41.59642032639027,14.176110897311286,2,3.771084103657832,0.6543640271459303,0,2.1808710880691304,39.91946299136095,8.974402494887745,36.71937530493621,29.351034970058418
0,1,-0.4897525458695051,54.67634270425704,76.33783661956242,1.4713440784245968,1,0,1,0.6209479187332679,-0.9321634708051848,0.440245191855609,1,25.720071855674895,2,1,9.777641379782906,4.854588636063134,0,47.157895268730385,2.6560055864389254,2,0.6935434723153521,1.21140169505574,1,49.2469042990954,7.338433496566283,-3.600843112919514,37.80441141858273,68.57956745121871
1,1,0.3205965394842092,65.8198218148615,8.709829731366309,2.8555343074043606,1,0,0,0.929742702640417,3.3259823233377794,0.8432819636389597,1,20.228636275883872,1,0,-8.10592216404666,2.985391497593206,0,53.755718445509395,1.035758690999513,0,0.12211821060841811,-0.32213952699575743,2,85.89704855175556,15.917303886025028,-5.5674881526584485,6.681085000218672,60.23850664638031
0,0,-2.0058711615877125,44.580624296770864,39.2203172452841,2.144070961593614,1,1,1,0.7210733718385907,-0.9801659045368791,0.3574023242328089,0,21.108143057177926,3,0,-7.7530431108962,0.9821622811972545,1,39.600077222353775,1.7832878648294916,0,1.3738082225525303,-0.7085787826576386,1,59.30621849956128,29.464296860380472,1.3292242158476633,9.862397889117865,68.54411408571264
1,2,-0.8329983225566547,65.01513449577817,59.45289387292586,1.2762572929862261,1,0,0,0.9290607381403944,1.0899193005553776,0.6077430094487107,1,18.880109288516437,3,1,-5.035313051226829,9.401254848601068,0,29.216213073992424,2.4320276572300505,0,-0.030545815094253064,-0.5270220465324453,3,54.01640266250296,9.140630940682543,-5.141229235466299,39.96692998538239,43.40004532177957
1,0,-0.41229579690128454,64.55561037626245,12.159492523743614,1.6603748810291852,1,0,0,0.913289378341174,0.8096910805663432,0.6375147653834601,1,31.94050299776512,0,1,-0.36990873856923834,0.9690846274293996,0,38.07921971283096,1.325614832091102,1,-0.04914850271685059,0.22643760601400628,3,87.12379232625823,8.874847332248297,-4.005840495060207,9.905849554355921,35.910032288810555
1,0,0.019698515884406922,44.62506934788859,13.972119599036342,1.8203313056014794,0,1,0,0.3591187470008914,2.6819122422478276,0.6360908647463626,1,20.983688871816977,4,1,1.1165146300866482,0.9442342605572658,1,19.778467419195714,1.759826515903454,0,-0.3338432862562594,-2.521487958965915,2,79.01043711515545,9.013142284903928,-5.0402249889717865,8.543384614678072,40.93282692392434
1,2,0.9081672437912993,66.37080579742255,1.8010362162361016,13.857502259297128,1,1,0,0.9182029713639259,1.486620247004704,0.0013972147040148264,1,28.409115435798647,4,0,-6.950102785622402,5.688827076809881,0,20.80900203323751,1.127085299542732,1,0.6516711504146796,-0.6078651614966484,3,93.88568090689067,38.3617315785111,-5.963695673311006,29.876593979026616,27.051961365913606
0,0,0.26074649195793487,41.57473596915624,54.82795612714821,2.4442313768916755,0,1,1,0.30494138516615676,-1.295801941079264,0.6038848433766753,0,31.029805683433498,0,0,-8.682315702668568,2.0926409176401077,0,66.83117371931543,3.0092266864315795,1,-0.4845059053268563,-0.021371542684681832,0,43.07805801443237,12.627877127286169,3.3729124167249402,12.098119167813962,35.0097621287469
1,0,0.37096409433170197,25.88731464459246,4.15756100075178,1.807273071796451,0,1,0,0.27135558825166695,-0.03162966895901343,0.32705260856280605,1,22.507485121298707,3,1,-2.550373212301791,0.3569841885974872,0,0.10541225235817908,1.1937002509917825,2,0.701931937718031,-0.019798381406049777,4,89.62303752389388,8.812523027298749,-7.886884716501619,7.464130008215088,23.222406522840103
0,2,0.4436973788792039,61.1267031071311,42.275651829875386,1.4523115833313525,1,0,0,0.7879313229670813,-0.9548528439171723,0.7043910622155127,0,25.391324698098472,0,1,3.029134720708594,9.72078785302775,0,38.72314395012404,1.9551488931318664,1,-0.5830332155079541,-0.6577427922782189,1,63.009672858820686,16.666048028899347,1.104624711074722,22.994808568639993,57.704083548122895
0,0,0.6016062384579174,30.000936743991634,48.644566697911195,2.149817518954262,0,1,1,0.3100629633307317,-0.48936808872985404,0.5087277692006601,0,24.389077350033258,1,0,-3.2052541344676024,1.5459663256804408,1,23.3223456822126,2.86564502010018,2,0.6574529261964422,0.07250909324004395,1,50.33154877408855,10.252993251892025,-0.3082996627151573,11.403297079165359,39.37611990069402
1,1,0.12437817793160312,63.784504829524714,66.92809444313878,2.34557250400834,1,0,1,0.9196110131868744,-0.6199969125236846,0.4910201748281383,1,24.195267613095783,2,0,6.859164668573477,10.180054368220446,0,71.14209335957904,2.429807896422306,1,-0.7000873806746473,-0.7222796692548173,2,46.68075900143473,2.9630869900088452,-5.099528908760231,38.42475069243608,28.75032537349604
1,2,-0.8862251477348281,64.70986043666576,47.165989711116765,1.7544612416418062,1,1,0,0.9334590033793885,-0.11400544286591827,0.8632321772614184,1,22.76347194909555,2,0,4.7913828769879245,8.910260390646465,1,0.881017186662123,2.2442409850617957,0,0.5371633839666676,-0.43420538182305163,1,75.49168779500171,15.024663691848389,-3.2492793872541084,18.88081451452419,69.89630270778659
0,0,0.4792820240060214,18.74121221475531,75.42822208212144,8.147522783864737,0,1,2,0.08896828026631298,-1.2039430551875685,0.596705169012712,0,74.51562725983918,0,0,0.4032543524712491,1.119369419020497,0,10.080828069531975,8.678667575729833,1,0.8081654401315236,-0.6394952226161554,0,8.850606060917238,33.04324828954556,9.34979561094918,1.62883946972884,31.0246822849653
1,0,-1.6047331064210346,59.27265421149934,26.918629778187718,1.8027854227979587,1,0,0,0.9000532498446079,-0.7099449206258671,0.26076506854497583,1,23.24416480970319,2,0,-1.885467147036909,3.1002671015140946,0,59.01120080781631,1.546646367694695,1,0.8331508453393061,1.125126208088357,1,77.74116180842161,20.63676142474321,-3.5390224208076297,12.66327849670867,66.56982554385664
1,0,1.266268252038875,50.20219488561568,23.73097961299551,2.075630496293117,0,0,0,0.3823230292262119,0.1569958613939158,0.48558520902362845,1,19.86446136151105,2,0,-7.233058760319016,1.4287470432982312,0,31.265432577151813,1.442758044622856,1,-1.276357063150369,0.8948868562898256,1,82.61321237019487,9.671781048104172,-4.985742214894974,8.006191079103447,66.32327200070537
1,1,0.2209351222074758,55.579761191827544,86.1627174185212,2.0248173533780687,1,0,1,0.5793674796147089,0.20320287129272607,0.947951682458539,1,36.88543804950896,1,0,-3.2027522312341707,4.760422133539952,0,58.41053390284634,2.7598441587608087,1,0.07082842761060819,-0.2843813685772859,1,35.52737716511557,15.241671992451025,-5.5806669807438745,37.786809224678485,39.06420632563559
1,0,-0.6630647445994571,48.834696823334255,15.470980883172626,1.744068340366912,1,0,0,0.606997711698161,0.9739036558451922,0.48141445333174265,1,21.035849302641022,2,0,8.725741135444725,3.181351333061066,1,39.91392911145435,1.2202044070377402,2,-0.1252481774821282,0.9518457810462991,2,84.59845523163881,11.078469563265445,-6.675442498403987,6.233625664709046,60.789825329483484
1,2,0.5742804678772414,65.17413346240954,29.991958132619466,2.2992175417409215,1,1,0,0.8392889511652535,-1.0428204167406676,0.6680820124024807,0,24.456981626566183,2,0,-8.968797264884762,3.2369481512550964,1,49.722602501082136,2.5647135878395555,0,-0.4178416686962063,-1.0531587626423469,2,64.53361393660806,5.709267596204919,-3.043781330816822,28.96446292127331,59.85090019635853
0,0,-0.3777130710188842,31.58185444767109,56.30410157381367,1.4019524894576347,0,1,1,0.1892823565131042,-1.2538777139134802,0.20495751915029747,0,27.24670582436839,1,1,-4.700632131336732,4.507896557080611,1,59.94816103107607,2.5307834803261104,1,-1.3378886407075221,0.34285708844003443,1,51.726371401408976,12.402076791440688,-0.522021641611218,14.719111680308604,45.89040829775641
1,0,0.9535903679613289,57.20885695674451,4.005573307829629,2.208489742981563,1,1,0,0.5823604497737329,0.40294339482680824,0.3088060091112902,0,24.705069139534736,1,0,6.045952652000601,1.1500959957186614,0,57.68639419192169,1.133738767860348,2,-1.0551171504121701,0.0005001562567759048,1,90.55352808218069,6.304122586103825,-3.7474086391070127,2.1267894495502526,49.76043039690107
1,0,-0.9003531888209388,33.37499261501585,20.950156578802048,1.4721128995674506,1,0,0,0.3855111317678144,0.0352665952783592,0.4297598392331025,0,28.292226144577405,0,0,-2.1795392953017156,0.9816242077055624,1,25.489515174824607,1.6754014974520157,1,-0.08376817022167478,-0.7436145747249984,2,78.33806042241342,13.541341133102929,-4.9409614360588545,0.6987326748294898,67.51711436691167
0,0,-0.1063727066985238,30.340281795878013,84.46372086990448,3.339435360527998,0,1,2,0.3339072755154776,0.03175280893523769,0.6420953459200028,0,64.74489938340298,0,0,-6.724652635126059,1.350197657445271,0,34.082034907999976,5.701357098380157,0,0.5146104866886042,0.11014747342604302,0,12.408533614954804,10.944711521002084,9.36161246919271,29.742531126695656,51.50658994244047
1,0,0.8907296391640425,56.154551094118496,20.42679268429027,2.143180111178175,1,0,0,0.6188252457116284,-0.4286783802649277,0.2063218620568928,1,27.869958641578823,1,1,-1.9453034030892074,2.0105728395613105,1,48.06517915415555,1.34957784246736,2,-0.8684604369804546,-1.190829640532174,3,78.84067695001617,17.20980523537972,-5.544224489725126,22.372779524906502,59.12070743448491
1,2,0.2439706938431813,59.63388082984898,41.585576492942195,1.6538331656448213,1,0,0,0.7867700417170307,0.5420716353514135,0.1454147697505373,0,21.961865743999027,2,1,8.65161386011938,11.539987864270039,0,21.897459360456534,2.057812235435364,2,-0.6600779908348284,0.4482207013808415,2,64.65973895967619,9.950244330462626,-4.983768597366237,29.13964963274084,28.18200216432902
0,1,1.173953906234753,45.61959681735766,82.7948969326158,2.7679048820915075,0,1,1,0.30966385636626204,-0.5930302788523936,0.6099389468833898,0,53.39056905095275,1,0,-7.7894719459072,4.609228589693846,0,31.075952135137797,4.604881152452047,1,-0.6283749187987698,-0.8260470309104693,0,36.10726768245572,10.456874228346841,4.953745629529887,22.43654857259022,38.53774235749535
1,0,0.9960463966433541,69.6041883769694,0.08794174201241511,2.2978232748172323,1,0,0,0.9970848155263341,3.0051543392926994,0.1450695241619222,1,23.50262596397824,4,0,2.08920690929717,1.764157128243062,0,18.785933387056044,0.5395200659322497,0,-1.1024877328777278,-0.8629750560346205,3,98.3732897486622,9.978417485225819,-7.6848607225300425,4.2800046177600715,36.070711064716605
1,0,-0.5957699746189716,61.0799194543083,30.24211522878748,1.8360770498422072,1,0,0,0.8259407707428603,-0.28508278591685876,0.5753777064141675,1,21.780214379796085,3,0,9.824559796800642,3.879555560591183,0,27.103504392791944,1.5631721033512058,0,-0.22176588377966322,-0.3550550401158645,2,73.61964027302442,10.082358636606763,-5.604214509981954,28.27357178137092,36.18773513937444
0,1,0.16900272969562868,61.07639435983512,69.92945871760044,2.0181573281683094,1,0,0,0.758806481005712,0.21073539064955532,0.921564513026625,1,21.508119913634562,1,0,9.630790669594163,4.36776158250465,1,63.939611522257245,2.2897584179529096,1,-0.3655154631257977,1.0201487269821898,1,48.11155108150489,13.344547025889176,-2.5370258434659965,16.62630391897833,30.172011984686435
0,1,-0.8004529017569589,47.03304172823438,84.59690117392238,2.175884556608682,1,1,1,0.6601008353254345,-0.7718615908104838,0.39986672923895006,0,62.97495689392264,0,1,8.574815741987479,2.312364571430423,0,49.20507134710488,6.222369258718979,2,0.27036069049044154,0.6436142735726342,1,14.619595679436964,19.007533629366836,4.695426288845194,39.69436835320546,50.75975578811497
1,0,-2.5995927064578876,40.519212538737264,15.68565191247418,1.402386823340184,1,0,0,0.6459684024301511,0.056612493078016385,0.4817339691034703,1,21.401228715558087,1,0,-3.723922991010406,2.395872383425389,1,35.645034853557036,1.3789621339347629,0,0.9694106390336538,0.1896930780206419,2,83.7525925389145,20.154581568475642,-6.42453090306746,3.5342803719976357,61.72028327090284
1,1,1.3088122549646652,33.311442244790285,58.98965068532244,2.1718816268498293,0,1,1,0.19508610992749026,-0.20950111170970567,0.41117685549637667,1,31.378794493329032,1,1,3.6123969146272685,1.8342779255588255,1,45.86697977658942,2.3239228629290754,0,-1.0491863072746477,-0.6177497991702807,2,49.84403806135912,11.276585054208763,-2.632210254510672,29.941191117820388,22.934729631677236
0,0,-0.9350563035339284,21.883795965741744,74.87649957029198,4.047726987949995,0,0,2,0.19776128795902037,0.8289554206745965,0.7758111494879625,0,31.83568798408367,2,0,1.7269493454196443,0.6648958813690962,1,67.54536046385584,2.873973653342437,2,1.888037130428179,-0.5168522763656669,1,39.990199982808114,32.250177779841096,-1.8444587134502068,19.269478705102436,57.534837132527755
0,0,-2.348041109328388,25.542121669424997,49.76848764130806,1.9086245985048307,0,1,1,0.28722940907874894,-0.550263684276752,0.010967679420336052,0,51.656801913387355,1,0,4.56888242242994,1.6677451955289135,1,45.41752149379515,4.130945688921605,0,1.1799864756419414,-0.7514196668261647,0,31.611401979092378,33.17732464202889,7.11601089140736,14.741167468904537,63.7606947773464
1,2,1.7836741537195981,50.41465476016304,62.77304518577371,9.70395663195392,0,0,1,0.2973810190345189,-0.05852259366939525,0.9358589577591129,1,31.696779954794458,2,0,-0.6563109243974594,3.4198641038748288,0,37.82757222482087,2.576311562088579,1,0.826997120332198,1.0006794546119007,2,51.43114195198996,33.1917248366139,-1.7252653777812768,25.40153667075125,26.675535729137984
1,0,-0.6180375788946335,26.847184070941083,58.91909310152009,1.4852342680184818,0,0,1,0.19985807084673568,-0.35474567091534387,0.36676362192442236,1,29.220947542478388,1,0,-8.607374457157864,1.5844446276268789,1,33.937530120852976,2.4665546136271477,2,-0.1192345051236776,0.3188124761241189,1,57.14201499369287,6.903434617467652,-4.18095551015675,26.322393967044103,33.455473402509995
0,2,0.5525797154639933,41.43956317719743,90.48033827991819,9.925994506256236,0,1,1,0.36508333055222053,0.4345273496781942,0.8739055332129433,0,75.95167983441816,1,1,-2.4720358317865765,4.293412703834188,1,73.98316802891257,9.048421310719506,0,0.8631872997831848,-0.20390168955891458,0,5.330660833831624,37.20308838154019,9.355832982208693,25.570348434346236,33.39690005936167
1,2,-0.8700883733645249,47.090222006886705,82.64591732786653,1.8698016576916765,1,0,1,0.5594118064588742,2.505950927940064,0.7526053318885118,1,25.49393630184965,4,0,8.142400913443115,15.56880529829901,1,0.547979156431535,2.7123221563117244,0,0.09096832963170073,-0.16000262073021604,4,39.99485961254916,14.557206066178257,-7.53247571051019,39.202864753745466,48.00624774653902
0,1,-0.7035410133613308,23.404822811141624,80.81538441658147,2.3645778347679407,0,1,2,0.1640384666706,-0.07104997109977382,0.1090018636224534,0,68.99415668635159,0,1,0.6018360115350223,2.629071276619848,1,15.537388777034877,5.888913772728418,0,0.47714162838205587,-0.8757257009451594,0,12.41276123968168,12.102020212976692,8.936128490991251,27.410835311278667,55.47015309816929
0,0,0.9163402769436995,26.59234327664253,86.98421591918652,14.862673261450919,0,1,2,0.20537503183700873,-0.7091160478818747,0.2804471160696597,0,79.87061427691346,0,0,-9.15095570510385,1.6134380059512556,0,34.9475790652276,18.730668310395465,2,0.4653752291053787,-0.1608267558097048,0,0.7833787196899367,39.3346267283863,9.989461031498106,30.195967975718652,33.697993934722994
0,0,-1.6046399961908266,20.51304072550198,85.01526465673454,10.658558949636136,0,1,2,0.16036909233411845,-1.3904552824183218,0.7930638929262256,0,76.44165186345495,0,0,-5.901756510798785,1.122000218216072,1,74.55018341671426,10.162365748995743,1,1.891663769360365,1.6424876401829942,0,5.04081398113832,39.75780523292811,9.45857439283855,6.865729481916278,43.45194658593854
0,1,1.314259954966922,58.85915275984996,60.95367112560122,3.713509874546964,1,1,0,0.6924895397610729,-0.018937620970353047,0.19411405964347372,0,53.21106676823013,0,0,-1.8054730135813362,4.797012047057817,0,42.10747845935345,4.3871913149277315,0,-0.3492063052811666,0.5911524146522591,0,29.550306457672637,12.56516787352551,5.206244190055639,31.69956943091096,52.07656399570736
1,2,-0.063823119996543,46.320829728839755,37.7790609730069,2.292145323708614,1,0,1,0.5258457045289291,0.09738773542304822,0.1373293354930074,1,23.64617803537446,0,1,-7.012424555001278,4.711519328640843,1,68.63023690253509,1.8067591115950274,0,-0.24581969267813927,-2.167568312601515,3,68.51261720104085,16.30507920826258,-3.865894460725218,26.97113392006389,28.78610569682084
1,1,-0.8161784893403897,62.04800400472875,30.276416274849183,1.9535904993026905,1,1,0,0.8983660892189331,0.5612249272695833,0.4960958930088706,0,18.337495031241254,3,0,-4.685761457123729,5.09942555957182,1,37.05916826275895,2.1475959028648592,2,0.27037861067325925,-1.7170800321186606,4,64.80262881795066,17.142655915001516,-6.074646705386094,36.21175248574333,56.5768831849451
1,1,-0.6275388506062138,51.64743697336319,22.272515508554307,1.4378529070938548,1,0,0,0.6815115268179092,2.229530934870118,0.5497248365301797,1,20.027426359788507,2,1,7.817380440200978,3.5578227006789307,1,25.71286737809466,1.4879151072168213,0,-0.4616674683902365,-0.7126434795787302,3,80.14746283678622,13.466650854490666,-6.548742137960716,5.626370488054729,57.72284105375325
1,2,0.570278273640129,50.526340139225425,76.55099892968191,1.7622143677942728,1,1,1,0.5471449759205061,-1.9533330405418732,0.6113725213114569,1,36.16974796505453,3,0,-1.0094840924149437,7.912198349688839,0,24.65195569259098,2.833152514235591,0,-0.3614020596290384,-1.2919600203585169,3,39.033862491968385,9.328890466324706,-5.35532407565782,38.039140499512825,27.792289604918032
1,0,-0.2762556546149582,47.90569064477985,48.10690229439415,1.5972790956538219,1,0,1,0.5447091548775748,0.9869871504619632,0.7550386777801438,1,20.546691189045685,2,1,0.43167734686284476,2.7802214389743853,0,21.92793233795795,1.8677139042142772,1,-0.39092495653338705,-0.18885327540284164,2,66.18212862909273,10.433177176698154,-6.860737404398604,23.11592845224082,39.43929615324822
1,2,0.024350388231900826,54.22007925517832,83.25300057864216,4.728010712542727,1,0,1,0.6598906258210796,0.13022423390805496,0.35254762147946966,1,35.11699561460793,1,1,3.7953892904577646,17.996254445908342,0,37.51015803414965,3.355769326329061,0,0.46437503211615544,0.42002353728743524,1,37.81160703078817,31.565947924726032,-4.299826696007023,37.23250937600141,21.2204703489652
0,0,-0.49244788885710633,24.16945368219333,70.59146615710493,8.721392037194201,0,1,2,0.29922143701461024,0.3654586611683108,0.41397986922476215,0,65.19632114560012,1,0,8.525214618907917,3.905683352862056,1,70.53079971834939,6.033974465805887,0,1.0354180153224715,-0.1784652644700337,0,36.43847526011152,37.65639868134921,7.016537998218766,9.156906927669588,28.76133647456632
1,1,-0.03349416471172716,33.040217685820124,30.854393841134957,2.426551523896419,0,1,1,0.18774741976669634,-0.6491629608766533,0.29799077185574185,1,20.328220881890495,2,0,0.43688607697364823,3.4522713540704513,1,27.258482181464508,2.008861779044848,0,0.038032253321239655,-1.6382161432797169,2,59.14561454566755,8.895151898325611,-0.1537407570577205,5.364811241421849,34.49571369432485
0,2,1.1896965699399564,69.18260150124182,37.715891633072054,2.206480012920354,1,0,0,0.981761787331483,-0.1735284500263885,0.5856883892479108,1,20.73783597028397,0,0,-0.05471058656432781,11.082054370826576,0,67.42086009073249,1.8464433895230683,0,-0.25696225000383244,0.05951227723590776,1,65.7480248559492,7.910234511923628,-1.0055792744560037,20.094746492307465,64.56826916643843
1,2,0.15056759663632083,63.078495120651304,38.85537729995734,0.9130006877083772,1,0,0,0.8477441254344302,-0.1543903675609766,0.5503107386158207,1,25.553120112425454,3,1,-5.886358867661246,6.065812743400007,0,44.72315267091939,1.5988199050176797,2,-0.6820814390212278,-0.16403211380816243,2,73.54201031018295,6.01367956569179,-6.919162454178159,31.75425677799309,57.3308486062452
1,0,0.9233734519793689,50.06743357847316,63.289782747081915,1.2049198348990147,0,1,0,0.4392464546934363,-1.5259539810171985,0.7974481814327385,0,29.29499630126671,2,1,-0.06664352421439723,0.5609468447644159,0,57.053675364301,2.423374223347416,1,-1.0537705280140095,0.035847790460970294,1,54.60292927420581,10.500771356950692,-2.9084619835602776,38.764328275509385,40.336442256119895
0,0,0.6708361795785333,28.327338408269178,61.79730824416758,6.557719542503037,0,1,1,0.29079638411528613,0.31263639532708243,0.48313050655644646,0,75.40631752731043,0,1,-2.9721175501255885,1.3729149166065637,0,43.419095406369614,9.84783794688666,0,0.005661460909319287,-1.1263384624521007,0,6.4876662613336915,25.203544641892304,9.871071848336296,3.4627786765047697,32.351499344473986
1,1,0.375290049591064,41.106372862549236,83.16783381344011,1.6445558936820919,0,0,1,0.3638949321415298,1.6334008743053885,0.9745643339838268,0,33.48939702402213,0,1,-4.547274011471934,4.480508129874527,1,8.339981154780421,3.80817215020674,0,0.25758223176703265,-1.3943257114891172,1,33.69885149424079,12.338600652160691,-3.3503349331441523,24.093490042542122,58.6628111413738
0,0,-1.6493972631407687,27.09864341513029,38.68525325653844,0.9837769710581871,0,1,1,0.1877852033730631,0.44610379574495734,0.46034216013153145,0,26.370618585486582,1,1,7.034748235903358,0.4786151783860965,1,65.72887984694206,2.277284954108648,0,0.5035508613661551,1.9233827109901735,0,59.04652963306416,10.559583776651952,4.430491414729293,7.854445578963878,50.56569801097102
1,0,-0.5945364108061135,55.62884509650392,6.420616134605606,1.4349240343148042,1,0,0,0.5873134926835772,0.3664021779204791,0.4127683144191554,1,26.58742017325597,1,1,8.366459187450666,0.7319143756855195,1,79.98917381594913,0.9845608325957661,1,-0.4859104354888273,1.2205247695849413,3,91.83973984257939,8.472315464512858,-4.830260687849838,2.8966234242284505,48.989732501270105
0,2,-0.44929734680208017,50.67574419017417,97.46336039865294,4.72089595537982,1,1,2,0.689382297203483,-1.8577480029890865,0.6539853216616196,0,75.7231829964777,0,1,-6.306295933431593,21.86809275117987,1,34.97305060320002,8.41764834705355,1,0.6344332387022276,1.6235307450695,0,4.624082833721054,31.135390091922453,6.814944781505751,39.247929564631725,47.45345061352164
0,0,0.2190049118309623,30.650199108992517,87.48395250730994,9.510278787674796,0,1,2,0.2140513511010252,-0.3606326748232232,0.7349731165281647,0,64.87642751804292,0,1,-3.47347489243945,1.8346781889306536,1,67.18418411044215,5.515237640820103,0,0.5665481146334539,-1.0856162157687301,0,15.18242969354075,37.665752349418185,3.175910679285039,37.51757937011576,28.75859334400581
1,1,0.6816622577858781,62.19804153317802,13.113356426924533,1.5093545644067725,1,0,0,0.7917502916992097,0.6554050052809636,0.6263981380195346,1,21.516522527217965,1,1,-6.598835298817125,3.359507626755111,1,71.07734329829543,1.1901387273917599,0,-0.9455729388716606,-0.5964520452505596,1,83.59649940399004,12.006905856853894,-4.227992298299199,17.09952120405572,66.70574228426335
0,0,0.8067373846159362,19.202713228331923,88.54007616121493,18.319315095669147,0,1,2,0.07792450770809478,-1.5838494562776193,0.5527995910705733,0,79.35817103385679,0,0,-3.101483914630558,1.933369165944495,0,13.26343131666806,13.16904581941658,1,0.8251262557730971,-0.1731499686843975,0,1.9397757187255504,39.431323008036586,9.726091763806615,6.137980660107321,22.21893208567097
0,0,0.17146913813126766,21.34411182434367,66.54444394597388,5.102982185130551,0,1,2,0.08936811565698982,-0.05251813264303257,0.44546080758300943,0,52.293177896182605,0,0,-5.677518522453812,1.0799281936114677,0,15.757417661155223,4.56052710571408,1,0.863527194747639,-1.106374027449765,0,24.177133687518783,31.234115499364535,6.062949985271295,15.021168742288854,24.54431929312916
1,0,0.23863769679397215,24.41091600645427,63.182586476250904,1.8066773128718454,0,1,2,0.15197576837103804,-0.20080986291523853,0.4637966302598893,1,25.779161992275682,2,0,7.249970223454049,2.835394975308441,1,2.491911829972877,3.029262477627746,2,-0.8798617627098552,1.5321908938677955,0,44.67469715741916,15.419561530231107,-1.4900430261036863,14.419970403249113,31.811092251061243
1,0,-0.15974149758372883,41.19320296202121,36.47032068101041,2.0315598528166112,1,1,0,0.652066290156953,1.4897993178553461,0.5127803937584153,0,16.88184866344699,2,0,4.781478252097946,1.7258858031468431,0,42.86161207415432,2.1302060827766045,0,0.3198244819956953,-0.11430857248401707,3,66.17959250368595,10.655307522037836,-3.973846246274528,20.752054710697404,28.1647205801193
1,2,-1.275128698668113,61.323426442387415,42.47877255310427,1.7885522651241361,1,1,0,0.920275577203487,-0.6366538364333428,0.49558066150331426,0,24.9140906495054,3,0,-7.450815051454018,6.591402348302687,0,56.88545207840874,2.3837074388745356,0,0.4342969216744643,-1.160541953497433,2,60.68842297204634,16.057484904046678,0.149910019753408,27.00654460709901,32.42936016721169
0,0,-0.6745810815428287,50.47136413721918,49.163381680153066,2.305583598376244,1,0,0,0.6488468575345417,-0.6836326111355947,0.885495493140895,0,23.36554923852855,1,0,-0.10574441173560345,0.8797950856376677,0,27.503040377246037,2.3066076839592267,1,0.13086119571115754,0.5955930322956783,1,64.9792685885556,26.366584266937565,0.18891335010104626,23.522127204364473,68.24250025920952
0,1,-0.6071989233974985,37.208676640665686,85.0878931438408,3.8057461471602054,0,1,2,0.3016700446921268,0.3165990410341379,0.6659355391514361,0,57.37298719159649,0,1,-3.076745312363024,2.205374623847316,1,63.624831352943744,5.069777372908806,0,0.7992241583208142,1.8873652881530967,0,19.39876522419579,32.76967863850165,4.331823779962143,33.158031671293514,46.39351874235291
1,1,0.6663941205427426,32.33135354397654,28.18818813361047,2.4245939294149803,0,0,0,0.22834265967635686,0.2784780857427642,0.2309219501602458,1,23.702167902539166,1,0,4.1695826703433685,2.5738474792142036,1,7.2750954112801125,1.5192188141799232,1,-0.014903750952470969,0.3939615715710894,1,79.1040534268835,11.88463633666341,-4.246798306973098,13.604881478028418,36.695208397831294
1,2,1.0864764751085225,65.14501071029474,61.95618042571594,1.4235390529839793,1,1,0,0.9104485280256276,1.4430924571589798,0.8435458436142447,0,24.867053474192655,1,1,-8.939160746678093,7.422049774663577,0,31.715676672345204,2.5163563792518,1,-1.6877377537701725,-0.0018262727926953114,3,46.99089842377403,7.950951504816183,-5.54774044745261,37.26301282941291,26.447069704483415
1,0,0.11062044743757092,60.334236017807456,11.623316474503032,1.4531623640523832,1,0,0,0.7495089617285728,1.1923066490542067,0.8399909004168001,1,19.799370658574148,3,1,-4.071484256787854,0.9679134731945361,0,56.68474521617292,1.3014029750137117,2,-0.12735604710871182,-0.8052322300188625,4,88.06326912818992,9.766957920790354,-8.438144684964051,13.863125263065381,44.83927078590786
1,0,-1.4466855835400934,30.795625762259817,69.64354753027114,1.891583604413486,0,0,1,0.23104698929098239,-1.899567239525888,0.7050788516773018,1,23.294012367546436,0,1,5.51316182815582,5.149722802437327,1,59.92564265509658,2.745451702402416,0,0.43528548200968115,-1.083948203229228,0,46.43999031253481,20.79278557714869,-2.797318757777707,13.531664007015326,47.10850493535771
1,2,0.5886537411558552,65.40548727100912,18.412815355882483,1.4503520711698585,1,0,0,0.9375150709920586,1.2446237241872111,0.3439650524880588,1,26.98247222819198,1,1,8.124593595109928,4.263080838221765,0,30.946619692554485,1.3442947511026127,0,-1.018257262752261,0.47293091314817526,2,81.27094079668025,13.11299853705191,-2.853038069633776,12.475542044037146,43.155140192901285
0,0,0.2117323985607939,65.88014241225358,42.94869519621214,1.7317429326903757,1,0,0,0.9328550516889771,0.19812450945183405,0.7760631431637204,1,29.05301176137499,0,1,4.321197990145935,5.078468920853996,0,79.95299157737817,1.7069585647741983,0,-0.4316632948979167,-0.5874818630709985,1,61.79872454167463,13.558617749623835,-2.8545071158944255,11.249310470025545,35.52507197561329
0,0,-0.28850404388330264,38.6808876707044,67.04038601379814,2.103794418297184,0,1,1,0.3353938091581723,-0.9527636922805883,0.5804519053855601,0,31.15998542010011,0,0,-5.781301581164046,0.8304505056102519,0,32.5815299093314,2.8765456490363017,2,0.2984640104818541,-0.3888525935001591,0,46.45389433657989,9.332417874976052,2.866410642605837,12.940772841870656,57.63574827605999
0,0,-0.42102201150788277,42.33625330274839,48.19387770596993,2.2046795653176288,1,0,0,0.5842627506957181,-0.3491122417076867,0.9064947464369646,1,18.717062914151587,1,0,8.511921862450173,1.0259267197158797,0,57.29963984050728,1.9567421744742808,1,0.19358323979553002,0.37683596232570543,0,62.51962927145307,18.94884145299059,-0.7012102261423294,2.1125589090382335,55.717267911200466
0,0,-0.6372989382948426,38.57241608538248,58.68117967561616,1.5184328843759014,0,0,1,0.34618562752839016,-0.47782925991674874,0.7129515246346884,1,18.555923372206053,1,1,-1.3589171297793676,2.1752379184299704,1,43.167936970293646,2.4066003942034984,1,-0.007292378007036791,1.236031159874228,0,57.70553758884473,17.529712340953058,-3.497597443032861,13.92485555714469,66.26692808865337
1,0,-0.19141106122583357,51.29036591195892,30.862319076060952,0.8835557580992043,1,0,0,0.5815565773780206,1.0752268544046777,0.393185333355574,1,20.790406470073812,3,1,1.2285820492661141,1.9615847651307452,1,23.05530624467458,1.9599977089971978,0,-0.43960807519961753,-0.11106345036102809,2,71.06695215166684,11.061184051043265,-2.746915177187428,17.46705195182837,44.78651545933112
0,0,0.5434177512852152,22.395431323146255,45.89920436058064,3.0019118180659126,0,1,1,0.15990746087343133,-1.4060902835710931,0.3581645867594078,0,43.92736951945337,0,0,4.246477590928938,0.8017168597794954,0,40.55244041225302,3.7666521746579837,0,0.085352036921342,0.4834515523835373,0,31.638469667580218,12.732056414745347,7.760661512862313,3.9231199215256574,30.18971991915525
1,0,0.03523415450158648,44.2965863739886,25.891928285768845,1.5199671289665886,0,0,0,0.3691633673623146,0.4689632574725541,0.5852010591571846,1,18.19817381808719,0,1,6.992085740954316,0.6115721387458111,0,29.357683275087524,1.444793879498192,1,-1.3713501950205529,1.6601556384414329,1,80.68000478326698,13.518975944729164,-5.256643409274235,14.264085519090697,37.57391164248171
1,0,-0.6202118444339986,28.014195998284364,10.567382871010722,2.3576464331934206,0,0,0,0.22526875711817634,1.4876141823679765,0.6373296597923807,1,24.444849903070747,3,1,2.231854387257126,0.6664969013792957,1,6.461380763828899,1.240427563557187,2,0.2671457668032629,-0.7835172260877533,3,88.47566925587837,17.29592309196412,-8.020572000632875,4.29063229103839,26.091139594338202
0,1,0.495352439806645,50.92455671475207,71.23740310417203,2.7121575921683223,1,0,1,0.6764846890024858,1.4494359884654633,0.5419452944136113,1,24.258584084060914,1,0,-0.9037565016078055,2.985526441019408,0,69.49575832651581,2.5697121076393494,0,0.16689340803351568,1.7493575178067156,1,68.21098728030852,14.37345193345357,-4.122685566985722,33.55694724542704,32.78705723323966
0,0,-1.1829844106474985,19.33607907829013,77.09490764639338,6.172683767525298,0,1,2,0.06949976487202664,0.5715737224315889,0.340540346755825,0,79.1420313080505,0,0,-8.297467475048197,1.142779729360115,1,52.212446737034995,14.193792711699675,0,1.2510238828405982,-0.22106624201114675,0,2.305565589787956,38.64123196556883,9.944069372379303,5.655370112640901,57.92020098367429
0,1,0.6423739546190186,46.010687920571456,99.85171868059182,23.196174324612695,0,1,2,0.3750753901603249,-0.5416345679191065,0.9999999999999986,0,77.99669946790358,0,1,-7.376844381059266,2.51570834007274,0,31.660683908944037,9.706163455805065,0,0.6467407186490038,-1.2144741876556457,0,2.8713253921203497,39.98119404696163,3.31864561885949,15.616080672861262,47.89840135819544
0,0,0.3344635931322393,46.73167547935995,88.48709051125861,2.931689333080695,1,1,1,0.4459630113730452,-0.4749796727442823,0.7994715530765667,0,72.04397436917782,0,0,-7.074049862714714,3.5035316376122827,1,79.54770429194299,5.820400522640739,1,-0.5219048374036029,0.5630325115354581,0,13.672260313287616,17.158027377152685,7.262537431573165,26.917876818029637,68.33787682680133
0,2,-0.4240797900907033,52.667631294092104,58.58609362654806,2.866287645970957,1,1,1,0.6886358444991043,-0.3269045969398296,0.330118982877726,0,34.90180642548847,0,1,-7.381744262003531,2.606333526984874,1,70.04269693482959,2.723999804010309,0,-0.41664420113732165,0.8955324086486427,0,43.40868511625949,23.720305420539827,2.416036835038266,23.075177537823212,35.42700818584747
1,0,-0.7087141460511557,45.36798928337024,43.333815637945456,2.121367246029828,1,0,0,0.4387208832790332,0.08446409425636045,0.3651208183222412,1,19.387243780364653,0,0,-4.016916202672577,2.1773978104645333,1,54.7881687563812,2.000064223317196,1,-0.0409163111881265,-0.08890064208674187,2,61.93716544704494,18.68777935730132,-1.5916364638820895,27.076712577153778,61.123205197819864
0,1,-2.3276406121424937,41.765576997471136,53.004923449544194,2.118934785498487,1,1,1,0.6033033542711665,-1.5380345217878018,0.43767931893938394,0,23.26040802853454,1,0,0.37735240986780383,2.3841723917047473,1,73.64342954504252,2.656387114505033,1,0.4379941741973973,-1.070994171467366,1,52.80835718494807,28.044817034823097,-1.209695568620507,17.871503105106274,54.60037467675897
0,0,-0.34896874031864705,19.334937519962452,70.81051912872496,11.522419804757977,0,1,2,0.07750760544768387,0.4703117404432504,0.6769661266350403,0,71.43206179326779,0,1,-5.2767293849874335,1.2956522724763169,1,45.8988101668131,6.416583585995386,0,1.3227595248196726,-0.797765297094659,1,13.302520003282343,39.100798897141615,8.195934499141359,5.228663333560699,27.387692668468784
1,0,0.609846483984845,40.04494791082732,37.095382702132454,1.2686480471108659,0,1,1,0.25708869914694277,-0.8039688883718747,0.5672737501730802,1,31.9423545182449,1,1,3.7355869640546953,1.3863752139134977,0,1.7646220652811184,1.9736957828300232,0,-0.6328795194396036,0.2195037714736833,2,65.47705627665924,8.962950726091476,-5.088379044544564,15.723771435917563,40.612651895625206
1,0,0.33590275844533596,38.64982835461382,45.31749862441748,2.1219196961963744,0,0,1,0.30776750083551563,-0.20199935764220525,0.5179754387555748,1,21.29564643760468,3,0,9.970883283809332,1.6016551785836113,0,17.57778709806372,1.75131142593707,1,-0.08341220730968021,4.242285100621871,1,67.51132072005734,12.61473165185988,-5.819885814121301,17.88564540556493,31.690420203236826
1,2,-1.6954394931804746,37.091521810242824,39.977236717904965,14.73472309813565,1,1,1,0.43828002532323573,1.7964306521869415,0.39583324298134115,0,25.856218396461834,2,1,2.2601474983949306,4.875781262565092,1,17.016213874216565,3.6220553563883313,1,2.640643497414969,-0.6433817482113258,3,49.054203053740046,39.82778243916796,-3.0464015838136715,27.749453386347067,37.107382609815204
0,1,0.271257085542526,26.500859297578533,72.7849205424507,4.064567216715148,0,0,1,0.23867972342333782,-1.5391962286181262,0.48579019274005664,1,24.156317220564496,1,0,4.416964646944637,1.7103628773216222,0,0.47930584089671324,2.3343902485761467,1,0.8579485069575845,0.9393387423411004,1,46.97712431056917,21.19932487288346,-4.02889920712602,28.269004644282887,21.93316361570286
1,0,-0.9241373573417611,59.30184077261783,2.557010710960572,2.156707284227324,1,0,0,0.8581739517575464,-0.3692915571441588,0.8194264277492327,1,28.666390466094764,2,1,-8.822480414723387,2.652184182521881,0,41.287094369164244,0.917857726196985,0,0.09008273300205215,-0.5977085762932645,3,94.99071188126977,17.308497031297506,-7.338443320706881,6.8761060486045755,67.24762515138528
1,1,-0.43957394231307506,67.72334694666198,24.207655218238116,1.8940423125025783,1,0,0,0.9904501838334427,-0.10839125426205344,0.3909367020830958,1,32.633571134508244,3,0,-2.1098293731050655,4.172006951500094,1,61.17916955727882,1.599521027142447,0,1.1270171335699706,-0.2564253947992001,3,78.2464436260276,17.13385153507504,-6.622540325591043,38.58918595793969,67.0735567692393
1,0,0.023269066729606946,22.143983378574546,60.16493793345718,2.634643495364668,0,1,2,0.11896958255580908,1.0082544474540616,0.7024226396535984,0,27.046811132890905,1,1,6.648465371355567,0.724622285430498,1,6.38044406852329,2.7542002338873184,1,-0.016005079991842204,0.38220949039078345,1,49.90762697927894,22.233686436567428,-2.4160963955904045,11.367674792391163,24.097501513018088
0,1,0.21928450830918875,31.26106224123159,78.7366593971909,5.166862343562545,0,1,2,0.20765041572844206,0.3697593594883012,0.1610800660490077,0,69.48440153214815,0,1,6.187360488509,7.2605703434342885,1,59.57032502309238,6.879565227001233,0,-0.13832716366622286,-1.8214050796342416,0,11.060567908328856,30.224227493374237,8.626268996496048,23.34203972576983,33.930843658622194
1,2,0.3957520182128854,69.46655097052246,6.707485680512421,1.6434349226052085,1,0,0,0.991913996490385,1.7242524528103047,0.37963759385213786,0,22.44298898498148,1,1,-5.615310286142718,3.3700184979013152,0,18.9322942221243,1.0521564415388305,0,-0.4841523346132794,-1.2514755910656596,1,83.0252932370554,9.573874681823686,-2.8450598595416965,9.979344928726398,69.93936957797008
1,1,0.4988487068562357,51.09822865967827,29.079167499967586,2.4233141148947444,1,0,0,0.5413793233321147,1.1946505648117942,0.7134962859521009,1,26.915265275126096,3,0,-2.448302174255282,2.2964593880569444,0,11.440380406292526,1.5224766009438238,2,-0.8372815812571923,-0.27172673656190244,3,77.11389264309676,16.675550173954854,-7.0495570818421385,21.950185906487334,28.2020452005185
1,0,-0.477656669071316,49.72232501460116,19.418230738292756,1.4611435398454924,1,1,0,0.5973803510716534,-0.3803771502638554,0.4811232084742371,1,19.914443103502492,3,1,-6.791409173446629,3.4812308931525844,1,32.62479137618143,1.566500642193168,1,-0.5007728192824273,0.5842910283252241,3,82.37844461152883,12.875693883425077,-4.781331648099394,16.826292299238325,36.59103581493077
1,1,-2.0731297335716,69.87864278568884,4.025847348619477,1.8666169566484465,1,0,0,0.999972459767167,-0.15005464542118313,0.3957647397230669,0,26.625079742910373,1,1,-8.161335172491116,1.4795095194665415,0,64.04193726503618,0.9877082418249364,0,0.9557045291866101,-0.5429658480715251,2,90.57305603384087,16.603028289381648,-2.8070938558906793,13.141760114412172,69.181594009984
1,0,-1.0502851901699541,47.791368457855555,86.4874324903107,2.887601119025017,1,0,1,0.6994076407838996,1.1582558852025713,0.9882900587043427,1,25.988661836759043,1,1,9.9725678546578,5.819812486064377,1,69.9562875841547,2.8009391780979365,0,1.3354567734244815,3.035380035267184,2,40.50591673400847,25.631700093665867,-4.3791721125036345,25.613323185959047,48.57332180459522
1,0,-0.29616030478961225,50.09512586994979,44.77795754635443,2.3446092590219347,1,0,0,0.6883601128880077,1.8347947532100701,0.6692355140126127,1,27.97933901306472,3,0,-7.749666802821773,3.176073737857047,0,42.073535785713965,2.011092543269868,0,0.2888188508628801,0.4181433594491777,1,66.79169125502649,16.610113388171964,-4.4077739680994625,11.71940662234459,53.702571531498755
1,1,0.6840092711807032,67.17851271461888,29.43079906464356,1.9864028816642376,1,0,0,0.8946593983387943,0.7214242144052292,0.9568550521016939,1,36.74069513277193,2,1,-9.62494696725026,1.5242914944198063,0,60.62731369861677,1.8156063273714642,2,-0.5285929758586524,-0.9733598917748542,2,74.34851967650562,10.473366574335593,-3.349458497590443,16.16171432825961,56.85755738589822
1,0,0.5621547856474501,36.34589124938537,25.022229953494048,2.6172533365445783,0,0,0,0.17939780262036392,0.529394170138558,0.9109552188856117,1,27.14988836265669,3,1,-7.722494181381591,0.940849673122904,1,62.55329038127671,1.399804702579485,1,-0.5733461978770964,0.3209005187015025,1,78.86929342649404,18.393850263621076,-4.282104213551325,4.353254605376399,36.29373013654843
0,1,-0.026960024155732454,34.45077801272255,58.43906538902819,2.249364842828309,0,1,1,0.32141166087756934,-0.45945099128309946,0.09872123817624873,0,31.136304935276367,1,1,-5.8066667382373645,3.0837045674493786,1,29.781653871427494,3.0074638421543805,1,-0.3872152939888297,0.11375111286172211,1,42.639902108753994,9.340084022643937,2.4992677928961378,23.82272863529346,49.444280437061536
0,0,1.799021290220666,37.35901290872531,38.991914228486166,1.3563996238867255,0,1,0,0.2762666806452041,-0.14660793668246994,0.3873007436286946,0,24.540379590173327,0,1,7.63022871050444,1.340670106650037,0,64.47150327070187,2.241770634805331,0,-1.4855214330461701,0.39492450240720556,0,56.2167340731985,10.758992084922019,1.9821563488450789,3.009120553368818,30.344247764085104
0,1,-0.4327196553129537,38.562285155443774,78.55079819660749,4.619608251386018,0,1,1,0.3659173377827811,0.47833362407093455,0.6393457225635075,0,67.86692560713708,0,1,5.1065771739844745,6.376578113066537,1,69.93961405720688,5.459891057318869,0,1.3278983168255598,0.5386712126402727,0,25.608973046970927,31.7175147168583,7.545883795126819,14.914541168070164,33.95587377548863
0,0,0.5121860811661149,29.955486268420994,81.27799348244329,6.5718546563721185,0,1,1,0.14858813151677125,0.27194134434616973,0.5589864061247701,0,56.39887245732013,2,1,-0.08210136404094825,1.8563119882285706,1,61.060476838984584,4.4534853897534665,1,0.42045007306538246,-0.36397245918859317,0,7.96665462877807,30.102513835980194,4.735076401150721,32.776820130240445,32.391040889998976
0,2,0.20517747067053851,26.939648964974587,84.21332930084874,6.638005164929799,0,1,2,0.1796402882644546,-1.4028488440499938,0.04247349093909758,0,79.68144248731699,0,1,-1.9178753108090447,7.775953153197746,1,39.33833370531453,15.164770385659269,0,0.21272314816120316,-0.935688471206064,0,1.7217186952272756,30.294817301867702,9.987363467012802,14.515848022596849,35.61194744747658
0,2,-0.3575925532662916,49.51750227079731,97.78436503819003,15.914490781836939,1,1,2,0.6495905037581178,-0.27680696565185825,0.7247357609974916,0,78.79876150325872,1,1,9.35080950703583,7.5818638989063745,1,64.6809847858273,10.808633902923479,1,1.6934036170851472,-0.9434063817594901,0,1.9183252211036783,39.73612843409977,6.500046103105124,39.98169029139072,24.880824346969206
1,2,-1.4351192631260559,63.107866163359695,41.06055189189725,1.342328840573624,1,0,0,0.9304676505011377,-0.21128689848126728,0.5125723390762119,1,23.67821872495579,2,1,-6.0321617653547,5.905359191946131,1,65.79701202240042,1.5364380299839142,2,-0.0667051709819814,-0.33909488516157843,2,58.81743535936905,9.942187412365115,-5.890454101272949,29.998138668877992,40.649123716255716
0,1,-1.6503424876691555,36.48613009000515,54.45300408165081,2.106670736552473,1,1,1,0.4287346018786611,-2.8806970448128864,0.5940876239474089,0,29.77384702959675,0,1,-6.612066356251028,2.8995966188190625,1,37.23929171810105,2.4346692095319313,2,1.9967524686468596,-0.8874390221432968,2,50.38823860613553,25.003253411181404,-1.2850079014851374,8.02386656162472,57.83068049173076
0,1,1.8878831336179276,32.43997113200036,57.585081735800514,2.8921917974138402,0,1,1,0.19649359707109765,-1.3890647094471056,0.26853658763460503,0,45.60445809611289,1,0,-2.7622262851209056,3.4772949410198346,0,50.617839860846594,4.266757126648601,2,-1.4256240853781599,0.21663181701694317,0,27.85914687893603,8.104968574822081,8.139056149541673,4.80950156636847,30.516835108867646
0,0,0.8354434836541353,24.153951694461867,67.44982549223629,2.3088018469488,0,1,1,0.10046107008807897,-0.4460443644794122,0.7103014449759835,0,35.18267906295148,1,1,-5.812391498346616,0.5693279622525266,0,10.900009861667792,3.4262358304750236,1,-0.6058970719579392,-0.5175100591946145,0,38.038765699606,11.967509782992787,2.4878153941649117,10.17376974175785,53.942335632519516
0,0,-0.9655280190058392,21.47626875944851,74.85069630806163,7.080047018911558,1,1,2,0.25794812394303956,-0.31719776829720303,0.23388216339027484,0,76.27340189924843,0,0,-2.0165365148584558,1.2982544187480702,1,73.5727807824203,11.012382702552948,0,1.6030068276066027,-0.1329959683350083,0,5.813127012569069,39.080196593289486,9.76661457809795,15.30986288266892,44.079748929694915
1,2,-0.9657210423035508,50.536221809143875,47.0474522462937,1.842658851215802,1,0,0,0.6203426153431005,-0.8391067125535399,0.2279258661276783,0,28.43028449382066,3,0,-9.61307141415579,2.057609151035563,1,35.6194226412385,1.9968928703417037,0,0.4218885591885035,-0.08131190462719101,2,61.000238509747774,10.744726651837226,-2.2090284629919417,31.21763975032374,68.04744031609192
0,1,0.6893662205854937,43.97717047174035,62.849605533831834,3.2277699246779648,0,1,1,0.35207219936656176,0.3135809193418116,0.25920528306537605,0,54.455565966505986,1,1,3.6952096215814088,4.694740755252046,0,48.6158100267292,5.858894438130718,0,-0.5590130660514099,-1.228421034437764,0,21.18185124480939,17.280942040238646,7.549408341847993,11.486655740834495,44.096989059271586
1,0,0.0920685880788957,47.248857145141,18.5084887900289,1.898141737493296,1,1,0,0.48099988139830485,0.9831922870468063,0.6293934044180332,1,21.12037324784702,2,0,8.671192431338294,0.8598624890959312,1,71.23224663251995,1.7649536543023112,0,-0.4225574091421228,-0.38454759814435013,2,80.76825519251362,11.956180171284183,-5.689216052267555,18.294298690029724,28.519388247288155
0,0,1.216987728029887,52.29159213896759,85.28558532776309,1.875045880261767,1,0,1,0.49920086790031465,-0.21876751148456391,0.9985020182814762,1,27.854642074051323,0,1,8.587786714223554,2.0211336306979684,0,47.0991506560906,2.7275352609212242,0,-1.5205178878826278,3.0447267259924047,0,43.604258259539314,14.463327767922895,-3.9821472230405046,24.166448051501,61.22828745418013
1,0,0.9358285964479088,43.55083426072757,3.080765427417159,1.8549978926264632,0,0,0,0.28747817750295573,1.043643723380853,0.06222243134391725,1,22.955419916095067,2,0,7.747398875876748,0.7458001041606676,1,43.21541157457859,1.018584692901161,1,-0.6941442539770986,-0.05099541027340624,1,92.61075159962802,9.279648407846881,-4.389795730985293,2.058255433260019,44.975132978652994
1,2,0.4077081804386912,54.45727852674971,67.11358651805389,3.044491327044248,1,0,0,0.7289486415204245,-0.09469462470761149,0.8877843558142435,1,28.797354443895955,1,0,5.278288451507599,3.475498117815966,0,51.42750609898768,2.393466379856422,1,0.14024953442029464,-0.6228463287685514,2,47.91661390342659,20.90137860812243,-3.599698567965386,30.849027300504694,19.01953120838415
1,2,1.5513398312186069,48.6930448510269,57.45513435325944,1.9306457681767306,1,0,1,0.489848549891277,0.7256954974641682,0.5261247797693588,1,31.247444785963378,2,1,-2.9747379539135324,1.456458444898974,1,67.333011234235,1.9736764465822425,0,-0.8691390569222903,-0.7774866562517192,1,51.01217906723371,11.638514797064733,-2.7387555584429464,37.49984036451715,25.85406002940173
1,2,4.125404929804735,67.81225904853876,31.92193527021575,0.5143486636559454,1,1,0,0.8061702195603797,-0.3335449690668784,0.5830047835571847,1,21.652165458861,1,1,1.7642895715708828,3.562817751707051,0,61.13532104624704,1.8730534277638984,0,-4.170499458454335,-0.07451812861178196,2,63.99177760379426,10.436948202874428,-2.0531361847455996,31.286416588657353,20.789280597150707
0,1,-0.899460721262661,30.56408296608931,79.01997245614555,5.988530899269871,0,1,1,0.19865440914470084,-0.18919256271653692,0.40307115338469324,0,60.784054022365396,0,0,5.894501250684742,4.851956615657675,0,46.26295052874344,6.256626045687436,0,1.4175464676081941,-0.3576336098481527,0,13.967453757013814,35.660790479463444,6.05397056397074,21.32359501711314,27.585862978075333
0,1,0.2608430322654501,67.09254536955149,60.93756296669657,1.845130653505236,1,1,0,0.9357820397960548,-0.04644699812694633,0.5876600556058403,0,37.02073980305998,0,1,-3.8044958958484454,7.6339924882606836,0,39.10335593340549,3.08278074231973,0,-1.103917843756389,-1.2486058377395775,0,38.5718312629628,10.394107809954214,1.6355890447340258,30.793389750871185,67.90785493435203
0,0,0.01542797471079317,44.889831137377584,19.967889358921333,2.8859724798320823,1,0,0,0.4876728024320358,-0.0161923345659351,0.4475996863532946,1,33.25818713960987,1,1,9.312700900061465,0.45037442365614905,1,74.29314593487973,1.3002551465527221,0,0.8011460954778018,3.139303700613582,1,82.20607510321034,19.678288208926656,-4.192969825014773,8.339613239775588,64.02049766278314
0,0,0.29353049345209337,41.0896282909093,37.721413653683356,2.0806685783003505,0,1,0,0.28404933905840607,-0.5819469336760813,0.5826846641316404,0,22.319902770796975,1,1,2.9303351423476993,1.3171737725260395,0,42.12680579074053,2.1291042480701092,1,-0.477641468426231,1.8007402131045116,0,56.77733654569893,17.65094076348256,1.65984565657266,4.4873251940255106,53.41379327864652
1,2,2.1001629141663654,67.76083710477913,29.20430797203577,1.9494709360832683,1,0,0,0.906215019101478,0.08626266850830414,0.544353010242987,1,18.517751603474206,1,1,-2.779455932668583,6.0194377134479025,0,38.6795232649141,1.7784562436447893,0,-1.901330628401568,0.3222474862892082,2,74.0032274402451,8.17048078718124,-4.081594666795933,19.40220979084858,39.26439208127833
0,0,-1.136870162100573,36.19163041916255,93.19782899029829,6.0060917465203225,0,1,2,0.239870525291018,-0.7348708158739808,0.5622353490887393,0,75.32390827534591,0,0,-6.509982265369018,3.459792226204856,1,32.72974378585189,8.445463787117339,1,0.7793797556127533,-0.19340500298607355,1,5.889801219545898,37.66070886903067,7.036519707528743,39.42997403475213,50.601126318099844
1,0,0.39409931236782986,42.88051436233293,24.927976168409433,1.960072815648963,0,0,0,0.3461414243905512,1.174305764134215,0.8728941396355098,1,19.52826644249422,3,0,6.635795886343043,0.5936020531642028,1,61.010522700293386,1.3188248617702774,1,-0.7083368190775224,0.2238372277923706,3,61.27066342239187,15.327732628813258,-6.566798957956104,12.837687408430183,42.24240883086914
1,1,0.16078036640624926,35.29764238808196,54.75235254582503,1.891551843872856,0,1,1,0.2243046517815387,-0.34768414301933104,0.7013914935833894,1,22.470551265631713,0,0,3.887498088789666,2.019340886937995,1,31.025290396067128,2.4454520967927555,1,-0.028618052761491392,0.44082565139054725,1,48.675779154660106,11.264793577134798,-3.1977854494169495,21.51075632142134,41.98272309664867
1,2,1.0497355826849943,61.25400195976716,5.488465921437713,0.6002181355737307,1,0,0,0.7957808235067882,2.1391893364613286,0.32472935242606815,1,27.492572772543333,2,1,8.870867621311596,1.1296855229918041,0,39.14330825528165,1.017788099162593,2,-1.8705133676906602,-0.4827172670651547,4,91.68521011250732,11.369271238654704,-8.795778376215534,35.05570849503217,19.349528222080785
0,0,-0.2229444337338792,32.92793179499286,36.282736143001934,2.430949740877295,0,1,1,0.15553357543159008,0.0093500741036048,0.763423854317655,0,25.69812843456016,0,1,-3.007081241843812,2.3782148091343567,0,62.87090617101849,2.0471604820144202,1,0.009999499386219492,0.42029688195808856,1,63.60356075476427,18.11379583840366,-2.3534329450298195,1.034090264426133,23.109458609430593
1,0,0.8130422410338604,37.24786555046468,0.08589574348752405,2.0502963927607074,0,1,0,0.30663266765774944,0.4045298548569859,0.023859824002818275,0,22.288001332227484,4,0,2.8996522716489856,0.35074170335090815,0,1.4909395409991832,0.6339093381582804,2,-0.4009232377964272,1.1879311261520362,3,98.2617031637947,15.211217540718085,-3.912162825175778,4.4333468816986255,31.381341716583474
1,1,-1.4530990794076262,64.3690060582806,11.199468860141575,1.697319884075495,1,0,0,0.9549373649301958,0.45628805875392636,0.23134488815507964,1,24.216937580437232,3,0,0.560045051417239,5.7174746987299345,1,58.98988399595572,1.3236481755052736,2,1.040959497975299,0.9809508710981079,3,83.07175910249973,12.164320225518829,-6.428249859644904,15.336688504444531,68.38255221660988
1,2,-0.7707516083446796,55.66063745218509,7.514672274593131,1.968399766819637,1,1,0,0.732273124360311,1.7066459113742882,0.15754754618285555,0,25.928557965691276,3,0,2.1794261121795167,7.556383348887137,1,44.74647655527419,1.3557135574207875,0,0.475646410369491,0.36219525624658877,3,84.11861474357775,9.155811098556605,-3.7646633647557177,9.732090056425376,32.70026248081708
1,1,0.5635735335020563,68.4930235696904,11.90335534482147,2.1696825493599023,1,0,0,0.9556240580509463,0.2672783936328626,0.3422314615656283,1,20.919777774782673,4,0,-4.090868744802152,1.5977411252447786,0,76.9726735584436,1.0568443202726643,1,-0.7305168493284244,0.9820566277052247,2,88.28321355686515,8.5566892446552,-6.573715431039298,29.041704038268293,69.2186090190626
1,2,0.3080407767677265,69.64784273535378,5.466889663701263,0.5232344455207869,1,0,0,0.9964802074927542,-0.24280632303117392,0.07788764826228561,1,21.788226905486383,3,1,3.2693559388042956,7.147774556257987,0,2.90952301072259,1.1486724108375683,0,-1.8512442775267455,-0.4112718627022054,4,93.94863846417938,12.476810974379461,-6.248702986520356,31.46948129632092,69.96760836122631
1,0,-0.9792595778284584,26.35287682924333,17.16939073661589,2.4376314317940486,0,0,1,0.22050243704479944,0.3030658235115318,0.1815387263280378,1,20.137637900570084,2,1,1.8953355957415745,1.3025713907318741,1,24.96803501777352,1.5564491265515883,1,0.5794321523025926,1.5782308499319198,1,84.01374643341843,20.903550659530772,-2.5365191493121486,3.8841795506237675,50.86706536104475
0,1,0.0891659726902088,46.891286244927514,48.004382020369555,2.7688643289865746,1,1,1,0.564564876700736,0.07863461660831354,0.47298526983998157,0,29.7081054289771,0,0,8.456296787239076,2.2659241349007773,0,37.65614682353584,2.0824915604822736,0,-0.23432955001713768,-0.35227422066787745,1,54.25773833440902,17.509410598304516,0.5259917015283566,15.037605991909917,42.73909278195498
0,0,0.2965003330789111,20.115341621684816,80.53038198356589,7.7098507004813275,0,1,2,0.10670595344087935,0.0557523416391154,0.5083003229855018,0,51.59997562369091,1,1,4.921889209185121,5.592443899406068,1,4.7595394309185535,4.360376182967012,1,0.4688129577310514,0.18223044651159492,1,24.757241321917284,33.92473665323041,3.1729479065853425,3.4857915962431085,23.43468618623817
1,0,0.45089503232762385,49.7189755256134,25.192277883389146,1.9179900921641662,1,0,0,0.48952924577392726,-0.42048669466130717,0.7261011851295011,1,26.878822440226635,0,0,3.603958310937145,1.070171036888319,0,58.17872230250019,1.679215961754553,0,-1.0576122931733745,-0.17489666003012158,1,76.31340687218194,19.08022018014864,-2.234495040605518,7.03578785418321,36.2470930849456
1,2,-0.09453791896612365,59.091330679303184,15.675135236798399,2.2048482047517157,1,0,0,0.8530810577605894,-0.090523442321026,0.3258205059615991,1,38.107523912816966,2,1,-4.217272769517232,5.170592606693166,1,68.57667821227368,1.1803632872457077,0,-0.4769938204760743,0.062482539089935424,3,82.64019812100814,15.852626781489993,-5.619139100549805,13.531427369112201,53.03887056080029
0,0,0.23610184477937493,31.409989897918244,76.16215221937003,2.8478223584759492,0,0,1,0.20895635501506798,0.5654908504872834,0.1284445549075534,0,28.839781219711334,2,0,-4.153204626366016,1.309998170800766,1,56.823575694204614,3.1931978079269636,0,0.3736833606986516,-0.37137885664995374,0,37.98525085853397,20.929595735200934,-2.126959411915407,39.23872512671367,43.62529744895764
0,1,-2.319911929552766,24.294341620422706,79.94169749290133,3.2135790185492805,0,1,2,0.19974056209215374,0.9919919665781407,0.3512506391439639,0,77.18765930160671,0,1,5.669860231634312,6.53319436106558,0,13.715839502239078,10.664018655529876,0,3.0088191504474224,0.76648249384947,0,3.9293862375705926,37.50381135521082,9.791143121463183,8.598921198804657,49.28451363320882
0,0,-0.11558149282182507,27.250854223395308,83.26395904541782,7.906346086550228,0,1,2,0.19514259051719168,-0.5583511567138058,0.5527521821379269,0,47.7943696323371,1,1,5.600780562426506,2.5358994791865905,1,67.56440470772839,3.6837842265663303,0,0.9695849677391812,-0.5082428639610521,1,24.336123794941784,35.72132442601108,1.5924573225763776,29.979466331845963,26.975032786061394
1,2,0.04055379218074679,53.86288122961964,63.389854244869696,2.562625878542301,1,1,1,0.6457505171045154,-0.2355414137784562,0.5379851429628303,0,27.886196351140384,2,0,-2.779317951077804,3.1977064073506862,0,44.27214619400863,2.6757349949035794,2,-0.13508624781042058,-0.15040012859045623,2,42.34097135312512,19.060835930248924,-0.17601404274201116,35.01882782182931,24.307910908624212
1,0,-0.26346532723831106,45.65019826105838,11.497142468746702,1.7787352897359325,1,0,0,0.48737909229174997,-0.5050414813259212,0.012631464045458674,1,29.939965101003935,3,0,8.138315661679428,1.9514696020543667,1,17.95232475508,1.1976906893956238,2,-0.4063794680797731,1.2729540618151132,1,84.39899486420876,12.496734579849333,-3.8683513321276175,14.429802692320228,58.92087931169537
0,0,-0.30785389908399763,25.243940671483667,93.22214234814308,6.5791322889220245,0,1,2,0.1962237516004915,0.7560616840882607,0.9999885534519342,0,66.55935266668035,0,0,-7.243920585349468,1.6078771232535582,1,17.344142403078262,6.40850608869182,0,0.6569030860857707,-0.9530170666353558,0,12.3217375756988,37.454434995822794,7.268282834751098,12.017153119604895,49.52791523368331
0,0,1.9870495839846762,27.125173949909357,80.75208172994827,10.774215567282834,0,1,2,0.23235874239970195,0.30456746993458733,0.7415489377647452,0,70.4372437364507,0,0,-9.206233857964909,1.504796546617693,0,25.744831439197448,6.414403486062759,1,0.6163310696192039,0.11339839938546764,0,9.948475069929724,35.82867865012331,9.653784991462103,17.29965568634165,21.171571121832542
1,1,-0.6180302139499171,66.66272057102293,6.174222074959329,1.6957046817962391,1,0,0,0.9827920656610851,1.4512712849822764,0.7125982388924924,1,23.76133400617136,2,0,-3.5341520412605387,2.3398593330048594,1,26.3667124110708,1.000462488951364,0,-0.15369695830141558,0.4859845847311161,3,92.48868084658928,9.247648794344506,-7.933470828730228,8.297944292843113,67.49534766384434
1,0,0.5652387825777663,61.42381149505887,19.798337836607278,1.8107203265178018,1,1,0,0.705889032934911,-0.5016366127227786,0.3212561754876896,0,19.153841931401683,2,1,-4.372449581809756,6.288962527822484,0,62.48002925205769,1.822598781191514,0,-0.647763040537148,-0.25100483867950907,2,75.97272233116553,14.671284832732741,-2.362183645603075,9.347173601413907,56.06989816936289
1,0,-0.11005308091432425,39.87964376778672,35.30859340306359,3.8039258632201194,0,1,0,0.3579415191431973,1.8289060081416713,0.16124647768149497,0,25.517109443154666,1,1,-1.9815692401380787,2.5776501298863064,0,31.1761212827355,2.62165770658107,0,-0.30324238334148884,-0.0803927675072878,2,59.574973364429596,25.734503922712918,-2.557612676886092,21.541492768366428,30.37900395531655
1,1,-0.11301377900501286,49.23922982185934,29.59277072518573,1.4080701756405556,1,0,0,0.49958186189387616,0.9717658125400959,0.8287288585714413,1,26.584252598099493,0,1,-6.928941243247511,2.350181175854475,0,46.78200295093163,1.7323871723939894,0,-0.5554852048765028,0.889294424473208,2,74.28288051587622,10.068600274138069,-6.28113005259345,4.9368243855851475,43.21286834120748
1,1,-0.9571558895585836,67.78161409209814,20.72814062506833,1.8359062234284995,1,1,0,0.9841764108770288,-0.2874053694995534,0.38460783786349834,0,25.62510778970756,2,0,4.206468337885896,9.40191079356252,1,59.208465889929904,1.682976153378077,1,0.19441011630564717,-0.14140049681568154,1,73.95653291933442,15.489846589023678,-2.7201236421289865,13.452886743906166,69.89812397891177
1,1,1.6281102587354301,52.24589374179247,37.1199222157658,1.2444611229225302,0,0,0,0.46922696740868464,-0.8729821893022565,0.7306431788506592,1,21.538870225456286,1,1,-7.802368280042428,2.8209497523805327,0,75.68242962793073,2.028871968057711,2,-1.4260141944246034,1.337843216831951,1,77.7532153061035,10.11086848911866,-5.940920019126219,14.13740430093462,26.935063123397587
0,2,-0.58157337249411,39.770395447352854,97.91924694970662,5.195272828249597,1,1,2,0.48296127370285274,-0.008644125661649777,0.9808030235202618,0,74.87727353956038,0,1,-5.875415066211504,3.3621570994073195,1,46.851474938955384,6.143951233170244,0,0.7347647880582999,-0.43043896409911536,1,12.648316541317438,28.17308918398477,1.7350736168957113,36.94317742651712,50.46194116446504
1,0,0.8165880601965959,45.82925598207337,16.28255009248344,2.8726604704484906,0,0,0,0.3484030194187486,1.58459519558221,0.4087228785190399,1,25.597728434604548,3,1,3.85559924662137,1.2406310400817953,0,41.22391558047822,1.421385174843567,1,-1.0151689026158401,-0.2171811422856026,3,81.79015795700761,5.288090396769471,-7.265925059982696,28.82084264233295,31.470341004766727
1,1,-0.7552944057906209,26.918258233598372,44.8718974744913,1.5159434844875235,0,1,1,0.14520200479978862,0.697802470931485,0.5754522939369983,1,24.716677906668416,2,0,1.5595551263261047,1.2915083363174071,1,30.539223913897892,2.340053064619264,1,0.029339176942202304,-0.21200790194898586,1,59.65218182878802,7.725423726098201,-2.8263502834018803,10.0468091640258,33.096277502465135
0,0,-1.1314462453562157,18.305084817128137,96.95649542560206,14.812700059853043,0,1,2,0.09019311763900995,-0.057779359343359475,0.32333109467735255,0,79.87995813506254,0,1,7.079867519592714,2.111079930389826,1,1.5262223826591148,17.67159162269157,0,1.362766428061707,0.033106834450501936,0,0.7091327976855522,39.816925023960096,9.600692795463633,31.96413872196168,42.76368626387398
1,0,-0.06350285940467318,43.222089745597906,10.619608902100286,2.0293677156840912,0,0,0,0.37337652399563037,-0.3102349620263187,0.2204345214637613,1,20.627788413614066,4,0,-5.85134562116107,1.7223474079721688,1,6.306413397538835,1.4172171869375727,2,-0.03176150742608887,-0.5958788097889036,3,85.06964007878716,14.278308339807298,-6.9890674734168226,16.583804238384666,34.69886117401613
0,0,0.6334085480726207,39.69359800811728,72.3013576543804,4.831044561786664,0,1,1,0.28334920460807267,-0.18117630647397984,0.9134213503958093,0,38.94008736591492,1,0,-3.412890193126641,2.0761553076992274,0,14.905131431393134,3.3001811704997905,1,0.2825468891561103,0.3223652618646392,1,30.952335694596382,27.375894993833867,0.531529652030418,16.08905359912084,34.60532474888759
1,0,1.4226261768015105,60.41250540715512,37.21924260778488,1.7826365524052787,1,1,0,0.720923833483444,1.1824711616803287,0.8023048227220624,0,21.71714752570925,1,1,-9.236800849377499,6.942775915024582,0,5.03969161845494,2.378507702163984,0,-1.4213001333041144,-0.16451344136769108,3,58.71730393814445,9.993316959248766,-3.6809720740276966,9.222709165033177,59.5473687894162
1,0,0.30719753819352996,38.13384676931204,47.48094942662603,2.3916550704316886,0,0,0,0.22494150184253037,1.5327078331718365,0.4383466259771044,1,24.54106982028362,3,0,-2.9135782008881943,1.6653210189591536,0,20.324164409530674,1.8332897139024118,0,-1.081483780842401,0.5720931203650526,0,70.68050774445331,16.415772434047405,-3.87683844025452,21.289584745298228,40.74611802749529
1,0,-0.5002312137165064,24.51473511958492,78.44291846719769,6.2858506405971735,0,0,2,0.09481554974005912,-1.5305421634193639,0.33501116137971,1,21.7627633125948,2,1,6.958137745390644,2.127516191380977,0,60.82967935752886,2.650322923205192,0,0.9446439440782072,1.9178331855837734,1,48.712516530648514,36.666642254915175,-1.5983739748748125,37.63143643788055,55.003877827283304
1,1,0.9614781110432338,41.27710162178427,38.60563552201079,1.9314533811445436,0,0,1,0.2054487000038419,0.29649021906190864,0.5093205461889124,1,32.70437576629436,2,0,0.9339736878693294,3.735985340420209,0,17.991443512270898,1.851724848405416,2,-1.36755620873846,-0.3654897188031652,2,66.39380975371192,12.685671425937244,-5.385580240525714,16.496536025134706,24.342994156593665
0,0,0.08555853329660605,29.034239273266458,30.190782539935856,2.81620343277581,0,0,0,0.1757657911395739,-0.9452366317708929,0.30536599382886614,1,22.77347780613819,1,0,-8.328107484876766,1.3438589771663425,0,26.460982330622798,2.0808808451252787,1,0.6053673426536974,1.148945117830057,0,67.30385824198547,20.559802991542004,-0.8008457896935663,1.39493205288014,42.67387304732428
0,0,-1.151499167397292,26.498873889118485,64.74693946002401,2.320433629097993,0,1,1,0.13353599725743215,-0.8702622844489193,0.7807569843842727,0,32.31228464456312,1,1,0.41271886300620864,2.2365523550310518,0,13.612361659044288,3.2035655399331815,1,0.36944588387925104,-0.3441001759576479,0,47.61121758497819,27.073070999464942,0.7472651769685363,6.006003209727028,48.680282493152106
0,0,-0.18995523036756107,56.485784604804316,17.77163779998557,1.6247335612650344,1,0,0,0.8006774401633312,0.44655489613387345,0.3854693504479605,0,18.650043490663872,2,1,-7.374622379753559,1.6211008414336705,0,79.17587716526799,1.2407022668879468,1,-0.3111927435896477,2.2095178857998246,1,81.28642136385716,8.998573449386756,-2.865598616432025,5.652969924660873,38.31001776289213
0,0,-0.9286499365702872,34.61319455799769,62.40024836400697,2.616881154599753,0,0,1,0.34925081258794827,0.3907748099298171,0.795612507316708,1,26.263835643118956,1,1,9.507675294044606,1.6959293181646566,1,36.86328895490294,2.5356060997807193,1,1.3944773805128978,0.679158229330068,1,59.77707575332401,22.79395076825276,-4.957672571332756,14.858027203164113,59.644534401624476
0,1,0.2581106539315053,37.557034966787064,76.5234006602547,3.0768175506769513,1,1,1,0.3786957016127287,0.10665554997093038,0.5964781273814216,0,46.64445126969358,0,0,-8.161686306186644,7.307576673704945,0,30.364039619070702,3.7424833298469085,0,-0.08984994538435252,-0.7485299209574423,1,32.71329447374821,18.78151638616234,-1.2597267732594801,21.1762512164189,32.61966066641991
1,1,-0.5026712719114522,47.80845385848888,21.22515878746424,2.1695906244751058,1,0,0,0.6703500818661388,-0.014104394841576781,0.6334408767783164,1,25.16031115144269,3,0,2.547644572850377,2.543266048851554,1,60.10807309092466,1.2334806075238713,2,0.346329881065588,1.7267608072898804,2,82.29854690920612,17.16503937198191,-6.160779666733474,10.057565019172332,34.10497938322237
1,0,-1.172418496203358,21.26045127702142,62.28466728160691,4.062313794772959,0,0,2,0.15584096321689983,-0.4126611202857343,0.6015484001488246,1,20.072380999127766,1,1,8.448577805526277,2.5205203720515548,1,43.552355331822255,2.2876938219721645,0,1.576466244879826,2.2197252164033277,1,53.279108145321516,32.92196437237092,-4.460682407841001,10.047430410846246,34.33533171257096
1,2,-0.265608132240797,47.86137069743854,96.87040085349769,8.011588218726283,1,1,2,0.5172557517914234,1.0307239090958789,0.6275844342053218,0,68.37685349130143,4,1,-1.8355055909076317,15.012597368724824,1,52.559011727028135,5.294168826255969,0,1.3041199081575618,-1.1587523576142595,1,13.586181418567639,37.092297470181805,-2.070807560039121,39.973874675518424,22.25159393656496
0,1,-1.367474375651959,66.8265166822105,85.53577677992182,0.5995646921243216,1,0,0,0.9879561632677152,-0.9291615339443937,0.42217606896273613,1,37.927006406033776,2,1,9.949413755637092,3.0656378112341938,0,65.89294537380536,3.0703655391250124,0,-1.028589719863645,1.8033731702523303,0,33.88413407408371,9.42039389994197,-0.08096098885526715,39.96940677323729,69.89623572492378
1,2,1.415664046913647,69.647283192846,8.24213591714279,1.935904994992704,1,0,0,0.9933170365397923,0.7294141351296288,0.7357927722072898,1,18.94892232207518,3,1,-1.1736365211326731,4.140484511377634,0,44.32972556160983,1.073459547435299,2,-1.1746232284546143,0.6926101006674421,3,87.14807283225878,12.220382508903715,-7.386407432544777,20.616731989044492,51.1532031119646
0,1,1.4177637650617625,39.321657722149624,64.67038816221964,2.5534648132746063,0,1,1,0.29657362246806296,-0.8895014941158513,0.6440501894524717,0,34.17530652418984,3,0,2.407416893715313,4.787412793169207,0,22.628800492563048,3.9056274725803766,1,-1.454211684808792,-0.6132959381534995,1,39.42582928050581,8.928349258191153,0.8868453924531892,13.626824691007142,25.02440039036546
1,2,0.01959884773142497,53.40713777587076,48.37859006892398,1.6267960515896005,1,0,0,0.5592419086705493,-0.6705731637823452,0.11014678344595707,1,28.468676066496023,1,1,0.2915280837654688,4.865859795368359,0,32.8028438533995,2.430238277369501,0,-0.5321885568281095,-0.7468032059524682,2,60.48493933348781,18.51384491630502,-1.4754031190192212,33.1583428177928,52.12319018233836
0,0,0.15806092860806784,25.117402124934273,91.5823402470178,17.14164021067899,0,1,2,0.19354462547507295,0.21241650671507645,0.5882324890839958,0,79.13829617419117,0,1,-0.5917019705770894,3.375496584866281,1,46.485290114606144,16.835730211331317,0,0.8974053074164832,0.2525606730987474,0,1.790282248413888,39.35830200276645,9.884628376989216,28.786401405214388,31.457849257694733
0,1,-1.2511361950035755,25.532246076947438,81.96658576634002,3.3123111373046545,0,1,2,0.22326778186653523,-0.1499773706076206,0.6401401714222174,0,65.00984193175098,0,0,0.27700667840976756,2.021609003718274,1,26.735329160024605,4.457448861201873,0,1.1053171077450001,0.11955373560698769,0,20.73188576331556,27.90821571035217,6.01283421502572,14.53576175275975,44.997653991671086
0,0,-0.5607786820170392,25.19817895985158,81.32219653871888,4.626909326397444,1,1,2,0.2762832891140191,0.4667548437101516,0.35930216667369175,0,72.11745586831915,0,0,-3.2853506354772044,2.181263266931583,1,57.43207983078256,7.202654215053019,1,-0.18722231565854133,0.04766848846910829,0,10.622536990617826,31.30811899258869,8.357000030491562,27.145015107703024,46.21829820821556
1,1,0.9828442457433167,68.04409767066028,43.99376714130244,1.5003014367320777,1,0,0,0.9604209728499448,-0.25129044860770083,0.43833522289955845,0,21.89827690577015,1,1,7.187884490768404,6.731355596685275,0,67.58382433867853,2.0578534332991034,0,-1.36218660001941,0.18268134387969928,1,62.72154144445818,9.055213613685972,-3.9004669907469802,33.95867704264198,22.42516344602692
1,0,-0.176720536750683,18.228916846045614,39.4689786744805,4.818991391650436,0,1,2,0.11666959105043606,0.37457858519483983,0.8800155967286314,0,18.717451997542017,0,0,3.7042075483871564,0.20272204486614873,1,22.92644374492174,2.2677662810089565,1,0.6289737144158029,2.489464867569429,1,60.52184515935628,31.349551369035645,-2.7599046969795547,0.7747968965314378,23.556791817138375
1,1,0.3482594986806092,62.72090340111001,32.10952581047483,1.9044278187462362,1,0,0,0.8778695869634148,1.0930670550549566,0.9723018303609561,1,22.02411817865802,3,1,8.40631065075246,5.397758802722629,1,53.11494264094662,1.5332780165974709,2,-0.9697514849114502,0.09242009796545482,4,57.209152073795124,12.56439503151178,-8.489287943560191,29.201038334891596,31.36715705785112
1,1,0.44154491527966827,37.14306627277121,49.432152214272584,2.062449660476732,0,0,1,0.22543641058588393,0.2675108494477289,0.530663746042708,1,19.458089891869236,3,1,4.382715183850806,2.299574610622564,1,13.910784660810723,2.7717663622561997,2,-0.48161492687506857,-0.26950651799240505,2,54.61638030523679,11.01534055506253,-4.122309334013227,23.44324470245276,24.004946427754213
0,0,1.0626863613716682,44.63299060197018,40.865650633530116,2.139561874060923,0,0,0,0.29813925922663265,0.05839724809304118,0.5465362666650937,0,19.33071026963837,2,0,-8.27823424851785,2.2913744420372133,1,33.292355365085484,1.8383615454501427,1,-1.0080871498799238,1.0183993782099434,0,66.35999214193727,9.432046352170003,0.45951480220146834,4.942086786371387,32.048928903570214
0,0,-0.5306605539369249,29.144702637973616,54.65316901882269,3.239302888753087,0,0,1,0.1382015039092762,-0.800322339336416,0.5257520145472426,1,39.297367662742325,1,0,7.805278374663839,2.5327830075594973,1,68.8636662898355,2.031557178695824,0,0.39634070301501245,3.6320021742899247,1,68.98638157791761,22.212227590309148,-4.012784077059308,7.820962379769725,24.926833324831392
1,1,-2.0372156203767466,41.21589072406537,69.73357214446621,1.9663720229990835,1,0,1,0.7114211539872374,-0.48942158350207504,0.935111279902566,1,20.38477286969117,3,0,8.103588040633678,7.410726988381387,1,50.95516233652767,2.5229746540792273,1,1.3464364173533898,-0.06648760018033338,0,51.45261783179844,22.0954695311806,-2.6315629166496146,8.945259149533749,47.88486788060899
1,2,-0.6288660750283741,68.97711531261507,10.255086488303917,1.5900798205666657,1,0,0,0.9962907883255676,2.8690275433585057,0.0898712826068987,1,18.33298028525677,2,0,0.6773944670997185,13.062519416280853,0,52.32055873317467,1.2156581293574085,0,-0.25292075023584343,-1.5480881958769726,3,87.72747649375611,10.055467721243318,-7.24257880991939,30.044544940745617,36.78674901707353
1,0,-0.05111671817776594,36.37924463607176,20.31054817599063,1.8373215143551545,0,0,0,0.24800132167867744,-0.08660523338459283,0.3981413276766104,1,24.31794611158554,3,1,4.016148704199654,1.4515766020941974,0,31.432129373669024,1.3900572437567649,0,-0.48634757782267873,-1.434478831704597,1,87.38424850078358,9.855490382364424,-3.3438048741152144,4.874045256205701,35.75338388174164
1,2,1.488958472920861,57.1891951057404,27.94869626261483,3.8266330527790617,1,0,0,0.591369598987018,1.5476042228347102,0.1675586942342755,1,21.747526267903858,4,1,0.7164460702624194,7.64100451696536,0,22.039479361678353,1.4243145288575139,1,-0.917648848305137,0.08443753281347352,2,70.38303687439054,15.936970237766948,-5.1199154457256935,20.962831955072787,32.589573184052654
0,2,0.15287840211905615,43.07402891323822,94.91013766940483,6.5224668100933565,0,0,2,0.2837762975472183,-0.6680438749610959,0.9850915457541136,0,58.361985876347376,0,0,-4.3628580352763695,12.623282556593752,0,39.408352569050024,4.220642756835102,0,0.5768190396778203,-0.5345471306784803,0,21.995477669675545,30.19993251634533,-0.5469219967733601,20.16022114895876,28.600635038172875
0,1,0.11320572406974842,22.559142444714883,99.89969849009105,54.598150033144236,0,1,2,0.15760544305552948,-0.6223841652602684,0.9979528568437691,0,79.9999987438222,0,1,-6.308125334652271,2.787898631098805,1,67.40443924033436,54.598150033144236,1,2.760264478347372,0.7953514902975563,0,0.0024733839722790307,39.99999998839627,9.992985984081422,21.70059918367821,21.033757517462952
0,0,-0.2724782793801761,38.84857394737591,86.79163684432316,4.4696408701455725,0,1,2,0.2882690394292649,0.374219024272902,0.6582115135493236,0,64.8163278266419,1,1,3.0023987173451854,2.0964914985823975,0,38.86971389560487,5.602144280529095,1,1.740449797366745,-0.7599268839998143,0,15.411156458037967,32.6803704422887,4.42408693223892,38.640034625606525,35.22447262321804
0,0,2.3215399031639157,38.46074689069076,58.45351696949206,2.805888908238432,0,1,0,0.27455910250070886,0.2970304743706228,0.6575780546311291,0,56.54156818275675,0,0,-5.481419856481031,1.0814169374620362,0,50.73216566380058,3.904520672173756,0,-1.996110067595199,0.18235511102538443,0,28.353701872240535,10.281577252212347,8.264977778959327,13.62921882173081,25.352469260198035
0,2,-0.9023114794503473,42.57654274459895,32.83830094449133,1.6646023073099996,1,0,0,0.5723734730770027,-2.3307452822634818,0.04880135392953283,0,20.043111773305583,0,0,-1.401638857783599,1.9923264744671165,1,67.99389853100102,1.713448539462836,1,0.6635732721227979,-1.5132362010780842,0,68.99477812067285,10.515875285859293,-0.7420556673226546,17.304296697999263,66.04462246052671
0,1,0.540534955708792,38.45787247449168,75.69749823507583,6.378175963437877,0,1,1,0.2979095548006018,0.36987605611166513,0.2803834131622389,0,60.54448420877936,1,0,-5.292176597914445,3.598351555516723,0,44.54209650168223,5.617677896620959,0,0.1465132192906185,-0.17910511425411071,0,16.815952120299478,32.51281613366619,7.181839142869748,23.895917119675243,25.934420935571538
0,0,0.7372421973570009,63.881154411174975,38.42647580657423,2.5760359321790274,1,1,0,0.8507940110389199,-0.2228716648349598,0.8669610173687707,0,51.25359687665587,0,0,-4.634826636848892,1.5106294122474242,0,43.466541647636625,4.480220082918422,1,-0.9418074158090087,-1.056885759147234,0,30.511919185768317,8.660714705427203,8.68458092945789,4.680459289327079,41.19709664909368
0,0,0.23722339285413438,52.204882358586396,36.892794503049345,1.55433796913559,1,0,0,0.619385084883371,-1.183996727268525,0.4746538820876919,0,21.570409407779447,2,1,1.403688990200859,2.4994962551950315,0,76.59507702464977,2.126182314526915,1,-0.5593812842664613,1.7063759425150773,1,66.64847647538633,12.882898876625003,-3.3251181605128295,20.829369603301284,28.621270163441835
1,1,-0.5398823464851843,45.92639086691814,22.50178379985895,0.1353352832366127,1,0,0,0.5097494814837178,0.057361211173659034,0.6289861664736249,1,25.994114333268406,3,1,-8.281142141992682,1.3268208868912712,1,57.91002935167359,1.2980984638250834,2,-3.0010889984040476,-0.28769356939569496,2,80.21822237232885,13.020829767018252,-6.469100103762999,13.965543354690064,27.830004083044674
0,1,0.9226793981022632,41.84046982458684,79.0027336631531,1.8558629951955072,0,1,1,0.21800610110684843,-0.6780830576615569,0.3581102445213352,0,43.99125273924448,1,1,3.1239080973863267,3.1559813598998687,1,44.16880983540837,3.092397215326133,0,-1.3249817930652263,-0.7315233350099245,0,35.91369214656718,6.657725312349796,0.179352832366785,32.15091711219101,62.88865890686266
1,0,-0.07841658798499716,27.48064830649228,84.43727842927296,3.0109771533393808,0,0,2,0.22032817712558922,0.04900967088412445,0.9810325182691095,1,41.04484762643586,1,0,5.163089307781771,1.2822224931386288,1,10.62509370264969,3.5328492858758214,2,0.6178995717666551,-0.6185011625772333,1,33.976218654283876,18.37660597040528,-2.1869791093305846,24.706610724912736,45.48253292286867
0,0,0.06974986483596979,22.903983423609773,83.24244409173116,1.8775340785402352,0,1,2,0.27379216910627596,-0.3304880801399179,0.6215043208742664,0,63.50696988274539,0,1,-7.647013511288611,3.0353300778346664,1,0.7686579252412384,6.141246383230846,1,-0.23622721064100433,-0.2888739671881304,0,13.090981895171744,10.684670384724498,7.185316992095974,8.996959079160005,61.49166221538049
1,1,-0.7372578481600041,53.36512588640277,75.01269966430584,2.5593500489437533,1,1,1,0.6988060484352352,0.8031818999280507,0.8002485619531018,0,36.325763665105896,0,0,-5.072361923631551,4.4949038765494045,1,26.89703848718026,3.777510812923225,0,-0.6604958822837848,-0.03659431089112602,1,38.36095339664087,21.538079066487988,-1.247320206926375,32.539121478386406,66.25049243547237
0,1,-1.2540600011088623,53.67709646862303,58.69648027276638,1.5858921039438896,1,0,0,0.7210214193609982,-1.9087363120612817,0.5458770482610512,0,28.026284683587022,2,0,7.287166374759217,3.9991382645056754,0,16.994531972398157,2.813244488366685,0,0.3694993004468902,-0.10461865998408079,1,53.916333038988896,16.842399934503188,0.36600376058799,20.29435682341139,64.43576440592994
1,0,1.285767200639959,61.987114033593095,61.842986623807995,2.457717941217499,1,0,0,0.7939246548311307,1.0572250435203674,0.9794334541705627,1,23.11477280493674,2,0,9.902764075075751,4.534128074557435,0,47.109368711192104,1.9339348368790994,0,-1.600905630799539,1.4942624545036285,1,64.57541687723104,12.210089670126356,-6.361958978950261,15.970124131181374,48.631128932953374
1,0,0.20669609398749303,63.441798672461736,1.4494244688333713,1.6537451575030924,1,1,0,0.8852627890148177,2.0498985010423123,0.5654179730264003,1,24.626416251768816,3,1,-2.699507811571636,2.0292181787317727,1,73.89954991901382,1.03290395090348,2,-0.9247819722769823,-0.12143167068670309,4,91.79878062192296,9.370038977650166,-7.335402910388272,4.96408017840823,42.346656673346445
0,1,-1.351465694736871,28.011720036545093,60.8327907293043,1.4384589324007704,0,0,1,0.1615682064449545,0.6278476529896232,0.428530837225215,1,18.63158907659659,0,1,8.492515400725978,3.8833532748307507,1,12.131356232537893,2.0798064311588877,0,0.4076207377723223,-0.7890304073997535,1,65.36813903699532,10.519202559069129,-2.386370602050839,9.587515698093995,48.62692028861058
1,1,1.7017272921291475,59.600905712241655,23.211838227371988,1.7413779847641317,1,1,0,0.7107269440663612,1.5192363506614883,0.391901438061766,1,22.248895443663574,3,1,-2.7425414604426868,2.8310516483086237,0,46.27993726888317,1.7829001521172398,1,-0.9647385057003458,0.03309594377282766,3,88.48037104831958,5.668124656207656,-6.464047970744616,31.65706464722291,28.71429164425231
1,0,0.5878950588525674,33.027326720651516,41.28434113220656,1.8297129357981923,0,0,1,0.20215480891112175,1.2814686323681908,0.6134998809529093,1,31.8651339179631,1,1,-4.602774157107192,1.5480131682543672,0,27.6024664435911,1.652818768437482,1,-0.26167352001661515,-0.788271309838372,3,61.63350114591775,4.296934956207701,-6.449526824300898,21.359850095644155,26.907574591306947
1,0,-0.6651960374003466,59.51122859608685,2.042643417391993,2.203094481163517,1,0,0,0.8282618009307832,1.2240862890623379,0.34108668761767347,1,20.265773653045997,4,0,4.896928741408457,1.0447847955821938,1,5.9297290964690275,0.7356917591779724,2,-0.004361042190594645,0.3963156121592784,3,95.84592829909822,12.898626116553382,-8.495525299450355,10.150594555062106,67.15210553301581
1,1,-0.1296707962572079,49.81654754006054,18.02767696059049,2.0548008391509605,1,0,0,0.6112596920605063,-0.15097046351562557,0.33768765967111014,1,26.223871289585162,2,1,-8.254034909598607,2.007550386990062,0,25.943719432671287,1.4734011982877353,2,0.07274026603869888,-0.6294000436273163,1,76.69543751329417,9.49355505299128,-4.900963189307101,14.217064995402119,43.558360907871446
0,0,0.03553555202809608,22.10356795192929,86.8102992991399,11.112691265295803,0,1,2,0.1489306660706446,-1.72354635281143,0.42202556858758883,0,65.41819698633837,1,1,2.8997181003313717,3.114653425543786,1,11.168883837273373,6.313520740425738,0,1.2020681897670564,0.10574018887989838,0,16.0165378161423,38.44710568593311,5.982640722665808,16.574241857603983,24.54917162573282
1,0,-0.24745882808778685,32.40320706859948,29.88171724921072,2.5349783824940317,0,0,0,0.2961159030607728,0.19875040120744178,0.7777891102682652,1,28.165148867399825,3,1,1.7681831000552162,0.8532985241899891,1,45.550896119519095,1.883587748164252,2,0.2553214388004915,0.4952631136263421,3,72.83250391198506,16.15318721735362,-6.603544060430639,10.979773134579155,31.204260069482352
1,0,-1.1037631266460504,34.598614230884195,28.445867624952136,2.1588937737180043,1,0,0,0.401167962112457,1.1873077366592983,0.15901690435705995,1,23.566392194001935,3,0,3.982732499666831,1.2344099846419276,1,15.149822978187224,1.6829151069822437,1,-0.4548547497665831,-0.27688171595465383,2,72.8391718412488,20.664477583339846,-3.53009317461942,26.040531837733454,48.291626502884654
0,2,0.28503859230879736,43.71524114678708,95.15260035687724,7.1868635425907765,0,1,2,0.31299310258323465,0.49828287142680583,0.4924900056588128,0,78.23919717997103,0,0,5.40546421447198,11.966734995407757,0,10.397454063437932,10.905735373346356,0,0.4361061730312707,1.9747137285825342,1,3.51679601980463,35.071814388719005,8.377609230592043,33.25497695755137,28.517756112499217
1,0,1.5806320565479395,68.79732328286718,8.459475841623053,1.940547639833244,1,1,0,0.9785349375584171,-1.45599712801811,0.4024501501888339,1,25.193929567727178,0,1,-2.463287243567038,3.522155991311894,0,73.86815476337279,1.329590209624185,0,-1.480215863939566,-2.5659272607317165,3,81.42111254438127,5.63316339670187,-3.8418635153307967,18.45482725679388,54.58932715631506
0,0,-0.15169752150534985,18.6900398088159,84.1267502575463,17.312254450721937,0,1,2,0.08539545453723535,-0.14489144843116386,0.4384404533238322,0,78.60235627248456,1,0,-0.760956889917825,1.906033929028388,1,44.49971411936694,10.68024858499864,0,0.43894452663056527,-0.26815557256085937,0,0.7591452587761227,39.74183099662107,9.844186235409921,3.329833600826926,38.95458196248875
1,2,0.04804077080055581,58.16378753039993,60.648570015463285,3.057669409485741,1,0,0,0.7053829668117197,0.6184818895956457,0.5950047617738466,1,20.43687875745305,3,0,-2.2435360089806284,22.603596256466556,1,24.072803263618514,2.789859032738427,2,-0.0420153482430562,-1.042130447936567,2,52.19946092342883,16.930535244827503,-4.182053115321748,26.71158184662125,45.02617896069778
1,1,0.02444708403863603,34.728119513792606,73.84528875649299,0.8476663293795994,0,0,1,0.18382582972320122,-0.7081868986806581,0.6442374967366147,1,29.974484762958152,0,1,0.32904050519546146,3.115018718475439,1,23.56306016272314,2.688325617502738,0,-0.9308406369959249,0.5943398392059372,2,50.569855023206934,10.301868959949987,-4.021687238855133,32.19616358365902,27.890100991689927
0,1,0.6642480940282245,53.31208488053169,80.24064748940664,0.8722532400832396,1,0,1,0.5920986433668315,0.5087434265377941,0.21604250971866829,0,27.830516107802552,1,1,9.878798180179697,4.227975816802444,1,64.82619274021823,2.9358376597849576,0,-1.0663645957455443,1.6484183567113557,0,55.55070253723907,10.632669840370214,1.8613951814867935,38.0025591484812,67.91642097375751
0,1,1.4387139977844057,34.01500258901139,75.15411938781396,3.694057344013474,0,1,2,0.1649874978217276,-0.5011768628191562,0.7262721813165794,0,46.72355904010301,1,0,-2.51473957768442,2.5301670369390403,1,44.294136854385336,3.376427092946165,0,0.08489231487253071,-1.8623205839398345,0,32.72604588840703,15.674426405075629,1.2818677172641575,15.065091198022225,38.725737752525944
1,1,-0.6432642659603353,50.88791176736505,62.414827674422035,1.754014952757475,1,0,1,0.6782691880825916,0.7561424923128048,0.8068121436758833,1,22.491552942960695,1,0,8.423294415714103,3.686400124036044,0,36.55810591484271,2.141172692144421,1,-0.1827255752987044,2.2199273896879173,1,57.54679849927494,6.967071054245975,-6.335066127589055,31.1542956165717,41.28722897510239
1,2,-0.8049233168278676,64.31570544599195,38.93445793756051,1.034855984356873,1,0,0,0.9781526324499472,0.2361956986005071,0.032836844362518935,1,21.521508554859867,3,1,9.07602165190189,9.364005007651608,0,59.112853498846206,1.6888194340093095,1,-0.32636373193053503,2.4688033069564668,2,72.27351681671219,11.114239480175739,-6.9620910537381855,39.10786663527552,32.71616040223722
0,2,0.406306004217206,56.927516022322834,83.43424941861554,1.7476815458325057,1,0,1,0.6223314738044218,1.4097289449231618,0.6515898535954943,1,54.07628683211483,3,0,-7.494356874204977,6.821844684222182,0,43.09370845235563,2.744498002541786,0,-1.0834311481008865,-0.7960742230317648,0,36.48379780612181,15.979679823552848,-0.026760611338172424,36.94341806135847,38.75203776698006
0,0,0.7712600813849795,44.756392406865125,64.70113745070627,2.501576156588256,0,0,1,0.39847452643078973,-1.0478535595868943,0.6049444763463094,1,26.975717979190144,0,0,9.885139889236342,3.547859595553315,0,70.41914832685224,1.7949861556367421,0,-0.019128815017312593,-0.12424854597654991,0,59.37268767770225,9.853306587097224,-1.402565038903056,11.334189011669151,38.94941580569967
1,1,0.516730720729275,60.806221723823235,8.21371419294823,2.863246265977336,1,1,0,0.8074419733799574,0.6162652091858337,0.4316990105941147,1,27.31425961625062,2,0,-5.418131782204233,6.275355230276949,0,58.985400830207254,1.1702367502203574,2,-0.3824243194554318,-0.5167285368159423,3,85.24524343228465,16.684741002335056,-7.685673087969275,21.841329722710086,27.07637176375558
1,2,0.4055298238754474,60.035766357059764,75.9142425402191,2.3670814165493446,1,0,1,0.8240769806242397,-0.4299267365796951,0.4872810857492336,1,22.440180398469614,1,0,-1.7073008552230302,6.3960730091615545,0,67.41865085978887,2.7964527931995917,2,-0.4530523651435238,0.007093864713824678,2,46.4337410996423,10.017381761058168,-5.190319626498756,39.26163765892813,20.14593363287737
1,2,0.9972252792377793,63.141253720639575,78.73688789250576,1.4639299961281824,1,0,0,0.7090824505727813,-0.238590904434813,0.35964027533644566,0,30.84361501240973,4,1,-0.4132900831937203,6.006164632585159,0,53.221019930307705,2.850354488259907,1,-0.8537891989294631,0.15048680122964112,1,36.84493284484969,8.821538380426134,-4.486550927636963,37.232120086545436,38.922763726483886
0,0,0.4569148498176233,32.49984586700177,61.86358345519235,5.251344566777643,0,1,1,0.2271804268035426,1.3305336756727724,0.7436536229986075,0,51.211280763303186,1,0,3.839001519426212,1.3017271079719992,0,64.79342272872267,3.547793153888539,1,-0.15710879476483236,1.5234594177577252,1,21.129849254573653,29.436789926945607,4.754161720113363,5.299453268811334,21.6573451508648
0,2,1.1237705853928646,46.45487365528166,89.65565291135576,6.990662806796841,0,1,1,0.4390237476103526,0.38661121441655066,0.7550734772596328,0,74.00062078293153,1,0,4.71171252827417,10.076785471863232,0,39.60887217546033,7.021669269991643,0,-0.5732984834637053,-0.4326001072959893,1,13.757936101502711,34.3690010189343,6.496173242982071,27.07590734409657,30.413241425644784
1,1,0.2099750249565574,42.27028103806701,39.341191824443115,1.181419403637468,0,0,0,0.321176946111588,-0.2214181186272745,0.6124079117023145,1,22.779859981228334,1,1,5.867950146965214,1.8236633019531605,1,12.178877850565994,1.561165659680965,0,-1.0077981088876335,1.2940310869860123,1,69.12969688584865,10.165101112892717,-3.645001622907065,14.650110648781546,48.04004778735623
0,0,1.5252678992638766,25.399101795930665,31.10530467536362,3.1926114760154065,0,1,1,0.13417028841368972,-2.589711613037108,0.039418118556997395,0,27.101207010587967,0,1,0.22080345629165166,0.8293353380943377,0,17.332902045613864,2.7212764224999577,0,-1.0666295510950268,-0.3678522347657231,0,55.19681650414934,8.524845923236029,3.9825488933594357,6.36534699389024,36.922422859703275
1,0,0.19937723316911415,54.249104262696406,1.6446981637580016,1.7182158098689404,1,1,0,0.5373652470957649,-0.3643261744403454,0.002254085365510028,0,23.062235915805495,1,0,-6.848363677297393,1.1128472282975423,0,62.4895826401402,1.4154791242216564,2,-0.4188167373996123,-0.7958360446103709,1,86.53673932869394,11.94145558705979,2.401617695255114,4.4946480674184075,26.282842539319972
1,0,0.6998692256719377,31.547501055141105,30.334320128230495,1.9904432736874023,0,1,0,0.17509206222499796,0.7354286362035605,0.4577345243780384,1,18.25912551096252,1,1,5.13169266447472,1.0819456268383727,0,43.06457786623892,2.2542810759013814,1,-0.6778076361773834,-1.1498919618336105,2,70.30479984003728,8.595339523908489,-3.5417780189527512,10.53885135242951,19.96650790899135
1,0,0.3542690353755363,45.00541315748707,82.80876491510571,6.033923036998363,1,0,1,0.44501038496758294,0.25950843458516815,0.9653713852637955,1,41.011861513224645,3,1,-2.0382847174253076,1.8117501830167626,0,63.60123691697078,3.5613106734325934,2,-0.30715035514970984,-0.8104687165095045,2,34.109798371700826,32.26504683726329,-2.062235634410275,29.242146226960692,26.008799972611328
1,0,-0.9234575536345021,26.85771250606372,38.06963569518437,2.173985433685411,0,0,1,0.15654158839426613,0.006539842979392519,0.7195639999089846,1,20.90958003044019,1,0,-3.022578231268933,0.9550518436490685,1,66.27644648644981,1.9446914621929436,0,0.22750098767989171,-0.40847069493120713,1,72.0855265458177,18.31503741720499,-4.331146508916546,3.691154366434082,39.47141895204905
1,1,-1.1884799316562533,66.32652953272571,7.51422912144164,1.9468557891167468,1,0,0,0.9847064797167288,1.371933115895655,0.255344907358704,1,26.43567257286664,3,1,4.579381008133161,4.363332390587119,1,29.644235335668363,1.0671042567361932,1,0.6081643389626749,-0.35852354128426955,3,89.51887481456961,12.893868382180521,-7.562734244968014,15.868157421125238,69.18714959901895
0,2,0.026621384829921,40.62356142936858,94.11908703196525,5.181864110046742,0,1,2,0.34884119476141096,0.10080896773011211,0.4201389789440965,0,65.7213211300646,1,1,-1.4312470874881527,2.5366268402160026,1,18.34437245615125,5.887818616209056,1,0.3104736860928446,-1.9221232858967836,0,11.129004174213819,31.309466763859124,5.993036873632921,31.417625709096324,38.14545189910116
0,1,0.3880452642961706,35.090033351467085,74.39880894061554,2.393582904067639,0,1,1,0.25432583192773384,0.35574670053704177,0.4859719811507722,0,37.92505732855358,0,0,-5.96387769657646,3.4581401669625595,0,24.37552759759165,3.0713447905042632,1,-0.41695433457063613,0.2702024872633248,0,63.606824010219654,9.589926948247738,-2.442665263287301,28.27714388863702,30.542863047263314
1,0,0.5594537615241089,69.0350613701579,0.3166644968466026,1.749160953448305,1,1,0,0.985665877368761,1.0586477751868422,0.16687639039498608,1,26.719326137289848,1,0,2.101313380100949,1.5671412317092386,0,48.544751619158774,0.6652153564769006,2,-0.6480746186311209,-0.31211590959349134,4,97.23899717846514,5.2471864867365685,-8.022175897452286,15.201219369872664,36.36984203209974
1,1,0.024909612720044466,39.401882498837665,45.54837943835188,2.7518847672502393,1,0,1,0.464130876020309,0.6072669576545631,0.5307272712432821,1,25.95860034881072,1,0,5.618227894576492,1.8886629662148111,1,58.37775390103437,1.96612114142932,0,0.14450701542068026,-0.16723152287841506,1,64.17994073076258,27.25672139217153,-4.10996237786104,16.253251379530962,49.33341911938339
0,0,1.3713276298913497,21.597905794213894,91.29604953201562,27.850879761180074,0,1,2,0.11341919211347934,-0.9544464139974054,0.6127275378207162,0,79.97752657803329,0,0,-3.1709541296301254,1.0829986500856343,0,47.111962269517925,25.665107583040605,0,0.7442183278903601,-1.549121140047457,0,0.3423870966976328,39.78328117547435,9.991035609082324,27.72874345578293,21.934105803872583
1,1,-1.1209139511782091,69.86483099444723,0.686317082219684,5.856885831685458,1,0,0,0.9998574001533427,2.5567110470627394,0.4365070738268897,1,36.26324450879164,4,0,-4.939078958793033,2.7100499613181492,1,42.60912938935444,0.6541621984520758,1,0.543292608804997,1.3625329881355417,4,98.03717349236287,32.976681630485686,-7.023001246921584,17.034667500534276,68.49724736554239
0,2,-1.1310855672629303,19.9534269976385,96.46633407617841,21.530005703395915,0,1,2,0.11615409430744422,-1.9250012506975516,0.5879062879069371,0,76.80403362527565,0,1,6.9340841248492,14.897721936229694,1,69.31979016608942,8.22612877691041,0,1.9893098823370345,-1.8717603251003463,0,5.236639323976472,39.945819835652415,6.089936367796817,20.973012580850188,42.23521766836878
0,1,-3.0800462694654165,43.125885345088676,70.69780725176008,2.0412699817221416,1,0,1,0.7413031781844661,1.0109242592455991,0.8382491278293767,0,25.30393059831999,2,0,9.445864022942423,4.7703973728442755,1,27.992310418787362,2.768473486294271,0,1.2394943432705385,-0.0192965764892146,2,44.805212336616385,29.871836168023798,-1.2724296322221456,19.959314534785406,69.93128177593667
1,2,0.2141544086258751,64.1204608271197,43.470473437539574,1.7427748349638539,1,0,0,0.8299918563732278,0.9478980364905195,0.09835456499133555,1,26.00172161612023,1,1,-1.5548749869276044,5.699325633784973,0,39.26939548990961,2.171628178148092,2,-0.5504965305579697,0.5617848504601379,3,61.586963591483126,9.743342691589984,-6.02575226295722,31.664732098163128,33.9179736274746
0,0,-0.5073759373275161,31.665513196633995,51.71181276785462,1.7852810884438557,0,1,1,0.20323774582842036,0.8427420872881988,0.32488694614168956,0,37.309092617217686,0,1,-4.219366432979948,1.2589736695961824,0,42.68994918332478,4.023232233401061,0,0.279722459675329,-0.5565163810202279,0,35.37997131677905,8.577552564150142,5.40682969788298,10.758243853699074,45.423995467151826
1,0,-2.2623527048126553,54.58833154966906,15.306622584927604,3.1463114809355823,1,1,0,0.8655260860507229,0.43901688873439354,0.11654037400639006,1,27.440280651233184,2,0,-8.178615685165118,0.9366491408175969,1,27.842284548377254,1.1478401913827971,0,1.12345191267585,0.04688263640913499,2,78.06021119139018,32.82482665869662,-2.555819226102728,27.083058492006504,68.02062809749702
0,0,0.886504616863018,33.1161998746457,62.483457900629155,3.536276543884882,0,0,1,0.2580392557510247,-0.05791401912872051,0.4352766320758727,0,23.999152797860866,1,1,-4.567770713215653,2.7372654463801767,0,45.02008000003907,2.411415526919097,0,-0.5068389486156932,-0.12817125540473615,1,52.81877327344574,15.215217210055037,-2.6469413646004947,18.30367982665258,29.53576055669361
1,1,-0.6087953537064719,53.40554604805298,55.729676946468196,1.9784653608157214,1,0,1,0.7450821293587908,-0.6698144111089585,0.7181362810720944,1,24.975870126989307,1,1,5.51207359741079,3.196429082225294,0,28.010950957605626,2.174157935448293,0,0.17463331378282163,1.1949538656975782,2,63.661902514560275,5.160258678316878,-4.172439969430655,22.90552782160369,56.40406633252262
0,2,-0.8853572315258942,67.80371281457703,86.64694722771833,1.5771135477684612,1,0,0,0.9786115654392351,-0.3079265907483745,0.5743399241608378,0,44.37889858225377,0,1,5.875082023797127,19.270332161184808,0,73.97005198169188,3.424256487892766,0,0.23770596135649308,1.359273458795537,0,30.2939173969052,7.1074723431855125,-1.6339683086235137,39.343289250918346,47.300760931017464
1,0,-1.0170667022699769,50.79417074330499,6.8707577501335155,1.8243181167410354,1,1,0,0.6569444045218361,0.08937702572774808,0.6014864933981567,1,26.9673775238156,2,1,-7.279031125884785,1.442947440931569,1,67.18907643391321,1.367180554306052,1,0.8741654743677043,0.032460667189263756,3,84.98347930499637,13.965126378908831,-4.467653875103621,3.1827934422506243,42.36112810727933
1,0,1.5988516407719198,55.59787903776596,48.47634594399938,1.0244678829872194,0,0,0,0.4645878294208264,-0.8268568635229575,0.495561531118399,1,22.532403107417025,2,1,-1.5540533866360065,2.0268420662517856,0,35.53295475433053,2.1698468400354742,1,-2.084315906018207,-1.8795558220554671,2,58.613592033054694,10.384564211103996,-0.8712879280683197,27.081557280353344,51.21056992733511
1,2,-1.955518904378984,60.33424317900898,27.21228616599064,1.9282624240500683,1,1,0,0.9127244473990066,-0.3686200731325155,0.36355670309839083,0,27.122498740542277,1,0,8.00431310138848,5.72740235951208,1,76.67521470287818,1.7886936924701784,2,1.2407245711190784,-0.630779656494112,2,71.14970778879128,21.70181537793156,-1.8235073848381873,17.59787355516822,60.86987326808222
0,2,-0.7618976462754723,42.30367782865939,54.628705165098346,2.3393633999197117,1,1,1,0.4434254818910398,0.5675161483212566,0.23500607435843773,0,28.23200238313483,1,1,-4.157102689735471,3.7625648331788715,1,33.197964590951166,3.0216530350935358,0,0.42452946286295856,-0.27841772284359184,0,48.450017642365275,15.545646938526618,1.5049480660765706,23.54604998859758,45.64285987525901
1,0,-0.37686337289510685,25.143223922671787,83.1476496694765,8.389047290398064,0,1,2,0.19851673095841338,1.171517375976171,0.7086145371456071,0,65.97077241837815,3,0,6.052344096514474,1.3086572638705485,1,58.84894912781071,4.7890412112177225,2,1.8409018818400604,-0.5763683061965547,0,20.453629836015647,38.273054723808464,2.451117200461418,34.36542205296526,23.43514755956534
0,1,-1.2226034670381396,43.10028632922988,99.63416001410947,39.92958079181321,1,1,2,0.4199666459048318,-2.1109794888773488,0.9975138638957165,0,79.32422851962885,1,1,-0.7199505907215009,5.864949938500326,1,42.40546007602344,11.972428491140086,1,2.846515041111966,-1.9654521054955434,0,2.2476049022119526,39.9999606346777,3.3302949657598013,39.84464315699094,43.426119054790874
1,1,-1.727070136213593,27.182526303941632,42.57039826484561,2.429538456437572,0,1,1,0.1572960354087195,0.6375404346920808,0.1280254882797549,1,30.175966310641424,1,0,4.262658447091784,3.1659507838489627,1,6.207401119781881,2.2094422325203764,1,0.8776123379269843,-0.24482494739769578,3,61.052103136897806,18.455811096207384,-4.608181143119409,27.051862779824454,42.940293136188856
1,2,0.41241899358642425,63.6535309559364,23.718566076139837,4.0761165380362705,1,0,0,0.8432903917487629,2.062405322200781,0.8922175381540568,1,24.675063758103303,2,1,4.282122947284403,3.693719490966743,0,49.934943572577666,1.5842566993336245,0,0.14847206592597514,-0.4676336618505662,3,76.57559591130595,23.481702743071615,-6.013063751425144,9.364589908367904,36.67031214504115
0,0,3.552176631296711,44.609940094852874,77.64487275714464,1.8799312105981594,0,1,1,0.34188955038160745,-0.6321562174323728,0.34241829575843985,0,55.60900201045547,1,1,2.1373225236139746,3.515821690386846,0,2.8259836329610932,4.639520509888487,0,-2.131843446314618,-0.4526816866595314,0,21.924239517895916,11.454113655128474,7.466359806907697,21.964754428379194,56.90059377577036
1,1,-0.4702458816973074,65.87161623367228,74.6982811347818,2.6871463554819406,1,0,0,0.9315370242219398,-1.2830731931419253,0.6674291826558868,1,26.375713646673738,2,1,-6.273486336199111,2.662396406219263,1,77.11493525178764,2.78889817884655,0,0.49028541874337317,0.5703725932267794,1,42.509636997545414,23.66104991424814,-2.4662367918560015,39.542589521642554,64.49677436060774
1,2,-1.2674675958493797,41.964871672292496,75.87585170357617,3.730039999744636,1,0,1,0.45702941758797866,-1.5489071917207646,0.6242875641540723,1,31.57272273799293,3,0,-8.2687780266512,5.870358072015082,1,77.5121087337129,3.207905296166595,0,1.1058281183088507,0.26708075323478103,1,39.5487656277211,31.04141122506914,-3.025140376883768,28.79035291369917,29.814584726111548
0,0,-0.07803718679875447,24.617939893547877,85.80911917764318,3.8742538573387946,0,1,2,0.22707008471059337,-1.0221551017706403,0.29876269807177436,0,62.04244758552123,0,0,-6.85671964977363,1.9741658989120943,1,15.058524845115663,5.037291449998622,0,0.3308984757170748,0.7073533415651014,0,18.93722239790514,26.36327267435543,4.957903949714611,35.038854351698625,39.046290789954284
1,0,-2.8306326997827336,29.04687873247957,73.59416290350757,3.4196744055008463,0,0,1,0.3059718622884897,-1.1867325719019932,0.832981697213673,1,36.11559315099331,1,0,-2.1265367808119233,3.186579443425329,1,17.10594285667357,2.5504823550092324,2,1.517928966574883,-0.8749856043560491,0,52.778470926531455,35.3874411873353,-2.496404595360577,14.983609479716073,55.65930065153812
0,0,-2.3259754240208164,20.983879094434364,67.38121648820447,2.238269915956562,0,1,2,0.07448227601702129,1.7418417054995465,0.8095404872583556,0,41.66052742302877,1,0,4.60743652726579,1.3102794216308986,1,10.937830156868618,3.2871339817769956,0,1.3895791736209735,0.17657745810733905,1,43.083132662477226,28.324948627532088,-0.9742695187529797,6.668617909467162,55.362475975800244
1,1,0.9797720100322338,36.74710691396517,44.44993350718685,1.4079062746264086,0,0,0,0.24460007056275562,-1.4497794956431689,0.47047682220241915,1,21.87374775556819,2,1,-2.6569628725291903,3.7504132423935768,0,36.94895285996003,1.7782242706525764,0,-1.2102469600960173,0.4544995928212332,2,72.75813403870785,11.637395505433199,-6.246140458816022,11.724593033012273,19.867510452638015
1,0,-0.39250820707722256,60.53279629526703,40.378540598546145,1.7437834982627929,1,1,0,0.7919445676601016,0.43216639799114065,0.4256857649614877,1,21.537011464052284,2,1,0.9318612551188199,1.0377328342660044,0,68.99319209595913,2.287231081452811,0,-0.1927897841774491,-1.192725310322652,3,62.83431450591821,18.733367420130598,-5.93691353794317,39.62958817486107,37.20702361411024
0,1,0.05634360108901843,43.43247188988799,30.43055087196308,2.332859909792494,0,1,0,0.3615319237651894,1.0036644703768,0.41857950930284693,0,24.222539397305603,0,0,0.8900839418001283,4.249268173351224,1,57.937832468439666,1.8289191665903108,0,0.03940837689074171,0.231967509022934,2,63.87013211150643,14.186833793065357,-0.35188487908648547,7.2183555101711665,60.172139053633025
0,0,2.468267900793646,43.86472162788321,29.44483962473222,1.538357308977675,0,0,0,0.33944910327298433,-0.6453128836404883,0.5090188543060558,1,25.082492272204195,2,1,-7.492608404577082,1.8931942680750813,0,26.594113716691684,1.8691535864797173,0,-1.9408468596055592,-1.5058507036185091,0,72.41355765429986,9.216278679083423,-1.9311887828320486,3.9695957401528315,46.466418169563696
0,0,1.5162527836636883,50.91424704117745,52.036221612991596,1.4611230638629735,0,1,0,0.4100727269298296,-1.8156944316284558,0.32208214793498013,0,30.815407950099175,3,1,-3.3895923768458776,2.8598864516502056,0,62.485271370062435,2.604856309551371,1,-0.5093129546605726,-0.7199511690888808,2,51.855559020024074,8.54203609469405,1.6846342409689363,28.828812245312882,31.66718277021144
0,0,1.1568543007940766,20.321439828518493,70.34127306608093,6.923863895895438,0,1,2,0.15189791824784932,0.22472202939017155,0.6645352309855489,0,75.21307202582751,0,0,-6.753818554765446,0.7843330080869112,0,31.914517365703283,10.58627096622212,0,-1.0652784667010964,-0.5093015034561225,0,5.942727465809261,31.18882274187468,9.790324404942833,2.8833107618037013,29.62968622468928
1,1,0.35161485774514334,57.84877995080954,30.484800021430775,2.0659730555031257,1,0,0,0.6937348198405808,-0.7834542504239203,0.5596192185760526,1,19.70931450914195,1,0,4.18306890721068,5.03849896649315,0,68.9284942614739,1.941629001375214,2,1.38656993137521,-0.1539060386407186,2,71.00268440946397,2.928319014379186,-4.038432649035649,11.43481855572723,34.089677785349295
1,0,-0.15560753524113288,39.22476752650521,16.25924909622034,1.650022719257052,0,0,0,0.2601450822099405,-0.3345805860901304,0.6329802338908725,1,21.68956926685493,3,1,5.491183927200854,1.9461166569196016,1,46.710384341279976,1.489769382251322,2,-0.38924849800692557,-1.5972233828270053,2,80.90177204511649,13.14577016936655,-5.810647336177237,1.4157610423868472,35.87601635294187
1,0,-0.640398240834997,55.51479467954066,5.318652962429282,9.091072525985949,1,1,0,0.8125854589693072,1.6010400401621934,0.5024149990563122,1,20.27786710807363,2,0,-0.9746079468885895,1.193513936494495,1,56.829532110826904,1.5108666662472747,0,2.881413834780808,-0.225548443191806,3,85.73274773583593,38.391421032700066,-5.703470144339768,7.092732967431024,50.92199429642583
1,0,0.48345337706842717,47.80099911339588,16.876729021718766,1.310390406310748,1,0,0,0.4756502910249364,0.1828754237635883,0.43244452119953575,1,21.6030254483176,1,1,-2.6829461041718483,1.7719139761555553,1,30.91792431862837,1.6362846604860657,2,-0.9742904669293783,0.046271148348585055,4,80.64934103346474,14.560529565784911,-5.311445724534202,15.914311199360684,41.00988336280476
0,1,0.37743065518078517,55.15642235590777,74.68008684686232,2.679391016456618,1,0,1,0.5766663007215375,0.2922170538739291,0.4965803401758286,1,23.73472373533218,1,1,-1.557321932138116,2.528161424796544,0,16.101677828621675,2.6500042994352815,1,0.7619199816739296,0.9902494067100063,1,40.54003175969691,13.811645717697143,-0.48368717497716496,38.497859859478496,65.94123890139497
1,1,-0.07357863600338763,52.772492376965786,8.391931811569442,1.798798010862047,1,0,0,0.599133626487965,1.1375621418715822,0.038169358031562683,1,19.787552272383326,3,0,4.166416026120192,1.8664289281995812,1,68.86110823305896,1.0380634652825782,1,-0.38931539827817174,0.47299629616417777,2,89.52880685641166,8.216159401874304,-6.83047435648238,21.53974642959905,33.74345024515364
0,0,-1.2048332094820617,22.903753148714287,42.837404658274906,2.1189589548533556,0,0,1,0.1853348383032315,0.11075041546197903,0.339442628203126,1,25.663589510228544,1,0,3.466748677110594,0.7383023385989429,1,35.7970207360068,1.8380457301346718,0,1.0230625412444092,1.2698315596920025,1,67.83927066378206,16.579757683630802,-4.1915966915799565,11.144473336004719,51.20977223039974
1,1,-0.8366606852123452,66.53498177881725,15.727422960253213,1.9937763708270304,1,0,0,0.9782905078413442,2.3257655168521776,0.38929521343992124,1,21.316296105653105,4,0,-6.839705985040661,4.044799669302131,0,25.89920233627165,1.0689449092829968,1,0.4509530116122945,2.4464848857753427,4,90.6356261647455,15.686437210613553,-9.420447532193457,39.31433231110893,38.91700366177352
0,0,-0.3835438295000952,29.12633976973438,89.66488537462423,4.2193050313204505,0,1,2,0.24102567730891217,-0.08716549533355414,0.8862475240688852,0,63.11652642582176,1,0,8.060255506952462,2.3383205110264758,1,39.64587577406746,6.032633130594028,0,1.269881288267711,-1.569493602266997,1,14.642660082505499,29.278764922293412,5.501282542893634,25.363663572156252,50.89927660475643
0,0,-1.723212592559422,22.85326889716615,62.65261950577933,1.9118170193871438,0,0,2,0.18769215217106267,-0.6263122306360811,0.44173987778261636,0,32.39799575142776,0,0,8.385417010524844,1.2006962817270739,1,1.1764553199874195,2.3717176979194328,1,1.8393353569689914,-0.6182956711851054,1,48.72912578145738,18.98115729439972,-1.8481651143703068,14.446103952701055,51.27165107669033
0,0,-0.3297770400365997,30.13635620580688,55.79763582748812,3.5969132373924286,0,1,1,0.07168673310063178,-0.1865637054532144,0.1124136884762873,0,27.867031925804042,3,0,1.8317866981850432,3.414365626882686,1,75.23208192833332,2.4622982457728178,1,0.11126190264979713,-1.2234525305755906,0,48.03200779142363,22.569914082887216,0.427525663896553,14.531581358804196,22.888925663794637
0,2,-0.4424455352579756,42.10632664918309,39.96061614005693,1.606755743237563,1,0,0,0.45154561445813013,1.0712777176570205,0.06777043952498579,1,22.88942363753855,1,0,9.49269315559733,8.41808301076649,1,78.09069627909024,1.7217537368323268,0,0.18229201700204195,3.0441729725585653,1,79.25935980087439,11.513927462224336,-4.404560912463356,11.638511957356021,32.332497840342405
0,0,0.47077807784541936,22.82196497747966,54.60717081962382,2.1179853291111037,0,1,1,0.1362193560545249,-0.6019556926308639,0.3910805245980798,0,18.132819097368447,0,0,2.0258879959044034,2.1262564979750436,0,12.965058359915972,2.6336656248514183,0,0.11349202812552538,-0.4751983602378895,1,50.22419215987447,16.774591761306006,1.683863259970309,2.8178359407391596,33.75431239852882
0,1,0.441146180268691,31.423206243194926,83.43398274184115,4.285531353588143,0,1,2,0.20519564945136992,0.2328882502147352,0.24785765834236495,0,70.61967140408031,1,1,2.4784210473838506,1.4216933596401622,1,46.09931787338839,7.884896150363841,1,0.2594806139264738,0.11308446436373003,0,10.00228441784039,20.200574086142908,7.479735647918808,33.31521428558948,45.1998541156795
1,1,-1.5195863366873825,53.9332407961561,30.761000273154416,3.451230231389042,1,0,0,0.8655301566342822,1.5786057126255955,0.4113755029251018,1,20.374533290133265,3,0,-0.8428372702465978,6.46929735592694,1,19.34057551371707,1.5337319465001165,1,1.3979667898449069,1.964849397423473,3,76.41270320004757,33.38474221441197,-6.316701906817734,10.636081197479694,65.18667452074178
1,2,-1.1059668922524564,62.24244532755662,5.1868511827393435,2.503227428970658,1,0,0,0.9218042822800333,0.6392679977985557,0.2050532393154011,1,33.00879688816997,3,1,-2.3917712166935576,2.58481077651454,1,40.25827139885522,1.0536851651213177,2,0.8460500708491818,0.1314827252551546,4,90.59430334560895,22.201955599612052,-8.046055134599163,31.120844874955242,52.98168034765731
1,1,0.15058683756844204,56.0425653157657,42.61183164209532,1.8382519040175842,1,0,0,0.750937289810599,-1.0305010082222799,0.605922063844839,1,18.202887483420895,1,1,-6.928651389125639,6.087903260374928,0,52.4328630062878,2.1052332044836346,0,-1.2176599401180437,-0.3182609511650665,1,61.76635569655706,8.219801463719318,-3.8600244077181856,11.352482346621606,42.879265953362435
0,1,0.5596125202864403,52.982939938032125,61.30667479621591,2.3870046582880304,1,0,0,0.5915781312278351,-0.16734882641194188,0.6774642724229171,1,20.552997012714282,1,0,3.767247077063871,2.09790209364546,0,45.06852779123774,2.3353420059619987,0,0.14120089595079666,1.1442940632090712,2,57.762733399296394,8.61685523137277,-3.350256242899487,30.252109413335127,50.67155820603624
0,2,-0.612474265065206,18.263851496023065,98.99191349868441,54.598150033144236,0,1,2,0.09710105303184896,-0.44809486427972295,0.6543669701488017,0,79.99999813062954,1,0,2.9065664723640907,4.014764930207148,1,64.41837942588612,54.598150033144236,1,4.310795155153177,-0.1310019101914195,0,0.001236762322798235,39.999999999942006,9.9999664185464,19.412881676699914,26.180870043171062
0,0,-0.7591754594789547,20.87124495450196,73.15471946997461,2.0687905498210744,0,1,2,0.15006719080874847,-0.5017167923383902,0.44379524014343114,0,41.76542088755057,0,0,-9.585617873891074,1.632358365474411,1,0.0381661492244767,3.580529221706253,0,-0.09572123746116828,-0.26468212367749827,0,31.6382666712017,14.604727592821899,4.889268149617614,3.554902199507537,50.41603137192399
0,0,-0.6592884640468013,24.208687068110642,86.25490689459112,9.325691972221335,0,1,2,0.1582830275472581,1.1244346648443966,0.5070902214997121,0,75.78823711166315,2,1,-6.070179051158831,1.320071288305109,1,66.66158264554348,8.667286269180908,0,1.7769633688413746,-0.4895474333480892,0,6.862297890841612,38.36862364742459,9.32737877274888,30.13185513459906,32.37202172276417
0,1,0.5220180757707985,22.867274600305663,84.7797859733027,13.019937896015877,0,1,2,0.17051811420436552,0.784060855238144,0.6355926085157932,0,77.74186651523887,0,1,4.46509899987289,3.3924293647374677,0,18.541299162780064,9.514802168799418,0,0.9119304408994914,-0.15027814203159157,0,4.907016537334391,38.933246928972764,8.839326040490228,16.550679469760105,19.224841761044175
1,2,0.18644658871504785,67.53933042713265,18.1700288360585,1.6951751569403517,1,0,0,0.9749612344223081,0.15392812098337574,0.35540173521719903,0,22.060848213387615,1,1,-8.98121123930187,3.8214439386195083,0,13.570195570926188,1.420987778187116,1,-0.666498140625905,-0.06540053300782284,3,78.4866764478773,10.649503988225518,-4.723392048797244,27.472582969548007,65.40122677106993
1,1,-0.20757319559790569,51.01463367316907,11.459157134592902,1.9451631802263991,1,1,0,0.6376755140090757,-2.0085394779874424,0.5619212741095525,1,20.38075767620341,2,0,2.6474370003483116,2.0534904023447518,0,36.51715855917322,1.3932952756507802,1,0.06627738761111379,-2.7108737595222006,2,79.29064047460965,9.572247232698732,-4.687811833223014,13.104914434382868,21.835646378327322
0,0,1.0657765261883063,22.378185194357158,77.11264493341112,10.008888966649405,0,1,2,0.14245677625016095,-2.0138014336705883,0.9208510008164654,0,47.716749237320585,0,1,5.235257680793012,0.8128354539288926,0,40.2501152506997,3.6765409730931573,0,0.8859043126410621,-0.21806159050318077,1,29.297608056635937,35.83396278049365,3.8706432466543177,4.004952445365049,22.312092859077758
1,0,0.3612211422264063,32.04737320210337,74.92299937890706,1.8832190916643408,0,0,1,0.315449472999548,0.6170790909214735,0.9934158002606599,1,25.583465131569216,0,0,-9.305951129139489,2.067903115470939,1,14.447505208115556,2.503360614834507,0,-0.5273489760622887,-1.9947155486448656,1,24.02992227015656,12.353262300347074,-6.260058773161477,12.003854933448848,39.365997712354094
0,1,0.6771099043845007,50.2346964050263,48.79925247902001,2.4397623249338607,1,1,0,0.45974218115382776,0.18227880795175394,0.6497352751711933,0,22.085369639367592,2,0,-5.430703937936276,3.0168067743059406,0,78.22905637091827,2.3166266867213103,0,-0.975620007328899,-0.14117152960791882,0,52.57986691462081,12.242497622415156,0.14075558150430467,13.761909568044253,24.75562970173856
1,2,1.603913868583152,67.35924569493547,93.61282905180218,2.7491444811841452,1,0,1,0.9193855861699471,-1.6955729186528423,0.9669987382815814,1,44.61724697253854,1,1,5.930894430767243,10.504931949442833,0,73.40958356542339,3.7750343916195934,0,-0.8650133914691578,1.321593187516631,2,28.559275731385643,14.165987560028245,-5.892679649647983,39.820211183491956,36.991185656058875
0,1,-0.5760214926287087,52.02297865101081,85.90452328623326,2.60593674069439,1,1,1,0.7632745244705568,-0.01766095014488482,0.5051165763548534,1,51.91227555460068,0,1,-8.752779058834856,3.553553671404401,0,40.061949097363,3.5351472435094333,0,0.46623652979965746,-0.15727059592948034,0,28.94997963846024,19.893788019355753,-1.1160125451696619,39.3237687804161,52.50749486385337
1,2,-0.38757236609963397,53.314481557142656,24.59795501019847,1.33066938173311,1,0,0,0.6915681480591642,-0.28569534115514056,0.6867079640234262,1,22.848364194659723,2,1,9.462008989176361,4.001483661061931,1,36.68425388963829,1.652968277687203,1,0.03551736963989796,-0.08120249235867785,3,77.4115122813678,10.252677637462977,-6.132534338835792,13.478043885637337,46.45625555628444
0,1,-0.6930923640125648,55.89332920623846,70.78287653100094,2.1170562798857744,1,0,0,0.7154982670920347,-1.0826418035002585,0.6446587095941224,1,30.146189368464384,1,1,9.534680686571967,4.5991874727956175,1,1.1162302121107759,3.284185111268625,0,0.31362403436261405,-1.108791660458183,1,44.88585722626436,8.025269363740666,-1.2587279391638617,30.689927849820595,69.98050682300169
1,0,1.2838440073883781,28.694427242632138,33.56561599824015,2.0452757568707383,0,0,1,0.1526457113062366,-0.07158331221101746,0.255932452081987,1,18.314576168982065,2,1,9.15807961709885,4.242167188148719,0,1.9150233159119878,1.670751466728389,2,-1.195635976257227,0.625869609260819,3,59.84946662575595,12.475615170025861,-5.449565946695527,12.78898125965627,26.550508322653034
0,0,-0.3369199320199045,19.955562942735007,95.04309941546303,10.022967817888647,0,0,2,0.07461161278088585,0.15745858128429865,0.9636520835003186,1,53.314859550562666,1,0,-3.236504564076263,1.9137872125367075,1,9.548902755403708,4.660617453364532,0,0.9121520279053985,-1.4226108055681093,1,20.191436340546836,38.810049440652165,-0.14180217255228733,23.592139566339526,39.488919352096325
1,0,0.45914787581426647,37.54722899394039,14.24705556444229,1.6206028958917535,0,0,0,0.28211290243345677,-2.3365007668563713,0.4786611641960231,1,21.942856856229085,1,1,1.3342276098947359,0.825805765333288,0,27.9553870898116,1.3000913665128409,0,-0.815500968778584,1.8731811034949073,2,87.42502570049187,12.335142029631228,-3.202756995171714,3.2726028861374967,35.27765550469908
1,0,1.1360911652782177,48.450230170977875,12.367153888296029,2.287400153057887,0,1,0,0.2909387424636989,0.9308480437200588,0.8591636951126052,0,20.16486820260738,1,0,1.0234687483429816,1.138052677265962,0,9.330671680073612,1.5666925833226277,2,-0.7564630142893815,-0.11817147348815693,3,80.23483971694418,10.02152249039083,-1.6396636500735369,2.13087604321589,45.22648617770902
1,1,0.942656471020858,56.823623540572676,43.399586438055294,2.406772849788947,1,0,0,0.5780393682816694,1.2396887782881107,0.4585119238525543,1,21.639110731036908,3,0,-5.470538719974129,3.277428118582489,1,18.619026048235146,2.266087939558446,1,-1.1407181951612144,0.23858888380141013,3,59.6499858189117,14.267866644101279,-6.5586878590733235,38.32802923900125,60.1008553907254
0,1,1.6207988411073957,61.42234508754795,60.42581909175433,1.4589445699515218,1,1,0,0.7139183598289813,-0.2792998250729426,0.5263891149115725,0,23.356135945413932,0,1,-3.2002318723523633,3.154101324099427,0,43.78668433360475,2.666568492620246,0,-1.6223487033095008,-0.2852816747212603,1,48.76452027401688,5.5329554684139985,-0.34919966105844225,32.013250933900224,53.61343583810591
0,1,-1.468119764864874,37.29254125942738,86.03531912880425,1.7661780417227915,1,0,2,0.5812340568394612,-0.7703814179434955,0.4847089807107276,0,38.90578048640669,0,1,1.5744186496442047,3.2261608782460915,1,61.467563378928425,3.1922639564097346,0,0.015426325279818102,-0.5299211558358834,0,30.889296161490194,14.748214236771826,0.4049584222122977,39.33231090061936,67.98159893251363
1,0,0.5644650934188136,57.76262705134861,4.834674384056925,2.3211594321990936,1,0,0,0.6396930687568316,-0.14782650376238746,0.5242027597535186,1,24.69107492272552,3,1,-8.696213484927133,0.7031568869267787,0,76.78803232700959,1.0111956713548003,0,-0.5221326239904818,0.05818285177736039,1,91.51225564695729,12.562176680927637,-3.8535678978082704,2.5844298027888146,49.3247533928061
0,0,0.22673598155574604,21.27116379629296,26.71414477308362,1.5184112928039384,0,1,1,0.12478275247538279,0.5083952837624982,0.17524613441803477,0,22.65295877717729,0,1,4.567117527403269,0.8481188756120102,0,39.595924142979044,2.4913560016725462,1,-0.9894115614343115,-0.08211831514118531,0,65.41434380799042,11.358082606648603,3.8754745159334743,0.5027090889695573,33.095420667143685
0,1,-0.20060688732974846,19.21499609164851,95.60161186656582,17.614123689195374,0,1,2,0.08488849223082662,0.12558815369608667,0.960653225764071,0,79.94205125868727,0,0,6.910345310584969,1.9722235040751055,1,7.614133016334033,19.682292042325958,0,1.085933000254598,-0.8720208944401653,0,0.6185513879055138,39.71682942612781,9.843618775571326,9.256891216015914,30.68938581051743
0,2,-0.030694469471096907,46.68259200563414,56.03613258501214,1.6554852226155525,0,1,0,0.4361412972541711,0.40034372129368234,0.5386157419369998,0,20.26548356414687,1,1,5.135726681004664,2.1829686057352786,0,51.07346190349357,2.416190368235936,0,-0.07543397076283936,-1.0234035986585317,0,49.42361560516232,7.508464099208522,0.2824647384666932,18.842317373697945,31.435605143357712
0,2,-0.2743466317483967,61.00913529704137,98.6282842494188,2.34526353931224,1,0,1,0.8600085821896443,-0.9034935126103348,0.9362524271338979,0,64.88596039160164,1,0,-6.265175058257215,7.865530397529157,1,46.64946730132712,5.929926684412682,2,0.023344421212300907,0.4358514322794599,0,10.121250399732457,14.456588302491395,0.9015403471555228,29.74353231744739,69.75704571982268
0,1,-0.19339732309487545,25.28519432283935,95.02580655075849,8.109544509301859,0,1,2,0.1950098902383277,0.2043494043415035,0.43660546939540285,0,79.67620535898699,0,0,-4.512581663617816,1.426347379660012,1,49.087951436848115,11.94886488415562,0,1.4132881520998304,-0.2547360524501837,0,3.125625235721785,36.216509124438325,9.09035613778012,39.00591102346888,42.87075282273663
1,0,-2.4028259052012495,60.29511550107032,5.90273952484644,1.1148451502165486,1,0,0,0.9413360368113004,0.2187388618042586,0.7197521162105573,1,18.366112571363665,4,1,-2.2161542632818225,2.2585750414182093,1,26.292832912058266,1.0018841316614204,2,-0.11858312399854372,-1.084719852687189,4,90.80910655213219,20.952484946541517,-8.019196244199378,9.24229525139767,69.29752845515094
1,1,-0.42314676374884297,59.375430745655855,23.131368216333808,1.8879502311204073,1,0,0,0.7591523054977917,-0.06416499769708636,0.4170945867063197,1,20.134189720368248,3,1,-9.59146486229591,3.033029504169903,1,39.98708302170728,1.5578747175778318,2,0.26743965139127523,0.10084233843069773,3,77.73178659671677,9.322632902362768,-6.694383600203104,27.248128752300076,54.34448911476836
0,1,-0.7653855903530968,27.882144105663492,78.63483750135421,8.981586141804115,0,1,2,0.14858596488504755,-1.5162395867528529,0.7710430388904607,0,59.27276050675491,0,1,-5.975307928775547,3.2270541520168896,1,63.81850591511454,3.867390019374761,0,1.268517750168108,0.8223643999560195,1,41.81354935995933,38.999293498465974,3.110542729346193,12.676811593711307,26.712932077764627
1,0,1.1349277600966408,56.64591475889007,51.91841470141053,2.250638797857172,1,0,0,0.5821165957567334,0.557358291120912,0.4873389085277452,1,18.980529797788556,2,1,-3.227051196713628,4.896815765434185,0,47.25695445423564,2.458645318040985,2,-0.8385141216263958,0.0010241728969507553,2,60.43856078797857,10.022766998723283,-2.7666254446268628,28.92880062271342,51.02500519971424
1,2,-1.7729235415774334,37.919875570006774,66.41005323489469,1.2921517504522713,1,0,1,0.4180158794616291,-0.6781623596612659,0.5704957572316817,0,24.626994476796717,3,1,6.215690450887475,5.78839120546319,1,30.707027851033818,2.882294242029097,2,0.5253328008066642,1.663454213604846,2,47.14924774703566,10.84550772556834,-1.0127985634531456,20.689580355259952,40.933828430700345
0,0,0.10852827167866363,25.111995975948123,61.0002556793932,2.6280880211424416,0,1,2,0.16939748415941913,-0.8666528860365007,0.4210024400938898,0,53.76236277950646,0,1,7.650974842237378,0.6148011998210684,0,39.07871485003231,6.446339330527187,0,-0.28484746191187266,-0.33806827315934584,0,22.856928403326265,13.783126078354151,8.321007529328131,7.523365766940997,43.05727560245964
0,1,-0.5511161440931309,37.936625380898334,76.90377197866542,1.854491995183509,1,1,1,0.43199951332484626,-0.04942578190534578,0.6923353689011398,0,40.55655702053839,0,0,3.1717430799617823,3.1769551956416087,1,40.32951582919131,3.560386777722445,0,0.07380357270147045,0.16245671777795576,0,35.597630072449796,13.29145621677613,-1.2364133205273706,24.23260910148471,49.40600524341043
1,0,0.3582301460058473,62.381711860548556,4.404868786662725,1.482887876671034,1,1,0,0.8179862420112718,-0.22917161161649863,0.1136000480173745,0,21.124717923959242,3,1,8.7797231342375,2.0844064996652794,0,34.56369678620899,1.046097891975404,2,-0.28995559461496867,-1.2546264051911558,3,91.39023308648487,5.276128320870292,-3.615207877458615,4.776833041302588,65.18956826346293
0,1,-0.5664194941064892,53.51973904491142,72.95249458606325,2.4368131051629316,1,1,1,0.7304231327957983,-1.5876368563320735,0.14453840162224224,0,38.773633868015914,0,0,0.9214571402243195,3.9775548418963647,0,56.263854728629106,3.3730869728041224,1,0.6667688281519969,-0.2110695142131688,0,35.16624897554564,20.8158987694797,3.3962212851876394,39.01028366442975,60.46271615080113
1,2,-0.3428250687923688,38.509167989158044,89.29093767126035,2.407684895529017,0,1,1,0.2750860248367831,-0.6892323715873753,0.5656267100973957,0,47.28230307117048,1,0,-9.089398505997442,7.059210804190113,1,35.46659975131428,4.95952984635979,0,-0.29376420055506974,-0.8638099950589917,1,24.403254971789345,13.617652098524575,-1.0314980969803287,39.325402293612306,37.130860341103386
1,0,0.011491844286131534,30.649643576333208,40.92699517202302,1.7494201661071758,0,0,1,0.18502370968423737,0.9643549696419048,0.43580282734837905,1,30.825272335889448,2,1,-8.718584743145126,0.607260980078309,0,11.932536185046523,1.8294277429714487,0,-0.3894173184127621,-0.05334697201383138,2,65.88970576009139,8.51046486612919,-3.751753380791869,21.258775909215217,52.67741106105057
0,1,0.4801087920659948,32.110785863804594,57.869693412345754,2.4986685696379727,0,1,1,0.25106262090556536,-0.25921834426937373,0.1309167476043145,0,40.3382405314758,0,0,-4.014734074895299,2.2570074088967966,1,46.09209718732703,3.445711403759573,0,-0.008573361409295738,-2.7981901680777814,0,34.37973149405435,17.325355932424234,4.136471969140082,25.003804083071213,31.95171947071459
0,1,-0.9521748305060039,32.8464114715446,57.7358100977667,1.674565920846589,0,0,1,0.2727747203106037,-0.8272363367216936,0.49045816219796406,1,30.19121119871044,1,0,2.827224458504787,1.8395586880986619,1,3.8737671553048525,2.6079010406773606,0,0.49478398113022026,2.1132240869538603,1,60.983814971115805,11.107282863976602,-2.9585152036364963,18.42607367292169,44.66947740192505
1,0,-0.5257144912929439,27.238633253694907,37.89665469639799,2.104670807491531,1,0,1,0.3044722076358372,-0.16291573682974705,0.6489422894296668,1,23.682416729733475,2,1,-8.641638217627847,1.661389525066522,1,31.738878979968128,1.6620769917456493,0,0.22345636331686958,-0.4806630265974521,2,68.18354822011767,14.89176264852453,-5.08501797046061,4.8316696346114245,31.018255506274834
1,2,-0.34889883890790824,67.97495525941466,3.8472046261667057,1.1307255936692482,1,1,0,0.9841942560605563,1.124784124809161,0.11193971035606964,1,24.081145797698987,3,1,8.610855133202932,9.619277456379075,1,45.46897029556238,1.151578068594567,2,-0.5393700824115328,0.9204384740257119,4,87.78458693740455,22.555858021975933,-7.411142885729635,19.470379322335056,53.806660721062094
0,0,-1.0637342189474355,20.969807988088878,88.52283825048919,2.3971459526310563,0,1,2,0.08066372162857566,-0.9780072958520428,0.6713348089939358,0,53.840508934734636,1,0,-9.345960812070192,1.9265054256558647,1,4.193255425523348,5.051522346993564,2,0.569488481110357,-0.2446682006039599,0,19.66528143947204,21.003480242022864,3.898173020538536,14.352143507868117,64.84711781546082
0,1,-0.7172434952229639,63.134099450178674,34.88973563701113,1.8154864585582469,1,0,0,0.9223439494772561,0.40865020650867384,0.3920044718280954,0,28.568397496911277,1,0,-3.459279463352644,3.6413451136451274,1,74.17205503443326,1.8379915099316062,0,0.18627552170926057,-1.4140078341829527,1,70.10175926901783,15.495352017289354,-0.11485934465811631,23.768185733888618,69.95037462776332
1,0,-0.4249036530317096,25.161864898904792,33.52284558376866,2.20610172127377,0,1,0,0.25566221614736717,1.4255656963225554,0.3858378627137615,1,22.069129824495448,1,0,7.279923128833975,1.2620067401035873,1,7.415177454415689,2.052825233504851,1,0.09068758692034724,-1.2469904806076029,1,64.50017848451212,20.820232889454587,-1.7582083512494684,14.47947822712135,29.874971840334133
1,0,0.578456173798695,60.66390690372817,8.510767969533955,1.4643081956053368,1,0,0,0.7647897852127346,-0.07926260715280105,0.42219844923429317,0,29.693685692701187,0,1,-9.586871824832771,0.8373312185865468,0,21.38267831425558,1.2429731323884288,2,-0.7296638069720747,-0.9485283090543838,2,85.6924684041291,5.239964874605178,-5.250251461249958,13.639394025295143,42.223489677214346
1,1,0.937422636877331,27.281713356267815,90.3525372105324,5.303628658621624,0,0,2,0.1715395333203772,-0.4472096088265971,0.8002229978624902,1,46.62860596663321,1,0,4.806073137914545,9.819969369407863,1,11.99039084815064,3.9625609447964094,2,-0.1183174502901623,1.1807168471259273,2,26.482927325364265,27.02492642133738,-3.8673527057423485,26.078335644121093,25.626424626147667
0,0,0.5253297678746743,18.8922503201073,96.13694734546407,54.598150033144236,0,1,2,0.10521779450651214,0.08490279886380837,0.9863780803112396,0,79.94911792823216,0,0,-2.8515328293965814,0.7337643194594753,0,12.092776830597561,21.175931103199396,0,2.611895466792145,0.2168713400892036,0,0.5550929763158352,39.99815294485768,9.753166450419911,17.386384398388152,22.731580665072883
0,0,-0.528326246993616,30.148786832474045,73.59593150922754,3.193956656512789,0,1,1,0.219086030524746,0.13775427570177126,0.6775133500037014,0,48.383140718737685,1,1,2.6783754622683293,2.6706539045551536,0,39.766536765316246,3.6513827487470305,0,1.7355749914909289,-0.39908546992002,0,34.01721171946497,21.745548622530585,3.9421150775081983,11.714188611211716,32.220248075177494
0,0,-0.7082940155339694,30.493697532672932,36.52065306915331,2.137291561868116,0,1,0,0.176170428876941,-0.7865049750811438,0.5910994471930794,0,20.671390209403278,3,0,7.189524302348747,1.302550676557036,1,79.33503489255274,1.728015844755909,0,-0.20506441686564253,0.02885900627447437,1,62.18727815033073,11.008140238529736,-0.8365301137757974,5.344860627908559,47.45929043971495
0,2,1.0012442257859693,38.693718074309196,89.19119442770092,15.77863919374259,0,1,2,0.346056955887104,-0.6658884628938204,0.5284946982183466,0,78.85175062340724,0,0,-2.301756923748565,4.823315997353454,0,54.22796269593061,10.564531148069152,0,0.1694567842378652,-0.9079760618647759,0,3.452791408106065,39.14753032934253,9.741714951275327,26.44960945711453,20.13360327343561
1,2,-0.2870586059460212,31.164080254489203,20.28425320981783,2.609312318759062,0,0,0,0.23721526931400877,0.36718573495481055,0.32459097870307485,1,25.86133920400805,2,1,2.180758560750366,3.503026509557835,1,20.201644594822767,1.2583141622075482,0,0.07367822376926916,1.218681845436726,3,79.61181715465948,20.010804329974924,-4.840147158100956,19.253675137363523,30.74058202006382
0,0,-1.8499371470106478,31.30583235635109,53.32908864813839,1.5685767683147176,0,1,1,0.3053488073893976,-0.5307501049605161,0.8128693706705215,0,30.52321475872974,1,1,3.6608492443158056,0.6499977472792967,1,23.08805471657113,2.379627968245346,0,1.0274541715445884,0.20187803199702323,1,54.908701767191694,20.750957953051024,1.0462373761686372,10.959047830604632,61.49400364708667
0,0,-0.017990799517762102,41.876646507385544,34.84565595231551,2.5314993458893325,0,1,0,0.35289571237283424,-0.10308119537211807,0.37576075018971494,0,46.118508949872904,0,0,-0.7347493832210148,1.2340331827844484,0,57.65302493874624,4.841493611845834,2,-0.6437500020524034,-0.16957238945101077,0,27.310805460458653,10.967203477111038,9.12317944237714,4.638166914546273,48.61598635723434
1,0,-0.1290026954182999,48.491494587619165,13.504519725425451,2.315024193213694,1,0,0,0.5501700562939732,-0.8364056501424252,0.09931532944340948,1,19.600828326554097,3,1,-1.9021164727390154,3.6862180968281777,0,68.68857046534109,1.4948145793596912,2,-0.018591166576585598,0.4604099362472925,4,83.16084793203267,11.953711986950918,-6.165093224071025,16.816221637022405,34.90793946825171
0,0,0.65340647406126,26.31665615520977,89.17753270419576,50.19435837720946,0,1,2,0.14421095840513892,-0.7981330164645323,0.791618533838766,0,79.84753320357595,0,0,-2.0437742042894156,1.8320962667110519,1,76.72345747107025,14.958004859392661,0,2.01507475212756,-0.20274121190244415,0,1.311996100480306,39.99549170490491,9.928536443116975,18.31089480626375,21.913279573977576
0,0,0.9831179427434708,19.07029049602734,19.89508771251367,2.174992722094682,0,1,1,0.10750971499106365,-0.10371165564084792,0.08455900419017026,0,23.20839648742315,2,1,-4.453286868721698,0.6025109339911681,0,8.902846459915201,1.5506643759239405,0,-0.8337852912166966,0.8805572233490752,0,74.66844855821519,9.934413177361662,1.6347133284676865,0.17801248923229762,26.97404546650325
0,0,2.278844440145835,45.71034597398238,66.83083620841698,1.877053576335454,0,0,1,0.22109466404272765,0.13067348715977337,0.5755887819393906,1,23.18502422333321,1,1,6.118910147390029,1.3935308181692971,0,24.306651708837105,2.0477088694603243,1,-2.0095920037975428,2.816712152190563,1,54.41565793244324,9.119557079716392,-5.090529484747232,35.44738924212385,56.6874791772632
0,0,-1.3897431078391702,36.56857753240518,98.57640563904499,5.184786116761312,0,1,2,0.36362160304242497,-0.0635516275089946,0.8139824242166098,0,75.48175855764747,1,0,-1.0863850822712013,2.7953976608787765,1,65.16687979938297,8.29752321111569,1,1.7426232691413004,-0.7917081857330114,0,5.292240292907701,35.97472583781517,5.833505579508573,39.94509092586994,64.11810078448417
0,2,-0.9762364118109104,33.21197390591408,42.63252633947343,1.7319205610753379,0,0,1,0.3287228189905912,-0.3497767487658933,0.1367008849651848,1,23.696200601728155,1,0,-1.1200139100168212,2.208855591491104,1,0.0034364549405108136,1.9338310673057513,0,0.30056150750057226,0.4807575652695494,0,67.48459800454839,8.591825583369166,-1.9938295211890686,13.904050876424543,57.76023508586658
0,0,-2.287860421863648,28.766207286536904,57.38967052858752,3.079022956718247,1,1,1,0.2912950475044369,-0.262814138419155,0.4375933479220304,0,36.651374554272806,0,1,-4.62236582524433,2.6901868177915005,1,19.331584417281405,3.3167559281089,1,1.5869180474068445,0.46931273216122504,1,42.72021629269117,31.402206177778975,4.538034660648618,2.4620985189015454,67.90818633293289
1,0,-0.5688638535148611,58.202614521911485,14.85732438327496,1.6462781011820715,1,0,0,0.8763644717447274,0.6479514611762907,0.9557054731117667,1,21.77527512530352,2,0,4.212693097305591,2.6099141214663275,1,14.088017272507983,1.368485696476501,1,0.5924876103520008,-1.2258342182626474,3,83.35979971023535,9.388458117412116,-2.518941354797085,2.2334078411416303,66.40993991349951
1,0,-0.8158279553998983,41.673979475488046,17.707545357639493,0.753607313972743,1,0,0,0.46765339157162306,0.7790088507338058,0.14767044459123724,1,24.069362350868133,2,1,-8.089339959475947,2.8495257089575023,0,34.9704284068723,1.4634046883903156,0,-0.12869401759327026,1.093318635958336,2,88.17010422892079,6.830137223642505,-5.732589667790559,7.441412926927445,29.313902921899402
0,1,0.9944315128314493,28.00484847796168,82.09094191733135,3.871091280425379,0,1,2,0.20452901770894838,-0.9507923946023887,0.8369755339145166,0,71.23683459037744,0,1,0.30034534557582937,3.250417116339827,1,20.018295401630613,7.461870112489773,1,-0.20690429632807564,-0.2959088719464432,0,8.625953427374816,26.434691507735266,8.905465752592768,8.351422901164094,40.72970333243498
0,0,0.3616799475282429,37.05936804933627,38.26164874339982,1.8086004657702277,0,1,1,0.2099409047457506,-0.23361721744551997,0.6850801757745123,0,22.738808740753605,0,0,-8.013393245816863,0.9783973390878679,1,44.46396035009098,2.4532309476740086,0,-1.428686093450605,0.07758628045131574,1,58.19595013520069,12.799555025773351,0.19344758526234962,4.691386764599486,41.48122159853229
0,0,1.457811365516577,60.83282980799543,36.55725878772915,2.3094549052989373,1,1,0,0.7778612092279424,-0.6606630248511741,0.2907194627493014,0,19.6666790865155,1,0,-3.171830071562665,3.3001120254567406,0,55.19240359723767,2.4310606773199392,1,-1.3779090249806414,-0.18935315696179733,0,56.52247025498717,10.124830209781939,4.606560297222103,9.887788849943515,67.50129991977579
0,0,-0.6227309736378589,34.32128535193547,50.6818953947576,1.308744548667532,0,0,1,0.28082260297359135,-0.8764236910739928,0.6356965206562172,1,19.302740287798898,0,1,1.692310292987834,1.5166970522014769,0,16.104643638488675,2.336907613509609,1,-2.362543315967257,-0.025428244227280627,1,45.62247226376155,9.774366868593312,0.2647005566012428,10.800759156536067,55.06418149632292
0,0,0.0036402042302067523,63.845873082690794,16.502393395371584,2.019451107925968,1,1,0,0.9113315723313398,-0.02598386528873153,0.7456497246748298,0,21.70207282888932,1,1,3.154563501280256,0.9611812838441143,0,40.54452078950661,1.6564382840047203,0,-1.132247010871464,0.08580885932232407,1,75.81196615142005,12.122497034472378,4.60949673432134,4.493661717233028,68.4704383766347
1,1,-0.018783239450640317,58.47665859725978,25.63760759787997,2.1587894429214685,1,0,0,0.7251619690449171,0.4897129445307901,0.7008926192224104,1,19.907695676477694,3,0,5.503999029628213,3.3926993446370157,0,33.93808308619889,1.4224722806708368,2,0.019951387161703315,-0.5770578437915577,2,76.45389533782918,20.95033546179295,-2.9428063343992683,14.61078741571155,34.55485285298806
0,0,-0.9309273975090416,34.799667437365514,84.23617120866358,3.059375071017777,1,1,2,0.3647219488695979,-0.24203530562781417,0.9383937335386736,0,52.45644467735196,0,1,3.713160536814982,3.718878656294394,1,72.91496537144783,4.788236221359737,0,0.6929920944592518,-0.012281214575559451,0,23.505915128334532,29.899601710543013,3.6597912220900355,9.117783288196641,63.943274880746614
1,2,1.5654868994697437,58.82927167534019,35.87812157183413,1.1299992470355782,1,1,0,0.6180179178453553,0.40454121489193046,0.7041475508096837,1,24.59295307831075,2,1,-5.017065996851718,8.207388638467503,0,47.56295353401808,1.853312941312471,0,-1.7542837655050567,-0.39624737169732693,3,65.1502528500576,12.961105881637732,-2.249624988286606,35.18900123001715,30.76934284117045
1,0,-0.7374099849243101,32.794316946990705,29.57375679438537,1.3109527290801675,0,0,1,0.23528077238198952,-0.38532639572900984,0.31056377221103193,1,18.571003635433847,1,1,3.823138644938828,1.88044902868651,1,56.07013290544019,1.6952200891023566,2,-0.1949422606913114,1.0013033331145245,1,74.41249510538348,12.058627709317467,-3.9777177454107706,10.594707483704418,44.90672783957497
1,0,-0.6701223486699749,56.14236979507188,9.804215890374717,2.3416436063659747,1,0,0,0.8283421165792906,-0.8003193698703492,0.4828232074202085,1,23.82766634793251,2,0,5.27596978046728,1.522054805084811,0,46.394431711364476,1.129764229600198,1,0.13147338819998186,0.6986520167465164,2,89.0594949137309,27.14789285554074,-6.990561174069092,7.397646760650309,40.905211252716036
1,0,0.8272776523694249,62.25421146405907,3.0206868718644975,1.567019914287027,1,0,0,0.8763161628312227,0.8213924764131406,0.5206247211856775,1,23.845530864706305,2,1,-6.61467800797597,2.7181616324496787,0,28.25681735147829,1.0152319800356746,2,-1.2263971543658698,1.1399598531427446,3,96.150781473608,10.315824825119222,-7.038148929960401,6.069062386074577,56.38191272911815
1,0,0.9268734358307905,32.75157210101109,33.41425999195927,0.9221683732864471,0,0,0,0.22781321211595673,0.4939566769286942,0.9379201695569412,1,37.98845700156537,3,1,6.846988003260492,0.45887505655063343,1,47.483937919214235,1.7606448301790398,0,-2.47527046178696,0.5429280768018188,2,67.254090041822,9.998499885484833,-2.3795449602210095,2.8408391059734894,66.86382798999121
0,0,0.4258361091394873,27.3302218776914,74.2287622532711,7.512642432758958,0,0,2,0.24069536191255086,-2.0528027600458163,0.3936171946409872,0,29.8177316497705,1,0,-4.8021239666312105,7.0041925937466365,1,62.82793033527412,2.77204503698762,0,0.5388579851057506,-1.8622850030369997,2,42.6006358675706,31.52764785562426,-2.2726340728733643,17.592702982130955,20.955211170874566
0,0,1.2308477443402426,23.371450320415896,44.348757526287976,3.3939618456391956,0,1,1,0.1959622810887231,-1.3945642007821455,0.16791866926100718,0,61.2998587865696,0,1,7.299325247197999,1.2185572190271865,0,13.032523402926707,4.1648740838516725,1,-0.5807711525897106,-0.6217647245773427,0,36.07010528228379,20.36092786759616,6.481686449537001,7.8764565796022845,30.112465703715667
1,0,0.8000215868331493,64.48152307603706,2.403327757395579,1.520473003899532,1,0,0,0.8347404881765333,-0.43107225245649033,0.12704873331839195,1,27.728512810055665,3,1,-4.145204964425549,2.4558346745162587,0,62.37398809135199,0.9233355642087581,2,-1.1718585749612138,-2.3571406790505964,3,94.41161629287276,6.776918380649519,-7.445933149085187,12.939643909721546,59.36519224527266
1,2,0.6081536130699233,49.145862865422735,71.74637173374862,3.158752470763589,0,0,1,0.44816723464589764,2.556703618681175,0.9931463127882627,1,26.710500368623187,2,0,6.3646813654415055,6.208420830266095,0,10.181059899953544,2.882710066056995,2,-0.4956207628594884,-0.5739566413059598,2,43.47114098415217,22.275836072904177,-4.523212766788158,15.569654050177542,26.156251623465668
1,2,-0.0037022392699444253,69.69954068275752,6.525904981433222,1.9542968800834766,1,0,0,0.9986418209887481,0.8181246744460191,0.4631085991253788,1,29.48984006096542,4,0,-5.848513485658183,13.782988684618637,0,22.399509382380252,1.3323193543353218,2,-0.009041518024056271,-0.13532640817428207,4,89.8331212758038,11.135811972836184,-9.197437295231833,34.67863879590596,41.88299453211903
1,0,-0.7050800665849584,43.19807286692457,23.250867936992993,2.317985452037835,1,0,0,0.4920214464754243,0.1607923694660526,0.421526154731481,1,23.326870290223557,4,1,1.9917484342413054,2.184953892802343,1,44.03296948022063,1.4814093088779305,1,0.21516223470571244,-0.16427826069150284,1,80.13950682405199,15.679839130101874,-4.503687577326789,12.110073803841086,41.72240291571576
0,0,-0.4593926812801907,37.23167071663478,20.139901833742314,1.5022742055171685,1,1,0,0.37222534161886933,-1.8152624240915534,0.07973800413172183,0,27.16935942014157,0,0,6.747602776310352,1.4797729183919666,1,67.20473499664067,1.9200021405407506,2,0.30030545137622483,-0.377880550288703,0,71.24515692322414,15.429462744986221,3.3709644537384786,5.573959629973457,51.73663802892067
0,2,-0.443933410204531,21.851946934421363,97.59364882916934,18.512092217258076,0,1,2,0.13800104632420646,-0.9066708975105537,0.6201884721574311,0,79.99522016751354,0,0,3.8629538932504524,8.832047278506291,1,54.894086401745994,22.858254675193063,0,1.4521215811971093,-0.2734401073748745,0,0.2804648887268779,39.79892018278236,9.968221821606054,18.06682578419889,33.736662492858606
1,1,0.8281093136786863,49.40956676929744,56.46326536356598,2.3804753269918555,0,0,0,0.4269317608275709,0.4324411116839353,0.3471219082548529,1,23.092562473769547,2,1,3.8756368470068985,3.371925602021828,0,5.2168280859562755,2.369312227512759,1,-0.7358715960426409,-0.7333759766808202,1,57.6917004635208,12.854140754041879,-3.401865447835206,35.709951203827764,26.942786087767075
1,0,0.3011597310457618,21.50744792875091,85.28726256352466,53.84507040674107,0,1,2,0.12032056784876777,0.7866594750974039,0.9821100109239294,0,79.5946492201844,0,0,-1.0580696325643508,1.7711462319647684,1,77.15651625460241,14.413595688870272,2,1.7161470008902133,1.7068140943308536,1,1.612396628152707,39.999697509955176,9.408387517339381,31.442400486278554,20.90407521915239
1,0,0.31225028669526234,26.771999126186287,67.05440813762544,3.104403957743517,0,0,2,0.1383073812882859,0.6302352569524374,0.672282442378764,1,48.7580677932735,1,1,-1.5218266651011625,1.1614129328019909,0,9.088059888367939,2.838349494222223,0,0.9517377280866073,-0.5811965864544911,2,47.36570843137345,19.226468677456655,-2.992981262702104,24.089203405700044,29.11307983273083
0,2,1.0163437278438834,52.133059471331194,71.35805165928568,2.294326211808419,1,1,1,0.4071639668786034,-0.6149066554121476,0.576040371491221,0,36.53096375274055,0,0,-4.9759223060902755,8.57709640058287,0,2.639345432563056,4.115194096010081,2,-1.508784183348026,-0.06656952682308792,1,34.61944424855089,15.18052529823714,3.347840853005424,11.397033049912311,59.31265015619023
1,2,0.1262141021625931,65.614792367849,42.53344491490993,1.081046214649713,1,0,0,0.8916238080058154,-0.4921146828427542,0.7955654808643018,1,18.302454029241908,0,1,6.275275907316349,7.881061326107325,0,71.26292484486025,1.5685370938158723,2,-0.8515980446411034,1.922270322284221,0,70.25464521761096,9.978773735637883,-5.807823695847947,17.210060718832462,43.073206513726475
0,1,0.49613655613491875,21.872312355781965,89.01251947915736,18.7029462963702,0,1,2,0.14919313465754197,-0.15278457402409804,0.6688326010158442,0,74.81016203405163,0,0,-5.004164316505317,3.1266516877389736,1,47.74789100033624,7.3562168927198845,0,1.7731739006443268,-0.03424449993389305,1,7.933161546645417,39.6030859978248,7.28051219176778,29.695080019025685,24.954151947398394
0,1,0.4932946668089084,44.472144992941935,67.10340504593624,1.2781049468398111,1,1,1,0.5311934841165382,-3.0939932635314733,0.556772260973723,0,30.437151760282426,0,1,-9.859836752706096,2.0920525634411007,1,58.9306847885622,2.749875543566257,0,-1.896648244949052,-0.0537603450542186,0,54.71068334416529,11.889145730500271,-0.021280162368334743,24.82739084658068,21.83612987803168
1,0,-1.1409647979676834,38.27864638742917,9.459971068025924,2.4493201193044194,0,0,0,0.3000218082693029,1.0916258179678158,0.4498586407959799,1,28.200475127149215,2,1,-2.9295726501446717,1.7700109911343667,1,22.907879162602633,1.4315093251906574,1,0.6777544581049474,-0.18212755896811103,3,87.1957052208885,22.25181304205843,-7.188363902167351,2.247018515030592,60.64451422016795
0,0,0.4787581754452366,59.331409294862496,9.05198801959482,1.9781304304454683,1,1,0,0.6927783458288288,0.005271932814131261,0.5299157985601345,0,28.77064162727165,1,1,4.381912696994771,0.49463338904457355,1,33.68888641657356,1.240575569601807,0,-0.5453205840975864,0.05886531607370646,0,63.282615384547846,6.301033920743981,-0.8750457884020175,4.556587516622037,63.21793468957843
0,2,-0.12996793173893062,42.75654663448549,61.61472575793935,0.5073279291803082,0,0,1,0.36261449296634163,-0.08852374512093115,0.4161045670388,1,24.4335538808981,1,1,5.762532989652836,5.536991601447211,1,49.90298427227751,2.661397544421952,1,-1.4720031994713187,0.5150628549786263,1,53.164933105365805,13.29510901344894,-2.7664308197876863,21.57628915155737,45.29657195766959
0,1,1.0327907725637058,30.939898416992527,57.2435045497302,2.345363351529721,0,0,1,0.20217701357634793,-1.8825614260836032,0.8061825364189523,1,39.358147470061596,0,1,-3.362166692048656,1.3586261681464051,1,67.63107618791126,2.4198738342546107,2,-1.1436015560755803,-0.5519150755581673,0,54.336372432261484,10.72863836285505,0.2307265570587198,5.045533307116288,27.956390995583938
0,0,-0.14525051913462847,32.63962763901118,13.479852213083465,2.05341307721128,0,0,0,0.2335247538487416,-0.706117105103607,0.005580473930326846,0,21.02915380640856,3,0,-2.6155801478273544,1.863398060437561,0,29.312981463412726,1.412721994640201,2,0.16742170434909107,-0.5379169304094596,0,81.95985709233042,11.229131638298991,-2.300597152045113,6.628460139904016,30.980398276891876
0,1,-0.34463670491710596,46.476257307332574,72.49394464797311,2.4084911070199304,1,0,1,0.4724356556613125,-0.8248740738744229,0.536249596780061,0,28.07414568431205,1,1,9.584784301300392,4.547440663949751,1,69.2666967468922,2.8741966775475225,2,1.804123352818363,0.5006550509828851,1,45.38949907564076,21.346618867736403,-0.2783029632229468,30.60034639013721,65.24067474837088
1,0,0.3463766655240732,47.21585517319389,50.45379422340501,1.142030635134419,0,0,0,0.4058033073965512,2.9963469628785915,0.2175042167911196,1,23.823076292915918,3,1,2.0481603714057357,2.5747867916994407,1,72.09500272498117,2.1343878226288266,0,-1.6019687619930185,-1.2388444350037602,3,59.550209048013336,7.737138450708554,-7.002764095568519,38.997174951391955,37.07920380094549
0,1,0.15937465754083915,46.64543147009579,36.764139192128745,3.1035514971029685,0,0,0,0.3008491163489941,-0.061367451176937586,0.43912933297620943,0,17.444049281607754,2,1,-4.450333213052888,2.174330720994513,0,25.155590910708092,2.0038226050325747,1,0.020399097812679484,0.8228582166806655,1,65.69526143010134,20.392035786442516,-0.9076563826386561,10.926955474845919,31.653297189822556
1,2,-1.4752812151227483,30.10051454417112,59.22980950154964,2.091482519954583,0,1,1,0.22092039484603476,-0.26967462032602985,0.24634578553260827,0,38.26623197965312,0,0,-0.7902187934760363,5.813009297893832,1,39.5679998065535,2.98745607904348,1,1.0348573491080708,-0.9873088960576711,2,58.29468796940893,23.89982945056743,-0.7958823350787547,19.057097717242673,52.64878470360999
0,0,1.098752503003599,44.84219924431953,20.26152555074115,0.9440336426443838,0,0,0,0.2585020044122386,-1.2950985351742177,0.41266562130553563,1,27.880517422730207,2,1,3.9538466636311718,1.3098253284957924,1,67.32517327918026,1.3903772458189105,1,-1.4732358968474233,0.34779385855206657,0,79.88221772989282,5.538167838066428,-2.746454060255842,16.199662909214794,63.859245084346895
1,1,0.2580070176395587,66.47411808693121,22.706090330788154,1.5249359812517833,1,0,0,0.9229309233804153,1.7124679758649632,0.35332130910939785,1,19.66130601703679,4,0,1.4786822690149783,4.807493606707141,0,70.21037038544293,1.8742335449633638,1,-0.8609486136044974,0.8257379276648562,3,52.639396077257416,6.995170762787762,-6.516251412703014,35.558964181465846,28.667803142985044
0,0,0.853004280058469,27.73598166144959,65.66704717543733,6.1523712865741125,0,1,1,0.14778501207372136,0.5670832864245428,0.07243908506587327,0,75.39627895013086,0,0,-6.65358513736696,2.517515146370555,0,69.93579511374978,9.08804916878184,0,0.12202167965327691,-0.6871282922322698,0,7.493134892343795,30.224318079073818,9.9602344713905,12.059064763179395,28.59852059210307
1,0,-0.5194378298288369,62.00094576666306,11.083876284732519,2.604250251761017,1,0,0,0.9140147302662391,-0.42496431593373285,0.6008452823945143,0,18.780629413696346,3,1,-8.895586774962286,1.9799001183830751,0,67.43338579888399,1.5433418727004875,0,0.6874319643521832,-0.406468806882187,2,85.21541479363195,15.806438577042714,-4.106862182484859,5.242790562976632,61.93073880145791
1,0,0.7801028573042209,46.11204526087064,11.768313794482166,1.2045894511036994,1,0,0,0.48809368083919613,-0.26688406532739756,0.37518613363990644,1,25.344535511182617,0,1,-4.088869960968538,1.626891455279742,0,58.815004810258806,1.439133337898945,1,-1.3332869147622617,-1.927821196617101,2,83.92611998903824,11.763519125300556,-3.6475655027603704,2.4642065073771446,32.14898439195912
0,1,-0.1311407511672542,39.45793816221098,61.0549456070259,2.1928629735732357,0,1,1,0.3439605203383519,-1.637772396230584,0.7300350437377563,0,31.187127637213784,0,1,-2.7627324406544744,2.190176189818252,1,65.04964790021425,2.9995794962777613,2,-0.5801423088278317,-0.793605649711653,1,39.7861354573974,9.753313224005598,0.33786274243587755,15.309213763080793,31.98015571320294
1,0,0.7229871660657614,27.637615137629535,79.59300511141333,6.369400641706029,0,1,2,0.2647112414695072,0.9212808209022222,0.7147908578186513,0,61.90975704728275,1,1,-1.2278124964939394,1.6427564835843262,0,53.069091930842546,4.980455642992064,1,-0.13297197360370352,-0.6912391568591386,2,18.940339483167644,30.67702510325393,6.3600597633154585,6.7278426540541725,20.497339249096893
0,0,-0.5299421411448844,21.2439091794447,71.61562947276359,5.129915113571431,0,1,2,0.16099319892035768,-0.6687389069053464,0.5442834500339869,1,37.95592783452975,3,0,-0.23611159143148264,2.5122336977610864,1,13.747694878119976,2.9575216698880644,0,0.32613402828326304,-0.3257906978533913,0,41.48922791755284,33.88346523803779,-1.3633385068162518,10.08828063260383,25.495749528914196
0,2,0.6134425314638202,44.61829550117621,90.50236996369787,1.2666038567229447,1,1,1,0.4159831315569832,-1.0328515080262324,0.17900595836107475,0,61.76532246839134,0,1,1.103061069765026,4.070012736280166,0,0.08121498962835982,4.497733484011588,0,-0.8390899821309789,-0.7868058773686392,0,18.599454583416975,7.3952560894629915,3.905722918925221,39.43339453282357,60.95029689800043
0,0,-1.8703329723375368,22.797426017907178,87.77051401588578,3.078183793037406,0,1,2,0.2769481209281457,-0.08592737814523242,0.6377713595311519,0,70.31262966786396,0,1,1.6724543662763374,1.1205979482519957,1,26.211577861845214,6.344511437001607,1,0.7686294620439641,-0.16615572110585952,1,12.528484200642248,29.437828439626553,3.832090849366768,35.81794908274855,65.3889242942447
1,2,0.32372972708604975,54.898187461986645,41.165655233134615,1.7754868440042202,1,0,0,0.65136060745571,-0.45782610785018,0.8051983365350144,1,16.929877062866154,2,0,-1.312425326717035,4.354622426269558,0,3.941111271919424,1.6806823176641184,1,-0.5225185212046468,-0.5357643615158616,2,68.38680170691184,9.58119752229569,-3.5988470564420965,18.7252979624599,34.222201864493336
1,1,1.3513612343886376,60.93739354006938,22.343789406695517,1.1760759573566466,1,1,0,0.7569396274438434,-0.16340599929323177,0.3721631632394947,0,20.533348691616933,4,1,-6.811345778136345,8.338533073627417,0,40.352265116834715,1.6283377876692695,2,-0.8442996984621463,0.20441938013527497,3,73.80018119905674,7.149417274432352,-4.942859926404902,16.47807680100239,50.87415707811651
0,1,0.5065264532774455,42.66871039946925,57.85423369820493,1.8902939025122636,0,0,0,0.22503121436317747,-0.8611440675029001,0.2553205442600702,1,18.756498790814998,1,0,9.998055063939344,6.684367787458829,0,35.340157896176045,1.8715625346666758,1,0.11838856736314668,2.7598273817961343,1,64.87933696791346,7.110231348325231,-5.229248957126295,14.34958963798406,41.33037530146692
0,1,1.5463060415425502,26.603870736588853,99.17113638042665,34.42238307333411,0,1,2,0.21034697757817972,-1.2041779885542272,0.9711996799449583,0,79.998623856434,0,0,-0.942056839924831,3.920852089569532,0,53.42633270384059,36.64127635268675,2,1.0259552516311314,-0.12583155688012318,0,0.0429107049214561,39.94435398367172,9.989012284737665,27.78006499609355,33.055715863961154
0,2,0.20847895698936303,20.698977741094364,95.7092693771246,30.96957359067622,0,1,2,0.16509497045882926,-1.1093757299058078,0.30315340427352344,0,79.96669295662622,0,1,-3.314863404029291,7.173025848813417,1,0.9834273503987845,26.62789206544551,0,2.234603145096165,-0.7835992999511745,0,0.19629011706989163,39.9941737180431,9.963888948133889,34.72761201280119,20.76569698217344
0,1,0.759751825701334,33.488057017701024,88.44720685051757,10.70219646181525,0,1,2,0.2709386172883008,0.2873744864838259,0.09555878884015401,0,79.6491606060458,0,0,-7.325202881063896,5.895344559969515,0,72.69339429671673,16.183837413501184,0,0.5229349277895808,-0.7332105276075525,0,1.322898330813832,37.56242184158143,9.943097903139837,24.105883433845325,36.24156385328334
0,1,0.21581567627847553,28.956778245271575,92.96088587002771,17.923430458653062,0,1,2,0.19511187992995976,-0.277929546071023,0.9933993232709287,0,64.20399924457028,1,0,-1.3283594288701845,6.311991494407922,1,71.21903505006942,6.771676753022903,0,1.341977145364604,-0.9085046115554776,1,13.64289285614116,39.82016467487678,3.214055572011274,12.392772614886209,21.10351404919397
1,1,0.46324840679839757,65.14871933541605,27.847966504536437,1.7613816571561671,1,0,0,0.9051585033171191,1.4456923567176232,0.4306351668575007,1,24.757775324750124,1,1,4.214057957192541,8.23575446576917,0,32.059721410571825,2.070675038094284,2,-0.43669430421929584,0.15073724538082722,3,71.73122270623925,13.34868631956569,-6.160159122466938,26.41632258275194,63.4012933298323
0,0,2.6031531205395244,47.455480513031006,19.822423907025925,0.5111942559864997,0,0,0,0.29426238325125353,0.8235046302197866,0.23139994315189744,1,19.16293544466675,1,1,2.7810932836518187,3.2558827523395655,0,74.91074002444803,1.389870051384044,0,-2.3927644536136063,1.3043060696461282,2,80.87605939070428,19.869248999390777,-2.980214757856059,2.2233525568608337,32.72682577400859
1,2,-0.5518923820890516,64.75813756785692,34.111747419067065,1.9488998878557695,1,0,0,0.9461931864136823,1.7431605489164634,0.7819416954030186,1,23.52725671411676,2,0,-5.364707616730708,5.787625272718073,0,32.52326614832755,2.1677984320763892,1,-0.15310877438274284,0.3185689129261224,3,66.41649284527088,13.478383497440095,-4.673503955843063,20.61176034162625,48.60057943661634
1,2,0.5183935619250397,67.6409407936898,8.627175599746456,2.0270552747945936,1,1,0,0.9294495226250938,0.6892678184919638,0.5219741684407166,1,23.14006022345236,3,1,2.658825179583621,17.449373389545364,1,49.164907119875274,1.215320606634448,2,-0.20075488569616046,-0.9923466470993592,4,86.13720338135515,9.789397083412172,-8.79185961233803,17.3367090442688,30.728306410010262
0,1,-1.5738474834585645,52.19784853798602,15.167195990997806,1.942328910435905,1,1,0,0.8060158513251541,0.5242877556787771,0.04225884166746369,0,20.5745655108843,0,0,0.807662043927472,1.6538851278982076,0,46.73038211802053,2.0599690843664438,1,0.5747063133684506,0.5381395358783679,1,70.12315562113345,17.292455802705838,2.351466462296951,13.716705750838305,59.80462518344097
0,1,-1.4393245891340813,41.8899130124994,82.38757965263275,3.52212446557718,1,1,1,0.5627724730223476,0.7080739885876893,0.6107515132899921,0,54.04692708060985,0,0,6.062798222838168,2.3292124301543096,0,42.96534346589978,4.953784990193895,0,1.5454039166849693,-0.3838146044147036,0,29.686625545634072,32.26018743666373,1.2291812382513285,36.443395685908555,39.77475347765488
1,2,1.1817198003970482,64.38438741646232,69.0308085920277,1.810877318511012,1,0,0,0.9174000779661436,-0.586325280355158,0.7075670547885438,1,30.722417546618082,1,1,8.608508485070587,20.226921289269388,0,60.94203027098725,2.152835732929831,2,-1.7673159658338318,-1.1241348459082061,1,55.45620396650699,11.060259844029112,-5.183408080249566,26.140319123576074,49.0930988641558
1,2,2.7488413813770296,68.7630210058602,44.915167347675606,1.6481195543574596,1,0,0,0.9140097327181054,-0.14065402366569316,0.9341266355956924,0,24.114785358137418,1,1,-4.6125198456196355,6.8493504095768385,0,51.953119988617345,2.2732353233230156,2,-1.7882657240572186,0.15592811671303056,1,60.845371998535654,12.946992787722884,-0.6205119975472577,25.662125516752326,53.685583257912114
0,2,-0.216749492836404,30.014524700445612,81.81694594384834,3.252478424423714,1,1,2,0.2950895836221344,0.8394782173585286,0.5330340902325015,0,64.58048455173413,0,1,5.960498964992155,2.363055619858863,1,36.86659219250761,5.402926937082396,0,-0.9820775319213393,-0.8684837874403176,0,16.83307929452267,14.781473735070708,6.898448033377331,24.395478109383788,25.35895083288049
0,2,-0.5766946534714936,23.169960721244536,97.66983113629891,10.369643860449118,0,1,2,0.1525160628950677,-1.684233889008179,0.761951608962947,0,79.60681196927916,0,1,-0.13592673910226516,3.2841843858167175,1,2.438068672867031,17.01968642915109,1,1.030034600396523,-0.38414535231342833,0,1.1848049717852638,39.13162455336031,9.769696526516412,31.95159567169322,35.358813238052285
1,2,-0.11392000486684711,63.95137629159606,75.03406266610138,2.118856075530812,1,0,0,0.8566335777542655,1.0466585298259523,0.9941362910312469,1,48.66845586309217,0,1,-6.956160413756215,10.485488875325165,0,35.106859323315156,2.6523426032123796,0,-0.4582217286506899,0.3768439596438786,2,44.28349816124278,10.515155129450854,-4.8943171528996725,26.754050538903996,47.02268223590153
0,1,0.3913442360068121,22.379075307909815,77.83752492300688,10.489911352686747,0,1,2,0.1805403803063571,1.9110201836030125,0.38999391767527253,0,79.79101934662677,0,0,-9.668029215543214,1.8990432446783705,0,3.862438313142458,14.268915937167915,0,0.4581027681361395,-0.8248077943509787,0,1.6319058421605248,36.844207230597746,9.954816842092818,8.680487854562733,27.200556989089602
1,0,-1.128989511809364,49.070702775826234,2.809832953222985,1.7187168655110325,1,1,0,0.6411179133124845,2.109749004826475,0.648866983383111,1,22.35633656929176,3,0,-6.662475562206188,0.574152247802424,1,43.88530745725443,1.1591515425381809,1,0.0988342852337691,-0.015940690550533192,4,91.67220161385998,17.86608428660896,-6.44499093043991,8.863086377312758,32.002882853206266
0,1,-0.847438237864714,25.40047347825809,96.65372701056032,22.71209163269658,0,1,2,0.19437975110308842,-0.06481661222634817,0.8535205770024845,0,79.94204099007638,0,1,7.972494990248734,3.079286833573832,1,45.19346733469185,20.295845624569623,0,1.7895655187329464,0.620265215221063,0,0.2980285577958208,39.87116244714315,9.916303232940823,24.75616297826905,36.17768344282967
1,1,-1.531082350945795,56.21656272588894,72.10090627833162,1.145962889666838,1,0,0,0.8230762307654956,-0.41357711292069504,0.8112764298213404,0,36.23280660452758,1,1,-9.670492111178774,5.62498448492334,1,54.535525468966185,2.9887984960765004,1,1.018937225418828,0.09106051180454432,1,42.24363041271847,10.399328416155846,-1.2364656472684583,27.83088778654363,66.59977734295485
1,0,-1.5504342078988502,32.58779292409039,22.733546819845046,2.275544140706521,0,0,1,0.17733345470504747,-0.035509614282107145,0.3846709605527898,1,26.733430025689948,3,1,4.310515545015942,2.4376510067473793,1,58.559975754597424,1.7809413660165188,2,1.3884935555943085,0.36381251331942444,2,74.94864464746725,24.74871464875863,-4.302858856824951,3.6777192418041893,52.56619369156689
1,0,-0.49025680724774084,33.3659582227376,43.64370290666783,2.1447177721507593,0,0,1,0.2995970870568877,0.8628025067067787,0.4633394282295804,1,22.72865165890086,3,0,-1.9800180719160476,3.6817346741218038,1,27.40314338447819,1.7651530664516897,1,0.7595512344552063,-1.3278553778096822,1,63.722320997454496,14.589685895748328,-5.971538715068974,7.995651146386729,34.12428817970166
0,0,-0.0008375129662580002,26.10653481947056,77.391803450612,9.073988088290104,0,1,2,0.12637627866838974,-0.3618478692054642,0.21313115423713713,0,66.1204715366442,1,1,-8.986204972019273,2.4752944312216605,0,37.37705323900306,5.9804414848375576,0,1.432966672436522,-0.1942228604286977,0,16.16398522067714,37.80941600576337,7.923461542420725,30.9495481461715,24.96584456516988
0,0,0.6367692673410732,20.059812940109985,66.64762298729279,26.120752803456657,0,1,2,0.09739362527506845,0.5871271157514494,0.2526208172137363,0,79.9354831096721,0,0,4.0820631584691665,0.9194542042214912,0,71.68182559761493,21.44482199101563,0,2.051107067905522,-0.0025453625923949658,0,0.5183290424124631,39.90464577106829,9.999663243234622,5.297688620907312,21.096300575581104
1,1,0.39243882848721934,60.35322782744814,4.1952163224187045,1.94615247046196,1,0,0,0.7263297534426325,-0.44876218819095737,0.022315436326381055,0,19.54181881607026,1,1,-9.61020560370373,3.4148118854056504,0,42.41052413939112,1.0587643393415043,2,-0.746533819429499,-0.5968076695146738,3,91.17512679524357,10.909743628461685,-6.312158429589111,18.59909526940351,36.552602705882066
1,2,-0.9879049218041555,52.673869108747944,69.44817369125794,1.6113182413277416,1,1,1,0.6955770777471846,0.3839895006703443,0.5728256762549906,0,37.995906704184044,0,1,-0.43608136800453323,9.23869839560584,1,7.3278673829073515,3.2344606591862473,1,0.5338010133192579,0.11079937752716454,2,39.87076527428634,12.411427670569141,-0.6471549461162098,27.948288150752425,60.00048259519883
0,0,0.18937678479408832,19.551994541904964,88.27420967276169,25.339165212051597,0,1,2,0.1281940207247686,-0.03004743099056453,0.9849482253239803,0,79.72076603477971,0,1,-1.610963565179759,1.0166622842154116,0,56.0907929051806,12.447464564579093,0,1.54287810807394,1.926116141777895,0,2.3441856948617836,39.949780417336896,9.881282948925616,0.8839224135225687,31.062990756382906
0,0,0.3402981115788006,18.79720487515365,53.041614905340765,2.400076517522641,0,1,2,0.06743447264776609,1.1092081137493222,0.029604114298571405,0,38.82999014114092,0,0,-3.393450014111398,1.0483032442152518,1,10.56166139176947,4.128668064485027,0,-1.209243989909397,-0.5327057751794293,1,32.46305905906664,15.510814566168502,5.822510816008206,12.16618118746955,45.419739530578035
1,2,-1.7005450025411377,65.42904905837086,63.31316937827829,1.6616487005095677,1,0,0,0.9708883000949275,0.3302072385548892,0.8492536613524261,1,21.649154315719414,0,0,-2.6505430750128323,11.003544919762605,1,31.884326455282554,2.7361461592065663,0,1.0293770635379178,-1.2462394998868842,1,53.451792248080444,19.121469245297654,-4.090186136253937,25.708472232873717,69.61595407535006
0,0,2.4421912439989817,47.58689639301808,34.51318729753739,1.6263438414932816,0,0,0,0.42351221304769104,-1.801504255298052,0.45037911562288374,1,24.431773805246834,3,1,-3.3701448626120136,3.934582474022938,0,18.115317978749836,1.7808943075769812,1,-1.655237782927492,-0.1515243596500052,1,71.05299201835061,13.040330669281532,-2.1037538674118252,6.070735152986462,53.74643660229628
0,0,1.2978938278503427,19.474097478747364,86.7315917011804,11.316718687767704,0,1,2,0.11346660154243088,-1.350720662971103,0.9875703900814562,0,72.4213086223716,0,0,7.148122729737523,0.6219361504439441,0,0.19644987026518734,6.951388268664359,1,0.47944776813587076,0.15068872296765115,0,9.452506891858537,35.0233034363791,7.500374255497114,9.761657236234411,26.179029420783976
0,2,1.0034320744986933,42.71995374967017,50.374068532250185,2.41514178434938,0,1,1,0.2810774388389109,0.20334305970432592,0.0034817081910307746,0,29.309336368926715,1,0,-7.327681911988861,9.693047544179807,1,35.588770582155206,2.14840603043526,1,-0.3966114564997572,-0.47573502949350793,1,52.89523751154282,10.192935733703061,-1.6294298737013175,36.144559441726415,29.885852707022934
0,0,-1.3214539728487422,21.965023250679614,85.40868413053731,3.380587216202398,0,1,2,0.22371520762764002,1.4108161712001015,0.8631795432509513,0,68.9643928959301,0,1,-7.062956449538131,2.5763735405957893,1,30.24643574543857,5.331474779754441,0,1.3896726063484448,1.3008590782383203,0,13.271761439258057,30.245517770015383,6.324395521553402,6.728301113471799,68.71301591138132
1,0,0.004825760397250986,49.75566413958787,3.6616752972608637,0.5078640442790477,1,0,0,0.6422021450332915,1.2148741040619755,0.45752332302503396,1,20.960596266064986,2,1,-3.948265535131254,1.2251588098676003,0,39.8174528979199,0.9776151230979939,1,-0.6356076058506535,0.33637556787214185,2,90.89355335821023,12.461596511244814,-4.253394998706176,8.904243226459432,35.39584082933821
0,0,-0.4767821262213226,49.24709444122909,39.960871347540234,1.6304941709685872,1,0,0,0.6225231774642993,-1.7185951776670778,0.36198563002729967,1,23.354339250563065,0,0,3.225932813342041,1.0966129556137534,0,35.726400500454055,1.953263632883254,0,0.2183438610374852,-1.6005162891896385,1,65.6199863725476,9.973139158703612,2.594417138700461,15.578996687458737,62.0265148814099
0,1,0.06599638828915647,43.28335860643036,94.67607234561244,3.0329333405805663,0,1,2,0.40003130761742234,-0.22815822214084594,0.6943532186177366,0,65.33407754407318,1,0,-2.9901303203036145,6.538484711989986,1,37.13878348284084,5.003737613867908,1,-0.09690426193697128,-0.2564163263592359,0,15.678801695438583,14.494423830304743,5.386447244933397,35.538540659182004,58.53692706415215
0,2,-1.1329089007605282,59.75143934023882,65.38757758974738,2.7418371261360233,1,1,0,0.7942317209819392,0.8096369058119776,0.8504759343356909,0,32.266319876093554,1,0,-1.7602431919706945,9.361494834359085,0,70.41820659366155,2.8866906098660783,0,1.0705529042045554,0.13911692095385006,2,47.234081980588925,19.300979064119026,-0.8459006743887603,17.691423284411233,35.225085183679376
0,1,-1.2989250864306057,28.569716763743727,84.08828677634955,3.0704310511071076,0,1,2,0.23377204314306077,-0.16234114309966913,0.42319584292181434,0,58.519538907219,0,1,2.4488632692061145,2.665028210024078,1,30.082047702161645,5.40007915477788,0,-0.057112730446137454,-0.2881076025200132,0,16.64290254045595,24.079859263116816,5.234890718909767,33.40585602726822,30.040172755330953
1,0,-0.023245159708582482,68.42242558940288,11.501754523338924,1.0921660692987867,1,0,0,0.9657115211743563,0.17780723016916297,0.8182028793966514,1,24.594826897357702,4,1,-8.281979663314962,2.2762895786974533,0,69.66092655623765,1.1882794140507746,1,-0.514941751020284,-0.19082901576610492,3,84.1087472847351,9.21605141393563,-5.2028041851670315,15.678746554889589,44.290394968481834
0,2,1.1457540283240513,50.5303679255713,66.44497747375375,2.4481930068013216,0,0,1,0.35424877277562267,-0.7741052122107612,0.490164754118742,1,19.8654343204111,1,0,9.935827643595058,4.515388506944323,0,11.773798243987855,2.2499234387597844,0,-0.6900045850403832,0.9654005829545792,0,55.744633427923006,14.077754545186735,-2.533091064147359,21.442866796457416,42.12380606532553
1,0,-0.22587038104017307,20.358243320725634,55.192598949824756,3.92866999815699,0,1,1,0.11024181524573401,0.7399001614142028,0.1457475265983248,0,28.69903067097388,2,0,-8.607737582225948,0.7247416320758436,1,51.091563112757896,2.7412787372697593,0,1.245663116562263,0.05472104995740449,1,41.37577353796883,20.175777216659554,-2.041303632779565,25.30615462989178,25.888103105510282
1,0,0.8140635559060585,60.22379253673474,0.21931567430927834,3.784522117754441,1,1,0,0.8136248205367186,0.4679558639328113,0.13163641114994934,0,21.951169934228403,0,0,5.556644489720966,1.0012695094139232,0,47.34332976210915,1.1683529408562232,2,-0.7567560840940112,-1.2329443301933163,1,91.05744330792345,14.48217051469745,4.3514979597040195,0.7149786609699005,67.44771905186192
0,2,0.34031464553413066,31.44047135393743,83.35375587329213,13.201110505676558,0,1,2,0.14662906858865887,0.25055323201350094,0.34008918463115256,0,75.38940274167784,1,0,3.7606071068666473,3.52800569999959,0,14.296778822621285,9.449435124109746,0,1.1897220401887743,-0.17895081907824711,0,6.184581889352902,38.75269715868416,9.18421897678514,21.845981485549103,21.256554022349334
1,0,0.42858266221366087,32.36154505561062,54.64391943417667,2.181433958673721,0,0,2,0.33169625728532603,-2.0028607943932495,0.2237491276582631,1,16.31326704448147,3,1,-7.837940360435752,5.064431204943459,1,39.02448368980861,2.3229834594378387,1,1.0332009367969928,0.36135005475925064,1,57.387260659438944,7.488068488458033,-4.746671274588408,25.8883124161376,21.39280474435679
1,2,1.4432776704375392,64.75943743516531,13.554370230716312,1.493668101823046,1,0,0,0.857130297871797,0.3488573366066669,0.5655455075788915,1,19.512504047724875,3,1,-2.7463840215446025,9.4967782185432,1,35.150022838397376,1.164670178044881,2,-2.033007347286538,-0.013030427068499256,4,84.88526792270454,10.905493411904379,-9.44693950738851,32.63580724951463,24.106575367468558
1,1,0.2525486701156953,41.225872260981106,44.73496455633937,2.217730501534163,0,0,0,0.20837826556535122,-0.15318731937201405,0.2520664284607699,1,33.324786522189385,2,0,7.8100341250194205,1.7469863509616457,0,44.75557451165681,2.0523991115214137,1,-0.8246871088789455,-1.14041845780934,1,58.75270472947811,14.795909606191566,-2.98086416206133,33.546493699867966,23.323412468668174
1,0,-0.7824570544936257,68.38186265125336,5.257138898077041,2.9885669539548623,1,0,0,0.9939709840047767,2.867619692335766,0.4243217446465237,1,24.465043633488,4,0,-8.765855374102392,7.029117832316226,1,31.081254062227668,1.1352175790725987,1,0.7232783192746968,1.37733143151515,3,91.36227942639721,24.28665938522859,-5.536650797574952,6.582271394940012,69.65155058935063
0,0,-0.4005410211109246,56.712754609360424,25.368527412719143,2.8472034058369067,1,1,0,0.7602924896230692,0.18762808246176493,0.3019820890488897,0,20.51283575144593,0,0,-6.320753336281247,1.5312771108602574,1,78.06116307486684,1.889437405698257,0,-0.09409522838983003,-0.2338337007095819,2,74.32537689520541,19.611670876241742,0.8374034376607682,13.13013435348645,69.49599842921546
1,0,2.15437010368745,61.5909130498557,16.814157512767096,2.8398604295441934,1,1,0,0.6438787438100535,-0.3375722257750675,0.32964129923304974,0,21.153279443787056,0,0,3.4419594609567277,1.6809638069632333,0,52.16346730460238,1.556443486166874,0,-1.4046546916558955,-0.4618331438717981,1,75.95486793861517,6.165523249002822,-3.284509936851739,14.21451732969854,42.9677482475456
1,2,-0.35834274408185185,53.803889212098355,48.929923443562956,2.1910344588433617,1,0,0,0.629804437420757,-0.4561281933588893,0.706334588625361,1,19.051953076604804,2,1,-0.38527835175744585,10.98354240045539,1,6.265186004039487,2.4371706114189884,2,1.016432905265871,-0.002907384303202137,2,65.86228730655877,19.715681077777646,-5.359538297753494,23.455454162431977,46.2683649108119
0,1,0.8165974410816024,32.51601077871246,94.62621823716547,15.170081746664936,0,1,2,0.1780283218321172,-0.14001318313303734,0.7405634137086796,0,70.40265801069121,2,0,0.2575148289265883,4.186323485063218,0,36.022548231948676,7.742339494695899,0,2.0441066360989155,-0.5109484545006894,2,9.60737226490419,38.912455465422305,2.17653152907584,39.18862143531279,24.351865710064647
1,1,-1.062622097242475,56.97647221688156,22.019071942602913,1.9487414857602563,1,1,0,0.8915360823124866,0.17126836352665015,0.24741508079097002,0,20.31505192158854,0,1,-1.3755490911066897,5.473401690523019,0,47.81882924354713,1.8669148865346599,0,0.7527222237433812,-0.05656970912425007,1,63.577542623500214,15.71561108442272,0.903906469869673,5.002872741897411,59.8275868353734
0,0,1.0547595236190703,36.426222414588295,64.52011833003961,4.681116935621738,0,0,1,0.17788385435481435,-0.692319412345338,0.6973637008066966,1,23.557660152224482,1,0,-6.283696055924871,2.160446678112936,1,78.3692390657575,2.5458519448100225,0,-0.6748238854609484,0.9995984869404086,2,54.465403620101696,26.72834861795589,-3.351397674396585,19.732876034490058,26.00125282588799
1,1,0.7333158846863553,66.44963023565526,36.69592529651267,2.3899056213279595,1,0,0,0.845880856561162,-0.11847356595692776,0.8904224693748832,1,27.907527886321883,3,1,-2.507357764748301,5.685132932194652,0,79.78599113298918,1.9897300690250905,2,-0.45207766547817013,-0.33375591605633104,2,69.31712660806177,10.958022692517048,-4.0536473233787635,8.986309234296652,54.32323829944293
0,0,-0.004757397718316333,20.464557415167704,84.49919376001269,15.870321210235327,0,1,2,0.14820499258757514,-0.08249094696797311,0.7558096761196593,0,63.847477635716174,1,0,-7.5214404713026966,2.479814807889755,1,40.4264333867637,5.8810869877713925,0,1.2633687218508098,0.32197615261499857,1,15.404481918871433,39.89916065850349,4.3256361287427065,13.877765081870116,24.384739999711975
1,2,2.179502242423672,68.56862947446962,10.855096701409995,1.705259976265791,1,0,0,0.9548717996008538,0.3960365878791901,0.4471799114239889,1,27.92921125559289,3,1,-3.6357839164490375,7.8618216747249186,0,64.70697957905104,1.283091141850087,2,-1.18089582683603,-2.0635579218144366,3,86.85435785027732,6.863506298402848,-7.203733911901073,18.45445690604479,36.99529234770931
0,2,-0.26546195589992394,38.76882739262959,82.12776430710231,2.067385363355919,1,1,1,0.47848608486601363,-1.6522464681018443,0.3084020018200301,1,41.27853256853391,0,1,-8.50833854520134,3.8812246697590456,1,34.54617919636423,3.533757881051609,0,1.0315353735870056,-0.15792432145351418,1,34.851652912948,13.236136938883934,1.0211650833578272,33.53876915360299,40.398543371195714
0,1,0.6040399102382784,30.263697384173735,15.968132426969655,2.544598474828755,0,1,0,0.1598961338246126,0.773824301526664,0.0006315779594334159,0,20.737677139647754,1,0,-0.9123991645403802,2.227579814421163,1,69.41058994514266,2.7314744883193356,0,-0.662033529218203,-3.2226040912287313,1,55.61631139023013,14.626936829857407,5.322668914263215,11.812403596049002,27.116865921797526
0,0,3.424366232684875,32.70581979137362,28.244851249985835,3.4386245106458517,0,1,0,0.22613028124031886,-0.26131236244137446,0.14820129466939697,0,21.965105748193135,2,1,0.9163571870982636,1.327867693350948,0,45.37271819811275,2.229169851726476,0,-1.6878748546115887,0.19644604993307815,0,63.485105090981975,8.559353544233332,1.3499147188059553,9.198560353581149,27.626403775497323
1,2,-0.5177318801328027,66.33162312703655,27.313962881530024,4.017084548701816,1,0,0,0.9433971018940364,1.2495526693182464,0.6860072166558869,1,32.178365169362145,3,0,4.895893458919499,8.324991601997507,1,41.895588327699514,1.5387125423732868,2,0.7623555503317365,1.0776451548367136,3,73.71554984563392,27.931394459007215,-7.666754323040425,34.179735617950996,37.90214598728241
1,1,-0.5141144893465885,33.96415327228616,41.22855871066755,1.8403743151743597,0,0,1,0.3132912237687111,-0.7367663285551131,0.38679017174542923,1,18.144238229318667,1,0,-7.857259740857428,1.383730185629906,1,6.04499828192488,2.55223235320227,2,-0.1792858988489278,-1.0418774525288532,2,53.462954576613186,12.75614147176245,-3.3872066780528005,18.485548539540048,41.08102428721022
0,0,-0.7070752714168196,25.753892285000635,69.65902200590108,2.8368800909005416,0,1,1,0.1867425913796676,-0.07472869975925209,0.47929596243618894,0,42.388941072222934,0,1,-3.520791542500702,3.103479958666976,1,29.594179794399107,4.030616436404822,0,0.3092773415658493,0.7577179981096307,0,30.820643669271035,24.624023164630024,2.7776124305184418,7.063781107323548,49.97891699632416
0,2,-1.0441557655775504,61.83802753694784,98.99757390852201,8.064795243490236,1,0,2,0.8759738188482069,0.8638887607641876,0.6690212758820556,1,69.89739971642364,3,0,4.301544345996957,9.005204057476927,0,69.91998910220012,6.232462326493891,0,1.5015786833738234,-1.5832929680099945,2,10.06659628239559,38.52415314228172,-4.0110858132685205,39.999982452268405,40.67613744488469
0,1,1.204379000932946,57.193379819736045,97.5910974036397,6.4928853931166595,1,0,1,0.6914770975203852,0.7102803474470348,0.9985012389168582,0,63.6257016622724,2,0,-7.700235657878151,7.236810393511917,0,47.17595212828243,5.299921956928378,1,0.19823827749714826,1.0576685781704966,2,32.114927386829464,28.52423744515278,-2.041087305960221,17.90183180822583,47.914914347337316
1,2,0.37980027572401764,60.61114095790529,80.79055922647514,1.7591243072891236,1,0,1,0.7770668586529061,0.544675089924986,0.4345723628599092,1,39.775613698780326,3,1,-1.3507422084958662,13.821244605271827,0,33.5001025018782,3.103091357865951,1,-0.6622514414786825,-0.3429658477139339,1,41.13053820367112,14.068850763715805,-5.293813485668024,39.55420478184859,28.621658769409034
0,0,-0.9196702772010384,27.42960193029862,79.25357762298924,1.473856926485414,0,1,1,0.2490399965760216,-0.015155885116586979,0.912479245667106,0,40.98017941110298,0,1,6.216358066829912,1.7432559396740592,1,17.988019872901376,3.697866722512495,1,-0.15149281210690704,1.3024869484122925,0,32.59781317980392,12.82779270468998,3.067947958594221,6.316980905046217,64.19845968607713
0,2,0.2544955386553709,24.73698685651911,98.10402919348975,54.598150033144236,0,1,2,0.13699728942970124,-0.031139067457758095,0.6940625150565782,0,79.99946924401812,0,1,-0.8594793325852876,3.109140118549558,1,63.40725231956455,46.7514145633273,0,2.293313892633769,-1.4396910243528909,0,0.023613149704843073,39.99904050841687,9.999194910079172,12.730507437416044,23.862061275394343
1,1,-0.9660219058919433,67.85458601637967,6.260968044241655,2.377855445355335,1,0,0,0.98108153116256,1.1637405551641136,0.2872627101022476,1,21.48080295821589,2,0,-7.247726293877408,2.6209999192242166,0,54.211360372624355,1.100222488385884,1,1.3024657496774712,-0.4838603043549948,3,88.45429673718151,23.54106336459966,-4.779570445559611,18.404529820928335,64.96389556062348
0,1,3.7689763415483966,44.96942560715971,64.48368754173696,3.0547647080674585,0,1,1,0.3986891000694392,-0.6866696057025691,0.7836916569272059,0,25.63537181040646,1,1,-9.087091212618773,3.702138444685589,0,15.860975082194248,3.255347694389779,1,-2.7318790211341053,-0.1763465530084742,0,40.54129382753031,19.229622640278787,3.689458675524776,3.9158786198239715,25.551046814471338
1,2,-1.1246743475870395,61.492826743854984,89.57724207307479,1.1206166367546027,1,0,1,0.9017835855025548,0.7079944237843431,0.8058486443274199,0,53.96778565179695,1,1,-6.98657413829901,12.214937568197268,1,27.644914331532625,4.024263635882498,0,-0.4957292662863186,-0.21650490962045546,1,26.969605216900693,11.829796570522797,-2.7651019589488275,39.69340874667781,61.197711216609065
1,2,-1.15349097238326,50.68730896890196,63.431846312129736,1.8811353476421118,1,0,0,0.9150236673368617,0.048988395306195316,0.4891972935687129,1,21.74360885882797,2,1,-4.170227192224779,5.52500885968267,1,49.35449221175802,2.6076587488763074,1,0.20342188820714646,-0.5428140676785106,2,52.39642550955262,20.001925900844306,-3.0628444602074536,30.235468239164813,44.47109858775879
0,0,0.26570044757682865,28.025506124603982,76.62230524087786,4.054019423573076,0,1,2,0.17757709968258423,-0.5708329892123719,0.41124085283912004,0,75.39192534780551,0,0,1.6143932801735907,5.062874283858412,0,16.26924685499409,6.3031980802837575,1,0.6541877515771487,0.3753424776171696,0,10.615253992481232,22.933383418396275,8.68092889870941,8.274470959493952,34.933294649022876
1,0,-1.769324163182256,45.70545036184801,24.183369577220365,4.489578917338048,1,0,0,0.5621550746358891,-2.365609404589666,0.1993296176316362,1,27.063605923180564,0,1,8.205267380906733,3.054288645400165,1,55.37160618938012,1.3128871144209928,0,1.7293017161060757,2.9010867624981453,2,76.87935716391475,35.84160799964068,-4.147093118610767,7.6262652975189305,55.188903336614764
1,0,1.0313117951349238,60.803256949902206,3.071395597044896,1.7014914381301198,1,0,0,0.7794222809956148,0.3880254615324191,0.042464678182535354,1,25.999891704992883,3,0,-0.9040314133412544,1.9697511717568132,0,75.78577116939273,0.9107385174867022,0,-1.7356250274558942,0.18546993381244017,2,93.92679653849007,26.62089011050842,-6.251927810147725,8.096981810857145,28.422002650979678
1,0,0.7446921206605754,55.3528599701513,10.83720710644876,1.2401624770643938,1,0,0,0.655984604252366,0.4104105877557126,0.42154648828053354,1,23.27470280356497,1,1,8.057840731840344,0.7430503340475334,0,68.48141588041537,1.245341419067424,0,-0.8987805293273431,1.22214613863405,1,87.32020504737507,8.63510329471567,-4.524424289779142,9.708706495979317,26.029739968856195
0,0,0.31119315982257656,28.986408133021023,59.5148837022809,2.2991394056278414,0,1,1,0.18358717719048578,0.04198458860731079,0.1605213517710778,0,24.83203790667301,1,0,5.107033788117681,0.7290889653908567,0,63.89695363100689,2.6156601702800395,0,-1.0141568056167325,0.6470326603150808,0,42.12198692673784,11.474790900705155,3.636693077904223,29.264122475496137,55.239847716968065
1,0,0.0018727358356785716,30.578026071973525,28.633085891829236,1.9275162198521885,0,0,0,0.22446221048017606,-0.8887116383526107,0.5558203298581754,1,27.249971916751498,1,1,-8.462664502481626,0.48557015759692246,1,19.33878766273727,1.5718872541324207,2,-0.29358970106954146,-0.2127042876035169,2,73.15785817329606,8.015732515554754,-3.267765113250487,12.467875705463602,37.79518604806704
1,0,-2.295305022067525,50.10008127323347,8.399703160066284,1.400352793656151,1,0,0,0.7798660198348778,0.039666560884489555,0.5226327080116113,1,23.481036786581228,0,0,3.5861134237574728,0.8301372160014261,1,68.33271371195904,1.0663318144381744,2,0.6830679234148126,-0.20415582819930758,3,90.18244915921383,15.22582554897711,-6.425297984857413,9.110870083216408,66.5130878537509
0,2,1.3840301743268482,60.98055743645072,73.03575988673249,2.4852172814953932,1,1,1,0.7598965626207053,-1.955841534719333,0.7472031361249444,1,31.05526341129636,0,1,-4.714534186308197,3.046242102010997,0,78.70646300914751,3.1609484725666976,2,-0.6169560102213157,-0.6093326648772979,0,40.372607183135244,11.76589898840085,2.334961069226713,31.461182171272508,38.55209256023474
1,1,0.7034852146614491,44.59758901530152,55.60097311982155,1.4816476047316018,0,0,0,0.2875656655743799,-0.36238667693184073,0.6407349498208316,0,17.76721152852417,0,1,-9.750755691731538,5.294516453579548,0,17.279670932295595,2.4534509900476276,0,-0.8763526047126035,0.5851734053517789,2,52.12272061266023,12.236287590860194,-3.0939309934883896,11.455433708425918,39.19171198803857
0,0,-2.197864449406313,45.074133091454,25.42791061219527,1.7645177010301927,1,1,0,0.6526092074723675,1.0691287948404475,0.055449128885039,0,30.632354487897917,0,0,-7.90879435244757,1.4168436602031282,1,15.901633984034461,2.528224053756844,0,1.3870976594767415,-0.16640477690218006,1,59.37509104553781,23.581359012078718,1.771377124233096,20.54708109877604,52.0957953523317
1,1,-1.5366099637284454,56.60000231945788,14.767687013332587,2.0683385445926925,1,0,0,0.8649803850885402,0.3181903176704926,0.7286234353729691,1,25.75018517628514,2,0,-5.419435669925924,2.4428768284604123,0,26.382806464499794,1.2424484786871566,2,1.1740154871591348,-0.9263297490959803,2,84.7266874197436,9.973531451949318,-7.134670043121144,5.557243872671533,35.43036063143405
1,0,0.460718419210825,35.353729022354074,18.384766044012878,1.2623473779411565,0,0,0,0.32166896988156435,0.6126764598585949,0.02856641358231571,1,22.038605768301007,0,1,-0.9660095063433065,1.2213737083608247,0,11.698867127069352,1.2244016362601673,1,-1.0184104283025028,1.8762036857800504,2,84.92046658201428,12.023018600671405,-7.021213512539537,29.1701928646866,26.29340234906483
0,0,0.21462715712200806,23.249804178917504,87.99602968976998,6.809801412945857,0,1,2,0.09911752792216716,-0.6755076735149488,0.7081952464325252,0,75.17942799257726,0,0,-9.437305492024322,1.0507090697888097,0,39.180934691996654,8.675472685102857,1,-0.7252309652028055,-0.40672691175023806,0,5.868768472062847,32.0976163284957,9.230145665859236,12.986106704840775,35.69779821506245
0,0,1.5380730628066035,22.61348286501257,21.891872459069063,1.904685840840117,0,1,0,0.1886200287237046,-0.8052234580504227,0.26812600160229894,0,26.62893375986164,1,1,4.159574812001727,0.7227961896243824,0,7.43010651843091,2.0936533453979016,2,-2.0033839600139607,-0.32979670877044465,0,55.492836141009136,11.415238543344763,5.726347066388676,0.35173947011115203,32.64513079149649
1,1,-2.046372284443913,43.59314102990591,22.3531324157464,2.3690486017291055,1,0,0,0.6585468944915053,1.8990164120521285,0.2609119642094338,1,21.131082862507444,1,1,-5.021708304591846,3.0135914338634207,1,60.1162367653081,1.8586331713130586,0,1.5607277367742305,0.04456278986161747,2,77.56524597895564,27.942665776850497,-3.900008913227815,10.31150776784289,38.887372506681345
1,1,-0.14878275396299664,55.931262913301154,73.3810874138525,1.8843723026954435,1,0,1,0.7621491423549667,-0.19405513652916348,0.9690661617376758,1,24.009637842840288,2,1,-9.451493386566822,9.960087143522356,1,48.9311077443675,2.925547344956405,1,-2.8076593333348203,0.9378844713930741,3,48.44234924412316,13.785726975057731,-7.017236889789923,31.08829106406541,33.73089475664843
1,0,-0.31783033034137737,52.59913997604762,33.44606444685078,1.9480332800143343,1,0,0,0.6207611475836222,-0.7759944507841189,0.5121000588634715,1,21.331709718463063,2,0,4.485788852139763,3.206118744356243,1,52.57066055197703,1.6638679588825844,1,0.5443328712449634,0.7558339369903452,2,74.91448868034153,12.57425232500728,-5.079154278123331,12.580719785061895,50.61651773416566
0,1,1.0027137006716664,41.69329325259433,56.16813677812611,1.386031085279859,0,0,1,0.21995672628089863,-0.3133937742004909,0.46151732087306957,1,25.51855162481976,1,1,9.962813409586786,3.000287187715832,0,34.25778213239204,2.12545655172792,0,-1.5600147475251522,1.5523918973518167,0,36.53976611359177,6.76988478566968,-0.9033359562930485,9.749196669697193,30.593166007780326
0,0,0.6425847299763764,46.95638819954946,32.59757603799041,2.161154494503219,1,1,0,0.45318689287893743,0.06346829498098329,0.2614238316340842,0,24.866151907367623,0,0,9.491254769430505,1.7362127207691405,0,62.42960174774162,2.2150481909596285,0,-0.21312993490432955,-0.3143852820844293,1,64.10944452257498,5.639947198287851,1.4284508305138424,9.86716951870012,53.019705575382716
0,1,3.677879619903715,68.8723269084192,42.82553823110552,2.2088758641011528,1,0,0,0.8480128909987809,-1.4483171219427484,0.2566484630389968,1,34.12417602095326,0,1,9.875525057486673,2.993385530299528,0,54.72604262851638,1.934717292031875,0,-2.6779614646097105,2.7458236977791453,0,70.11120557759128,12.473834777116881,-2.9665322796505587,35.74041525059141,55.83314860453167
0,0,-1.7174334435293455,58.314339506659174,23.582488171018994,2.1069901186192603,1,0,0,0.9446785256257958,-0.4938517968217581,0.5879652311119081,0,20.4459881763521,0,0,6.058055788676118,2.26661635293738,1,60.7855695426408,1.987424329570447,0,0.7135626616193254,-0.8110572229056668,1,74.12692923701442,24.945699403005527,-1.9015891462703571,2.6198829291396586,69.90531673236406
1,2,-0.11024774596723995,64.71755905369344,60.66307039714397,1.8404415911873646,1,0,0,0.9247976722960549,0.8958151304858339,0.13652457058912987,1,21.387272632450696,2,1,-4.411675998292333,9.716303913128963,0,11.96362108091256,2.2124100903076975,1,-0.23588978541712066,0.631020769080673,2,57.83897882268902,8.417140918117989,-6.334324173534791,39.84495999281314,48.19068330534208
0,0,0.40474643050799297,18.42084004757289,73.8141986208983,9.881259103141735,0,1,2,0.15811835715732847,-0.4422786069553768,0.25462733858117426,0,75.36982924008926,0,0,-9.046453770671642,1.3164583324740666,1,23.074421555789364,7.377679504769857,0,0.8141616400066995,-0.43124766797570774,0,7.932094175716103,37.52337685041077,9.163866035214696,1.7210955883435552,28.32532237938321
1,0,0.04946094327087823,41.89729271726822,16.479816098982088,2.2219148126094246,0,0,0,0.3472568049884417,0.999406892450311,0.5476604169645171,1,34.40941745726843,3,0,2.4302677972159046,1.087568883690379,1,35.31031528248535,1.2395329953565508,1,-0.6727823241377986,0.6986980517690353,3,83.34552694244121,16.852569979882446,-6.277183681978327,10.352807651160054,28.712949817994907
0,0,-0.8385249744812083,22.79845167226914,39.53690114560143,1.6412940561850913,0,1,1,0.10684907362255686,-0.4208462173904684,0.45403270108322985,0,26.049256772299728,0,0,1.1096302751432638,0.3138810783782776,1,22.131556447553944,2.839392464875111,0,0.9598431534802867,0.5661432183401618,0,60.13887417354172,13.303995894893026,5.407840522555706,2.936932680084201,67.39378022796494
1,1,-1.95179160695869,56.59647138581281,3.7707465713969435,2.4600783235828616,1,0,0,0.8382690286476959,0.5303473680947709,0.19187062280864264,1,26.380712213985888,1,0,-0.6967459747195797,7.405149181094803,0,6.567079760950589,0.9419173069952409,0,1.7148955547401599,1.3396891990183546,2,92.69091616233365,24.692908934145468,-5.962800033635183,9.506884467921136,55.673456963636504
0,0,-2.4322653412571626,44.92779938570354,68.30218413222191,4.281227250746931,1,1,1,0.6351615798598993,-0.37488043762184886,0.2954871861651345,0,57.10260015544145,0,0,1.05638440104142,4.739682335353158,1,38.67720606382378,4.995074345078065,1,1.6250669410735108,-0.7527227932087337,0,7.211438972327672,36.95899939807318,6.860832534006164,26.11434072925632,69.54135627235092
0,0,1.1021868458596626,69.82710307956563,18.206542394276397,1.332990358435579,1,0,0,0.9982252563958416,-1.0711518635882809,0.3010891105825118,1,24.830091709329203,0,1,-5.659906611916414,1.4898249348767985,0,55.483466935157864,1.2550434474260972,0,-1.2629609142931273,-0.036680624582101,0,79.36060534414402,11.716196305039794,-2.811624124055914,9.829880912524105,69.99998836056295
0,2,-2.2204215016900757,51.05416065051963,61.953025781140525,2.1300988010964685,1,0,1,0.8061549301628192,0.5412622671286816,0.17589009585423276,1,19.831710497413813,3,0,7.8984971308517125,12.526745363441298,1,14.829777775896709,2.584295101110958,0,2.067298890619744,0.7648993879434004,1,55.93286528860006,26.464537425439055,-2.7433708883371626,26.096604012817636,69.86825068693653
0,0,0.4178179155364469,18.681243696723012,98.28375037295763,54.598150033144236,0,1,2,0.08317358148329151,-0.7243575946635065,0.333400748456966,0,79.99999807853311,0,0,-3.453884526392967,0.6052014776645899,0,62.050259232103556,54.598150033144236,0,3.305672740829459,0.7124867609987193,0,0.0013082625231475298,39.999977279039086,9.999998758403361,33.51721456024628,28.91189193545975
0,1,-0.7066085795104782,34.145028186505215,81.99997559163982,0.3949973735663756,0,0,2,0.26662880015634927,0.39406795911497017,0.6409522369872898,1,33.00270631655329,2,1,-0.08052394402341356,3.2612678980852623,1,21.531951594745582,3.6569247296577445,1,-1.1138725656517345,-2.1987935879556346,0,36.24694429683335,11.509689182651318,-2.8755599823621,34.21016621867889,43.775621504841965
1,2,0.4948810194354145,28.35575577617712,94.09288480579407,5.729171692274854,0,1,2,0.28447710467531984,-0.45493047389751934,0.7328715821597939,1,60.63864083556841,0,1,-2.8058324600278777,9.461906614593675,1,5.28576194461678,5.157906459475612,1,-0.023747687548600592,-0.5709858705937444,2,19.112423869694588,29.83451543048469,-4.171963719781916,37.79724647216868,40.71986289795174
1,2,0.007079757388467514,49.522988164792395,61.50636274394752,1.5540525197047321,0,1,0,0.45824580936050746,-1.004723357077593,0.4352278923187408,1,29.669463198328533,1,1,6.302417521588037,7.005998933702296,1,41.923558544078084,2.7770565538864003,0,-0.43617538569106723,-1.2240506991932742,3,47.59807108517064,9.023455886218377,-2.386706937317169,31.024906292915713,22.945908986170316
0,0,-0.5182879640895358,20.967111440694804,52.81393923587478,1.9873927160895368,0,1,2,0.1627753286067118,-0.7316188988517722,0.28278637506539905,0,27.69506146534628,1,0,-2.6938982932404283,0.7490037868012164,1,36.76433974964317,2.7245454023555777,2,0.4858048761438875,1.509863545268316,1,48.4243518625932,14.771796513688145,3.1527297197562945,8.040054013678823,60.243988337038346
1,1,0.6264169353187548,56.47561186271507,22.22908131344028,2.0764674791762197,1,0,0,0.7540097930899254,0.13983783593691562,0.8366631368590951,1,21.595326072060068,1,0,7.283957992766009,2.0612421541675174,0,8.118609293583994,1.6752487442825943,2,-1.5964426933880715,-1.0079722229818064,3,78.11504186260858,9.137487152422032,-6.214670943690605,17.158709227180555,32.415795420131666
1,2,1.5487895569620465,69.63139878124268,7.436775205836065,2.512569140332833,1,1,0,0.9903738639354934,1.3923047324523123,0.737375166656601,1,26.762244080823123,4,0,-4.933662725139328,7.140768459514136,0,16.91563588279438,1.2705964807800056,1,-0.9862050907808788,-0.25195547977045574,3,84.70629479783416,10.096621531211474,-6.275240533109068,20.456453067060277,49.698270080380055
0,1,0.6164457400098236,57.51146991343957,51.450337869307326,3.129982867119362,1,0,0,0.6713153474698066,-1.3995379524555012,0.2066012813044219,1,23.22547011396347,2,0,3.8752376853624995,3.1119360100689235,0,54.67916777524128,2.046997592051948,0,-0.2994301071133494,1.119006464148368,2,63.554478965522975,16.473573730797852,-3.2145447615312817,35.16269846668746,29.9289142037537
1,1,-0.861130703808819,58.29434681871918,26.879104936703076,1.7465189611592067,1,0,0,0.7899328586455816,0.6294315906198859,0.48066736264895377,1,25.496076150921922,2,1,3.170812941971395,6.748087983592014,1,8.767293128735325,1.5406827849426035,1,-0.704182863321945,0.009516862827571701,3,78.78870187797583,12.48166743152781,-8.015406950558294,21.544844834385707,66.8968290770376
1,1,-0.28270284112562843,56.853129138304396,57.2549120967913,1.5018785016983898,1,0,0,0.7636914553797826,-0.21528170915094233,0.16791225169256002,1,20.36749397188978,0,1,-0.3979061694020469,3.29008976702505,0,12.540395190640288,2.0562269098384123,1,-0.27620892361312344,0.13492418173257878,0,55.61612582042048,10.524480823312992,-4.107586358697242,33.380556679487235,41.005786971455876
0,0,-0.8179007803287476,20.498484945547087,80.98385132378274,5.371368009410962,0,1,2,0.17644882105609,0.5468433326559221,0.7410339059949951,0,62.62259853558933,1,0,1.649997903321447,0.8253098618016652,1,42.13807159903282,4.87018856807676,0,0.7812699050802852,-2.7367808079713565,0,17.042263619121577,37.55656481823439,4.805391261463964,17.223702535921944,40.69284162121802
1,0,-1.204333167286237,28.823627945921544,77.62314780832997,1.7449600014303008,0,0,1,0.22125971384339183,-0.5711529328605465,0.6640351989262003,1,36.9797878520534,0,1,-7.68498988337742,2.6609156065889366,1,42.082116282463396,2.8172674975383,1,0.7927839163676642,0.5071773755877038,1,42.76220818320346,21.302017543265258,-2.0221084041593027,27.21677076489778,47.36985930886704
1,1,-1.076551160379222,66.13118968320677,42.07333889071458,1.6675714898113934,1,0,0,0.9559066242506491,-0.041580797248407395,0.8793492744915443,0,21.24456657368901,1,0,1.1966784143992975,3.4744240706492175,1,75.00417736284054,1.9532853185856431,2,0.2585775764707768,0.3352331893724319,3,61.8106152463892,12.211974013500742,-2.99953310812003,27.05171352708366,60.92772011955576
1,0,-1.0837901716341838,66.88160080670204,16.059330928753884,1.6849869684399685,1,0,0,0.9637577606764764,2.344717316716079,0.9979769157177927,1,22.967930514558166,4,0,-0.34551037097766546,2.1624960934875093,1,59.73524637484846,1.2493848588046725,1,-0.0375264529071699,0.29555167042269115,4,86.91654592070408,17.24097951629484,-9.245975545748692,19.712928913805687,59.50084811915065
0,0,-0.7347449708847434,31.080726041502743,84.39093061350236,12.328016504071433,0,1,1,0.1714425674883851,-1.539035252571258,0.8298703528096688,0,44.117238672805854,2,0,6.0261615873894385,1.1104043396287748,1,77.1939166201584,4.471470589315663,0,2.074627499427356,-0.26095562175276343,0,28.72561113398667,39.602869212499186,1.9960214474494382,26.473069818653194,30.2326491947481
1,0,0.8436311958634533,56.25125486522754,20.120204998477075,1.8203981730209564,1,1,0,0.6452969109632163,0.2497013426327771,0.21585499756150012,0,25.80086232373101,4,0,4.337957626873283,1.0475508799803936,0,23.963877386772392,1.4802658474578254,1,-1.1323670757336572,-1.02575422098167,1,74.3913210562369,10.825162733194366,-1.991261755053209,25.104945993139882,62.97215709842866
0,0,0.8321377464866224,23.971471193232304,83.53306599936026,5.431717840973641,0,1,2,0.16131155620600612,-0.8233328101000812,0.5487936932372446,0,76.22136113922963,0,0,-2.6672882711206114,1.3053127210939206,0,10.593738457823285,7.954403964179003,1,0.5321332937486943,0.02565560871333165,0,8.230658647259753,27.72233463197573,9.001054762616029,16.373356743178412,38.526641033470824
0,1,0.8844552808708711,47.24355240430101,69.57038561090998,3.169321636182695,0,1,1,0.3018847325835262,1.1053748437374635,0.34564173855703095,0,66.89081343856948,0,1,4.691077503702406,6.744239380545376,0,43.91504057201324,6.277474105925359,0,-0.4455998206638411,0.22948054774959692,0,16.9259734768005,14.649195915525066,7.4988138860891524,25.50116093308347,26.627926570046036
0,2,1.3916602623685717,68.01754952375879,37.38568342681141,1.5405551682406526,1,0,0,0.9584821832349979,-1.3927101253550034,0.80397996322938,1,26.72126294038935,0,1,9.808142585688543,1.547690719916489,0,64.12130970250789,1.6150296692112343,2,-0.6211830913392,4.230260664884738,1,73.61529067833293,9.351124036871624,-4.519644117883173,26.71246859653636,26.937957658880258
1,0,-0.7943173292175618,68.715243161785,27.169060122030842,2.040205289768492,1,0,0,0.9876151994646126,-0.7179601131416182,0.4531994670218447,1,30.974830180536387,1,0,8.040552859323892,3.323774241297127,0,55.5748810588156,1.4556476099638131,1,1.017846547477827,1.9480099812708627,1,78.42490154694201,15.67569823608958,-5.407378653784241,28.01157788718148,69.89738405165377
0,0,0.12466972711851648,32.44271077494909,93.26172276075908,20.59553565101066,0,1,2,0.14090726213357685,0.7005606053401487,0.5280359400679344,0,79.01700579747725,1,0,3.184036976498806,1.863392707108321,1,78.51244620341402,9.464194439386395,0,0.7733267369584149,-0.19263449063846189,1,4.342065357490988,39.91203007847858,7.206982150065471,32.16031588882409,22.19643283533563
1,0,0.6173598229292517,32.70105707970781,28.095196669053745,2.572410772831766,0,0,0,0.19085307090131248,0.5786403720679463,0.5101946170829739,1,22.304074645510546,1,1,6.8819286093075895,1.2205479346787738,0,3.2687095661468657,1.663877900686783,0,-1.8965660426369708,-0.5864144055503356,2,57.14124794375455,10.221411245861173,-3.6476084185760698,4.905308900327925,45.29613596228121
0,2,0.2677967312442529,49.89727730515266,87.20237412053062,6.036416375212004,1,1,1,0.48625549776214455,-0.7361419070148241,0.4311770161840605,0,61.421425435420986,3,0,4.247876928210918,5.074641458916314,1,77.26906498439016,5.455843244985348,2,0.4776939027614426,-0.8181634378956363,0,16.493047526444165,34.86084437264488,5.293492948291995,38.691318441785405,25.607779701085775
1,1,0.0552600767728996,41.4570008646039,60.79480460739202,1.1787833105235073,0,0,1,0.2574821979990398,-0.009761571141342242,0.647432996391944,0,18.799452234964345,3,1,-6.665058545252366,3.4610593741426823,1,66.51069345625226,2.1009785975867663,0,-0.5619462409433403,-0.07242290932320354,0,52.79556750446906,19.235927274274594,-1.1620325143389287,20.063143046273694,31.19520207525335
1,0,-0.3200663879447473,25.190867925983547,61.466342116529404,5.635915604289556,0,0,1,0.18540832789060108,-0.3932535403097883,0.42262069052652057,1,38.12887566010851,3,1,2.1457274177005647,1.2828185881545837,1,35.107062334321306,2.567779566717881,2,0.494928450890405,0.3555063299356729,0,51.12548096158949,34.46186892122215,-2.4766547003458284,23.454830676656442,22.3234889396171
0,0,0.36856970480732737,24.906995933956075,20.822259514647612,1.5030725141664258,0,1,0,0.21243764471758092,-0.03313691414772726,6.975721666940826e-05,0,34.03807309897022,0,1,-8.88289882278839,1.8831211056709547,1,22.242125230635995,3.4611980951393213,0,-1.6038130217299644,0.12320716999003647,0,44.76296079879468,8.925532920991701,7.1619368558493655,21.814965184939442,34.11388650821353
0,0,-0.023713939958783868,33.97539931372076,51.04883785760126,1.6334060725593764,0,0,1,0.3412226264801459,0.02465941051722538,0.674722812498872,1,23.661119145073304,0,1,-9.3688803887187,1.6674303430726174,1,56.06679033782953,2.053783104259063,0,-0.4749862583452902,-0.348037067557962,2,60.5099957637955,8.805229607237148,-3.457982051988566,11.36700648457487,40.1027802448745
1,2,0.8360699579204939,66.41890776061484,36.152694163676145,2.3021454227605513,1,0,0,0.909193963272718,-0.5494405339658959,0.5197234674761715,1,24.277853864431272,3,1,7.643823515181097,2.5481325192356836,1,57.553817578190404,1.4377017524862297,2,-1.0853018510229917,5.105073935222128,1,77.73395050230762,13.843335188178996,-7.060027001553632,32.82365518854362,65.72984356464397
0,2,3.601901504487232,69.27408744669557,20.295975802570453,2.504177055598541,1,0,0,0.9171952034964892,-0.7330782047881335,0.36726049734183375,1,26.282245065260796,2,1,8.345594404561794,2.028744737759027,0,25.51114531815701,1.2396189766619785,0,-1.6590362184749403,-0.5521800971055811,0,79.34954519678733,12.573553806023124,-0.8875633291953129,30.039519729643022,68.04645548226424
1,0,-0.7059549439886997,29.325830361074082,67.16192135950038,3.335080489940632,0,0,1,0.2645257185894914,-0.05360983903569232,0.6125062996669143,1,27.637465359863622,3,0,-1.4673078678824414,3.6079488010835883,0,46.91268669907071,2.6081027218227306,2,0.2791170281288935,-0.5689481515915493,1,46.1744781256601,33.346929040076176,-3.9202234529981475,24.6983300782733,49.802145835607625
1,1,0.6698448714056997,37.29385433967035,61.877342192463026,3.9176339722942646,0,1,1,0.18578386505741956,0.08169310167343029,0.3961549629590445,0,23.50930745399563,0,1,6.38567119985613,3.2659657714022794,0,51.67114155247424,2.962537974673543,1,-0.28977363384160715,-0.7831745000652165,2,47.50967318764647,30.61634247171794,-2.195944386516995,26.077700454407733,24.668566642208365
1,1,-0.8108574870772154,67.77817431483703,26.980672969026916,1.8966515928459868,1,0,0,0.9836558853818425,0.05852707494310724,0.8010468424833137,1,25.902907577916707,1,1,-6.488585177963917,3.5067394512763292,0,56.81549404740521,1.4560105350738448,0,-0.10535620209296974,1.5578233833998196,3,81.83429535999979,12.634163322801637,-4.182395086891418,18.39626359742436,69.37642262261247
1,0,-0.006924803915027814,42.72262712089642,19.62690836459291,2.4430058680859106,0,0,0,0.3290098547201308,-0.31142769049960783,0.38940906640145506,0,22.295328426413707,1,0,-7.726357794379438,2.0396180824792465,1,77.00241295052133,1.4371482515724578,2,0.3118883378576711,0.6523740968146737,1,80.7836701118245,28.253458069190778,-3.016686944498881,3.7134269793550767,35.23070666457009
0,1,-0.3160452110637777,47.13567748875655,47.800765423942934,1.8752203960336367,1,0,0,0.5979923012585371,-2.840768359375676,0.17704361663108092,1,28.795521385623786,0,0,9.962307329578202,3.107548180249014,1,75.1780399393479,1.5525122650390677,2,0.02069713356249126,1.959901540286681,0,67.02639967972917,12.347296782859527,-1.3421094515180876,22.22472363905425,48.49855514051451
1,2,-0.4816933846756682,57.95959121602044,44.41388808995866,1.906279623638624,1,0,0,0.8287779944915218,0.5438997622022731,0.8338575539921114,1,17.840199412032756,2,0,8.374079203806005,8.018424772088341,1,58.67534359692306,1.7932672290700307,2,-0.3534187226885365,2.157680471111892,2,71.36802312274648,14.63489682402378,-7.475891731641402,21.331200794006282,27.621881731561373
0,2,1.0006068649569035,45.97187784923997,76.54713526306836,3.426962468332583,0,0,1,0.31592422350330307,0.9564472687444464,0.9658890357430648,1,21.930643685316987,0,1,9.323020700021843,3.686607215826999,1,67.59453155851273,3.006892470792727,0,-1.3279904334253647,0.05303113225484043,1,46.481355923217365,13.624103733235632,-4.117079331052813,15.072219187806063,36.59516979482794
0,1,-0.4594586477795403,31.43007940867066,66.64740859654518,2.812230461262753,0,1,2,0.23183863991063863,1.165174625430836,0.4715705343370189,0,28.364073291842942,0,1,9.264551307024387,3.840014834921989,1,22.153809519310226,2.7163224609571976,0,0.14408126489159662,0.4516683874152034,2,39.76175367168094,15.17693678856592,-0.6187581052261866,14.960673949233847,29.450403883165738
0,0,0.18540805598862328,26.152478290684506,52.60381654138355,1.5982472348569767,0,0,1,0.19436057865777884,0.9610100151208146,0.6973340280559674,1,23.406789177298066,1,1,9.58201413697985,0.9796546926509487,1,54.75890005531558,2.080456599046647,0,-0.7031630244488197,1.6084990440756213,0,37.34793895479723,6.9206898536773735,-0.800501390698706,4.811673974817678,40.8121707548496
0,2,1.4739780356256948,56.05083377112814,64.86294022324971,1.4166977905169809,1,1,1,0.6504016907799697,0.0774876154788127,0.42077709375002326,0,41.06576071825302,0,1,3.6435181991633705,8.023372181420598,0,57.70458013021653,3.6082430935894476,0,-2.3018223379062865,-0.4140313294631656,0,37.43033499671121,10.251610872936205,3.506704032875067,20.252823212154563,45.08712069411669
1,0,-0.6977532852482289,50.95999932389086,22.674566296177527,1.6179865729869243,1,0,0,0.6571726905886338,2.6142172638973284,0.9246138167107412,1,21.09689777294036,0,1,-0.2844137205126547,1.8309251801343942,1,62.030706694058104,1.1955944811181416,0,-1.8215036680302905,-0.04327782607005169,2,84.36054550445556,8.65213263863768,-7.358497041113691,4.429315237071243,48.60515143048613
1,1,0.15616202563804696,62.59149260740327,7.936468452674955,2.66681296966324,1,1,0,0.8845104570001413,2.0124862528074186,0.3904134657495274,1,23.27590697097968,3,1,-8.495108320127585,2.594412606789912,1,41.738676302447416,1.304123394263835,2,-0.11614648023017472,-0.5061801084757582,4,85.162999951039,15.857377908198757,-6.907801515405048,23.976243638586237,41.530695148986226
1,0,0.1913708470997666,36.64378669068155,2.4337422356859983,1.7723060648615179,0,1,0,0.2261396051967613,1.0675546699572005,0.35388616196264877,0,19.07899028522192,1,1,-4.664577692388827,0.4616013033681736,1,67.12139918830448,1.2673405684917463,1,-0.678500833204499,-0.23270587106516652,2,90.48422517422125,11.003607144344226,-3.2251674816914306,0.38788269061990066,47.750576818982395
1,1,-2.3594922009616854,65.22660250075111,36.89268305850558,0.9921962952596834,1,1,0,0.9845936144757707,-0.43377490788715134,0.8487225159580554,0,27.76011907838759,3,1,-0.43645851941836966,3.68181094918831,1,32.75149767469705,2.234962003979733,0,3.4373135251258367,0.5844567020332188,1,66.57923878964438,13.202097476927719,-2.892328851762878,26.307288069368315,69.67440005328089
1,0,-0.25251711483565936,43.12199797430746,15.301617227123637,2.492346987338561,1,0,0,0.4660789473538587,-0.005374430991815985,0.6256405675158118,1,20.13414358244149,2,0,-4.032584282718934,1.3731149392171527,1,79.94250585804164,1.3619583094666476,1,0.7366854433931643,1.7975639902302059,1,83.98976802283786,16.835746098399188,-2.327951799700606,2.2099630423803185,34.243959510821384
0,0,0.07626580370132763,33.83744118385796,62.7290347324336,1.9551021116893468,1,1,1,0.4220855430922928,-1.5717572337212184,0.781452586966715,0,28.878182191465022,1,1,-7.494187558228957,1.7391990210992643,0,39.45073053955408,2.7360810437507643,1,-0.1678787279011847,0.015446092690745114,0,48.07183784699627,6.698517691202985,1.4600224660125694,10.760325632873569,51.86424481168113
0,0,-0.9706902892667983,33.026983935631684,63.520665855221495,2.5618134884169765,0,1,1,0.1367399118169783,-0.0124580081324638,0.35006054580055496,0,47.71492777727558,0,0,3.5465683591326034,1.1081844950453847,1,69.04020823108446,4.134809871896598,1,-0.16593075443439353,-0.02780866701092083,0,47.3442626595979,25.762750925968977,7.312459408011126,16.110707951075184,51.77021243877002
0,1,0.34807968660853383,32.38157110026488,72.86114827948235,6.778028228873522,0,1,2,0.23650809361248565,-0.7085210161572558,0.7213108010659172,0,43.651585114478465,0,0,1.2381350822606478,6.397908006054829,0,56.99376290450631,4.03883715283986,0,-0.10439867459164587,-0.7960426256065987,1,31.551980265986497,33.00266093370552,3.2494691436120355,6.363273375755519,24.273906249007524
1,0,0.5696626650932819,59.79848832600932,3.430167738329909,1.7056475630960388,1,0,0,0.6362676710002253,1.0497106832025163,0.18110848329376683,1,23.685459668440423,2,1,-9.710265493634942,1.4665552205019943,0,30.745684233042844,0.8034556242286757,2,-1.8355358134437154,0.06881998007574935,2,93.95498145381856,7.386921117525523,-6.416188139884165,6.23078761951912,40.92366214387661
1,0,1.3754021269680183,55.258255544872654,18.211507331390703,2.449509169067973,1,0,0,0.5231112264800095,0.17284581043282082,0.31523459935727494,1,17.99788084125065,3,0,3.872330532819465,1.3206258191611089,0,20.973878388895816,1.5087125460880155,2,-1.1684786250827748,-0.17150957633005806,3,79.19628713455921,10.476539169113783,-1.8629145343321536,23.780662943963197,58.07387885521072
0,0,0.039019392386009405,34.09891748053541,28.906970323395342,1.470163602994182,0,0,0,0.1842927815925844,0.8285668023995919,0.19717666793218813,1,18.954591962234502,3,1,8.83892308715195,0.49340787222469384,0,26.861027658448016,1.3533013076879337,0,0.14791769458632958,0.20934078120352875,1,77.79627848851935,10.80540347402453,-3.5950892558147274,12.700586981375157,43.178264206898845
1,2,-0.34548159129604195,69.96983185700577,1.9235058563379315,1.6551420871058924,1,1,0,0.9999824907313521,0.518833168933487,0.5462416862044573,1,31.06833478443238,3,1,5.968574584569639,18.162582395236676,0,60.599662388027944,0.9358500705629589,2,-0.1475057583647523,-0.41401759467662913,4,91.67775837487598,7.635401283846301,-6.264618321648715,11.779153608186865,69.52271797412067
1,2,-0.3062917180735328,41.546679789798226,78.85809999318924,3.855422137624937,0,0,1,0.28956354682222296,-0.03165149624968108,0.7683515581919685,1,25.65542465158245,2,0,2.5234678959472863,7.171486107032199,1,27.38678722942258,2.712865914020834,1,0.48252456594096577,0.8071012741868338,2,49.64577647462619,27.93378780892936,-5.570322630711583,36.23963196389418,21.694736415389716
0,0,-0.2173498964975291,19.27262480585974,61.17344584313496,4.943243905615929,0,1,2,0.11011434321085833,-0.7027735007145,0.00027075957433136955,0,79.67100118676633,0,1,0.8108125563618529,2.531313216150699,1,47.937780259367855,15.78474868612109,1,1.0865139169363238,0.18164432295632055,0,4.894225362516991,31.90716582665698,9.999000416990555,7.626123399010661,45.71007891155027
1,1,1.3783725936677056,40.34738773978855,21.504556780915152,1.613583693500392,0,1,0,0.31417539107436615,0.09385546208259653,0.01348733397921964,0,26.277179619229088,1,1,-9.830242243182713,6.507521475452035,0,9.455023702589829,1.7981916288141377,2,-1.7698263295227241,-0.43234383015870664,1,72.36460902535116,7.847078641199571,-3.509356040771614,13.636601209125532,29.144946050693747
1,2,0.25439764329468817,53.417599232094176,47.216144771285464,1.3877125299319568,1,0,0,0.7258027201846601,0.07207030813263551,0.7878756263145933,1,27.465862959458633,4,1,2.2254688953295094,3.634178580543193,0,21.902300448025436,2.177268741505234,2,-1.0029139688872604,-0.10105295046931351,3,37.8350951815393,7.6821472132919455,-6.610124909702099,34.10764078891289,33.87267329044539
1,0,0.6476965058146847,51.49460746936206,5.8368644528400795,2.4279898772271924,1,0,0,0.5732389823886512,1.2515989448896703,0.388549018181556,1,27.51863971130339,2,1,-6.544658881901028,0.9121884313309665,0,46.69480004448335,1.0491215512362981,0,-0.2879979450913379,0.1383602022953551,1,90.17168094181514,8.31814006459192,-5.793403611197798,3.8087726686621726,52.74615107752681
0,2,0.5106228382121663,40.935878708652865,95.04867378037338,13.733177411083739,0,1,2,0.2842878109221785,0.6835705837850934,0.4655163186100433,0,78.59431811095037,0,0,1.5630294789775974,9.050268182573982,0,49.40440642780107,9.262902445872045,0,2.0398902182801533,-0.14200891559766401,2,5.3846022718321676,39.27448688815042,6.88001473131342,39.48110893943816,21.55707602382121
1,1,0.09190761331915122,61.967690397884446,8.120305957945789,2.4076025243537105,1,0,0,0.8646371031651404,1.2670596191068026,0.3709626022201434,1,23.730144339450916,1,1,1.6524229239537824,1.8020801304140366,0,29.031372714992393,1.1870771571952556,1,-0.17980316097762908,0.2659168694948151,2,87.88277784528957,10.036385831579956,-5.543391657769973,4.941816846243425,59.42891934236977
1,2,-0.7950627955189078,67.8022650572799,14.70265180146712,1.7222400081052958,1,1,0,0.9670742795671061,-0.23765345869754934,0.33095637877429396,1,19.85527408192104,4,1,-8.643193317373605,3.3596960366017243,1,34.81456834189478,1.567763392669122,0,-0.039322289155836306,-0.20556946005170273,2,75.46358131723156,10.341692550673487,-3.7613373481441936,32.60642914870149,53.41277616077359
0,2,0.6171963166500469,49.916557124882615,64.17894122208251,2.3026035611412854,1,1,1,0.4316111468682061,-0.5095248354957457,0.7245763039656434,0,22.473221829242878,0,1,4.720528149900314,7.230379262069069,0,45.427142405979524,3.079319058121277,0,-0.513635597160476,-0.8838850561781143,0,49.38673633723963,11.348207698271173,-2.219048035412471,21.999280751229897,22.20584904415673
0,0,-2.2009629208121098,25.5812920261634,89.92585909506742,3.0821902603529634,0,1,2,0.24272724312755162,-0.9481686795898415,0.3119085892232037,0,75.69854403641733,0,0,-4.518101255733409,1.9867642226926212,1,50.103359943519415,9.975934925812798,2,1.9121575084624138,0.054579545288497955,0,7.751176691485512,32.61147102197198,9.098030819085889,33.65929073433545,63.81864322127903
1,2,0.7882673738455945,31.34387774141366,80.55162488086343,2.732332376156267,0,0,2,0.15416512013896533,0.12319653939869535,0.7839561948298045,1,38.7661901595853,0,0,-2.828702448964112,4.539725995086495,1,12.78088340310902,3.2555611134898736,2,-0.5870506800603758,0.023606041093701038,3,41.64105873435039,14.036520472287904,-5.325061862665265,33.363097583693325,28.819309507269487
1,0,1.5399329361107204,43.37747375073282,8.546999729613852,3.413868250562906,0,0,0,0.2267779382341521,-0.2836314325852735,0.19582473549603635,1,25.07930857765798,2,1,-0.04036121090420153,2.410162280353526,0,53.47008429525488,0.9635536785010796,2,-1.509973534140996,0.8219293992960672,3,90.84591832183705,9.061409410145387,-7.497577101781696,2.4725435010514407,28.293606164759865
0,0,-2.200398244434365,20.948586971973405,52.67132589371286,1.967905013396898,0,1,2,0.08505894245172019,-1.432383659365906,0.143326201672011,0,32.09022896510891,0,0,-2.9290921154344076,1.2773149043456804,1,14.671259053310264,3.2788565164979633,0,1.8682363818060708,0.23350371590705407,0,38.92847635204609,18.564681464348638,5.735394294791899,2.547177749354803,67.75774019399046
0,2,-0.8298268092075336,53.995627830646214,89.36271651657263,4.633795370953566,1,1,1,0.7487123069218616,-0.1431606147502973,0.5081800207504396,0,71.56764970892415,0,0,-7.194204393345604,3.104049155408285,0,48.57395955276148,6.820593123126754,0,1.2088773010147487,0.989699463549393,0,9.513153933371148,33.58106082102274,9.275089132727796,39.83021541932784,37.893050678426114
1,0,0.018226831670175903,50.595530905403514,13.632883673737162,1.453245355101371,1,0,0,0.587879367440089,0.30467032351146106,0.5709691355975665,1,20.48993179545629,2,1,6.224115859160889,0.8353593351170076,1,51.19790378404609,1.4117447766148512,2,-0.20819762924044874,-0.3273036746377858,3,83.01998298517513,11.085016460573225,-7.494750494273527,29.337544041898084,55.345991697752474
1,0,-0.36776789799311677,38.385375141822756,13.850647094926405,1.977267493060394,0,0,0,0.25584943811945204,1.72957503109053,0.19007350293259118,1,29.216559933458235,3,1,-0.006725244795450891,3.963457003227346,1,23.46410587496209,1.2766548844225991,0,0.036814187730292325,0.15768117058497225,3,83.81221483204297,15.881191000396022,-4.538308474509264,4.018910424525246,39.42534336967226
1,2,0.10261892087099428,63.03453882751893,36.2764873664578,2.216460383794591,1,0,0,0.9318096042317469,0.49443450042918835,0.789636785153065,1,22.48331734975575,2,0,-5.969513682196117,6.121290631008151,0,35.66928978587851,1.6973835590111557,2,-0.09006354944275251,0.08386102259186363,3,70.65411563283108,11.190211592162562,-6.876745939669441,23.283747382432445,32.668770616280696
0,2,-1.706540564308351,46.741189174359235,69.51944367955501,2.2562026401409803,1,1,1,0.6107906190543089,-1.798240990474513,0.03683269730953309,0,53.13801156619842,0,1,1.6906625838930438,7.220569795035111,1,38.65787833951007,4.956083415640113,0,0.7050909427390508,-1.1648369390617002,0,24.707626046015296,22.808669827763076,5.810109609592569,31.02317819019394,68.1002342785231
1,0,0.9079567634926753,65.8376131343535,3.5666394738087916,0.5936544545440712,1,0,0,0.8991227293702233,1.256198637630568,0.6316498279571704,1,16.995831957919517,1,1,-3.1868037796764295,2.0989421877814696,0,33.66165100448795,0.8524872319909117,2,-2.8408567462791825,-0.564174938378154,4,93.3256118009233,6.956423786497796,-8.969207698675465,12.842883727774588,58.362064003572726
1,0,-0.2841936039881007,54.15972943078465,7.132328372489116,1.4223435318111866,1,0,0,0.7649570335008724,0.4090139342982282,0.4286249573131659,1,24.447212600859046,3,0,0.259927640494384,0.8881296862172303,0,15.437374309602188,1.1505514757241004,0,-1.2009477309695504,-0.37674278061755817,3,87.60862769833106,13.161994942863341,-2.4384504863476657,17.48194187967338,49.83701160870198
1,1,-0.3662966770879646,64.94997458267055,29.417625023360706,2.3497412749509783,1,0,0,0.941379066587414,1.0617343403147552,0.7121008554048166,1,27.232460505980917,0,0,-2.2848237714060806,2.186640699224651,0,44.46801947130828,1.6913041913933184,0,0.47857533715034684,-0.02653015087802789,2,72.85650928879477,16.474875951180042,-5.121923528656383,22.52230100919467,25.683182921757485
0,0,-0.980702507648919,25.386039100824966,23.425854606642076,1.754477798935394,0,1,1,0.1490276682298336,1.089328376054816,0.47302728727724674,0,25.315542260046982,2,1,-5.323876592405954,0.7477005948566472,1,51.28715724508696,1.8754573990918604,1,0.17342899251461222,-0.917847860995328,0,71.04611274083578,13.444638224953904,-0.5504759313404808,0.4470606311640313,61.50591037719468
0,1,1.4316634108226993,33.18907843576481,88.93353124481035,9.980091198451033,0,1,2,0.23364618470276088,-1.6279287971942034,0.6202661921697704,0,61.36695467869602,1,0,-4.123449285277124,7.976716809143383,0,58.81822324602154,5.1612026962985595,0,-0.3281018988261348,0.4005911674486938,1,15.91342403688792,37.669639352864365,3.494988820773411,29.504124320336537,30.93184558542488
0,0,0.26004734843913024,35.73020729308743,40.044401881438844,1.9073961865011246,0,0,0,0.3513826598350086,-0.37705694096999687,0.4484198006870979,1,26.406462422612545,2,0,-7.76216645249754,2.3347212732087113,1,53.0934776610134,1.9350922438288205,0,-0.5996849294749851,-0.9204767979459635,2,61.20732473225653,6.892449959652788,-2.160427456460239,8.559588128950324,43.96003658621506
0,2,0.7886636843920164,33.369121355781424,94.64660042074944,4.9655677310092265,0,1,2,0.21125805312439533,0.5778994932500321,0.4881502414511518,0,79.9101477666546,0,0,9.712562801957251,2.2317009962759746,1,73.66969104435631,21.191089317724607,0,0.07362538341455879,-0.315371500644285,0,0.49747426192349176,20.510977543825383,9.995516390134323,29.622315966863404,36.271054436734374
1,1,0.059101901845821016,47.054202569676704,21.165385788249413,2.725583153226741,0,0,0,0.40203291767760524,0.6640936520957322,0.09079920915253842,1,21.73460210220485,3,0,5.711301307503206,2.3075831890931036,1,0.8346768004868954,1.6418865228465185,0,-0.09502723806629586,-1.1869892998695069,1,78.74019932770446,14.49697337582223,-5.015117653005827,25.687924199125803,29.69869537964563
1,0,-0.10236482776169455,34.055477639578115,26.50796461012346,1.459456764701847,0,0,0,0.2715701941296367,0.6254888455778834,0.43329487567788144,1,31.079365966499264,2,0,4.483285115930016,1.6277337105501013,1,4.1448443296238136,1.6212330297331994,1,0.9811003714859998,-0.3236803471075828,3,73.79307272114572,12.107577016677418,-5.129265832231784,19.84407723168091,30.690338974381
1,1,-0.37711441509333826,32.7345683682551,79.26060277728735,3.3401228245068593,0,0,1,0.2582333199407174,-1.0600535336073351,0.6874821423511442,1,34.69253288405859,1,0,7.2735165686579535,1.9745688313579963,1,43.63442767824452,2.761781009498865,2,-0.5488549136824352,1.8294737365217413,1,45.72376992260519,23.019150555511473,-4.983556611698807,36.531840708541104,31.265143394849673
1,0,-0.6384333199472657,36.454199146286626,20.96917524674153,5.155029854260141,1,0,0,0.41875055278170503,-0.5650546610041662,0.5390543287540512,1,29.242231412227596,3,1,-7.45213597037936,1.7768606033475778,1,3.8818029013651545,1.798088404937679,0,1.1778133071116277,0.5706207310765598,3,77.59238055885054,32.43171168948155,-6.327275805067709,5.018837148317024,37.465997287804186
1,1,0.4087952222109464,58.25578244330958,68.18689096586358,3.450268069472343,1,1,1,0.6867875207396678,0.31065339951032245,0.27678644007535236,1,27.274681651663457,2,0,5.32117735755698,5.354227926971104,0,39.7959857317638,3.1897750355958596,0,-0.008385618301026082,0.5669776782050384,2,46.115932459185345,22.33395390798055,-3.4119339642422695,39.34471223638583,30.66455254539973
1,2,0.1943453276793287,66.1063289719033,46.80810059364069,2.1273520016765977,1,0,0,0.962382322790676,1.2476189693693236,0.1199624540900654,1,31.67451660569043,1,0,-0.3284605743965727,8.836973385322327,0,69.0449626585402,2.1357097004090315,1,-0.2780627676245729,0.6883543707422132,2,63.268872497561034,19.248391880346418,-4.322999988083041,30.774233712760992,28.475420596710364
1,0,-1.1827083885321164,57.610407007194645,26.096024457846884,2.1892594984644815,1,0,0,0.8416735355920111,-1.516068351557076,0.5125363343110796,0,25.540833075456078,1,1,4.294264136972979,2.546377305063704,0,68.86040609546889,1.7507513129086034,0,0.3315113311121338,-1.4410759620550135,1,72.63366447718307,22.071516295881626,-2.6529873029247364,11.993253560518763,60.38282641491973
1,1,-1.5698815160347763,43.78837263198195,43.76211628163298,2.230214584946351,1,1,0,0.6562680381798701,0.8083590943892378,0.08302241872900196,1,26.44592276820262,2,1,-5.901895375350577,3.956372324944718,1,57.71117471973602,2.3937322547630346,0,0.8362702470307914,-0.07081397450545882,1,58.76135709415128,19.59911857250925,-2.0362787178436283,27.57229855105148,56.55060593331184
1,0,1.5953748064363313,49.69019869403185,38.77848280195077,3.376521260328081,0,0,0,0.4132345436635654,-1.680210160561806,0.5825125295601618,1,17.63091573947873,1,0,-5.222490192432064,2.6288893347304803,0,44.3343296106424,1.8814416415687913,0,-0.08222428613995592,0.5495969750633231,2,67.44815479933442,14.153705364838391,-5.309888371738828,20.318662186631222,28.10935668934499
0,0,-3.467303781233373,54.574542743172714,24.75211257946822,1.6256441537395507,1,1,0,0.9488047696258177,0.4119333563149425,0.4827907974563003,0,26.08528487954989,1,0,-3.322279279802002,1.2704961421530925,1,27.105082274516512,1.5749977409779696,0,1.8475625467302603,-0.3262245791842753,1,69.47572341434424,27.430574546819074,0.4007768485010281,10.163185368198322,69.95968687060245
0,2,2.2348083106064114,59.91375972736597,56.564723391623005,2.0149511916709,1,0,0,0.5718583031028588,-1.4372929253967215,0.43754067209460845,1,21.14741392172652,0,1,9.984453369286598,2.880979055510547,0,55.98014564678587,2.2648877238276315,0,-2.1040496854551907,0.02318527811067769,0,62.659970361655645,9.28521617054798,-0.910621596724031,21.23211011978658,55.35101129059125
0,0,0.20368713757473886,21.34714733181979,86.7322077235494,27.408911320203487,0,1,2,0.10423630388706723,-0.31776211639808255,0.7235727138970544,0,79.57535637201896,0,1,6.7971032397668765,3.7450491938967585,1,63.067970020817,11.52588630662074,0,1.7390681855331034,0.5775746353353325,0,4.108304012734054,39.911857529721125,9.536164560983863,6.874214625669943,21.01781733299665
1,1,1.3575480592017808,60.576915350733174,3.8129271940149314,2.343500746493057,1,0,0,0.7255165294251363,-0.6341611301619713,0.0003283629685273959,1,28.767877825459944,4,1,3.8735613087918352,8.519490538994717,0,38.39369086993753,1.0541472785252781,0,-0.9943188171582145,-2.3588273856905713,4,88.46244848166451,12.629625458689528,-7.190265227892388,26.310285782882936,38.82016271557541
0,1,0.9131711884163607,27.520475398121313,95.45416655400865,14.54996297494494,0,1,2,0.21072235568410908,-1.787904030951626,0.8105657264901369,0,68.18040745840017,2,0,8.76433555333874,2.683244317498374,0,5.959219995604008,5.7363916346304,0,0.9320880882825666,-0.4210170296617489,0,13.457152341529389,37.444659419432625,6.113750471756898,28.32353959013107,32.359680158767716
0,1,-1.0999597700255195,47.762926612401515,91.9134772000741,3.2755792682835274,1,0,1,0.644640377707955,-0.031508969321287585,0.5530262690369689,1,43.629095602286284,1,0,0.3562447714849739,6.305984469171164,1,47.652836227888656,3.6202744581453667,1,0.6928633629134627,3.185204341415073,1,26.998648854715622,23.30578717271812,-3.6476969528391523,39.513437820297355,49.56136857538453
1,1,-0.19964269283421932,64.6953404084998,20.194036905520285,2.5263690536811754,1,0,0,0.9068851852353452,0.9333588807394682,0.780475950212935,1,21.784737234782877,1,1,-8.949762601153049,2.4930960688141903,0,64.893673089322,1.2428997129361574,1,0.8254074507450355,-0.1416420617599421,2,79.58227583508078,18.18629670427545,-5.670667100002468,21.84081935217669,37.49957294689773
0,0,1.1984987135795084,45.431119878826934,28.93789020672931,1.8937142115028678,0,0,0,0.28056561164519683,0.1834349789133717,0.2084702756320424,1,19.426266952610405,1,1,-2.8308661913575808,2.181334876440915,0,78.13540439891133,1.7763176379912027,0,-1.0038286774593184,-0.058541819423290356,2,61.58344425412532,7.216299975765201,1.0231691552899882,11.745353607290006,34.51678549882638
0,0,0.21451576273673392,37.386250966364784,54.440496172118216,2.6437682421399145,0,1,1,0.2271950795625604,-0.278546694869665,0.35921180442480305,0,60.198330408258585,0,0,4.125172709181104,1.2278709086721376,0,27.230688540180164,6.283670235283367,2,-0.0031177091527337594,-0.5766482112852065,0,19.467200746115243,23.926695284111055,9.046292053440602,17.570369827676856,53.93816810965332
0,2,1.4275755472182916,41.917842259217906,92.56218963488283,1.8826999921836265,0,1,2,0.28898636986644144,-2.5732891491384393,0.28642822817369745,0,54.563536249940405,0,1,9.174326597102116,4.863767915091652,0,9.045062462772918,6.164607157123634,0,-1.3322780738123603,0.7186326793896676,0,18.000807542343615,9.512763575358576,5.939851115168855,33.93039166690018,65.8159049927511
0,0,0.36437346504606494,19.46871412879056,91.17764542765829,11.923329680181613,0,1,2,0.10849484318798935,-0.014796229643640182,0.6821468603574432,0,79.89655552467077,0,1,-9.112188736875849,1.3332095172909328,1,19.09709739057774,19.660350411316415,0,0.8959434951609454,-0.21945563840773524,0,0.6981796990157052,39.48901538890179,9.975837853038911,9.60347116071302,40.14598022134052
1,1,-0.12265491974645555,62.16786941457935,33.65552644970372,2.839403185134409,1,0,0,0.8962498258603155,-0.20209650563583872,0.6649507002994932,1,20.936443361534405,2,0,-3.5074341414110286,4.781552610088601,0,51.873551718665226,1.7305811343309492,0,-0.2962908617437241,-1.1935450139514763,3,74.20490126412996,21.106085865429343,-3.580530054144404,21.9994967635234,31.45407414529172
1,1,-0.7572866896329916,49.8884216535007,49.334968460225696,0.8431570849188738,1,1,1,0.6003551269788691,-0.04139236614049774,0.40528855337319175,1,26.006402258401963,3,1,2.4954148416285538,1.9842185656212814,1,17.13088608086234,2.3344497513774165,0,-1.0635732546855612,0.3964734229110009,2,51.71375284668148,13.805945592249156,-5.615143373662646,38.76110783640006,52.97543818342876
0,1,-0.7240900084736057,27.10494676139756,88.92095942851354,6.542576542014892,0,1,2,0.16805965677051632,-0.2630498061772264,0.38274907797027563,0,56.91891863482931,1,1,7.174922511497471,3.630467212525688,1,53.3742379087559,5.268071695137553,0,1.707778794879466,-0.41289056213541797,0,19.264170517057188,36.552147343399184,4.420531130461022,34.05669140870721,35.81440477094223
1,0,-0.6010058763248514,34.62472222178857,38.40213048667875,2.3398868531650154,0,0,1,0.27018317880121234,-1.9113774682831106,0.4794728872854623,0,28.61897663087674,3,0,-2.671531002861032,4.298172934109166,1,27.915667369735047,1.8952577825023114,1,0.5740123610507889,0.6073376738081343,3,73.99977817314777,16.305484250727506,-4.588179371132664,7.841436362895504,63.58863757879348
1,0,-1.201679314640372,33.92739579692338,20.69504817056752,2.0869615694479142,0,0,0,0.2825019205290524,0.40924698307901813,0.8156221921078397,1,21.860889212587146,2,1,0.1191469588100329,0.5449577325105402,0,15.931728690757122,1.392214919775283,1,0.4223197296927726,2.1835963418664073,3,83.02765927451878,21.14986708945719,-6.867753278226088,2.9599222305602146,60.53334788209028
1,1,0.43374724033655854,62.20199087501351,10.50291486263592,1.970156000706106,1,0,0,0.7805469618678739,1.6799962479651072,0.5438939651987948,1,25.67681757955708,2,1,-6.395342173442992,3.296134624109419,0,73.2858482697415,1.22762374794375,1,-0.9484102613619357,0.25046868155356006,3,85.75991608833439,8.660965066445868,-4.837898054057794,8.47554528011342,33.79665376032497
1,1,-0.47748309265764965,48.84068377787465,1.6893747765064304,1.7037134201915292,1,0,0,0.5351066975845404,1.9538902690681006,0.5197675263799021,1,21.287044514744785,4,1,0.5180733586484294,0.9415231015408921,1,30.341941356592915,0.9859010718692943,2,-0.4937319258356701,-0.6446590379192318,4,94.34145017881806,11.544069917010141,-9.09768840992832,15.459623172584514,40.75326335613619
1,2,1.2130493975177428,49.28284892566771,80.56272409301826,2.1904144439340287,1,0,1,0.46211693672139836,-0.3828189570557918,0.596591488289191,0,43.11425066938653,2,1,-7.141272103463425,7.195667182220355,0,28.872655922450996,3.7114140258223167,0,-1.3234323546335216,1.685668015063585,2,25.821288627051942,7.227631408118587,-5.294445737423837,38.65686839135806,25.18931413378673
0,0,0.5742262341860611,38.26110626502846,25.372341951482603,2.052676876414692,0,0,0,0.26312210381626555,0.5113026477150718,0.15141695311962555,0,34.88796269442252,1,1,1.529891844885821,3.5270580934950084,0,21.443506100788,1.7465420408083987,0,-0.5759546254785121,0.28766822142584336,0,72.44110533477644,9.708308157104293,-1.6767193389548378,2.3816060311739706,32.68509332045964
1,0,-1.134859539566688,49.98065102152416,27.803051978611737,1.4293696441311488,1,0,0,0.8146706803272046,0.46315287162448693,0.002563881054129191,1,22.801649007485707,3,1,0.11317934398964269,3.3618145345547705,1,33.01089948183208,1.8012142106960043,1,0.10739618131344922,-2.634846818619871,3,73.58497649163414,12.477021053414138,-5.337361468336121,38.33948163049863,65.23913530436224
0,0,0.34637051990363565,25.103637701172545,38.605897110177615,2.148050652763539,0,0,1,0.16765629147211142,-0.8445581256040575,0.4106631329186492,1,27.62094443521471,2,1,9.677598633934387,1.5966087228861965,0,25.884243597228917,1.698003780454916,1,-0.31084106714955567,1.7821461841295065,0,76.34578917072191,7.984647621898593,-3.677149605245246,1.5917938072372562,34.92409251188677
0,1,-0.3149486956576994,21.28490493659481,94.08106063517852,14.037182848592808,0,1,2,0.12773329471422495,-0.1177833380571621,0.40592968680553204,0,79.52734538385839,0,1,-6.153607397626012,1.600481905743199,1,28.249277093399783,13.175808066579629,0,1.54962176297426,0.1834211272597352,0,1.8129663367218773,39.606369280388606,9.575045066954178,34.33519590342045,22.979520007781314
0,0,0.17518844118374272,62.020608496640875,30.64745290237103,1.963731862190322,1,1,0,0.838674396843339,0.3062177193885086,0.5018524162109287,0,20.154699392530617,0,0,-6.6713387945158935,1.0563524710131365,0,63.486142038578265,2.4323145227222795,0,0.14094873780334866,-0.522892861205849,0,54.05925222568404,14.32641387056546,4.8824660206582315,13.26734120722331,69.99262194360676
1,0,-1.7517024357763218,46.601590937134304,53.48250673925534,4.821245032177193,1,0,0,0.5792292331274845,-1.2526779187085944,0.36409169776277256,1,18.532740158246025,1,1,5.2896247432292185,3.4499223279149422,0,5.389494205398058,2.859316331372492,2,1.5862886940881684,-2.4318980292537513,2,56.2167479472003,37.13138220693266,-3.6639655868571808,27.75047557410256,65.09474589636935
1,2,-2.0940669260706097,66.05330030768337,12.107105201893258,1.9917475730252112,1,0,0,0.978434259273341,0.5605943119062199,0.18860842736563033,1,25.22158044852447,4,1,7.202716616454062,5.578955875801228,1,31.607080249207478,1.4089658795811324,2,1.1807737877252245,0.00379350053204642,4,83.74375757864415,25.229088270507365,-8.163142551642528,38.39394752285315,61.66633810622678
1,0,-1.5940784006554554,51.740492775139636,33.902718546430364,1.7166182144836217,1,0,0,0.6949725218745764,3.0321206281781685,0.5856470784465998,1,17.943506506623002,2,1,1.3909114468964727,2.1921340738927544,1,71.19627111982513,1.6330983125936447,0,0.9478158202482319,-0.4216459482969327,3,74.27483484453856,18.671730306814823,-7.597611001158856,29.295976703710945,64.97913332059
1,1,-0.528267924978911,61.135757090256824,1.696917800320602,1.658715146484488,1,0,0,0.8416652051727025,1.3629286693834626,0.07299561054764792,1,34.610585348317514,3,0,-5.707690055543293,1.9884156922412768,0,26.179044776885352,0.800221524875847,1,-0.857089482353421,0.34855613292760296,3,93.56148294463378,11.610790950897645,-6.830621674364512,7.21293986071646,51.213673774176634
0,0,-0.6011430441426365,39.00139680682264,74.75707172029983,2.2218999591962163,1,0,1,0.4038008461554354,0.006277116726109624,0.6807468660836151,0,24.31067295774443,2,1,-8.462470956943175,3.336473871778365,1,44.643327453069084,2.6719485416798197,0,-0.5488160661330846,0.2151698591565546,1,42.89767496667825,14.608068113641952,-2.193077830979229,25.755934816663355,52.79336725718247
1,2,0.5887449024663155,64.24584019345315,16.16177428799745,1.6742781561729925,1,0,0,0.8707825592077238,-0.9675195277973458,0.5495851060970214,1,19.511267435756142,2,0,-0.27889366645461955,4.447168731474921,0,43.09201880543701,1.2196613042463407,0,0.02728703294547815,0.34491156966987957,4,84.04162826849627,8.380749547318185,-7.4002347945692994,20.004385591408948,28.25549063459434
1,1,-0.8243056835490759,57.28567749484706,16.990043591423,1.5870505822585037,1,0,0,0.8663902261755589,1.2643701693661287,0.47104169233956045,1,26.498678422197706,1,1,7.83771671721842,2.439328804247057,1,63.77117638051088,1.4689269737959816,1,-1.533181741960742,-0.32666684031955295,3,78.7431544713178,8.409977495256758,-6.345106129759662,21.701140703895064,48.02288099942267
0,0,0.21446831584799977,21.53685730957293,85.1498838990357,14.314383164877366,0,1,2,0.10451027419111891,-0.1838360320892455,0.3643162589261208,0,79.12689076582397,1,0,-9.094711053484403,2.4983507918003176,0,21.531776555143125,12.674067811126907,0,0.0754411274014974,0.0957609313015599,0,1.8251333602703979,39.04437063071266,9.870637788979458,19.170256690015137,27.414038141209154
1,1,0.13196087887762414,34.229237371200234,71.29960771734713,3.0171329231318764,0,1,1,0.2596089598398559,-0.8297364940525851,0.8811468838906029,1,32.07590112431,0,1,1.4291478384202083,7.914653451723757,1,44.43147931906947,3.259099134722109,0,-0.14200785277820066,-0.3163207590097144,1,62.36834472261458,22.122315269214454,-0.9417422511961977,6.495197763757914,25.286241378872344
0,1,-3.8836126143815415,46.035410487476895,62.25040668726331,1.77532176285676,1,0,1,0.8807286763011736,-0.9212404227626582,0.7705119018993225,1,24.267338118082066,0,1,-4.228377435978787,4.837171461831053,1,32.68960789103767,2.362425980939929,2,2.1494410728890245,0.8172657277087588,1,56.49502982059157,32.18543500083783,-4.512703569214535,11.398874490507279,69.5528332031094
1,0,-0.33998108472147803,43.978759149534596,46.25108768725488,3.108309607928231,1,0,0,0.42906885338138867,-1.0826716899851263,0.6372772473097925,1,22.320773865781174,0,0,3.9718324479707228,1.4602581521952394,1,55.03990700372312,1.8678474914344338,1,-0.22529448784259223,0.26905180229654385,2,48.21667839908538,25.402754577868155,-3.933904811094891,31.248540394636617,38.570491444518204
0,1,0.20774706067919826,56.65985342715293,50.38244372207389,1.7310592049676508,1,1,0,0.6190851308423397,-0.6455451416056849,0.5898918863477843,0,26.18936601157862,2,1,7.03264432219386,3.6576804140020664,0,42.292394847681074,2.7028648638860266,1,-0.5169253962004206,-0.004171605923398523,1,54.8621327454485,12.029867275112686,0.6724289411493789,15.523912286839492,50.6521558976931
0,2,-1.3312384544481655,38.37477067121429,79.26509658018794,1.7618629420499448,1,1,1,0.3866422937724259,0.10024499287310032,0.07049925196951357,0,55.15712857989609,1,0,-0.5901509726646168,4.47459564803518,1,74.70283542978754,5.272994346177352,0,0.46756895593901415,0.7258508400353479,0,22.893148714459876,16.8804051087716,7.286181191143687,33.29032388753053,58.4890039100519
0,2,0.9199829945507443,41.91027007382085,95.85685949072457,3.7290015965615924,0,1,2,0.2818454801988942,1.6339073707884992,0.7153827984412023,0,66.91739339169817,1,0,-0.06806304806023356,7.722052251121688,1,17.11017141819516,6.814088996331966,0,-0.4356021717524794,0.40830668887504484,1,11.81639225254701,23.054148961985106,2.0422304404767786,22.77777229276241,40.77424915469558
1,0,-0.3861535987931403,69.32713726917954,0.02724471851842658,1.82283002398182,1,0,0,0.9969547463041732,3.9831951481211743,0.25016072783512716,1,19.991196065810726,4,1,-8.108195339179193,2.6210237092363093,0,63.564491765138584,0.4778987047094223,2,-0.12978653414062263,-0.9589871342608229,4,99.89595419454085,8.075246421915573,-9.2452290168438,3.468199338870599,38.71044001108021
0,1,-0.7745972678460742,25.33358673425957,95.58655995638158,22.882261982667874,0,1,2,0.21348978864153206,-0.23241613661437474,0.6296834589549788,0,79.97221756397438,0,0,-0.7488658373761208,3.3520014563107647,0,40.14495089257813,22.70201426783891,0,2.3504944975242386,-0.4487080915653175,0,0.38785442167938444,39.97421941643792,9.955017525080724,33.51216692873077,41.25402843807698
0,0,-1.3349921842607864,19.25609713772381,87.17405815667422,8.500480282763414,0,1,2,0.09998533373507112,-0.6386990236821593,0.3508351629132114,0,79.76155964615687,0,0,-4.785286503287198,1.5743413866501608,1,37.64859551514117,15.361926876159332,0,1.8578523155250743,-0.2720913589741219,0,1.2698016581369376,39.34828328636284,9.923162445890132,18.660731712358,30.876020140776188
1,0,0.9224156493803825,67.96704795790768,3.2099864715732283,2.462098382124268,1,0,0,0.9246043961904383,-0.33418730699930427,0.6170944946410551,1,27.71964567143324,3,0,7.194816364876978,0.7136553207646199,1,18.3554106301398,0.7868898982520652,0,-1.5997894049914594,0.7340748375088562,3,94.92849351051376,7.156016687449441,-7.316265575981772,14.84916241022782,69.99738909434646
1,1,0.5302360092720637,62.376636340156374,71.47642561588236,1.8983853994866335,1,0,0,0.8634999097608481,1.539662010275198,0.9732677420843978,1,23.076352644352085,2,1,-8.838731161359284,3.622574978472805,0,59.47455968576075,2.3649048159904322,1,-0.9624196652025692,-0.23503931205808076,3,47.6241152229449,13.873245379529841,-7.142145625823812,38.10564377979305,32.66982546428906
0,0,-0.046457224657586366,24.48702899499803,80.55580797763466,13.316563825559966,0,1,2,0.12928576488209403,0.39667469779651593,0.5285315556327972,0,79.38218704633319,0,0,-2.6146573122187533,1.3342355746896548,0,56.93665818390764,11.824255837223957,0,1.1263149589262165,-0.4921371334703913,0,3.012112974599135,39.32778979783423,9.704001115831765,23.489617845390505,22.41151837744418
1,0,1.9375129047354758,21.463815574858955,45.704331358611924,1.5676498376550325,0,0,1,0.1460593075309119,-0.680705824648314,0.6812688967044676,1,23.37002058795154,0,1,3.0281165038783637,0.8578942628018378,0,0.40254934151271016,1.9823741175312406,1,-2.229734658108718,-0.3807670870213003,1,60.278737884891974,8.444104036553313,-3.2109305886757724,2.7029697693070287,36.60268478666829
0,0,2.665776136042601,42.78311345923697,78.38225990025167,2.408283283837852,0,1,1,0.26903400266397764,-1.8443484888856532,0.645627578477556,0,43.34853386869177,1,0,-2.1548958808650065,2.380640980098272,0,13.213357303563598,4.212903713631713,2,-1.5072125156262515,2.689270519418067,1,52.41502391551053,17.52370332337486,2.188622896580032,30.2601259473861,30.231781790329602
1,1,-0.2311025524750101,49.58848762953949,59.6783762243482,1.8856535420509188,1,0,0,0.5898022890836948,0.7631339236438669,0.22643146604911701,1,24.74461922021243,2,0,0.951208687733768,3.1700743846363633,0,32.78103260163554,2.6869074620947893,0,-0.025347364551080376,-0.17989203021604497,2,50.97008364530555,12.204271925070195,-3.9067767003942198,39.19690842200903,30.238114651204906
0,0,0.14756574537580394,33.10381468389896,74.76756805967962,7.061622650389192,0,1,1,0.27716172778953,-1.111190595137377,0.7078212387909667,0,51.69773418677554,0,0,-6.4657843466797935,3.0086852942937403,1,72.31718944842491,3.912364720940497,1,1.1638766856852274,-0.8964323635796962,0,29.946661091494974,35.26701305970047,1.3710184561302121,26.152830604629244,25.227136852321326
0,0,-0.48235070441308564,33.695931708125144,72.38171243883319,3.289845610950664,0,1,1,0.2327237984778885,0.9548490515761471,0.4651128647869193,0,44.90135982594669,3,0,0.6572991207282524,3.0419102360070416,1,67.53797542990239,3.3478551718473466,0,0.148469093695266,-0.7291883343137228,0,35.332137009632405,20.313085575871668,3.9776897715133828,17.271318586873154,41.63383719769316
0,2,-0.6616831556904404,54.39814869803885,63.136818802562345,2.3194269667648815,1,1,0,0.7640936645193341,-0.6876874144758461,0.6151000454167816,0,33.57908260461872,1,0,4.36795928219826,3.2760145435193007,1,79.99312083605132,2.893466292844464,1,0.45752866512957013,0.4500461880960982,1,46.06909427627326,10.51383233311113,-1.4682703249550126,27.962685598456897,46.0475615856366
0,0,-0.1915802458143928,18.82283844940934,51.69302119485364,2.877157479320994,0,1,2,0.1766330989340561,-0.5083687988041723,0.11361138968415674,0,24.550843969483896,1,0,8.235601416872228,1.1429696673152898,1,22.97512013216891,2.8530514196106673,1,0.07623742103965958,0.09198050186261576,0,49.9054069779115,18.632233922449913,5.202485863990622,3.5504575980462927,27.239459267222987
0,0,-0.6979807616445048,18.846128285448952,63.52313476438064,5.412029601885812,0,1,2,0.11548179499829736,0.15055647713497874,0.27680124411493634,0,72.56326134769587,0,0,-0.0612608433758659,0.8872992758464884,1,10.029594589014863,9.501993689388305,0,1.6153560126644682,0.093230176230681,0,9.042400686006536,33.742216333691005,9.564984623013085,2.0543720531652587,23.674129081615547
0,1,1.710695568566447,37.4893452697349,73.34917387342283,4.280947578325119,0,1,1,0.2621276655109524,0.24025448196323074,0.8502315340765024,0,71.38377835882477,0,0,5.2417931788300915,2.5572929970710305,0,50.315733121869776,6.00194745658058,1,-0.3047564372662294,-0.4276703895705178,0,17.272583228918002,17.809362226943094,7.499244783358854,11.336498611296012,25.50261452403225
1,0,-0.711990951134518,39.228627729894285,6.966042261453759,1.9116323156412032,1,0,0,0.4583412566047034,2.4290040047380335,0.4024583970983148,1,22.351291297780172,1,1,8.710222448638977,1.3289995872154445,1,25.102167430829567,1.1069111077582305,0,0.13079047460995658,0.17811065577973453,4,88.69471805934397,14.547960762810458,-7.845563693802532,8.138407477789773,32.95967017838863
1,0,0.8805986985384479,61.71612829146006,14.42397828085103,2.199815424346694,1,0,0,0.733171285251606,-0.4486180749995844,0.28334712288639174,1,22.628918177313654,1,0,8.796975704927156,2.298129399242426,0,23.049630234786918,1.1426829518073285,1,-0.09107750875059968,0.9168194391754851,2,67.17728480209298,10.82299184605758,-4.076293153475211,13.775027028879311,68.43908808985057
0,0,-0.6790551513909161,26.91215323116181,64.21810900710972,2.7279940707375316,0,1,1,0.14377362585592368,-0.6023633383402464,0.8851413556978656,0,32.832288710754696,0,0,5.081919159219442,1.9524082097349604,1,59.28520973961937,3.2775372321123504,1,0.32166818285346893,-0.2838377374934357,1,48.48578979730064,17.597176025816733,-0.7520073721014935,3.088239913073909,51.3583330713466
1,0,-0.30747608647141117,69.30229087378456,0.5335573330849774,1.2886712875044246,1,1,0,0.9967692827373498,1.6355720291742342,0.5243000127430543,1,20.120804662664913,3,1,-9.738720687617718,1.7591589015084768,0,71.67269307399502,0.9950372517353361,0,-0.16648431162240904,-0.8496438000238122,4,92.98207834333905,11.044420310409595,-5.678539386647329,4.721962309328185,60.626034581460104
1,2,0.9505956883935502,57.321450873003066,28.02518550764387,1.43456045268666,1,1,0,0.6328366337645142,-0.7281101960833362,0.1309787856208871,1,29.200605880466174,3,1,6.9800334621439895,4.730618802524707,0,29.623424764489226,2.152392881327583,0,-1.1540129978412577,0.08174453463973266,2,62.43418683215928,10.639177896025561,-0.31795776406876897,26.50362048886299,26.7119520681378
0,1,-1.4219366715673758,38.97543248939469,79.12104730579586,2.3972449463989154,1,1,1,0.502433084590411,0.31072759459228433,0.4077202988786802,0,52.59658489625722,0,1,-0.7892967994284241,3.2535594509166925,1,1.1467763340678516,4.629219498257109,0,1.194516712830065,-0.4083147802200352,0,30.472178425092807,26.8051468614103,2.042416833188824,34.51598757726498,59.5263445483928
1,1,4.556332525706461,59.304229788655505,9.879261302350761,2.8066926541310377,0,0,0,0.446115553259867,0.881804634834342,0.5000156371823966,1,22.816002444791977,3,1,1.579024214352005,1.7082485538079613,0,20.69310659473853,1.192568572408503,0,-1.6488980229132952,1.399705485480021,1,90.39210120445568,13.500422791468953,-6.2919226362339655,2.967260218228378,25.166057457719354
0,1,2.208738646187337,53.44424178767163,76.6152517633656,8.10982103890362,0,1,1,0.34682790278093867,0.19148918790160313,0.31745620126548757,0,72.62171104177561,0,1,-2.37258913562936,6.774497805811784,0,69.96643038242243,7.194196367441228,2,-1.4026956208748853,-1.1631173174193903,2,7.901450499854034,32.60570209524741,8.381922539063858,33.84053766291529,23.86667997454329
0,2,0.47965456964093045,30.792457515211492,84.95723554977874,4.025767930520819,0,1,2,0.23769019745227016,-0.6666775513918366,0.35852047044451785,0,68.62503313910081,0,0,5.505401331876328,3.704190651016793,0,14.80268461800026,6.570507772431438,0,0.7962780966368437,0.21452072038747189,0,11.935698080897112,23.998641624394914,8.273875329820655,29.460669302637452,28.6162681183456
0,1,0.23160729956575413,28.225814601572964,59.571499423748065,4.784913485120174,0,1,1,0.18715222924038644,-0.3270473605762533,0.1186370292777646,0,35.873853291808686,0,1,3.4483792904796733,3.5290976090465325,0,42.15198336938229,2.935214519373054,0,0.06705815668284942,-1.444789986693785,2,43.51218314919776,29.81909744608086,4.003163040096879,15.701353697893481,21.501137805128007
0,1,0.5381017945202144,38.697207259768604,66.40442599129824,1.6470079882358788,0,1,1,0.3069710250744931,-0.39538712797892195,0.2599687751352986,0,33.47613303482223,0,0,0.04897017936007053,1.4394180379204897,0,32.510786953018695,2.811793672476714,1,-1.0697535069645598,0.2792290766106277,0,45.247026901365736,10.97512877089374,4.60962357585788,31.52660645767098,50.42690874031244
1,2,0.626223175945759,54.846561647557316,55.590387984890995,2.3913932930993727,1,0,0,0.5288327193041635,0.716846814378559,0.1697601085076466,1,21.506144863502037,4,0,3.5648440247806477,23.150755296025793,1,50.14080803205538,2.3915678149308706,0,-1.2757299336963768,-0.261685045577251,1,57.44678525554168,14.759601809740612,-2.9542263813181204,25.7410528712496,38.68121408943726
0,2,-0.7984690851016145,41.251581985113056,81.10619653515592,2.223963054477278,1,0,1,0.505293288529955,0.7773769275769061,0.8091066654365591,1,30.8102997185429,2,1,6.277302476512645,3.1032694810728523,1,49.8858107502511,3.3497294825950923,1,0.17078912949275837,-0.8995658821698025,2,17.409495634372153,20.638054366450827,-2.5606481024671615,29.999125406138525,42.05382115977412
0,0,1.3748221362009998,32.31676038059919,59.49736457649707,1.9417136674893418,0,0,1,0.26469655968892913,-1.4190918424378605,0.6576677396913806,1,18.136217197933476,1,1,5.765874107785114,1.3851963996249135,0,8.360308349755531,2.52488449650274,0,-0.9975080351098051,0.12613751447667784,0,59.81105631743916,13.102062298624189,-0.11751626569038365,13.97341106052135,55.63836748380135
1,1,-0.4037259214131443,52.93677109178248,21.14029625529133,2.5938106718280554,1,0,0,0.7433426416278227,0.40680615363856687,0.06887095017993766,1,17.20989870487461,0,1,3.3597473514934784,3.3066021107214,1,78.08190027980191,1.7866498438115674,0,0.09428151465757273,-0.10156529309432033,2,77.36587427039983,17.16998436458407,-4.312401339912392,21.715087614406407,37.69122904690191
1,2,0.12658071934347995,64.39975190365355,53.41935157476797,1.655268858210156,1,1,0,0.9028679815119992,0.2258935769543719,0.6038464851864082,1,23.004615152405535,1,1,-8.045480764350968,7.177031875591706,1,63.94984159178612,2.5597114170830255,0,-0.461614512733169,-0.29099549841446354,0,52.11261743208938,10.327342564605502,-2.2945108134329404,27.98580303107736,61.49168715101691
1,2,-0.18497736514898863,68.4024217413806,8.998730358133539,2.0596073457104476,1,0,0,0.9819076585301119,0.9548821564386637,0.7073180205625594,1,22.779466217205425,3,0,-6.358267363058214,4.644794976566725,0,11.293442446824011,1.183240259915298,1,0.12205573752314121,0.14897315342101594,4,86.73939546424147,15.028560611207435,-7.212453359608206,17.266508945149912,32.48101223443188
0,0,-1.2238885767330814,22.00193711266169,84.03782035053544,9.285434745808937,0,1,2,0.15135256612642684,0.0773910404051221,0.3140521867282696,0,76.43646664439291,1,1,-0.9008871527835609,1.0277220006446752,1,49.56642495067684,8.378170214954272,2,1.354385781824685,0.4551291909080077,0,7.2015792320747565,39.252740205592275,8.967943780383262,9.692841539948205,49.419672337559476
1,0,-1.246894601318392,69.96897480001317,0.7925655239252538,1.427225833747045,1,0,0,0.9999838434814633,2.5953369644965427,0.15151843432296375,1,24.932260534522534,3,1,3.2730591824544106,2.154335189616598,0,70.5995074761328,0.8021958167572057,2,-0.3046493484602146,1.2547425961533194,4,96.92481427663499,11.914823591572308,-9.174460146644952,38.82211394513664,69.90009167461119
1,1,-0.9895297129036617,37.57736554909078,69.05217215515034,5.497278732647367,1,0,1,0.4035624650773156,-0.16418156348202123,0.5174485161564836,1,19.715560254217227,3,0,-4.78575310770291,15.43580642775163,1,63.21583739740993,2.4311605224979123,2,0.9220642720183515,-0.18837019472118932,3,52.16731395276095,36.9022685305471,-5.918909640860004,22.70705867524245,24.573262042984254
0,1,3.714771209169202,55.11320405521165,44.893304182742675,2.481168421539114,0,1,0,0.34690147666968063,1.724786535074883,0.46205980050293977,0,22.473882771009155,1,1,-4.63225167229508,4.662584796650719,0,50.519055570027405,2.4797953582993633,0,-2.4431448187733094,0.7691043155384056,2,55.399271557795785,8.14190780896797,-0.006318564661176751,17.236941340008496,25.329764052058238
1,1,-0.46810605244130954,22.630144667252573,82.94992850353403,6.329786590763593,0,0,2,0.1121649648129649,-0.28862652584909376,0.8372960137003893,1,39.24556526106755,1,0,4.439518130609773,3.7716556563239565,1,10.5539000028564,3.0644237768316787,1,0.24690000092455203,-0.4939812728127664,2,36.0552670516365,34.39829587759961,-3.9862504396465503,19.951434435913164,24.496444847559154
0,0,-0.9199559375269866,24.629920348264363,58.86127654739346,1.847351329448697,0,0,1,0.22312322712792254,-0.3082564417080035,0.6901598431035907,0,29.761657276192288,3,0,-5.630009652782909,1.0603194353411487,1,51.54832293943454,2.200699280640148,1,0.11829857161116324,1.233998075018637,1,78.8862192650727,15.727678954808948,2.865932703800503,10.906112019229933,40.13138663609179
1,0,0.9484222301092166,49.5315206483712,38.4069540563965,2.054098289543425,1,1,1,0.4457448002443619,1.1725002794934125,0.47098171323374016,0,32.412300849882946,0,1,2.948520644153408,0.6135251373905942,0,45.53582515583624,3.3578648005539264,1,-1.190054008687561,-0.469803596548723,1,47.33700521035782,9.960332235202323,4.4707070183079445,29.796330399131584,52.69946316666773
1,0,0.4611787298275852,49.33062764479547,17.03341237147055,1.4977147362675167,0,1,0,0.44959226490248055,0.47758615307174795,0.35847813325869016,0,26.188782303615138,3,1,4.97351467786574,1.1075831985670292,0,26.29204861287361,1.5394369008743647,1,-0.13719858372741006,-0.31592827903694304,3,78.63840224332527,8.602868528509678,-5.21589939989778,17.88273301881913,30.681310913271894
1,1,-0.30369335858560953,69.00853196090628,6.774253794041263,1.7774428930292507,1,0,0,0.989499775467607,1.3617333635934357,0.23063221416721225,1,23.479813580236243,3,0,-7.207630274997051,1.9650983352388325,0,64.49460298319453,1.030089930227021,0,-0.7389988207250647,-0.4542999876109324,3,89.2720720849952,9.47448487606649,-5.772979875746859,34.829101733799256,58.40936490459116
0,1,0.18184735713248776,29.996308517888238,64.08661129608272,1.974989184555061,1,1,1,0.30389665382895903,-0.389746015937919,0.1678203620459336,0,41.45858510143492,0,0,3.4647069782597555,4.845321903136017,0,6.347290235651588,3.425274047974785,0,-0.49093783530530627,-2.0961994070673557,0,32.099996053166066,7.346231586064594,3.073902203014205,17.66929478702386,41.15309542350342
1,0,0.48173922355259324,40.07194237017579,44.675936778059274,1.9340772193628775,0,1,0,0.2550514664487611,-0.9188744398064567,0.41660936372109036,0,25.990943193681705,1,0,-4.637650623199141,4.534229649628765,1,41.28224914889904,2.3828694342386916,0,-0.6244775062740482,-1.2649262079753445,1,48.28879914902874,22.492340090656082,-2.7719720006545954,9.8557104348097,59.47955625639951
1,0,-1.5679011926970632,26.694106920157786,46.89452508995732,1.6464761674702264,0,0,1,0.11039778076913209,0.09249687068685827,0.7605994044960196,1,21.737014196690765,3,0,0.5280273273152698,0.9491613529664518,1,12.18779348881096,1.9558037907815744,2,-0.2999938671123076,-2.256787025950683,3,54.15800958272408,9.08281477974715,-6.677556833485379,17.691239750067737,42.61705322454372
1,0,-0.7971177646897207,42.073344345216,91.0921672749303,1.6759742972732654,1,0,1,0.4142148328512041,-0.63059371306549,0.9752873395114636,1,43.30133353488124,2,0,8.103144842276016,3.3553134497120585,1,50.352787764908335,3.697235670888743,0,0.265514259722962,1.2918665851553892,0,30.00194367929118,10.62290779824866,-5.81144495045093,37.50684404836835,65.54942800858991
1,1,-0.3867584061019593,32.09590179343161,79.29587800521973,2.7723684837785876,0,1,1,0.1776492479753337,0.579736379064555,0.7639544501749218,0,47.81188348487451,0,0,0.41728896124280723,4.121192119997856,1,34.930750464203456,3.727614483640581,1,0.4536688002196103,-0.22919498483693518,0,32.49984595097216,21.834076957947765,-1.69830586318637,28.50411247218862,41.481498122587496
1,0,-0.07781654123188377,43.755246713172156,51.13535681930623,2.0062887520164314,1,0,0,0.42919669975025554,-1.3334434044173333,0.8446072195907002,1,20.115526591519824,0,0,2.988840790252956,2.4386526498269734,0,58.212796188745145,1.7845093019248817,2,-0.3779981718300202,1.0566261615417676,0,65.71768733068218,12.605417400382928,-4.487370712445758,9.17977801174969,28.823554137515327
1,1,1.4931089629532002,58.81297174847543,3.579832699012181,3.6346011278859383,1,0,0,0.6469082882025754,3.2046225620502455,0.5633637001942823,1,22.464534400517735,4,1,5.599201901720331,1.4716205367126196,0,9.19725109549339,1.0088827166421157,1,-0.8245385704378289,-0.08980075412674965,4,92.02433027333166,10.424665603001003,-8.428471549553977,21.4372185667817,25.740638045615945
0,1,0.6619637409574011,28.340623793110026,81.77191343447696,13.221747420040504,0,1,2,0.18806295320952265,-0.06375400421223933,0.06318308373676557,0,79.57720469821547,0,1,0.7830101749223672,1.5290288686888953,0,72.92451380687655,12.344000784094296,1,1.024294937494111,-1.6041511316305912,0,2.0696580725979628,36.80715695138332,9.986132818274434,31.890047655551648,27.99326225501163
1,1,1.0466652276119428,35.791922269905776,16.994497579739132,2.1839107875936126,0,0,0,0.19652440447260283,0.04912870706873673,0.35299113053019715,1,20.072777863936928,2,0,6.943936033664894,1.1612688391314907,0,12.2993416708176,1.3054963515011382,0,-0.7304703039643772,0.6485571174294339,1,86.39185570005652,9.89327158346181,-5.318874942412136,5.884051713472129,24.485796772149108
0,0,0.5665295892567676,44.530676652440675,35.11354536207503,0.8269417782356714,0,0,0,0.3396720537896508,-0.08887491087731313,0.9286306762843897,1,20.38770302040831,0,1,-0.6425106755067276,0.3883330461039798,0,46.54560472511365,1.7065109011631687,1,-1.285928093205872,0.3581402629463874,0,73.80922026097015,20.616770584862675,-2.9758771472664947,4.04292325970093,52.70569852151847
1,1,-0.3656179045313322,66.03713644073608,55.311542462966,1.6875062863537338,1,1,0,0.9800481172324733,0.0259084216596109,0.6950362661853647,1,31.00181242290335,1,0,-8.258487661801405,2.6106572734902986,0,73.24698946785671,2.2815080802972743,1,-0.09616676438112277,-0.8219710289158441,3,53.063289280038774,15.373218317051283,-4.495324809805047,18.49927487718771,54.20350505215347
0,0,0.6751412441748417,24.190641030245118,66.09081789196402,3.4008283585898167,0,0,2,0.17637636412647367,0.4153532821591783,0.9352356018746639,1,23.062113569077987,1,0,9.984772185317809,0.9372138978622778,1,14.759463459010785,2.294104697966433,0,-0.3184067033209646,2.2119669544704523,0,59.199942821353915,18.433158017300826,-5.424923809877884,5.39697600770463,36.69125880775886
0,2,0.07946113345495989,25.743221852726748,80.3460696313076,3.8464611506410815,0,1,2,0.2521232607853071,-0.22639749120551764,0.6144687565234818,0,66.25287834487511,0,1,5.538214652813956,8.886611090835565,1,21.64819587951908,7.099473044348423,1,-1.2198022381203626,-0.34277466941973556,1,15.400858044578719,23.21641572584398,6.375023085697645,22.182515316971553,26.11776810874908
0,0,0.4564290056068912,36.725746750662374,81.55110531839586,2.738964639505853,0,1,1,0.1753921062522501,1.069684665557957,0.23629423273468203,0,50.464296986247504,2,0,-9.308478820964028,3.8195815425592965,0,16.355231156077256,4.470295184644123,1,-0.37443545225593766,0.1484521020866685,0,28.82272478112753,22.63631655384673,0.3289112514163044,37.44051252335946,43.84480405437459
0,2,0.6886724276807263,57.56413177037272,27.183748315281196,1.8670009702075214,1,1,0,0.649232308062881,-0.2583632439613678,0.00484511344452937,0,30.46059069349793,0,0,-3.217146798092932,5.058785848524937,0,60.2141481006025,3.169636442353309,0,-1.5746943480746538,-0.4481344954716188,1,48.51676968667537,8.678341998541288,4.617419118445216,29.49951678584794,53.32355969727236
0,0,0.03484378481028081,42.12122156231483,31.44306298858517,1.2902716613212872,0,0,0,0.36794593763396444,-1.5331281327917443,0.1384619506442757,1,25.502926363266745,1,1,-7.40583925601583,0.7847608825757888,1,73.85573144822379,2.082062171990755,1,-0.8074283423892726,0.4646192253607226,1,68.43320468701167,10.275729906663603,0.5027234265869645,29.08581310474429,55.820492040105606
0,0,0.303548258561961,21.151077804233093,83.22747051936979,12.445455054623913,0,1,2,0.14992486275687283,0.16316833285533705,0.36765356588355946,0,78.93691246790668,0,0,3.200277924574685,1.155025197988734,0,43.41230181928361,13.27827867813167,0,0.9780545473789676,0.34525782710716685,0,2.5648477114741333,39.255165305660434,9.846865561688503,10.820641667867733,34.118284756913894
0,1,-0.2162960998311852,51.79220818418224,60.08080685630962,1.7701289282329709,1,1,1,0.6919981145169264,0.4576333832617485,0.3800077398371367,0,21.333750401004288,1,1,3.7441876394876754,4.235117232635043,0,60.576563253187544,2.6568247480089884,0,-0.8806655659801294,-0.028593452507630252,1,49.26924518086653,11.279748222468559,0.6758748197375155,31.34443252951497,39.175883599708804
1,0,-1.4970648095622374,41.59501072256677,4.607314154402636,1.797806691119066,1,0,0,0.5481600174345233,0.42548148335969554,0.2280095590145969,1,21.182958687283076,0,1,4.770564065111163,1.3510749758693525,1,12.6423366227771,1.019880423410056,0,0.2604241762540101,1.706638244173618,2,92.99314767422334,17.033758075712505,-6.009485433802805,10.71397419347495,64.72481979010333
0,0,0.4118938064174979,47.28863188856211,19.75979878384554,1.5409077136905553,1,0,0,0.4796837319264158,0.5827392403994504,0.4922522033631915,1,20.324667541130363,3,1,-4.868405748566759,1.169535926229601,0,53.69670042158571,1.290045567427935,2,-0.31674339161484205,2.926273522031947,0,80.6252218867282,10.931037807599628,-2.487015868763897,5.837912142196087,37.777125474812436
0,2,0.3389947719972339,35.54820715443331,92.72976303732558,11.381404607854467,0,1,2,0.2649240444545513,-2.3444045070149184,0.13940996521795185,0,74.27474579952384,1,0,6.679394185072958,4.764676605915582,1,60.28502075469886,7.284531363307459,1,2.18979889705264,-1.4329330297667224,0,8.616031114035083,38.34605134793016,7.580812419601429,39.848327467105705,19.82269551728286
0,2,0.8192142030506334,31.822601826767276,86.61562634189362,4.069661738189666,0,1,2,0.2158730272878685,-0.453577890882234,0.6009069177896953,0,77.40719820205867,0,1,4.156920816684234,1.9841219358938165,0,13.479971155200614,8.719737306648486,1,0.06423575160265624,0.14777431788355616,0,6.474192811291085,21.02790015948683,9.153103751263501,27.795953592315996,34.13522557408797
0,2,1.4751883723997343,63.05655364246077,57.153783761,2.2392028813601934,1,1,0,0.7632824764185504,-0.009234155972226064,0.4473569401531196,0,23.352454008203516,0,1,0.23221465780154382,8.299618040922068,0,1.3205423988659115,3.210844818784935,1,-1.2135789121125908,-0.12770753881429714,1,35.010465303019444,7.340951184787457,3.9200141253013125,22.90396917599643,52.0379837025288
0,0,0.41878279033597043,39.28494233585599,45.5773465619987,1.8984997830956187,0,0,1,0.3412922652821591,0.3369220105327619,0.7338439477688966,1,18.272169609174167,1,0,9.98397540668947,1.3884682510895243,0,45.65887750543873,1.735402090258658,0,-0.22049041382655254,3.5068222179874886,0,70.01674679870837,4.326644575925609,-2.2424183875506998,3.800806179661429,32.90077635408335
1,2,-1.6369439220722597,42.71281656256983,75.8715026127846,2.05931902042734,1,0,1,0.5602849663566455,-0.12792864406279203,0.909881973966368,1,28.666602776565604,1,0,3.8656139817804753,9.471550661883096,1,41.81465545261488,3.188016513445518,0,0.5551481285619674,-1.431006014590496,3,42.94950035238942,21.371993921705652,-4.871183850469077,18.195167475791717,34.71399800939302
0,1,0.11636384261275277,43.21652322397689,70.183444128619,2.039557672605883,1,1,1,0.5258642460257037,-1.214678354327714,0.9182988749949136,0,37.32799502772807,0,0,3.2519060111510907,3.026358830587473,0,29.332767102241696,3.189768994256039,1,-0.5692794146180462,0.37955499917374586,0,22.87729725112974,13.463714007113442,1.3829280131130268,6.261208704005075,67.65189687478055
1,0,-0.08039701374517756,52.5615439424721,23.944786649933157,2.05564095693835,1,0,0,0.6118741106222529,-2.042102450041182,0.4548500894677354,1,24.29571276356363,1,1,-1.43526451174157,1.6638171049215233,1,59.90045485684156,1.337805465146756,1,-0.3780813330646992,0.7882411819871321,0,70.34905168974645,12.169643714507599,-3.229646490985898,11.721921653952476,68.07763571341525
1,0,-1.7017031295177597e-05,19.74357147885369,42.84085024766729,2.17010564888572,0,1,2,0.18608755506419977,0.2764759228455895,0.6358999650518744,0,24.305312272063595,1,0,-0.6829434369125735,0.5680145809196404,1,28.381704409392874,2.4623173126648377,0,-1.2201726381491858,0.22455828938792502,2,57.35462699981315,12.496612115392125,-1.9841598939928762,7.62259349115496,37.93584658438279
0,2,-0.2329943935478043,29.057393091580835,94.64569611564012,5.900605149052941,0,1,2,0.18119338055710044,-0.364743551097973,0.43083505788724447,0,79.31640204862765,0,1,4.8925531504560205,8.372971197143512,0,4.2617154386130585,11.30836622324963,0,0.4875527019280662,-1.4561949633151867,0,2.05788821488932,33.82136960529556,9.462125498849026,30.674595689108788,33.67488163679186
1,0,-0.6375341180578921,63.37391040255936,44.682161380055184,1.6323143777153544,1,0,0,0.9113399708410058,1.264525535482612,0.8598198158285976,1,25.662682020441704,3,1,-9.412970571677207,2.376183388230781,0,68.55006766529166,1.675698878503294,1,0.18533240262105533,-0.6404947471982758,3,68.89177809081738,6.393762366115013,-6.341886523398118,33.684865838802615,54.63768868313427
0,0,1.4082691579593363,49.48535140652456,42.35037004617831,2.1839019697262736,0,0,0,0.32670559275276245,0.623948593550183,0.5769413392863963,1,29.164786817140346,2,0,2.806231835244086,2.501364394695419,0,52.44640475647964,2.057001498498368,1,-0.769578344671078,-0.41663294227880576,1,62.8913483467127,11.344190524872422,-4.152009567607148,10.85507245792618,34.5659360399643
1,1,0.035166591266680626,42.44585242175421,35.660746334802695,2.7201426926609895,1,0,0,0.5052160110080262,-0.3603946793153748,0.4846924487459812,0,26.934603453443184,1,1,-5.464940217800095,1.8628979890035813,0,23.148948140315436,1.821241117788189,0,-0.3244409439323871,0.34113973520472235,2,69.91478067561816,13.059868298171667,-2.9773374320489854,13.746854582343282,24.954108752101902
1,2,0.29537303944240834,48.64938080110392,11.27817703757364,1.922821237582061,1,0,0,0.5496141049603143,-0.2903587054111861,0.23182059120734355,1,20.70234628874694,3,0,0.8042010079643127,4.387309099230694,1,11.995074940165322,1.22725487857933,1,-0.8532070533071909,0.6719468480308323,3,85.98239342297327,11.181734504376486,-6.38730753822027,32.62177701089793,24.244965320296313
0,2,-1.954032313692087,36.51555826888233,72.05902795799422,2.1885864677359788,1,0,1,0.4221816486892613,-0.6318301327959844,0.47754365585229047,1,41.47840954254281,0,0,6.832334389688505,9.14398130163024,1,13.715820774356583,2.2452561133315183,1,0.47706314007050343,0.2173265650955343,2,43.130104829082846,22.91406983444285,-4.744331133386233,13.703319918959807,53.54780400479176
0,1,-0.4368045526981257,36.987126547649254,50.639497691227994,1.9829613923552991,1,0,1,0.33746295035563545,0.8199189478618468,0.48134456985573515,1,25.90459877134954,0,1,-2.527215713788885,3.91853411871631,0,24.89862743470016,2.130112293609475,1,-0.6699019634206521,-0.2350934585019214,1,55.51726548328345,15.346243416829344,-2.526473842207401,6.362454057349797,41.92992588095723
1,1,0.6737188751853785,31.480648371950878,19.917438942943793,2.0286889006031483,0,0,0,0.1965186624552065,-0.7873424213157025,0.6858913738496986,1,25.96770574560166,2,1,-6.3754876323304055,2.9507701250507075,0,31.099146232100875,1.425946295372059,1,0.22285163269598351,-0.18347213094005888,1,58.1602476530859,14.197291301449082,-4.247844762709346,4.576862403029289,22.265921363586045
1,0,-0.5735924881250292,35.711206974267306,44.059689986279885,1.1226246290322512,0,1,0,0.2773860585202639,1.0851817716565104,0.961186846215912,0,25.142978327810606,3,1,5.264593822023521,0.736607737695659,1,26.015814881191606,2.360670980031254,0,-0.48233402206659814,-0.5205378362619953,2,58.31408352274335,11.456974351210324,-1.5668087819653653,7.558941677019355,63.10823611608472
0,1,0.7869998152635094,43.86717578898225,71.94372267170912,2.313152283766015,0,1,1,0.2641825651428845,-0.407320805412473,0.9983406190203317,0,32.0583807184695,1,1,-8.505525515006429,3.393239940798472,0,63.69937462981593,3.349206182464643,0,-0.7503878007453639,-1.86917554068708,2,42.35782043394328,11.082043422244631,-2.1691195742476435,27.80389609127444,27.366279208572898
1,0,0.22719662546019415,46.29788345651418,17.187510709786764,1.3713494927658096,0,0,0,0.4345596072090845,1.0473173664792146,0.3129818892418069,1,34.58585492064256,2,1,-5.687198711494059,2.3069680328769344,1,55.05394485954683,1.566823705000175,1,0.6828749564612284,0.22665514561574354,3,81.22283933703793,9.999820609743068,-7.163308373331661,16.53504370036251,48.98409908915659
1,1,-0.743751535340982,68.51329489044306,16.24921327867726,2.744215589612142,1,0,0,0.9883038010063789,1.5978311123805276,0.41763284801305356,1,25.092846730311294,2,1,-6.9178246609346115,4.833584723784541,0,64.92545184697553,1.094203492579098,0,0.2923921965649215,0.02224292566236951,3,66.38263872691734,25.67802020223209,-5.977754881845115,24.874247232869703,65.95425941946436
1,2,-0.35441412432407027,62.076332032678735,22.665944552833757,1.784238678464389,1,0,0,0.9129495526617456,-0.33972182925804567,0.2762925469546622,1,21.94356058876113,1,1,7.321042423973893,9.55006518379723,0,35.01395568048963,1.5419383004440261,1,-0.302673294284196,-0.04778724472687299,2,77.4194696046624,16.90477415360419,-6.1716157059090495,19.564396269812544,33.87007673172543
1,0,0.503198735011398,39.37974308968092,69.57840308210957,1.9698855385922205,0,0,1,0.31753016442921755,0.752767039867557,0.9473988188551878,1,28.664863533029077,3,1,-4.021018181228932,3.6525180598314586,0,5.453107910450301,2.6083260663237025,1,-1.911657893580662,0.13117167674488261,1,49.14569229092589,10.501008445568091,-3.0223899671025967,13.285594324277994,36.38125224989241
1,1,0.7045501009625338,56.872340779095865,44.69882216246119,2.0630362333943664,1,0,0,0.6614335694043382,0.4477671478434588,0.438443603051715,1,21.540180467601225,2,0,4.149472234478697,2.1659369358322214,0,73.31468273535992,2.342501433987017,0,-0.07203309400404875,-0.5298631170814431,3,66.72413498550442,7.729474680402861,-6.390176945170851,39.19534349039448,22.561085159644247
1,0,1.0714120650660008,51.91329493265853,19.7649943991147,1.9164999398550167,0,0,0,0.4154272020591724,-2.0343283339767035,0.25966914767137383,1,23.359316676040347,2,1,-6.198288513016439,2.2445316578910597,0,60.946283772784824,1.376144412690178,2,-2.6862851787556967,-0.8135793147235101,2,83.23823093878357,12.883399600263576,-5.938651072231831,18.604145597462583,21.659023736500775
1,1,-0.5745240530682534,60.45136986782137,4.5900183429573636,1.0344843085479916,1,0,0,0.8769322014002111,1.5328940459140805,0.1583589816105433,1,21.670388276848982,4,1,-0.24192849689786655,3.019152604420635,1,69.45990512226628,1.219960183804705,1,-0.3486772972793698,-0.9926127489585046,4,89.97007898921733,9.726276531861412,-7.531471563466253,18.74558757632,34.80859566594691
1,0,-0.31200757803962087,54.649968779183716,13.381173430315158,1.4249286243087944,1,1,0,0.5406000394717482,0.8425275717842955,0.3432626313620992,1,26.83089923978443,1,1,-0.1809588091768184,1.3031339477672408,0,46.45191515944174,1.5615342323974453,1,-0.9018351982507529,-0.6587771210694944,3,81.83152481718759,9.887541290464728,-5.693110525764621,16.29125156703139,57.619955988373945
0,2,0.3961048349801866,46.05624621996914,76.85224709484719,5.141817265488674,0,1,1,0.34659924849453394,-1.5533027166951312,0.5144370498049324,0,66.57160474412441,0,0,-4.453725705819826,2.3294127325246996,0,65.16957250620997,4.32027253504658,2,-0.999661389453675,-0.6365809259420864,1,23.076861712270073,27.828986950032156,4.636452332787561,31.68970601334219,25.386324383354797
1,0,-0.28993877681253966,56.40657508486502,18.787569197545068,1.719266040231158,1,0,0,0.6901881382254142,0.25236657307143934,0.7765867232738748,1,16.632979451564196,1,1,6.432622752111982,1.6987093804384978,1,64.14212303005024,1.5231121201232525,2,-0.37214994984120836,-0.2881739504857473,3,79.66960603413591,9.95850910276314,-5.500328187145318,12.374409269490933,66.43303181611756
1,0,-0.19807810363969802,47.3484898765409,73.27751810541169,1.3034847951974577,1,0,1,0.561577919329735,0.5372921022507303,0.9964112678473644,1,26.405619709650452,3,1,8.473740200462796,1.815306622768382,1,34.465474450422874,2.5453379070470117,0,-1.0800816406281848,-0.46705803935460627,1,51.477425863694556,8.481985869953185,-6.390931841616392,22.690308154417792,37.81210777744012
0,1,-1.491736387146511,37.84428790662099,72.82138265946821,2.244007152291275,1,1,1,0.4067112120715596,-0.2884144862617165,0.7431365609297592,0,41.43701050416685,0,0,-5.542641152065669,3.2772374822955332,1,16.070781186879554,3.1794168637620377,0,1.6293837064094125,-0.030352574814116122,2,37.56928614345882,23.08602374126382,0.7336711614521718,13.315744133884406,46.11728363758317
1,1,0.2053922951998495,54.663448247560794,70.26326698513665,1.2960729008645895,1,0,1,0.8335285855413492,0.6394889198016374,0.9882455013309879,1,24.98355158411009,2,1,-8.627390599121835,4.410981467548364,0,8.070191603734923,2.882367306890079,1,-0.6079345237596788,0.9654535804482812,2,55.32854548889014,14.502958979856505,-5.4650201174609485,22.241644516202705,58.189555937311624
0,1,-1.00566440617593,32.706342084297695,85.55278590180578,3.035380985827637,0,1,1,0.2562354432983607,0.4793926721320726,0.4719177898114604,0,56.77810561256245,0,0,-5.242066205010656,6.200648252127334,1,16.3635944459911,5.501180137098807,0,0.7675452533871452,-1.2495771525731283,0,19.963430397219824,25.639151361550127,3.2509165797872708,33.90295268914478,46.38394158700856
0,0,-0.2637094811633697,26.22241952109188,81.44983428142741,4.747958418346102,0,1,2,0.13433652545588465,-1.4574405872200764,0.5962131958622648,0,59.50458326912971,1,0,7.198536391999433,1.0552567349148596,1,45.49015586099034,5.44819334943398,0,0.307822035660128,0.647539256264483,0,31.72661858032111,32.00685200203503,5.576518944164643,25.687004948302494,50.315054681146286
1,2,0.9355529917336989,52.232127140623724,74.76166349856699,4.054420419339249,1,0,0,0.5283632530037761,0.8780427783042234,0.9406619854713,1,23.19203382697647,3,1,9.90799630531486,7.156624340233553,1,49.18480052361375,3.3323141445450633,2,-0.35190480076060243,-1.3105672972831304,3,42.769459821133424,21.294344836724946,-4.321127233302277,38.148545317701135,27.369255682945315
1,2,-0.2675155190140774,68.75932026172306,17.43512597862092,2.111055048940977,1,0,0,0.9955711193736692,0.3529464086820733,0.7489310344057559,1,18.965932478125463,2,1,-2.7914835642137685,6.391481603507872,0,69.2233436486591,1.612261912327092,2,0.5179746511161806,-0.18840102615579907,4,80.3733128293635,16.84737105832523,-8.48925695074664,36.758721613997245,36.88380308624386
1,0,1.2692814606272598,45.11977531029015,28.864371705736414,1.0172269715895401,0,0,0,0.20849198293544974,0.3272542108107259,0.3517358025680516,1,22.00775342889741,1,1,-1.9382581053269892,2.3582901004692065,0,36.58431615946749,1.6427157974001152,0,-1.3927363002113426,-0.8761530010724357,2,51.14180510989823,8.94833967996833,-0.48722245105805406,10.57221795311639,44.81020213027318
1,2,0.08075569839096765,47.37814607281929,38.65823691703157,1.7474527937582751,0,0,0,0.4094635528649364,0.2073802377077181,0.2665256417167806,1,20.051839157897547,0,1,1.951279111034971,6.473252968260299,1,33.15655200249601,1.6929308022912395,0,-1.2307259977668892,-0.20609407548149472,0,73.04663712422159,15.141291793029845,-5.668269617457189,24.0665203679395,32.680123023282086
0,2,-0.13213781413360198,38.90042413466925,99.35492230209204,26.767744076967862,0,1,2,0.33280486584440594,0.23045113302332085,0.19865690165213645,0,79.99986437163028,0,1,-1.8792687403135542,17.840540215358732,1,60.414107287815824,46.10310343865984,0,1.7595689247538575,0.13371556555027275,0,0.011010607075156997,39.96397138776523,9.997987013776786,39.942838128706185,26.888949829256358
1,1,-4.002699567957185,45.27532139461158,58.48625530503087,2.453520158077262,1,0,0,0.7768644242956755,-0.8765613607965582,0.7166712123016739,1,41.98600581912933,0,1,-4.840016520623253,1.7958635305432218,1,57.18977255051763,2.2822444461339444,2,2.54424428917849,1.596634829980447,2,54.08253986600562,36.2814365225404,-3.3746650477401214,13.263480293549378,65.7662501489348
1,1,-0.9541828687368926,32.82027476082876,77.23699186561642,2.3252725831258667,0,0,2,0.21582991821717512,-4.7595918069282686,0.9265113096885988,1,39.83803582229873,3,0,-4.861457974658142,4.597540458080913,1,50.2824548469426,2.436595227082801,2,0.4267095363292117,0.5843013018978892,1,43.48815052593217,16.273641229128167,-3.3487041179628836,12.761051785006629,41.7579496232836
0,1,0.5790616412038382,24.22765917821724,75.57213410945927,5.193461806256554,0,1,2,0.17756130973263395,0.22577475380158002,0.42053757390176927,0,69.89078437870985,0,0,-2.7262096327399377,2.819591847278686,0,24.168908203723312,7.901021215589948,0,-0.7649820239114725,1.4902089810624548,0,9.300788245618936,26.813118980013286,9.488364928260435,6.527347250526374,28.598349487733216
0,2,-0.7730565431555386,62.36572704375316,78.95329171391919,2.137108899903068,1,0,1,0.8827776093461467,-1.551623990154546,0.7695494956123463,0,30.87421070932426,1,1,2.448409899516456,5.848403854058264,0,59.963033049413085,2.9194153719189337,0,0.05495315361999665,-0.175161699509608,1,35.95472449113443,20.73679444881334,-2.085805649470368,34.632539403732416,36.75783442076303
1,0,-0.5926278312355652,46.32635912911226,32.940271527904414,2.6097271452183044,1,0,1,0.4916097996115971,-1.4840315982788428,0.5900968842674451,1,22.478470997974284,0,0,-2.5372088305450724,1.3384447311557215,0,63.26294299615312,1.8552922540157162,0,-0.10367980451837555,-0.6391431288582814,1,69.39996985034796,22.84074980076381,-2.2147772308865203,13.773436749558407,32.65133871858506
0,1,0.6901740605759062,49.96408532647839,79.14879553235161,0.9451260315501594,1,0,1,0.5262637126275199,-0.9441852908418,0.33603437153157467,0,32.368732163122644,0,1,1.7611970634049001,2.8405983757118705,0,21.52933072365134,2.85737797541244,0,-2.165354428985232,-1.6747562619212426,0,37.24000091783453,10.983273925085433,-1.1127728701748332,38.43086714139128,44.46409647678407
0,1,1.5987306275740685,33.426133026468854,16.66730390130386,1.9726870996224353,0,1,0,0.1996905983665796,0.37874312891739575,0.006605556500201726,0,25.07644777466391,0,1,-4.428687358198966,1.6028810580458104,0,22.60539431264135,1.9153961947294262,0,-0.5396017753351299,-0.10960333798359607,0,87.70966773688836,9.505997109370057,2.762158197902613,16.755251868824566,27.369116689986082
1,2,0.5545176521469859,56.14806890618445,27.174933808177435,1.3502653559450901,1,0,0,0.6203639652237001,0.6151846729925771,0.1778732782006065,1,20.676364539906274,4,1,-0.3308189417379843,6.084567725325608,0,17.402762862851702,1.618368001176554,0,-0.8113194085080105,-1.3397190951570979,1,85.73303466622428,9.3309778198661,-5.028800476035478,21.7938860646027,33.824382573488734
1,2,0.4669124543636583,41.8872436582777,77.09121750664646,1.821609087486444,1,1,1,0.40948904605459036,1.934257690886923,0.6368197949919773,0,44.02973453705856,1,0,-6.668805117381149,5.688198200969469,1,42.879290179524354,3.6749852831614684,0,-0.07471844046230512,-0.20300356856393045,3,32.45428807854952,11.655506152023403,-1.9297676102607255,33.68298216446278,31.854474891493453
1,1,-0.17092106930442466,27.205801169623815,91.3659668768464,1.3233266644198591,0,0,2,0.21019436609684472,-0.7004507154756955,0.65671514916811,1,51.29831823001822,2,1,5.540813075503074,8.339465291586649,1,6.52112989701481,3.9605512893867285,0,0.026909594630158698,-0.3390365288879566,1,23.910774371244425,10.576002194005731,-3.5527573389285134,36.8946523388163,42.19902209494431
1,0,-0.4389087900265972,43.369329127928914,5.073249494058857,1.8986725184871291,1,0,0,0.4856033760237056,-0.11332630504615428,0.350138135480102,1,19.173098279173857,2,0,-1.7120685039041597,2.0591078423711173,0,10.751256925386521,1.1641328523708356,2,0.09906850321849446,-0.6604859352966196,2,90.00267630300162,12.345391689055438,-6.502320209025668,7.456280074623011,28.708451338405037
1,1,-0.8125533269149818,59.259015062802305,2.283889990453236,1.8026489227969478,1,1,0,0.8430255578284209,1.2112618955085688,1.9879914094245166e-05,0,26.17323131305346,1,0,-0.5610792981293784,2.3538807347544513,0,75.44139462080364,1.597064837270113,2,0.18129578839569896,-0.4145943801869874,1,79.65474399391287,16.26924783099954,5.467656828164165,19.42586830732371,38.62264931123647
1,2,-1.7710506467582163,66.04775317876582,1.3443122521839546,1.5942449930109146,1,0,0,0.978594510908577,0.5590779391268168,0.6771542098477434,1,31.523260310855875,3,1,2.048877934329429,3.0475980154018543,1,46.40385389258863,0.8068436238555058,2,0.8198212968079479,-0.4905468547278791,4,96.84968389920657,16.82215466862861,-8.392357929628,20.025469066172867,63.338765461194065
1,0,-0.08275390578232109,34.110794767105446,8.350779700327882,1.644760165758342,0,0,0,0.23614783381914517,1.3423926700265756,0.39801306523660157,1,19.46806028762961,3,0,5.572890125193933,1.4811880715642014,1,25.338330417226427,1.16753962312702,2,-0.0961044657531733,-0.8533509214719261,4,85.72075826866077,12.514252538211606,-6.686621465616515,10.62585544524119,30.50452259842441
0,1,-0.6589331685741338,18.46200770643564,95.44671625697251,6.069684560490769,0,1,2,0.06451201101374032,0.037428815510831076,0.24365859599097706,0,73.1472823247361,1,0,6.153077764160493,3.136076711707387,1,1.6383746452852677e-05,8.393896617607258,0,0.996237734422373,0.7097059367146811,0,6.866464726144839,34.10846793057172,7.554356459584547,30.80710882147189,43.00662839534233
0,0,-0.43633647511863244,32.3171491960348,69.39634939843712,4.330137772507698,0,1,1,0.2528774204875162,-1.5125379863840074,0.21880162446174956,0,53.90392608563023,0,1,-5.701598810842156,1.7632848856503378,0,62.734780009927995,4.97009458781976,0,0.2793542063926966,0.39127941919978615,0,24.597323438551083,29.72325724212652,7.351704454524143,23.680872036546706,30.51540141941538
0,0,0.38116143806814423,19.424186248384107,87.17878725790587,30.60537528840276,0,1,2,0.08295297354293224,0.36416765706083265,0.03249475104566896,0,79.99704384059606,0,0,-0.6220101905163471,2.8902222385391756,0,45.86806934696922,32.35960693371787,1,3.229075846381003,-0.2902531954369131,0,0.22017548499304596,39.97304712724058,9.9995569438897,20.6453503873656,20.994373785032135
1,0,0.28988613609662706,21.403985283431453,2.6855608858825986,2.928891091451041,0,0,0,0.10889674828229878,0.459856436217202,0.14924080274163914,1,28.552443265635947,1,0,-5.383452150113222,0.4465751298483415,1,1.087815416907958,0.8229754663376173,2,-0.27201822048001373,-0.5408875340808825,3,95.40946091206277,16.59460566096099,-7.7176516112319105,0.3021439443553775,36.36724166152251
0,1,-2.552985784570146,23.12469800155269,89.89031444360913,2.5051768072213427,0,1,2,0.12091497042909388,0.0691561793556843,0.2159826326006049,0,77.82400421784004,0,0,-0.8521634868619614,4.9613966062931185,1,28.56997877723531,9.603579897640817,1,1.4647754637955759,0.7176887134275475,0,3.9062120121735653,30.16638154970977,9.292898196640852,25.664627256520127,64.91675100921076
1,1,-1.1437695239963355,65.38947415763832,13.362645571126357,2.4068427523752502,1,1,0,0.9628884017598869,0.34860777711951485,0.7413870236635541,1,20.693257455576273,4,0,-0.7062614837395067,7.581018869823617,1,43.265818069043085,1.3056788425680745,2,0.3393765336004424,0.10955568355217774,3,78.32583453568955,20.44245783192003,-6.684414523007826,16.247195154379,51.2430897411897
1,0,0.7809556425211414,62.33790831828655,1.1933073201727262,2.797507291123902,1,1,0,0.8305907069740939,1.3887484309245304,3.788103901330997e-05,0,18.96909643032092,1,1,1.4128256087981956,2.3326624443068216,0,27.36633713687602,1.3015782666369256,0,-0.40531321430446815,-0.5881205942526426,2,84.43493394570083,21.81485802267789,4.851897182257261,12.772260391884798,64.10482760382257
1,2,-0.600183370146717,57.79691370196718,20.675836261676622,3.7315008194082995,1,1,0,0.8399533600157035,1.1385463352263585,0.6043609387576376,0,18.511265122231684,0,0,-6.1967948812628055,2.3598169297965503,1,21.824847050625227,2.1128038597873346,1,0.974389487386897,-0.5539750477610673,1,61.011440657033454,24.477892167246146,2.734662163793873,7.794032993584636,64.29760506200962
0,0,0.08557105592702667,19.296284438195784,98.93895669467771,54.598150033144236,0,1,2,0.13381699600598773,-0.5586300452099815,0.9236112479046854,0,79.99683600464864,0,1,7.86896816691366,4.492520345500639,1,72.60803500090076,32.28210311588806,0,2.7622173277323765,0.8536943061818364,0,0.05642526888087751,39.99997647353883,9.981194275733081,19.737712907057613,45.82442612155306
0,0,-1.3640744567463967,29.601289188424364,79.2499139922364,2.522180553585742,0,1,2,0.197751547767811,-0.43562389780799177,0.520262984762895,0,59.096247597330944,0,0,-4.638388603560983,4.497042412278978,1,23.163929113377332,4.866360891799317,1,1.4408559110548091,0.049937611305851316,0,17.71459003420371,26.866159241398996,7.4345847749772,4.4328814686604705,68.66775935152168
0,1,0.6687085748809258,35.11645219736624,80.4369948516281,3.9476861931833285,0,1,2,0.2175311746223027,0.9163475126911705,0.3083934728833374,0,59.000372481863,1,1,-2.7021248778626124,8.737006331956703,0,33.63060121119158,4.926168317472788,0,-0.42138335602555355,-0.870585969005972,1,18.898522134787658,22.598349871983547,4.693269733088442,26.475903535330893,26.144655094009874
0,0,-1.8516458805650442,49.03019565052778,81.78996650590086,1.9530504193663576,1,1,1,0.7464510538800944,-2.8839164893448808,0.8160009207746175,0,40.94558805616227,0,0,-4.181639139834871,1.7858127155064365,0,63.26283075384342,4.132671427819219,1,0.16088139248342298,0.12437442532196781,0,31.119107029281373,21.18534422255781,0.6780944408221785,31.559979790987562,62.77026123318435
0,0,0.2423471227520554,18.619333964718667,72.72536467535082,14.580467493261619,0,1,2,0.0595778205671203,0.15299210048259013,0.20903801787099552,0,71.10005901064804,1,0,-6.776372426868701,1.6527877178114185,1,48.12782448631417,8.885272220207948,0,1.2554987472602348,0.05938935177741906,0,8.133020278612129,39.50135763075258,8.950625585009892,7.757195069403647,22.09245661390954
1,0,-1.4614156732410049,35.76937354720927,40.6793892377859,2.0709251074515036,0,0,0,0.2951168821428116,0.7289277045532615,0.7828536344064922,1,21.112047127849365,2,1,-8.039601902348839,2.7864925206316364,1,44.582266819640054,1.7524827192053891,1,1.1146424368067345,-0.6932073554405944,4,68.44020142904134,18.17422960002791,-8.239863410411449,22.180775926186968,43.73855694444437
1,2,1.8546635453803344,69.63305446657154,20.341139273549963,2.0512050570920533,1,1,0,0.9931354059897493,1.0540262448485183,0.889297089124691,1,20.702175625142665,3,1,0.03349744029536694,5.744917980604178,0,65.61708422444993,1.7035395995438072,0,-2.216543158768208,0.40658289829097727,3,74.64137829377367,10.796515975739037,-5.006648279843149,22.990147458290053,37.460338200996524
0,0,-0.05854943409940615,20.57476190672567,83.70957882774964,9.223195985250568,0,1,2,0.12233546895095404,-1.9906752505234249,0.48584019024750563,0,57.78724392010622,1,0,7.3507071627916645,5.141902546897131,1,36.86066311723289,4.547518769404397,1,1.039008840757669,0.0058982513079647685,1,17.647738175306642,37.299751799917416,4.813112791032552,9.527533373767302,28.218613424496176
1,1,-0.010379369644559825,29.750461521297954,41.00809059540966,1.6240083369650407,0,0,1,0.09088740743249912,0.4661302094198992,0.5774093637665721,1,22.28065817230197,1,1,0.3024896404409443,2.836408495939734,0,17.560695901989277,1.6290021297759443,2,-0.642389177091061,1.9026338255953545,3,68.68602281266818,10.688974984011942,-5.711709194360763,17.51194729934529,21.990457909330846
1,0,0.08419375363499487,33.621612378990626,69.44648301268298,4.775277577639959,0,0,1,0.3155082779813417,1.0175461205465135,0.7341129269005757,1,34.93826928792927,1,0,-3.038275056442803,1.3944245529857389,0,57.66997239535734,3.044690841977105,1,-0.5344165824549146,-1.453397569038113,2,46.121650162468455,30.65471285317237,-3.924861579473113,29.077884835213194,25.84102255219176
0,0,0.08935791684503774,20.08948443921881,79.62692447789152,15.96491285960653,0,1,2,0.1247958958437016,0.8216968352606804,0.7563594674069918,0,77.27310785436467,0,0,-4.829467450263087,0.8173176467942747,1,65.06752725169326,10.29657487320463,0,0.9382309494211067,-0.761267802694041,0,4.123946609261736,39.568119763492184,9.588159276631323,8.559791438056518,20.698057887298013
0,0,0.007306238538716747,30.640639399078896,49.2300981219293,5.5894425574792574,0,1,0,0.18775944451902227,0.33779782920718515,0.023434123308240573,0,51.797964571717884,0,0,-7.145185513657543,2.1832928206919155,0,46.44473132717081,4.475919423328996,1,-0.0007756186486718205,-0.35672755325298083,0,26.424571518215224,32.40853810359398,7.314704293318364,28.464555879012234,22.43576015389103
1,2,-1.2293197971515015,60.327306448239014,55.73534974538275,2.1920421282266567,1,0,0,0.9099144570281621,-1.9345629340362684,0.5028052078091603,1,22.34565580108721,0,0,0.42606598082247693,5.842681033516515,0,29.627455884929642,2.3639957243014416,2,0.49524818628877576,0.13624719951524794,1,53.83704553584684,19.492238866659267,-2.253379630209224,31.77035378263883,36.594540214133616
0,0,0.15287983875382116,55.72531538366759,39.304066598987255,2.1671594718491134,1,1,0,0.6320475061327777,-1.1173366311748207,0.5390167248746405,0,25.817502498932612,0,0,-0.3248054979200763,1.3590895374139587,0,23.297268563969364,2.261289775903793,2,-0.3163691271770189,-0.21206187697208065,1,56.04984962781974,12.433833034843126,3.4882693234646744,14.783906313582907,33.08064182930507
0,1,1.417306715398747,42.70382446095692,55.15384473501529,2.098185970653202,0,0,1,0.35382550881639685,0.0693310182415625,0.5711972436350793,0,26.92287939218695,1,1,-5.889644141344137,3.213868414234977,0,30.862945762287737,2.2786374870255237,1,0.2989897335534978,-0.24176229689463263,1,52.31341258214955,16.150993086363123,-2.139286312500742,15.250843123413404,32.3001580087065
0,1,0.9104673612268751,55.63997689112516,57.51873831209636,2.104726585784752,1,1,0,0.5635301061323065,-1.5604178500072816,0.06400464604160483,0,26.70044318328977,0,1,3.304406018748862,3.4683463100268366,0,41.7756327558253,2.9101368201961475,1,-1.2877358079100896,-0.9877792368257924,1,49.63137544369878,10.02760267891273,0.388916433423784,37.15073080262409,55.028653365275105
0,0,-0.972885920145091,22.03915474514949,93.76355895129673,14.129918180233647,0,1,2,0.1951472306016639,-0.8103749043204493,0.48033094919442976,0,79.56383208260918,0,0,-8.795269489974531,2.0368611453982326,1,17.180001112272805,16.194450284204077,0,1.511261822231117,-0.30111859184719064,0,1.3919567193623306,39.816806796581844,9.789179137922805,25.185666704687524,34.54096542068198
1,2,0.98253508297579,67.14187812627638,38.20513916392561,2.221444834558591,1,0,0,0.950919956882087,0.45723078860286226,0.5553548147458379,1,21.917029724729904,0,1,1.366787950401843,2.924930649992548,0,39.77439225987217,2.0693508965899743,1,-0.690835557604088,-0.6269230464243817,1,66.87427622096939,17.055811251807715,-3.4127441646937617,36.05818126818626,53.47444847509304
0,2,0.3762096442906215,63.87199249220577,79.03982847506505,1.7732690923364653,1,1,0,0.8667184115126212,0.7707123922596721,0.46876527031084514,0,51.34208038795958,0,1,4.5290580846683,23.62909275814815,0,37.81703570149208,5.415442130959195,0,-0.34448132561102285,-1.249912523013616,0,22.796110952867345,10.719818511917332,3.855223365515945,32.06321328793122,62.00936278294007
0,0,0.22961071846844078,24.58648759779838,53.809096876182025,2.0572554981203277,0,1,1,0.13957019505776247,-0.08414626598461832,0.6003002404531759,0,22.01064861392392,2,1,6.08538591189696,2.595460317567957,1,18.281325376167015,3.2390821138422035,0,-0.5061794116905425,-0.967755117758104,1,50.651264001602655,10.032240682303755,0.9156357451173935,24.273714790598845,45.75185413547287
0,0,-0.8481852390012631,42.6675025222389,40.39003279591577,1.8102205771079924,1,0,0,0.43566918818863254,-0.08260374475572833,0.10671466819844294,1,31.241169219462606,0,0,-2.3291504229546742,1.918355906076563,1,32.104272743106904,1.9737269604276586,0,-0.004042597185823875,-1.4916206043910898,2,73.63287408701666,9.838335894288479,-1.2120649077417642,8.960986146328224,61.76396392464386
1,0,-1.4824456301343525,59.938821508013746,1.6492294846053301,1.8223967087192163,1,0,0,0.9203539261432616,2.2050035699972037,0.3982475861461026,1,21.11491731206086,3,0,-8.384145244015023,1.6845332696428414,1,51.798012685972274,0.8186415394466238,2,0.4805172239744919,-0.4784221148589696,4,95.32511910646882,16.242141583394265,-9.140076451044965,11.181560246363894,49.67154417500638
1,0,-2.1581452048701313,35.85208775220431,3.084273454259001,1.2128248019261152,1,0,0,0.34363388131225375,-0.3853969995726512,0.5892497439811023,1,22.079393309506543,3,1,7.478222919815984,0.42033135800885857,1,6.2895281110135715,0.989922801609367,2,0.05357620931853735,0.8923694741169699,3,92.3809838922618,11.80546656420245,-7.077214534976054,11.523969282504286,43.38200003403103
0,0,0.4772288221146696,21.33766925853409,83.98787997764818,23.9714164045347,0,1,2,0.13746127570087713,0.14531712411464978,0.23079451490528063,0,79.58674688779504,0,1,0.2449848883481458,2.4263710064381407,0,77.15719778599947,17.282320862653936,1,1.573522166415601,0.10243317937520224,0,2.2144642045665295,39.96271884566886,9.949740429451126,24.32138371761248,34.24408596399982
1,2,0.103350335312327,52.01586806984855,18.786076476347453,2.227313752921608,1,0,0,0.6459292153452558,-0.2102733165784023,0.36771720492656457,1,23.78012252590727,3,1,1.8288963440720316,5.9091313659281095,1,8.385240321764433,1.4536756465117102,2,-0.21483902468171134,-0.31155644098796764,3,79.85193705731423,18.797251992076045,-8.023842512066073,17.792063054490125,25.488340288051518
0,0,-0.414030617216964,19.673497775353365,66.11928770063452,3.62969663547573,0,1,2,0.0747152490244114,-1.798882602745588,0.08785827807713409,0,36.48657926123484,0,0,-3.722863066759629,1.3824998509275999,1,21.34471150341045,3.7836148312053584,0,0.32206451646742207,-0.2462420006854245,0,36.393226811921785,27.782216802354668,3.2982323122046235,16.909112493415897,36.98647947131503
1,0,-0.04891359303954541,59.11296656864748,5.1613526353422206,1.6435775017424552,1,0,0,0.7688888542842647,1.0215674855453354,0.28041639078733605,1,26.549057066325226,3,0,-5.041560586615139,1.1035469154598367,1,77.50832169206933,0.972161958947437,1,-0.35372151474747526,-0.21209747899066742,3,91.00755222386027,6.336173342433837,-5.198320747013026,9.956090701646259,64.0374197810318
1,0,1.1331346110887075,53.772113034826525,20.706846035145297,1.879420551152928,1,0,0,0.5465001928132428,0.15700990271383913,0.6053812867737094,1,17.6529620426523,0,0,-1.3569479531967623,1.1647954397633853,0,40.56509895927888,1.553764011231629,2,-0.27701902057053523,-1.821138051489778,1,80.06481905757137,10.070231404299243,-3.705606464551419,7.2187275084567215,27.232928039282083
1,0,-0.5078511677341749,58.728793224574034,33.42795243444182,1.8920855694084793,1,0,0,0.6898108101760022,-0.03046057970209507,0.6203898366565095,1,26.431727795610623,1,0,2.7794368648587238,7.783072899495476,1,46.12807116203028,1.6589342931009394,1,0.5980510241205683,0.042692397698126855,3,73.77423878062844,16.09025890841267,-6.06638259705615,14.171876452935495,50.741464478388984
1,1,0.44457993013663505,59.09741516356948,4.633468332344604,1.798704946276706,1,0,0,0.7958325315544239,0.9337633985087086,0.33473428869321886,1,18.113044824352315,2,1,-8.567710775163244,2.0434876644944855,0,17.712890873005254,1.0783851066868346,2,-1.0469728753205578,-0.21256750315723272,3,89.03602425807742,11.775436981711792,-6.188515592725386,8.20176907379899,36.29277529693849
0,0,0.0958580581201288,35.27857834707221,45.146077269684184,2.890781328184131,0,0,1,0.3048061783034139,-0.9602805406090666,0.64859588977915,1,25.170503780875997,1,1,-2.9898974902316517,1.1825951298104682,1,70.31549908274313,2.1209714551598458,1,0.20673077303516607,-0.5693534900283477,0,60.560361985044096,11.92065514431427,-1.1171080266861875,10.266283575075015,26.7365289614916
1,0,-0.29764239644519913,30.933933209489673,48.257174232743274,1.770780688729416,0,0,1,0.17472903707729165,0.752092040033442,0.15851827654809747,1,22.205927589065908,1,0,-2.2487409201137787,1.8104988855882955,1,9.291060203832838,1.7893349398261071,0,-0.6682970913454949,1.1481694131145128,2,65.15594952227046,15.24004070888841,-4.8914726010070435,23.62468645937748,55.52546712727885
0,0,-0.5602977756813784,24.475259774255413,92.32843945061407,4.385191299891727,0,1,2,0.21188267040493763,0.22083803293069684,0.527042857253108,0,78.01016688240558,0,0,-4.635634736665057,1.480514765295259,1,22.440387220437074,10.357718617523341,1,1.1370798726374356,-1.0065519011703565,0,3.6069127033827253,34.45183449991831,9.073772921227988,34.65995580183164,29.717885001762657
0,0,0.6635978893084129,20.683807098384797,75.22714491184786,14.186066725821787,0,1,2,0.16275258197067483,-0.4401126772041414,0.8335721240309049,0,63.23386576287406,1,0,-0.6903571695677719,0.7932319488802781,0,50.11034081523577,5.69344944636273,0,0.869963916584601,0.2671792336194628,0,13.953501596353506,38.66028530419925,8.519941566026347,2.1006257019781183,22.326844790403126
0,2,0.5310148185014861,56.430898899646955,64.0602843260045,1.7363545714030024,1,1,0,0.6159137367270304,0.6065775992485265,0.5306223472713504,0,50.63424753258811,0,1,8.801493452158251,1.9739395362703656,1,25.496801353238578,4.883738692854578,0,-0.4634617057206722,-0.2088364970029216,0,26.89878665104483,10.928528024109191,6.620049712130157,29.769271722800006,69.68987173029188
1,1,-1.146197206855326,27.148006534606644,52.216840710744236,1.9266860436988427,0,1,1,0.1759753245096879,0.31341340576985255,0.5669351746486494,0,21.79722004972506,3,0,-6.213980485191632,3.4594959084011734,1,31.461687044671443,2.7282241850515483,2,0.15567264332468514,-0.18595759302626932,2,52.1307066478674,18.40477971032462,-2.948014836927073,11.559996837141998,47.11390160172922
0,2,1.4629181700174025,38.825962964803644,93.34906072593621,6.004239426759225,0,1,2,0.21903562051584785,0.49304031641449086,0.8879681775631325,0,69.97417284194022,0,0,-4.495955684535659,7.9664293246697415,0,15.301971223667099,6.2539968203546135,0,-0.5100352730645802,0.9424802166711135,0,28.153167604970598,25.785580508558578,4.868355501415804,35.60608778488255,28.876965562184534
0,1,0.6275710410797067,65.40974149994015,63.64725684095697,1.594401105635151,1,1,0,0.901703186642151,-0.6263034383433207,0.552401691947861,1,23.000062912280796,2,0,-3.992309793977709,6.025923692418486,0,63.76705635955781,2.98625246291095,0,-0.605661770488688,0.13206299855731066,0,46.146252746422455,9.937918418975453,-0.8952309593328476,36.7868469208829,67.50318543325103
0,0,2.6028149007665715,31.8216247305525,46.66324079871513,2.1522508751729372,0,0,1,0.22326917230754761,-0.6303087724438112,0.3866865085167118,1,21.006445632707702,1,1,9.964283672124168,1.4506067799695603,0,11.058315920512594,1.7985300687021015,0,-1.5081288559454626,1.7323694900061652,1,76.22432423700177,5.402372568804051,-3.743407476420356,8.249905098033492,43.483465623163156
1,1,-0.19189443342594958,60.81893874281047,26.318660480472154,1.4094683000149502,1,1,0,0.7848972571519353,0.5417282010484662,0.8013060509267612,1,29.96603018764311,0,1,-5.486745551126305,1.8659932898636498,0,42.05229217072335,1.9963623758516769,1,1.12079625642244,0.5225036889101842,2,68.47722908625566,9.695519599916338,1.3204287364862992,9.600775010095393,68.81254774712943
1,0,0.1353036287012117,30.18235182007745,31.460721663477116,2.2954658190796375,0,0,1,0.19888747252196198,1.1778802674043591,0.7735910033736713,1,25.372644917333325,2,1,-3.401183947565549,0.6357865908797999,1,53.64611649147518,1.6368226045057603,0,0.6300219688867733,0.19950995657210133,1,75.05417547136422,15.119141313575128,-5.128493654598348,9.758402402210667,30.091334919152814
1,1,0.0021066768816471347,47.07960271452123,92.57558211547916,2.941727840341034,1,0,1,0.47832259783627923,-0.07534965650365688,0.6998995826219382,1,45.37228037994127,1,1,1.6735990954686386,5.790249153950953,0,25.438163425182534,3.2504658729083937,1,0.008869328700444509,-0.40860812879807173,2,29.66758907798759,13.227121185448123,-1.9132555775998163,39.71654726392677,38.893693646679026
0,0,2.8806956659739402,50.13511936142442,54.31164544807522,2.5769221357298164,0,1,0,0.3663436179847201,-0.9072433708495927,0.42591706924086337,0,32.37713527954849,2,1,-0.7592052066091419,3.341688792899296,0,40.81237857460607,2.8942765811589806,1,-1.937631802052497,-0.646692736289964,0,51.66818782668911,10.39775778479276,0.40192140347353345,13.408168799500384,60.072489176600385
0,1,-1.6220157549705194,39.62342441239306,77.97210186679105,1.550317915113467,1,1,2,0.4180663704494414,-0.4781527267806975,0.3759944360128897,0,56.79282735269624,1,0,-2.103594932269006,5.779992230461492,1,27.2681009808787,4.615217629434214,1,0.20023124720261615,-0.22883092898538993,0,21.762340771278076,11.328130513200168,6.956873567875967,17.870429394419347,69.69971972028678
0,1,-0.5948725039118963,36.027497811374026,93.86339949430318,7.262076892840674,0,1,2,0.30478915719620164,-0.8480649901042471,0.903385607811801,0,78.31774583217202,0,0,-6.960806018792502,2.8375213725971844,1,59.62317072338561,10.633851905733609,2,1.2044234763798936,-0.408610821759604,0,3.41723882229556,38.5374188222725,9.129655611548696,32.848333024586225,55.05790654125583
0,0,0.82218057222122,21.145352696609756,87.25605295962009,45.83855989386033,0,1,2,0.11464223677439656,-2.699019811726219,0.9032058871196549,0,66.6495479298436,1,0,4.1563726015271385,2.304556696446478,0,65.69031337922878,7.470868903874655,0,2.0268228728818065,-1.7000984500266894,0,13.286190502418426,39.99125339373119,6.986789318563744,4.993853987042948,21.637483665122282
0,2,-0.8618680904784974,56.40887682608881,66.98440947356656,1.789205486595327,1,0,1,0.7573143506882833,0.13428548902046775,0.5389902867332357,0,20.63865900980664,1,1,-4.598121751442832,3.403008704681801,1,53.952181915802164,2.3156837967766357,0,0.767000562159213,-1.0207922773171436,1,48.28108376501794,12.204603194415707,-2.468376041754844,32.04526730504319,62.01134734816774
1,2,0.26129285180487505,66.30048544750844,65.11750116881466,2.6121264158604216,1,1,0,0.9581076871427034,-0.08645322952735916,0.7775008956843061,1,25.42298974007661,2,1,-5.5443563285995445,11.207583467299095,0,68.27463182807422,2.8388287255081885,2,-0.26504760790687765,-1.6507697933078835,3,40.78135105369163,15.639329438365898,-3.74171006835898,36.896916725732055,50.06955484219013
0,0,-0.278262619269867,33.697454979205766,74.59019214807287,3.340628485964535,0,1,1,0.22205874258914993,0.05284303015886072,0.6605149369389423,0,64.32698708377467,0,0,5.796576050736338,2.508433734895879,1,55.72712690586862,5.560753034091851,0,1.5258938122350063,-0.3710934046136188,0,16.341961428233482,25.912753193482878,7.518321713895791,9.133875478059196,66.91996172285373
1,1,0.19083406535994865,50.87467299853255,15.667920057373857,2.031416822576363,1,0,0,0.6118911088361806,2.340603163766051,0.2640577826488766,1,21.636671619747876,3,0,3.3153034406475523,3.686994653243364,1,58.98027063556068,1.2336499831412755,0,-0.882154785700973,-0.5156689274305456,3,84.33740672834685,10.079128935215536,-6.921044721078252,23.531325990700736,32.71586042208873
1,1,0.268010228566964,55.924767755391386,53.1475279681473,2.2723008842222834,1,0,0,0.7505886032748348,-0.351523147078555,0.680632396611242,1,19.36443951627521,2,1,-6.68769694943451,2.4625676999626105,0,69.39588491962299,1.9618311089606464,0,0.20154451573802185,0.0739576256578471,2,63.28070051744287,8.22153489701569,-4.566704960923829,29.866964164956595,49.747864412327814
1,2,-0.4037295834629685,67.29865702861859,27.33006783042704,2.1218170985661455,1,0,0,0.957401993936446,0.3061103288218923,0.2671397379055904,1,39.030521098215885,1,0,-3.534872997025646,3.2206788867416085,0,79.88800371789061,1.9927702242762562,0,-0.3339071417680224,0.4917680859332695,2,71.83571732252652,17.267617688444695,-1.22793998330053,34.78133389125315,29.72231309055283
0,1,-0.4587391131960918,23.284238725752218,58.75865529808838,1.8071811423337147,0,1,1,0.13280052345897292,-0.10303414134478436,0.3911057663512111,0,41.00746934729939,2,1,-1.2941767768694419,2.5143696387665875,1,22.195212838026915,3.0091887842489506,1,0.5915295902302159,0.24499155673757453,1,50.472445418307686,14.755006022201552,-1.578127109300766,10.11673647954722,38.1525584281877
0,0,1.5291300997449846,48.74792377862458,53.53547202603185,1.6651407202136512,0,1,0,0.4300865324602965,-0.04880853191721874,0.6668968493838628,0,25.58501709908235,0,0,-4.4444341613947245,1.4971228967759627,0,35.46481110434386,2.3794577402392765,0,-1.4152573369307193,-0.3769306913219506,0,54.099893348006034,10.77270472059091,1.7087260667711668,9.904738917309936,49.52019099274551
0,1,-0.348932232352397,53.69933755593327,71.51398551370094,2.188482078114971,1,0,0,0.7409501019087992,0.32692796607015484,0.5681815498261303,1,17.876510230208837,0,1,9.999447627728784,2.7011395107372986,1,56.50256532408398,2.462757144829013,0,-0.20995487139717278,3.1633571862041854,0,50.98484190249577,10.736862485404393,-1.4033604663410522,32.805156033919644,67.2923024859391
0,1,-1.1026079126840655,50.892077285223685,52.72862701229491,1.513487718685633,1,0,0,0.8090506033677549,-0.887371979061664,0.5961258888111993,1,19.03445380390599,1,1,1.553461253268857,1.892740853870181,0,14.076022773449935,2.1122710735568795,0,0.35045099012199343,1.6767178651558,1,63.765476657956114,11.193335097355437,-3.6914081580950704,22.99877284547367,57.76144496342644
0,0,-0.35600643443724705,24.864315174670068,42.51183159670867,1.9790385632476446,0,1,1,0.18585325974987055,0.1072751710231778,0.08299403359855678,0,34.781358805415515,0,1,-8.91174756458257,0.8812532636911857,1,77.30610080117027,3.445408481095494,0,0.05619571450678083,-0.29863595138399396,0,35.574882660492094,11.886277522504152,4.879913067765829,5.875312520221867,56.93674548958636
1,1,0.2712258708516301,33.60687703264979,59.06401963473628,1.799810798985755,0,0,1,0.2711611570451349,0.34970094020225473,0.7517187728185335,1,24.149121392264302,0,1,9.772213952170333,3.0522130770631684,1,25.02951743926061,1.9585306215679275,0,-0.4678645834913145,2.262612001069624,2,66.73430849148104,12.05808376467887,-7.129541278541548,14.119290121406918,34.43355093216499
1,2,0.7512150927772454,65.30939305728523,44.19749048179221,1.8793733744730718,1,0,0,0.888122828043192,0.013884272937141508,0.9541555319260219,1,18.0903914269317,3,1,8.729550605979188,4.493271702612321,0,32.27257384607275,1.5999712764101346,0,-0.17530664260171022,0.9667939081407275,1,71.55983066322753,11.214362470678958,-5.456778194634747,19.69383230753046,38.14440715158933
0,0,-0.6286385766736341,20.811325896103288,97.67693036046819,35.014504752060816,0,1,2,0.10559103875222137,-1.5273718854155507,0.6202614476971542,0,78.91370850561687,1,1,-8.832429720275389,1.8715885936426335,1,25.683990018575162,13.373392411808569,1,2.736924305475641,0.5247804477547632,1,1.6860316363495609,39.99306103455784,7.3122314768398375,28.451953973857997,31.73335030968827
0,0,-1.619704352721913,27.355379208919153,90.63074818714858,9.18158346813996,0,1,2,0.15894507649471462,0.4152897254577337,0.918318473728295,0,72.60473651487636,0,1,2.3692730875842383,1.2202721914727956,1,50.3499508674404,6.586575827481039,2,2.1364416357293257,0.387041441546592,2,14.188768844105077,39.54771739966273,2.5811891486612204,34.48484160407959,41.86733113936391
0,0,-1.9138885952659037,22.238114566608164,51.83442248336686,1.6372315393013501,0,1,1,0.15739988576553515,-1.8546795023992673,0.5546006136467996,0,28.38658033182272,2,0,-7.15248107231858,1.6363179315284129,1,0.0012356385954692684,2.4434797702779565,1,1.2130261319776934,-0.10336743404723173,0,53.269706534510185,13.609331040776528,1.77025292787423,2.0383686418878266,69.11384043866124
0,1,-0.08342135199521059,44.820546357001454,81.18650022313012,1.9406632756143847,1,1,1,0.5079386495132502,-1.5481760566114728,0.48444728567183226,0,42.622803173323156,0,0,8.661478268261355,4.838655101242499,1,28.277017579866914,4.311634476401876,0,0.00544004722662414,0.6908343857158007,2,34.31590459331907,11.168870524590368,1.1752976624927154,35.44657540826791,52.4720091449049
1,0,0.24785426123104634,48.829392318862276,9.524491939309708,2.524997175016001,1,0,0,0.4901845675650955,0.8679683528038472,0.02514076037647439,1,24.37794074689969,3,1,-2.359915793649354,5.556576965115133,1,67.02710863152505,1.2837245069872272,0,-0.24907345811471093,-0.5774274686146522,1,86.1537699573012,14.315238557088708,-4.659367028662808,2.426939716258323,35.97977179377528
0,1,-0.14802523959706637,63.003671837467266,50.80191620556151,1.6167672334048173,1,0,0,0.8528796886702206,0.08516149200208316,0.479410914050168,1,32.4896395533128,1,0,9.803632632729858,6.330485691502841,0,39.565826623644284,1.8936407692014856,0,-0.35535904181099154,3.695906381197543,1,66.54599678771183,8.7239795431482,-5.826391310035572,22.697650740553716,68.85601883800106
0,1,1.008433996989991,24.178834394826374,92.54058579378209,20.193218133583237,0,1,2,0.12769302939620625,0.4721957526666983,0.9557132416279002,0,78.61685057030566,0,1,-4.684583661411703,6.0079449623832835,1,69.33039450364942,11.498526085671248,0,0.70704777326018,0.8842328483045562,0,2.2824498179534025,38.99107001909579,9.443516827545167,9.752002555017727,23.098467532428145
0,0,0.896053662903559,39.83722235721261,82.9226959209802,7.035773104809298,0,1,2,0.316214379719982,-0.7084681468121871,0.9997413719392023,0,57.61822819780172,0,0,-7.4194619830925514,1.6795622500843443,0,74.97954567594641,5.679477781580159,2,0.5982060452622828,-0.4827282100934967,0,18.91906281561848,28.75229294255149,5.121248781012024,1.7535727216086427,48.56744613927039
1,2,-1.0392998913180438,67.32839050889599,3.028597339949118,1.9792796308865395,1,0,0,0.9839673180359729,2.9086728469739027,0.48218449210549713,1,17.388154712196126,4,0,0.6983111556240562,2.183300237317514,1,5.493224984617884,0.8474832267524226,2,0.3668883965053694,-0.278799217070692,4,96.15121391748922,14.904869591042157,-9.480164640793355,33.0780049136904,52.951295652676635
1,0,1.27232477575584,62.66146440429545,3.0169505162593255,2.3101980648290708,1,0,0,0.6650689749296201,0.28550611426728734,0.28375711921313906,1,17.663117629848998,1,0,4.328002883689116,2.0322461670819214,0,54.16666189396565,0.8701148956846412,2,-1.0506786940665154,-1.2166249941772198,3,94.04151724274553,6.785736367333561,-6.059685221016141,3.145187613744249,51.692520096989696
0,1,1.0418346365391635,64.24316259299897,54.62938287623372,2.5146170711791416,1,0,0,0.7894006600077783,0.6383695314779617,0.6895468590434217,1,28.420399505606486,0,0,6.5462545146518565,2.064402727567987,0,76.59943154900917,1.9758819502976595,0,-1.0659857985409675,1.3871157395833782,2,64.99835539127562,13.457670794429015,-3.560765088652717,26.148314483707054,56.25950660617227
0,0,0.3819411836027886,37.0544911088745,22.51136702980619,2.312610807233938,0,0,0,0.41478872118273347,-0.9850183495140511,0.16103760245177606,0,18.343046615990254,0,0,-8.75316901282735,1.655482798130591,0,43.721688660685054,1.6175023052189794,0,-0.2949811665582458,0.3538969647584235,1,77.38799115307799,11.145537154918959,-3.503207425986915,4.731691325570351,27.27115897426489
1,0,1.9148444063147905,60.33550822568197,25.549615143143267,1.3567420615937862,1,0,0,0.6231988388278312,1.485223951030634,0.4786845592791994,1,37.38337670439357,2,1,1.0453542501450812,1.2506786604845301,0,78.53371557970317,1.5007193912599888,0,-1.4899216733359233,-0.46550212247128075,1,68.91806486755696,3.99089945234566,-4.6356610923877914,26.910654198356113,28.634623250363326
1,0,-1.2606159431181865,30.778767900216543,64.55894191125267,1.512576522510841,0,0,1,0.21594917060389013,0.33579160882826214,0.7383342239843055,1,18.031617796773688,1,0,-6.121192880663298,0.9390150872942585,1,45.039406881090386,2.2271478475378492,1,0.2543606758648814,-0.5866262655438282,1,50.44342520035738,11.854359893391473,-3.1054923478299763,29.19124511183047,43.45406287405109
1,0,0.12595477100053584,58.72136510205531,2.9670479126229052,0.9920419841712574,1,0,0,0.6323101645405119,1.3138011858845797,0.7683080671275915,1,24.44622841380978,2,1,-6.32788337854968,0.5544078157170746,0,50.17877212018162,0.8319455027833386,1,-0.7552042709787694,-1.396296330612475,3,93.30281581921001,12.800777953025708,-6.486782744078187,4.6202697516937,25.367149621481985
1,1,1.7118373220646559,68.33222937621747,13.269123283276041,1.993462643239604,1,1,0,0.9069243934146253,0.9538154953247172,0.7795766557233677,1,26.848600850778528,3,1,9.352967472606114,1.8384060615847013,0,66.70929556557864,1.6088740260107497,2,-0.48177381645981826,-0.16804495183058954,4,81.41058259676598,12.698207100020397,-6.899773173495987,35.18496855334156,46.39698744320722
1,0,0.38860141460272674,69.2350082025844,3.014159134143346,1.839088743288618,1,0,0,0.994563610994328,1.9247674775339716,0.6359188072128341,1,18.556530537316732,3,0,-5.033372104034109,0.6789452078228421,0,7.485893527803409,0.8432641014012869,0,-1.4408168258906184,-0.8814507683052354,3,93.59486427033646,10.842643061123356,-6.860991327015934,18.717887551547474,69.17300698161583
1,0,-0.33410565277488274,44.06753354873824,21.49915791373743,2.2597553918474587,1,0,0,0.5062915196936489,0.18999427622176113,0.47077901560809765,1,22.67981863648533,2,1,-4.0801802420092725,2.4793262297990584,1,69.96344827592415,1.6657842944938903,2,0.1968724104894481,-0.14180102439654713,4,75.33606304816391,17.953132146916193,-7.327706348987744,20.957591128024813,41.55045274603506
0,2,-0.9423894622366065,28.403407473717518,89.7119153935445,5.912647308884695,0,1,2,0.13898055894645722,0.12212581956633223,0.836710246116768,0,72.09525554664926,1,0,-7.015085401244477,3.076703834253424,1,64.71141769124223,6.116678069709756,0,1.436003600081783,1.909949396223024,0,8.759574279433547,36.00194379353101,5.608526430269654,22.224395693500956,36.69604728886674
0,1,-1.0736268396263167,33.69997062610736,84.80210901091496,3.1966663286590533,0,1,1,0.21484072585571945,-0.5209460800647037,0.5144256874628185,0,44.84180146824088,0,0,-3.407540062510728,8.61337206154282,1,54.49591205547752,3.7189937223402456,1,0.8293543994359135,-0.08447892675990944,1,28.09269825749946,26.32783284941354,2.703565732443673,17.208864109135533,44.14913617810433
0,2,0.8750890515543764,27.475303740546142,95.55269168564477,15.975595852750365,0,1,2,0.19724732650433363,-0.39452264298650364,0.6456818464498421,0,78.6791985076111,0,1,-5.649716757231065,9.128268327523559,0,21.54172240682991,10.540661104013779,1,0.9456805389388103,0.41271551848491805,0,3.0104134676301575,38.362621638981736,9.169762359147448,27.7813130759664,21.535229952642062
1,1,0.7800165882396128,51.13490204073728,41.72157543730472,1.7617933021802064,1,0,0,0.5817682550374919,-0.04071077959470046,0.7372275917489968,1,30.3584071813812,0,1,0.6538444129903169,1.613637196346381,0,1.8104901557553843,2.0343579924743733,1,-1.118790825358818,-1.1712850845276432,2,63.25353211317144,5.086001396256139,-3.6075793136898104,22.080032251248237,53.17480950794967
0,0,0.3430319634723803,20.27141000004892,86.80391774161873,15.37845707270142,0,1,2,0.11864384474264728,-1.6707426467114173,0.3615607142766959,0,79.43491005274002,0,0,-4.938024115798033,2.5741702315693487,0,5.22214731453325,15.046762739039915,0,0.32229356335178316,-0.9582636502589971,0,2.1174834827846603,39.67906337073006,9.927014543532518,12.382295625852509,21.15100905940446
0,1,-2.5509347337217014,45.34426342149235,83.71428798664728,4.628001249726499,1,1,1,0.7939298469056661,0.3239635986132175,0.5801639162272143,0,48.83014276440035,0,1,4.205524164141568,2.8574715950091343,1,79.955710816569,4.645951790314247,0,2.4912518741100156,-1.41203206776783,1,23.950095323491972,37.75062149011299,1.2891016479896074,37.6539185856915,43.72121963324335
1,2,-0.1566404635849827,38.56927135549746,50.03795485619948,1.844585996992576,0,0,1,0.3360497572611738,-0.3109520879942859,0.5351565834673667,1,25.591490880523402,3,1,-6.624553187089352,1.9421563124015384,0,0.8443772763695812,2.0220700089496915,0,-0.9685833911446933,1.9569760749228955,3,61.97732682035655,12.633322286942539,-5.377772519882164,20.091777544742815,40.11388292726076
0,0,-0.14994199302049252,27.16255787859704,60.60021728968232,2.158091925249926,0,1,1,0.1967887953033809,-0.32808676579869966,0.6933529388856813,0,37.52476137055711,1,0,-9.087770569954202,1.306688855832,1,29.392237504862862,3.056647446851688,0,0.05583790575633092,-1.5862145362324245,2,44.939200500352094,16.18131679523505,-0.7292451181010726,14.593971785052712,51.50284578025385
0,2,-0.45971403831453483,48.275279296580706,56.16823926872853,1.8814956439361008,1,0,0,0.5731235737310437,-0.4312728108094169,0.3781330166756497,0,27.186113210234968,1,1,0.2576872516258728,4.339663311897279,1,59.786852337401015,2.2963669119310874,0,0.008785967221576227,-0.8970500119449362,0,66.32646746980022,15.136721565385432,-2.083159902211663,21.49788480616479,45.20673495252021
0,0,-0.5301149199179778,30.352987157882232,70.79203646461465,1.6593420295140535,0,0,1,0.24291670185566122,-0.7213944034183503,0.256607397936805,0,23.73847812770226,1,0,-6.289263459531965,4.787701385428561,0,36.88830705037646,2.987321891841094,1,0.11388909235967141,-0.5536427680887867,1,45.18011667819177,15.851850300813846,-1.8217730246532575,18.35419735227763,29.920840059657518
1,1,1.4690523911443159,50.18820544098448,46.158936041669364,1.984583264651956,1,0,0,0.4806851006968737,2.3559502043280274,0.37657329725957617,1,22.193313098649753,0,1,-7.003350957708928,6.285023361008858,0,69.09005856148718,2.108336704782195,0,-0.678907939617939,0.8795694354289196,2,62.59211861809762,9.35198420153105,-4.139905291296106,18.55997126015427,23.327543367873584
0,0,-0.5163642241379348,24.679243861288032,86.19823570573956,5.601462120440116,0,1,2,0.20873033967758314,1.4946589840254216,0.24049150881943399,0,67.24830133089007,0,0,1.1600154682210455,1.0917891168073628,1,16.115149121237483,7.062319229736313,0,0.9514337053554581,-0.08914098241458374,2,14.575259703179194,34.278766618901685,4.164279547582492,39.48778562320352,38.53595461660713
0,2,0.2383830248159346,60.20061232736627,95.38136415143228,1.7199419683981467,1,1,1,0.8551310279673996,-0.2009231543914355,0.9440132688028313,0,62.63398904127097,0,1,-9.937258912188112,6.974649886988208,0,1.2432806168908872,5.477653097053478,0,-0.835538840173652,-0.5140770268139565,1,14.65488419779285,8.184552897560096,1.8313360569105939,39.96981843509082,60.28330922267368
1,0,-0.7486118493888511,31.248558952185434,51.64869423670175,2.514880433733173,0,0,1,0.2817525549464064,-1.0158974550611395,0.2164602759244314,1,29.37768579668643,2,0,-5.108906784693577,1.6195397645244602,1,25.342616856778214,2.1075362287545034,0,0.7958732856106767,1.7322071668092531,2,60.44328183171491,19.961907297178332,-6.239432531922562,6.972109847063235,35.197487844305996
0,1,-0.930411343134335,61.153249485810235,49.16910431964276,2.337377784803786,1,1,0,0.7660324977908215,-1.3638267979966174,0.42157486776975284,0,60.37368228397475,0,0,0.23301203122662706,2.5341449480951397,0,30.875901528351616,5.05372891667208,2,0.8397378496582205,-1.082334623162869,0,24.869446664107326,19.370683538736778,8.39743560681152,14.518725514425599,69.02941815716991
0,0,-0.6146292513881151,39.76394890776209,56.23676861686606,2.2714493208518425,0,0,1,0.36702657204930017,-0.21252003964176316,0.672648801534298,0,24.372583803162755,0,0,1.0217476475656557,1.9964223991760535,1,53.314426063947984,2.0963320757539328,1,0.36492616439135983,0.035617055100223,1,55.87467255047007,16.99773825344682,-1.8159705144491198,10.930714716313021,54.22458576261358
1,0,0.2586566318250063,64.08073576576041,3.4824375504643736,1.8081102346911577,1,0,0,0.8717590188195758,2.5699749549228756,0.17399764002218787,1,24.98837179111675,3,0,-2.308098523092861,1.6070756839010079,0,71.0759016988426,0.8576573326963725,0,-1.1907354183334005,0.6338504226056917,3,94.35971867288796,9.66676711376251,-6.144043271535978,3.011321494844834,52.737575789445614
0,1,-0.3244582421621207,40.14627247733142,62.76372120771381,2.036116693634963,0,0,1,0.34891980376382176,-0.0548211309442726,0.23415331201597017,1,19.803927274710993,1,0,-7.391303572178077,3.942459437096059,1,19.27085072728616,2.428988625857022,0,-0.11614291726879508,-0.526259614765215,0,53.25693593911777,15.357862547150155,-1.5352570443630054,21.80552351646888,52.093376868544524
0,1,-0.8431950382746338,54.425598606498475,50.780053752137746,2.2358307139792974,1,0,0,0.8322808843720395,1.4301066094091097,0.618822140842698,1,21.950777947773936,2,1,8.106432016987743,1.8595358815799203,1,73.80925986121424,1.9317811488799088,0,0.4731410579548317,1.3912335504074693,0,67.77271958646088,18.025204956711523,-3.0112024942031246,26.546893527504068,56.20578915581575
1,0,1.266621032224898,63.467442443905284,3.397462321642064,2.6537783636307455,1,0,0,0.8128903237064456,1.0545178185579251,0.5949318286042553,1,20.437426504662994,2,0,-7.354495776352494,0.9733519337591678,0,64.18786931459984,0.9286071689183533,2,-0.778219285410277,0.4289833090381339,3,94.55939096733759,6.533856476102398,-7.705931312122372,6.426068363670181,55.137206313928445
1,2,-0.6244080677457614,45.4598861059077,74.6089111340587,2.6767830203868197,1,0,1,0.38146286815191555,-1.0147595386908852,0.8823224377726635,1,36.85348767434096,1,0,-5.189779678048585,5.946332593433605,1,19.570967562606487,3.097408797371301,2,0.28296573594448926,-2.4666055363585957,2,41.98589600791489,17.992809809374975,-2.857183566131143,31.701509747845435,33.5570696775859
1,0,-0.40692168024244746,54.88180632252798,15.220593985325337,2.2967837163090707,1,0,0,0.6185057377644323,0.6592648957580487,0.5271611217873526,1,19.919716752088178,3,0,-1.5448674074518411,2.25222017201822,1,55.8951039614739,1.4198088825751112,1,0.5930146196631502,1.9065817267152554,3,83.57405995206915,17.452208801423176,-6.270576469770292,23.48064753290778,60.03740774592295
0,0,-1.0851652067884014,22.70619028705824,77.07137895137237,3.3632945781807204,0,1,2,0.16991133683408333,-0.286625602902392,0.45229771311061073,0,35.063180946130124,1,1,1.4273101737560268,1.944492663760816,1,43.56482816005834,2.946791628602507,0,0.4707464755531046,-0.5943472138310213,0,29.68990843557674,32.629095502608685,1.4942913665554887,20.4318753230373,57.490102396693736
1,1,0.24456832202538387,49.87839268672659,40.33057694152835,1.8230746361851027,0,0,0,0.4285887495882433,-0.4062049735622645,0.5559270320554681,1,20.92800398691677,3,0,0.9128792981793694,5.849654729297527,1,26.476415955212804,2.0866181231640866,0,-0.7344730120037246,0.07660107456928436,2,65.81939543798208,8.73186587624738,-5.009564497785425,16.242130555831555,36.179840189006356
1,1,0.35232395776722014,45.69671287554985,20.572248172156453,1.205331345861783,0,0,0,0.38364599468976585,0.10586279866378326,0.019211095515963728,1,22.2025253608857,0,1,-5.991425316363896,4.774537149754711,1,41.56626814843178,1.770489354914497,0,-1.280592041975048,0.4848394420114839,1,78.01892317412917,10.915772779722857,-1.5284671344135567,14.006039927694856,33.028021898574934
0,0,0.17694504140436348,25.258379940059122,10.362860148008412,1.7110280105572888,0,0,0,0.14287028477051467,-2.2150219014532584,0.15103484027545866,1,24.745744702762906,2,0,5.909524398957501,0.6431381129321847,1,53.448955086601714,0.9569832171286466,0,-0.4520061699232643,1.3594141116345941,2,88.75722793132428,9.742700855009348,-5.034272164372519,0.7876390961279389,34.69457514864416
0,0,-0.3596453157720099,32.904467699503456,60.169438771036376,3.759713579783371,0,1,1,0.21606076406913477,0.0317437896404326,0.8877627778554811,0,28.472372710274747,1,1,1.5986363513479454,1.733622753434133,0,63.63277113004534,2.8215536738714837,0,-0.8375517629468927,0.2820116108551537,0,43.810376257901574,27.525327661605257,1.827303663633277,3.7495899082865303,29.650710761123083
1,0,0.8835101620061732,65.11971851680285,4.04451015756227,1.7739020219071722,1,0,0,0.864634210341509,0.9157916007288802,0.5241787605040664,1,25.583480970563485,1,1,-5.705949281174441,0.8551153532980044,0,43.25830138770657,0.8635335738100011,1,-0.3525641207902961,2.0441196758902946,2,93.7694941879192,14.709712676598008,-7.084147274666256,8.036740629294929,51.22400162238499
0,1,0.008952888946924859,26.979544745701624,85.18826274367977,3.5283016873036357,0,0,2,0.23023394863925667,-1.5628597486056797,0.7272965161985577,0,42.605163281544414,1,0,-3.8888664576329646,3.300651704912637,1,15.513044209410722,3.5602708660699296,0,0.27825348669523614,-0.19219765440703465,0,33.02624963523241,23.18805621465122,-0.6339267144815466,22.991632302131478,30.38512762797692
0,0,1.4842062128751559,32.917397028652935,67.26779887778196,1.8584134514043833,0,1,1,0.26387494005436596,0.2206849021818711,0.7344386941437726,0,36.51222891914122,0,1,-3.2648333205020545,2.189513942699638,1,26.539961968504432,3.8903186782982275,1,-1.9589309169893427,-0.4863099536857932,0,58.21018059952425,10.491807174913138,2.493790270769942,15.010754459207927,49.45384917691978
1,0,-0.8611953355778489,41.38681056793499,14.819321812954989,2.6375646872333713,1,0,0,0.534027715573517,1.1365953835483626,0.23884872164946408,1,22.413552932271855,1,1,1.3057461194348807,1.9044343321169477,1,17.124067799196272,1.1943281928475094,1,0.5044234590922805,1.6233435962126597,3,81.90546064223795,15.592120194921515,-7.475049844504373,31.914291375903005,29.88100497696199
1,1,0.10544866048527726,60.09014346302595,7.9381107376143065,1.4658685356689978,1,0,0,0.7616807808070122,2.97566332544717,0.9713137544350605,1,24.0721879989216,4,1,-2.2553468754422434,2.7210024926095158,1,51.60313660162906,1.1854334533442443,1,-0.5306014819462506,0.7663013295228975,4,93.07157948811438,13.601595680691801,-8.76029798646157,4.309985190232806,39.36616497001815
0,1,1.380768423466236,39.624599579241796,60.4697459747673,3.5780602103741903,0,1,1,0.2154072116816077,-0.596846409485027,0.5991705126443025,0,30.300395283476806,0,0,5.4163021267634015,4.352470129261287,0,46.63537033296297,2.962235917707399,2,0.31772742848461216,-0.41064711228550244,1,40.80625936928654,20.34282730959432,1.4170382940912027,8.061398560209536,25.00495752638139
1,0,-0.13440490357636878,41.53659690550771,34.713496606629846,2.2688945678637125,1,0,0,0.5231434629240951,0.936116452346092,0.5460768782552095,1,21.867391225129936,0,1,-8.116549471184303,3.0429435869942636,1,11.835483238232252,1.8587409366396732,2,-0.12999820530796696,0.8043404950361673,3,67.68975374307702,14.761559060453514,-4.741542743146791,15.886270179900846,38.83183974591111
1,1,-1.3506709105679273,58.158742997304365,37.79538711026068,2.2731780843665126,1,0,0,0.9231601021462317,-1.9147724043327043,0.6114696817548062,1,25.15997899793611,0,0,2.3739875769499434,9.01898456658082,0,72.11591188443643,1.9218228462730864,2,0.9991655145741324,-0.6717982840733464,2,68.99588045694887,26.92884173803474,-2.9042381039572085,6.90036588948046,36.67101080648773
1,2,1.978361908151171,61.065958264246945,31.33758718383187,3.8692825509012354,1,1,0,0.7360817141374741,0.7470169475020498,0.7476106757139759,0,20.79077266025972,2,1,3.1044685009988235,4.040630836599782,0,31.786331038620883,2.0926322942686446,0,-1.0890460479835262,-0.2359727528978405,1,63.156860807703886,7.765560103223108,-1.8634294068090753,10.529530348482597,35.1155354031048
1,0,-0.7139902966578109,44.46588129399684,20.537308498896344,1.7881123156731262,1,0,0,0.5882584179638528,0.1881423414847146,0.2022944348464802,1,18.969665795781403,2,0,0.9018881889991519,0.6249447218910982,1,70.47508546838749,1.5727316476076751,0,0.9235769496238782,0.09398323969978267,1,83.2401000457637,9.544934998338553,-5.529789552601897,21.53130029259966,57.246661705099285
0,2,-0.6122767203494227,42.635506807126994,79.5318787915503,2.2772760992753374,1,1,1,0.6223944770059655,-1.0566139483342312,0.22323323516257448,1,48.98025256140905,0,1,-6.1971664057761275,8.090478812200217,1,22.002028971170645,3.6024195982366582,0,0.2753265339238942,-0.25495485534565193,1,30.830631875643906,18.918659949379553,-2.1899740293778223,37.54929179030887,49.452629061133614
1,1,-3.2624530068641238,69.59560354217271,0.4646348650991228,3.3436607717005637,1,1,0,0.9999059126223044,0.113408210751313,0.1878667986240593,1,33.00732549672805,3,1,5.107745535596004,1.7813044758488963,1,52.63256731478137,0.7474327036407693,2,2.656397989367323,-0.1331472410046921,4,96.73220965371809,33.16515990235183,-8.368668670097772,19.858234730341845,69.29401741894341
1,0,-1.197483753910824,58.606224018963836,11.196744203892111,1.5553358303601148,1,0,0,0.7545679355813626,0.9133253019691884,0.4098812088534818,1,26.67350713734411,4,1,7.9883897050691,2.686450016413981,0,22.20385678721719,0.898267850522483,2,0.35585590794717736,1.3533355514987824,4,86.30222773382847,8.4011535287453,-7.290002596777011,20.029008691460657,33.645938694023144
0,0,0.22724034602843293,42.068490387838736,61.593439298138605,2.7792855673251187,0,1,1,0.3276993020378529,-0.4805543728462565,0.8022875112688179,0,26.563742615090916,2,0,-3.3409790029309097,1.7537289379381769,1,77.4112843863457,2.886529097274276,0,1.6458761583858208,-0.18684187426720783,1,48.312587308328546,11.987050269049613,-0.2501718879201764,19.78697792474861,33.16571914737551
0,1,1.602613383613739,30.210586725331684,86.5653501745312,4.363129456214393,0,1,1,0.1991090629770742,-0.5948309970720875,0.6319577423607812,0,51.90155068249567,0,0,-5.347572353435847,3.3459428570446623,1,22.726278089940124,4.234887592787274,0,-0.8078292679494763,0.20358509349931816,1,23.819925111810786,17.103692971567682,0.9175728395554472,30.34643860077436,33.49144534953708
0,0,-0.4632420104732174,18.69718747458842,76.71123180148965,11.343919529224225,0,1,2,0.09274406008480574,0.6422005869058983,0.24738954937183483,0,78.85333638810388,0,1,-7.89943225525742,2.068739031987613,1,51.315198313971955,13.542711444551236,0,1.3209901784394311,-0.2464469721094104,0,1.9545579222972453,37.796469024521954,9.953642123428349,2.1099166146629122,29.5125839681825
1,0,-3.566887825533932,51.81570941452456,26.368414763624028,3.3279680923673483,1,0,0,0.8906772684952033,0.4856114424617899,0.5109558245845945,1,31.972536644150935,3,0,-4.575664470797402,4.402086222554177,1,8.994697990843616,1.8540475775062601,2,2.6321702702164127,0.9131886093709902,3,73.01355477288695,38.369119244581604,-5.535769629911856,10.124219593457028,68.73646214734387
0,0,-0.5582212380486217,61.31594366741482,47.33403106846791,3.0302045365101686,1,1,0,0.8638768073072425,-0.04081781453187605,0.5082974901528863,0,36.12712041521857,1,0,-2.3518311440179573,1.2791874351718195,0,51.624862523612016,3.6121467563602243,0,-0.49477513574770754,0.4438557854132639,0,62.57256713138686,25.621341504599595,7.864575159800193,12.694040186430628,69.75288304149363
0,0,-0.20577817196398127,44.156207416426945,76.87040455621957,2.4841055549808626,0,1,1,0.32042692127720396,0.36702119677619494,0.6352900337920228,0,53.11038249587454,0,0,-4.239303798536755,1.2257343456846015,1,25.753931013075736,4.334146131498157,0,-0.2705625870178564,1.3840973851677911,0,30.850840559160865,16.962240028670582,2.832707102921681,35.41425720691129,38.75630706434978
0,1,0.1674633514341195,26.116407368107232,88.55370387483019,8.456936246366851,0,1,2,0.16657881946808,-0.6403585040266393,0.3603249751261186,0,77.21987673372668,0,0,-8.260675660072703,2.889406024445597,1,36.54194624582003,10.015280834203569,1,0.6614267501159673,0.15925828701528938,0,4.213483129327406,28.965906904884395,9.077167174659966,30.815516846982362,36.82391445490584
0,0,0.6785590592047575,29.894018245472935,54.244886056506914,1.9348346374816139,0,1,1,0.2548482129976473,-0.40753491519371604,0.6152608045690353,0,32.0070688832496,0,1,3.0972315692939496,0.8269925955585067,0,20.080516893290184,3.2306598547171808,2,-0.6870414923701249,-0.5138224547650495,0,41.65962430269652,10.616104237898526,4.523180064067754,5.518088285243509,52.001232313421305
0,0,0.8809415826143724,40.201822189814784,56.72718542139423,1.3654439410629566,0,1,1,0.2724808630289438,-0.8502155436449915,0.5842696683368342,0,64.13422741448974,0,1,-2.1465632237923904,1.0224982837530203,0,68.27257602520478,6.823145707919982,2,-0.7323481709127114,-0.6846307718167232,0,15.672807278661427,5.469953335861064,9.479686453676635,11.673074807642852,49.313783882329226
1,0,0.009123295976299139,34.04484907351559,36.80977657000361,2.385601073380687,0,1,1,0.21768557167148167,-0.5394489445103889,0.5077808571028067,0,17.63978040600117,2,0,-6.813942917697259,3.625455294262559,1,45.59958133099648,2.0097381348415744,2,1.036146524119705,0.22983841984896067,2,63.009219418474125,13.55888970700599,-2.5909955603820745,25.290768367580082,27.04950965114743
1,0,1.7511271796431405,43.42730177991865,16.73146653344302,2.7849652537560035,0,0,0,0.26889754876231425,0.007132248945309158,0.16797898278207202,1,20.69179973941056,1,1,2.1754182457589284,1.7295732321027395,1,47.62509623223561,1.5233367001518663,2,-1.6219702944257657,-0.23137868213264517,3,79.03960787934767,9.353999451869342,-2.8703773973859565,7.87467364888466,53.12812602940916
1,1,-1.1048842049755534,22.707936255262865,79.47214870472709,1.5061742614480655,0,0,2,0.21809913513015688,0.30783374249302103,0.773959378761076,1,23.49163787166864,1,0,-5.961002999097726,5.217901094684664,1,2.1945050078643114,2.6632520182506636,0,0.7262590571483809,1.051493665364256,1,44.08044590891142,19.815599921824646,-5.087163275924369,12.361857574040386,37.86814184780925
1,2,-0.012611723310537379,47.64626699149411,37.02016728297723,1.9226026818600275,1,0,0,0.5850504843936176,0.12893595538085514,0.6193957507322934,1,20.162401356247845,0,0,2.0625165899337077,2.030399527773207,1,17.24068504178765,1.9211451312948802,2,-0.22532219491973357,0.2964689336367048,2,69.780175158034,10.787401303072137,-5.473621047468091,28.28741819391705,33.63252837268919
0,1,1.6231824912794282,54.352171204575654,51.88800359762277,2.3453366301947516,0,1,1,0.40467268591799244,1.2438447052265902,0.48560121815928003,0,28.370618735163717,1,1,0.9302721902131967,3.7557007546141445,0,14.509144044197676,2.994006088172136,0,-1.1105193731742997,-0.7760224670597846,0,27.424857293631575,11.516417024935869,0.8531539023248662,18.399262571068654,59.501600164086824
0,1,-0.8093474741779679,45.14064476028368,63.74739946023338,2.7527133375623762,1,1,1,0.47142063987622645,-1.1404434640597585,0.11785558138692992,0,25.614985846698556,2,1,-1.128121106022098,8.057721819722639,0,2.848656187956311,2.893129469323511,0,0.7252798826143749,0.5149196702853729,0,47.17118903932499,24.04806135391059,-0.0002823237070685991,30.29142122063857,64.72783521496905
0,2,0.4126020082162549,47.353117155171844,62.44242845937804,3.1899329691266742,1,1,1,0.5119506391489786,0.6313159314552027,0.29159461375018025,0,35.72496632308458,0,0,8.463892483916744,5.517567061756586,0,57.95741366259598,3.124834216668361,0,-0.43457928991918315,-2.304892487558019,0,42.36276277580425,16.168927310028625,2.211958509432808,27.343073845515157,23.12695775954349
1,0,0.4172757309011139,61.04796553230631,5.150726416738383,2.197604700053504,1,0,0,0.8957812982374294,0.5015173400455827,0.13394752550937855,1,24.429962123802696,2,0,-3.495786538700349,1.029657368514767,0,10.197033912894247,0.8534799384149988,2,-0.44031673764593326,1.0677476772826218,3,94.4322816588988,10.422720615247671,-6.974645078221431,23.20201667815735,59.139830260820844
0,2,1.7821321358103397,65.86304839661899,95.03981536724054,1.544137377698624,1,0,0,0.8590914387415365,-0.8311330565718469,0.8882842912954787,1,53.750056248819796,0,1,8.237180357660083,6.4751134852389605,0,59.38661381136404,5.34409982321318,1,-0.9951834043764467,-1.7645016604617636,0,24.266238586115975,10.225323722823985,0.898670417567013,27.960055571275596,60.42683402365636
0,2,0.2238352187587682,64.67106309293771,72.93552666972198,2.089995452801334,1,1,0,0.8892157785862486,1.7514216990375195,0.6751254295848885,0,33.594119365067876,1,0,-2.3618866004307186,4.280003381700341,0,77.59316867163531,2.717311595071541,1,0.09432689383815133,-0.18779790551829167,1,36.31519152874185,10.281303570593739,-1.5457772296229209,17.040489964101532,27.17832450200441
1,0,0.028126467782526397,36.51239187742475,28.925005404192188,2.1850136713488673,0,0,0,0.18300502821997228,-0.3598566975454307,0.3460292318816188,1,23.486164734326657,3,1,-7.4002160907606775,0.7854256311258934,1,69.26358985266175,1.9431047456122397,0,0.4337488946263503,0.22707621702947398,2,71.60335384765521,13.647823815620049,-2.732234096593629,33.593028833045345,32.37491300782321
1,0,-0.25941784981796473,46.64867918211442,10.214144618985072,1.5203772779353781,1,0,0,0.5010291896043149,1.6520652252444847,0.5056390228675839,1,30.29201700543496,3,1,-0.5640893598994072,1.798886270838845,1,63.349772654353025,1.2615601987327323,1,0.6783495250377339,-0.05226427699387266,3,86.46050608468008,11.467378026079032,-5.36471024774924,6.267288311801742,33.1480341482508
1,0,-3.063473648477813,53.11570499384678,14.578424346393993,1.8415456785831812,1,1,0,0.8748963813066792,0.9687886795730993,0.2350030970048081,1,29.062728384973457,4,0,4.660507290247882,3.432803072354939,1,14.81892833451187,1.8166734805089841,2,1.255147604100327,-0.23199836390748774,4,78.63226800840617,22.67555350517336,-5.158835585188112,29.22127691858047,69.77046520574947
1,0,0.7387990298259307,54.638717895543024,22.663509072943366,2.1530160232809235,1,0,0,0.611827727091202,-0.34493395271898625,0.822015860007471,1,20.74422043023209,4,0,1.406138672593002,1.6960143858785162,0,61.99414323936546,2.002822369445111,2,-0.8151130256610065,-0.5058994817931886,3,77.46652078222434,9.084651733392608,-4.3526327034316274,10.67752448828495,35.56600703180394
0,1,-0.7819451435075397,47.933768941466475,70.1654902068497,1.4656450538715313,1,1,1,0.6441270235975416,-0.737319957994187,0.4646659017055596,0,39.482745662331624,0,1,-6.217089315758711,2.2955403386594764,0,51.12747632407129,3.5574673857593098,1,-1.064613858542212,-1.3602558047182465,0,31.63044719357461,12.874588702506337,4.448382941606068,17.331074789233014,54.459353503243655
0,1,0.662853759174738,57.93417901029419,4.969800022845739,2.0727051331496282,1,1,0,0.6958756053648827,-0.5041377059721683,2.224211101753415e-05,0,31.39688504698926,0,0,1.5731857272881218,1.7767433777667223,1,48.75914082987705,2.011830470331618,0,-0.6584433134692317,-0.9660984250385073,0,68.40300572030993,19.50227050829824,6.5842852159450125,23.051894370041694,67.44655618775832
0,0,0.8660668077390206,46.09295948749077,75.71191757551803,3.4976381887036045,0,1,1,0.350212734271103,0.8436810581052829,0.9725953332619517,0,57.16829148339035,0,0,-7.181504807013388,2.0943561022490735,0,68.05151648733252,4.164255720775959,0,-0.5358622122459671,-0.0020286632840669037,0,17.13435834355172,17.803013293699518,6.228755001088352,8.463771196069125,52.89877856761742
1,2,-1.1814109690614019,69.19331738963962,18.593594526081386,2.1977870814371103,1,0,0,0.9969409312394155,-1.173579243555323,0.33208558209715044,1,29.291235856028454,1,0,3.6050121965411304,13.82482132444558,0,45.97015862664891,1.6325950626830177,2,1.0638795702939503,-0.5212606317934306,1,81.59602692729496,31.95816907921302,-3.2295037446733303,31.554200957038177,68.17609275410598
1,1,0.282051283580453,40.88405924293167,61.45923780914546,2.5476100097484458,0,0,1,0.27385932804031954,-0.38792690068528224,0.5216086757727676,0,21.1928114873865,0,0,3.1388185632112453,5.522433571236001,0,27.68492988937865,2.6493926475884706,2,0.24734228797011287,-0.9913001709767292,3,48.39989086791569,13.957360973253085,-3.717005145417863,27.224105835390397,20.23844321426511
0,2,-0.28086807236309763,34.50914172229635,55.04881267106035,0.9521402134786038,0,0,1,0.25539996436388807,-1.125382317033289,0.7431834127441804,1,19.816865482009874,1,1,-0.8134550686085014,6.5086577008564745,1,40.94499703088761,2.0226153291357156,1,-0.6728036522833161,0.483869825042322,0,59.259794446581516,9.978526090169158,-1.500456400137777,22.958474180326235,46.243161710710524
0,1,-0.6626708340405958,25.711517739342312,79.28688367053518,4.718446686013816,0,1,2,0.13824296628873906,-0.04488641826501469,0.6281036670516493,0,76.74522369717675,0,0,-1.7647341615010763,1.8488895391581768,1,42.96802969154865,9.74535642195087,1,0.826169890826929,-0.3565800462924878,0,5.243601071519189,31.574651690924597,9.777702247030227,13.5036534190723,42.31704492543305
0,0,0.9002416803337865,35.51456346801736,76.41434495971066,2.254178187871299,0,0,2,0.3236963826527488,1.4497417375967427,0.7937756913895861,1,30.56308022254049,0,0,-6.792707145265187,2.055393041624376,1,42.4203045933976,2.5555083320106506,0,-0.5544561156667435,-1.1176989813176315,1,40.02475058058585,9.240481277986328,-3.4658531125813683,27.105723972232447,42.50096233341087
1,0,-1.0598217751874344,30.579886169444467,34.09768173058683,1.2542491502142747,0,0,1,0.27457762604064495,-0.1952530699594549,0.24305695969578278,1,19.814162181337775,2,1,-2.682851538533477,1.1051965606234122,1,49.222140408466046,1.5812047190198217,0,0.2661759826932395,-1.4550065376339676,3,70.0521491756287,11.984766036022574,-4.285715653235693,23.874770380128993,41.50978496451239
1,1,-2.394271485126434,65.07331234384192,20.49087094398422,1.9713787179563778,1,1,0,0.9819266841874605,1.2395735478774348,0.13072815959258877,1,31.697420855834633,2,0,-8.016348807948512,3.043803200251304,1,29.85102232302499,1.5189383081893193,1,1.566877623973429,0.2759072592541453,3,75.24970205031582,25.881521978420736,-4.32685470613043,38.51633579114602,67.10642127706711
0,0,0.03581037879981645,36.008684533141526,28.548108081279988,0.9554039170661205,0,1,0,0.2721000859044435,-2.272882323103509,0.5626037258626297,0,29.156153910970957,1,1,5.282077322418214,0.796926245091628,1,12.997423285606313,1.8335901483770443,1,-0.9831130517992882,-0.4567119015717481,0,67.33171841587145,5.334059149975101,2.9190220862364775,2.471228494001685,69.58549679790728
1,0,-0.3541376699443611,67.99126621665303,38.895337344992036,1.8358602010159288,1,0,0,0.9864857691173174,-0.30741032121010564,0.9476618178337652,1,22.966884355646016,0,1,4.0041937649040715,2.8339340035503215,0,48.962256304468795,2.063572366504052,0,-0.9119064280579087,-0.8715970764904072,4,68.0007426103553,10.056493146062547,-5.6319261915282945,34.63320557012187,63.557612801341534
1,0,0.479049736891659,59.56222060328532,8.216774436651415,1.4570316977179343,1,1,0,0.6592091650298644,1.011888324030623,0.36611272317769306,1,19.864355075142917,3,1,2.2358444283998757,1.8541684451287936,0,49.84407969442535,1.1557412125274176,1,-0.7941994730475357,-0.04999682195320943,4,85.84296805410308,8.813470516765289,-3.7220558336428073,11.459269419545793,41.882268001696005
0,0,0.004179706899306536,48.07197945226579,35.54647507298562,1.56462213574588,0,1,0,0.38350187690824256,0.17673697856635762,0.1636011223063687,0,30.623075761174057,3,1,-1.688590008567063,4.911861586786507,0,38.687318191995814,1.820862226899482,0,-1.675623192061746,-0.3733705732755401,0,65.0231569192776,10.286757065113648,-0.3147644722619951,11.782035072263536,53.96488223721615
0,1,0.28261351664003137,30.257342682419743,85.01558650999554,2.818049350445981,0,1,2,0.1514176607115117,-0.9613806419275087,0.324788468059506,0,79.49732001515446,0,1,1.567664516972826,1.6186283968903568,1,14.688543258248883,10.962523139566583,1,-0.2344296084323217,0.047162720615890656,0,3.5686466546035964,18.713886046494665,9.669976260636272,25.414083114996853,48.39172300965157
0,1,0.7263703658417312,49.052805598570785,95.46597062548852,8.747870281188135,0,0,1,0.3569181899353901,-3.1578733929109264,0.8076396829541173,1,48.13123830909834,2,0,5.832309150042111,6.568149392482602,0,66.71642940809883,3.8771647720602616,0,0.23696787529971766,2.739609172431782,2,25.068311919041662,36.81170254617464,-4.547543378232628,39.66790341985006,34.45593090833022
0,0,-1.1882959323360767,38.12576798214074,59.00201124176236,1.732086414724991,1,1,1,0.4326676510181463,-1.1718807732264434,0.6291612362213364,0,31.299157701918162,2,0,7.26099878133336,0.7026325369790312,1,66.93552476469486,2.677013750758298,0,0.1552809080627401,0.26451688889843766,1,41.884200103268654,20.272061628688864,-0.8149590412379375,32.18747660272629,38.86691344820075
0,1,-1.3815611528788005,50.19206893740465,45.40068082388755,2.742692411991691,1,1,0,0.6319235605700972,1.0369496792968345,0.26087794459663627,0,35.33028592239942,1,0,0.7504381559801061,3.1387201982540276,1,77.33916802697111,2.608957857679345,0,1.4039297503997068,0.2379180166704259,0,58.83967825205559,27.473630107579496,-1.249698533374076,21.085152660059773,51.79992917829857
1,1,-0.6673840286597545,47.56943940918684,70.91414528965504,1.8714674138089198,0,0,1,0.4574619501476685,-1.0260694834922022,0.9427433675373067,1,20.95262359024715,1,1,0.912989277321202,4.9618821078182975,1,30.390540409022776,2.16341451015141,0,0.39807822076477734,1.4865271301176937,2,51.65666765292964,12.06346685688148,-5.880877224259473,22.42144028446218,41.580360677205306
1,0,0.7116695806009866,31.434864107474727,58.44661981314753,2.2803460660631925,0,0,1,0.24526707155516658,-0.08326168636817989,0.46918827934653057,1,16.91516910356824,1,1,8.951456408067855,0.7541723770258051,1,29.847449123714924,2.602993140653897,1,-0.3576899674061853,0.5619828576477031,1,52.00592607551242,12.559988370717136,-4.903816210542084,33.184195149052826,50.77447541978085
1,0,0.8227761072016866,62.6796888941359,20.9801284124911,1.6115137385427707,1,0,0,0.7763631550087047,0.7370434767577204,0.6838106212223327,1,18.012100411635345,2,1,5.025202338133656,2.6019058116933684,0,29.589358397233944,1.4216924216054232,2,-1.3139949340835708,-0.47519448368695605,2,80.11538669405833,17.888483423683493,-4.804288442748048,19.570437202998384,53.56145856865813
0,2,0.7229919468518736,23.997160538777276,98.47957008206197,19.59525733590685,0,1,2,0.15250696574836187,-0.22975626770554863,0.8720552220015861,0,79.90859243268558,0,0,6.081337124117937,4.757560298621241,1,30.098040289892648,19.621300784023802,0,1.7420530575217545,1.0932195220572833,0,2.4317282405211307,39.67417788866455,9.770507342203267,34.05168989514475,33.45099181515876
1,0,2.3356354581108327,44.33863706280859,29.489595341708963,1.4175348913491106,0,1,0,0.2796118493299688,0.6005324836897793,0.40676881131512904,0,25.959628844746803,1,1,6.280621892369513,1.299083604178134,0,5.3768194777978096,2.090038244533729,1,-2.614345269734102,-0.22426994717417126,2,66.68741215007674,15.564261106244937,-2.6332850375167807,25.751375688270098,28.861829124685734
0,0,0.024419639438098023,25.50851923281988,78.96977486777823,4.508002529831936,0,1,2,0.18248201236741868,0.03792302866742951,0.6974719553317631,0,55.09526331061125,0,0,-3.614669163761918,1.713667807298127,1,14.5360029739276,4.824547920932453,0,0.7761594982944007,1.2211130048765249,1,23.088718006546376,25.551212658018834,5.864608402775815,21.356785303158333,36.764362336045
1,1,0.3872674653079991,56.28228527286674,38.42626981368978,2.4868570882538865,1,0,0,0.6483602754086453,0.7082838764200419,0.5901049339100747,1,42.224167436124475,1,1,-8.780716270461138,2.260201017780005,0,10.560444529685839,1.4881339528295767,1,-0.8186555121991894,0.6978353741890926,2,71.61333453082946,12.614273591551342,-5.999024040257521,32.49346617280856,48.81223204138362
0,0,-2.5268237334252013,48.21845141541962,39.16159804060909,0.9283689097798148,1,0,0,0.8597234488372938,-0.1344206471731767,0.35364639241025553,0,23.70188481811411,0,1,-2.24960073695856,1.1859581269288495,1,31.136006364661625,2.2193158378999938,2,0.452835019747843,0.18010465062114006,0,65.1913548979048,10.951549783952714,-2.6073233477136837,22.922313652580428,69.11983852505668
0,0,-1.2640901696699594,22.493625399390087,56.52842144689193,1.6125714762518664,0,0,2,0.1738475331799864,-1.1037483515596813,0.4736354568061051,1,19.402374721448293,0,0,6.365020754515285,2.0071094139768904,1,30.50518355063666,2.9166112744408315,0,0.4603676725387477,-0.09612278287290461,1,54.4900295984194,17.395020693708414,-1.557635305429189,9.076705527833834,35.48521113368881
0,0,0.19078440314259107,38.35851727824265,52.5680398341829,1.752597490236502,0,1,1,0.30006412620995015,-0.2684459317793246,0.45076257062919933,0,29.81558634581045,0,1,1.192566649338925,1.8357422123945917,0,36.97861410182329,3.2758802658440667,0,-0.48244129264234026,-3.2739333488192264,0,44.89458499876082,10.847406134097673,4.2054655070798574,6.867590215819421,49.98574861192986
0,0,-1.1829904344050226,27.87540979993554,54.02581132000223,2.1774526804821512,0,1,2,0.23685993782686832,-1.393790970490165,0.10468412435854568,0,42.405950702339474,1,0,7.512161134697742,2.5910808027151946,1,59.520073066898725,3.72055484414863,1,0.6037393602436306,-1.1524772908437235,0,33.24214427209794,24.853954700910876,6.405912368282827,7.658713142862272,43.61707508107621
1,1,-0.6753499406089503,60.27856586657084,16.629845001072606,1.588778212543682,1,0,0,0.8536440238319959,-2.5229159705635906,0.30951040821775794,1,28.98682251365163,2,1,3.010865981121702,3.1434579299570182,0,66.21819950315094,1.3699740970688594,1,0.28323208889156654,0.23031132512865674,1,78.16331562197547,15.689750276803432,-2.6346781722200774,7.909432673161589,53.75491984445969
1,0,-0.678972309962655,35.19625370693225,5.216284104813518,1.776016558812333,1,0,0,0.38153972856630103,0.006011851674071329,0.5032634813497698,1,38.736065256623,2,1,-3.305063780848662,0.8543174903433549,1,61.78575662945411,1.0071898564713868,2,0.5967934661381781,1.1005432471470527,3,90.33633890400108,12.389589627761119,-5.742485104261224,2.519777848972662,36.434497033274035
0,2,1.1260416632563675,29.16812660645565,95.67885100897313,7.61155049632007,0,1,2,0.22651502239557936,0.3750025041792195,0.46243623274144297,0,79.14763421810412,0,0,5.8880550092865835,8.337090865509172,1,18.805315664526276,12.350248974024877,0,0.14628083708724635,0.4304975745888823,0,4.5776853293225175,38.021775069098084,8.68624674261725,32.219304512497175,41.79390355092215
0,0,-0.07697966227187261,45.85986872344693,56.55187011221825,1.566064742079968,0,1,1,0.3398944898321071,0.7242763605666782,0.5937542449919206,1,25.91870479499623,2,1,9.494889800768004,2.0675522980195256,0,46.63889533269881,2.7936463983574162,0,-0.6303782613432626,0.10776443135625165,0,45.335081205930436,13.998421528630418,-0.9174360378203676,14.143262126498449,58.29544512160842
0,1,-2.0532516881346634,55.30682615988427,58.30467209486412,2.164659134174549,1,1,0,0.8803484955342269,0.4856401606624288,0.1276622495899526,0,46.69200395106863,0,0,-4.1799632588034985,4.3514105125481315,1,61.89401929167243,4.40249305093099,0,1.663410847735249,0.19101370984582036,0,16.27070225780603,22.944248378889075,3.878251490151408,35.305201702037095,68.32965946967394
0,0,0.0623332490947995,24.257258371623138,65.72331571589548,2.917757727920748,0,0,2,0.2623226960381923,-0.49946071244774926,0.39397531982532985,1,33.18831636492923,3,0,7.305069594395359,1.3732956352830386,1,37.19305296564032,2.077358552169508,1,2.2971276560187137,0.37175311175272197,2,47.9884741964045,18.905131251650374,-1.6188168060942107,19.856303799623163,52.861815930064836
0,0,1.4673083279350934,30.967493085420173,89.65677445900808,17.171353194964976,0,1,2,0.22064669474715742,0.05923512960465824,0.4673326147131666,0,79.65183749393361,0,0,-8.97439322760017,2.555669478232766,0,64.1259038329825,11.177889703108947,0,-0.30404772281728565,-0.8441546224212144,0,2.9006622070537,37.67225504245711,9.755997631528022,32.039956920472285,42.42806511380516
1,0,0.7827074015749275,62.2494242249414,4.1810384932135065,1.7273468537093355,1,1,0,0.8113692479477443,0.7563980454116647,0.32871461455127127,1,22.44416346125549,4,1,-6.47511057818685,2.6028967161478307,1,55.98852822246467,0.9971439085194683,1,-0.8000942480131236,1.0844910934791858,4,90.09771963692654,13.761022548006412,-6.592864141329092,17.852846819981842,46.87673766482044
0,0,1.042483504478863,29.857693623877935,63.73532741970146,7.913713149183708,0,1,1,0.2548565592554922,-1.0756264611957775,0.886224188757883,0,60.16473186298151,0,0,-8.161308266225326,0.9905901924017854,0,68.13291698679735,5.957161005033759,1,-0.4326441974287628,0.2093680451852361,0,17.606556425590437,32.23508276942352,8.5891411490677,3.7943323884530145,25.700454503567187
1,2,-0.6859092933855415,66.14672854208885,16.952714392478068,2.163646336007611,1,0,0,0.968678290142927,1.5403580856309664,0.2397547908506829,1,23.241016128285843,2,0,-9.777648527476506,4.090474814238283,1,51.69154996239676,1.4408805813324663,0,-0.1354912081815285,-0.8597745708022472,2,79.09750218084253,17.63013272870776,-2.1244926328977325,21.924447454085445,65.33744909837799
1,1,-0.017926962337292688,50.18083711375605,30.20572792844173,1.7970936993381086,1,0,0,0.5175300817969434,0.36661133783816735,0.13424398836882512,1,21.581377091154224,1,1,-3.2128346717627903,1.4646642161827392,1,35.96135345496167,1.7607754104622086,0,-0.08587185663268149,-0.4598304540639921,2,68.59089182073662,11.676192967320064,-4.388866902369544,19.49628013088055,37.8352022042765
0,0,-0.8409121611407742,51.473312922861105,64.16998714951143,2.753942727293262,1,1,0,0.602206837972304,-0.4869677281304653,0.3663918235627661,0,42.56898156764339,0,0,-7.760261926180285,1.7723036510566874,1,52.644345815950985,4.33026416795969,1,0.28954343473497496,-0.16838317808928308,0,36.494845165324996,15.395618110213938,5.318666497731122,26.862097554167637,69.05436342826789
1,1,-2.5561825561148526,48.05864974914776,27.684911034277988,1.5857444167300028,1,0,0,0.7423884386817303,-0.1816447158588981,0.5557126133825618,1,24.16389237129353,3,0,2.463511653527,2.0778635341166694,1,18.133791283598807,1.2087837759467248,1,0.2787277078900641,1.898946233870707,3,78.71102157645863,24.572438479669657,-7.063619975856328,14.394668816779843,68.86500276314267
1,0,-0.7415393202162934,48.43228401703358,55.36073133745777,2.4252459672518714,1,0,0,0.6117814479570751,0.769413497082043,0.8959583515276228,0,30.405569949794526,2,0,2.5415829943691914,2.4899833594544347,1,79.6317865244126,2.3375130834910434,0,-0.844900960446228,0.9578004711865299,2,53.75792227200568,13.318082370450682,-4.569182417321045,22.81898995781212,44.25871722211003
1,2,-0.276402834043676,38.83611928522794,53.81191567307517,2.3724492037588494,1,0,1,0.4269194851473302,-0.5484161406672214,0.477732559706921,1,32.076565045427785,0,0,8.217815050790062,3.8890153888454786,1,45.233430455880324,1.6633489463379485,2,0.06565885233333114,0.41082379900903243,2,65.12132534273027,17.5337195736218,-4.420392502636035,17.245298057595285,31.60519690609177
1,0,-0.9764655349733825,24.707577237548474,35.37218205102634,0.9314891059450665,0,0,1,0.1508466437068658,-1.087913296026903,0.4297473724539731,1,24.430884588660184,3,1,6.487252643509205,0.725463990674991,1,25.55074757467299,1.5081131923443996,1,0.2495312774164078,2.8735905499630943,1,74.88121027569416,18.844243370981854,-5.679594050938511,9.586099299295881,40.61226062673681
0,2,-1.2544049929817855,40.11178835927235,50.2256311642683,2.184940326725082,1,0,0,0.5188826522005009,-1.32580796403717,0.42034449217247927,1,32.900043275701236,1,1,9.795116193711522,3.072817445421056,1,5.373952748325159,1.8528223268790749,1,1.0885513871250423,2.464934329514957,1,70.24409737950634,25.311620605683807,-4.194124352591216,18.747135928816817,65.30130417799245
1,0,-1.1539433601940554,42.00257426546307,24.47312433318924,2.2869095748271286,1,1,0,0.5476202614717843,1.3820071384416115,0.7267395962817358,1,23.418141705654666,2,1,2.943208941926109,1.2342306355923758,1,37.62565140082779,1.5185355720830576,0,0.3165011323802724,0.23282833667589006,3,83.63064718948372,21.138588261051545,-3.7890504085961325,8.214680958392615,46.023591332863326
0,0,-1.0085678379213716,22.869851609655818,87.79638219050409,0.25596875958341236,0,0,2,0.210190128105743,0.38972689607568395,0.7854757812525313,0,46.435068612997306,0,1,-8.942181816352821,1.5309389783994725,1,20.16811973829718,4.110737928519229,0,-0.84191559914609,-0.9662789298291292,0,28.297751695098306,7.597101163902145,0.5666761611799664,20.778939845772758,46.14913479409139
1,1,0.2379243385027846,36.96036540134523,28.834272713321585,2.0586854116305164,0,0,0,0.26852663945346894,1.1550284608290924,0.19193286881437055,1,21.013070537635556,2,1,-8.997687403185783,4.803079872174727,0,0.0002172835708691423,1.7971328374122828,0,-0.3496430415789861,-3.4828725039472923,3,75.88777433450703,12.661106353632224,-6.114114247564162,11.968705124629494,56.89572833839609
0,2,0.42499293028720786,30.925683487782464,97.1912348848274,23.859747244895107,0,1,2,0.18678370537138095,0.3596190174789192,0.6224412302014106,0,79.99751558590275,0,0,-0.16309667580269682,5.4879056384793605,0,23.930430064870723,30.808081467523206,0,1.1766201768516071,-0.9252376014614547,0,0.07874637800903694,39.95544606471783,9.996987226898963,26.96244462206124,24.1099621985808
0,0,1.1065040275324767,23.593047350865206,43.15065328761998,5.519958094034212,0,1,2,0.10820554947219463,-1.4261211888511922,0.4106635674040983,0,51.78220770635803,0,0,-3.0300537964847862,1.174172795633476,0,55.99320832695574,5.206727009242079,1,-0.11334874483917562,-0.8771110929599386,0,29.14356897676314,26.857927279894128,8.666102670553023,14.374379615692511,20.6607481670916
1,1,1.0030612240022396,64.58646727732201,39.74595434696394,1.596947370038156,1,0,0,0.8684354466682651,1.4614501796032504,0.39580031218241973,1,19.59645983058396,1,0,-6.729673566482537,1.5710482440391604,0,29.94197946455566,2.2203535504798975,0,-1.1249409850430536,-0.07540723808023596,1,59.33444147135256,11.745311869393227,-2.3269242599922073,35.81211671029386,56.03613087291208
1,0,-0.6859104150766359,44.68782875619461,7.4499599557435845,1.544695892448752,1,0,0,0.5219565390453268,0.030559869479846027,0.6728664506473483,1,24.431014416347594,3,0,-7.998112408365422,2.0199675877235004,1,0.2892860856280821,1.1815650050494388,2,0.07640605859130041,-0.9104561014297722,4,89.54332191324377,12.273247610980498,-6.805734834873297,5.292300398448065,46.65249860965169
1,0,0.35646441681812463,69.3940872972183,36.03295986702012,2.5164458045779705,1,0,0,0.9910627198933473,1.0555010509466662,0.17670688758625414,1,19.591139685235976,3,1,-1.262866768205944,0.6387739456813256,0,63.7831068407847,1.5391525821691,2,-1.0799849180230763,0.6139093843331386,4,72.50696362499667,13.979902817896903,-8.788177333158863,39.99999720556383,69.89043608856815
0,1,1.983208716127292,63.01720231829667,28.979358618069952,1.591080440517994,1,1,0,0.6373455439607612,0.34425389532853956,0.5982963548659403,0,24.850197457436856,0,1,-1.099378601008599,3.262764316087179,0,0.4831433522884465,2.175074076191284,0,-0.8156253370570284,-1.1924331098691998,1,68.99679051995632,8.462529891538635,1.687558715127686,6.365537872107909,67.57331256455427
0,0,-0.6462199345231928,36.64016008386191,44.90365441159491,1.3668149194136439,0,1,1,0.2828341239971005,-0.9123355518657182,0.2148837389382054,0,25.004774064086916,0,1,4.781935375704318,0.8744746380201842,0,37.14344138025137,2.1736750370202844,1,-0.47166022577733857,0.29860447091856396,0,59.495214038569785,8.093891512752666,2.020726250429261,18.785916439557447,59.00566400292672
1,0,0.19241800057352693,64.71747220048957,9.439632388466446,1.6856173243844856,1,1,0,0.9301631751571178,0.8307745537558552,0.23717870731388063,1,43.08271686750103,2,1,-7.988762924314513,4.608555624524714,1,66.38546474054743,1.5320655327264905,2,-0.5266783594706992,-0.1157666881711942,4,84.34510422306091,11.637373766198674,-5.061764813156398,18.00541026714984,59.3535263053735
0,0,-1.0565186844045125,39.773105833851076,59.99484704742773,1.9176845024731954,1,1,1,0.5904271489385776,-0.18622776435543137,0.4884367744165631,0,51.59072731523429,0,1,4.926935661302823,1.4422187793442534,1,77.2178542716739,3.781527370290327,0,-0.7414075542146951,-3.080866459340545,0,35.192135695691164,12.418550954977242,5.358503299454057,25.497885012855367,58.3500490109735
0,1,-0.6409898177698531,37.84081653367294,65.78458153459307,2.4638582308687074,0,1,1,0.36655821080226947,0.4971850318017739,0.31442036147030583,0,48.88766619023569,0,0,3.6859020269852394,4.363470116532292,1,56.127176408821775,3.4529024229892573,0,0.6201614337978926,0.3376779844754971,0,29.926429575123905,18.866444355615382,2.277067901549346,23.366189302559167,34.819819940513575
1,0,-1.187486851884884,45.274971713674745,49.21257029403494,2.000442142360229,1,0,0,0.6499788761619256,-0.5062803970892009,0.44594444701037617,1,22.23106965433912,3,0,8.106398135905572,2.162307711845053,1,75.0841512051826,2.887946819418312,0,0.7971070522823518,0.5280578103470128,1,58.46106146818506,20.05095822937932,-3.8832062441024124,31.00917673652134,51.85913181479376
0,2,-0.28513486232613655,48.736032259168326,95.6619397714273,1.621571442700616,1,0,1,0.6343005716491732,-1.7572324922037201,0.476146658330601,0,55.3577241588343,0,0,6.679169411670024,7.705397320639799,1,12.989941140350837,4.274871736003535,1,-0.3084614415196887,0.7321278454235272,0,20.2243039804998,15.596002289244995,0.5093505482480651,23.07080683688332,69.14413663405477
1,1,-1.7330925970354987,42.990077413629166,37.88800830797142,0.7399727466620559,1,0,0,0.5916060014471953,0.010511073596566674,0.6622851510499583,1,25.445512955391845,2,1,1.6350704619296224,4.385918871343532,1,18.899223090429558,1.949566703418284,1,0.6202751466258741,-0.2269079163296341,2,65.00086044572097,10.449570123847728,-0.9332416514347095,6.634285908032435,63.63074921276038
1,2,0.583403827322141,46.594793500151425,57.37214666151673,2.4965490945876834,1,0,1,0.4264529905492215,-0.5062442782416682,0.46560945968779827,1,24.644381866377163,2,0,-1.8999078322973961,6.129830943616558,0,42.63755799041804,2.1876410994039373,2,-0.8243284372760359,1.3115582965461952,1,53.190879968063435,8.883718916477772,-0.702223512728791,21.932156271161986,31.720925234274375
1,0,-0.4827408180471147,23.03921048709897,38.9172100825773,4.996893911446458,0,1,1,0.11852116888318592,-0.5018850488763603,0.41425120457201275,0,23.886651304897413,1,1,-0.4069548847634099,0.6893887638846191,1,49.9660617086862,1.869154408901352,1,1.0969739684477617,-0.15209418975597255,1,59.14229874296025,33.50875220669444,-2.705894234896321,17.695477268274196,43.49142609327731
0,0,-0.9982351824695115,50.81908725310978,21.418724613896433,2.144385765520386,1,1,0,0.7236288667341038,-0.2978314896898702,0.4000763915606035,0,22.303478600562798,0,1,-7.819249938310589,0.9431922810526737,0,49.51245082270954,2.854146139056624,0,-0.06123440897882093,-0.4538219189510923,0,49.553460827006866,15.451882069483496,6.188235065861054,2.417059385725435,69.30008673100244
1,2,-0.49290872637256034,40.05189177280653,84.27929847140186,4.71629873030961,1,0,2,0.41483198914490804,-0.9860115514517529,0.6580629884591018,1,29.251892563426782,2,0,4.191572387103763,3.188365873847176,1,57.314019438661035,3.182218434652919,0,1.1040603843339267,0.8661789733583662,2,39.32163810686808,33.26586009310114,-4.9577236997057135,39.141500678331546,34.167781672789374
0,2,2.894557007218356,66.34306825545731,52.8766442410386,2.340273879149687,1,1,0,0.8038178573539072,-0.161904475305245,0.7086611096198367,0,17.70258914459484,0,1,4.528638490677135,3.050769109766332,0,11.472464089268302,2.822758499833244,1,-1.5281947600528436,-1.4757654623715941,1,50.92963643112653,12.232355776094582,0.8392078849615121,28.4925922888881,64.42946704733598
0,0,-0.2249811994731453,23.742895679820876,48.91012226382931,3.255124444528753,0,0,1,0.09074991656379472,-0.6273374904162338,0.5757888582202483,1,20.82729160958326,0,0,-3.4429459651038075,0.6623357515766843,1,6.4854479483642535,1.7939664013852923,1,0.10243864181130859,0.8824995918666242,2,59.07380541801871,18.181381034569075,-5.056956560381417,13.006944514710348,50.821556085021044
0,0,-0.12664933992083402,20.36588987282441,88.94401272781275,4.544140324045819,0,1,2,0.17537441850198648,-1.3589331471752277,0.817155944315153,0,65.58286959984557,0,0,-7.950154475088014,1.1771447510717534,1,5.061313283464899,6.596079486133583,0,1.0184173739027043,0.6605810239472905,0,12.016974198091795,32.03513538188173,8.357841967163935,5.72797302875633,48.222168914454045
0,1,1.6588062665516476,66.32016785262729,45.706547757266314,2.5531498170665747,1,0,0,0.8866326758360443,-0.650723151166823,0.7898295323204882,1,21.377343937026545,3,0,4.6248840029323866,11.839480291937353,0,74.36760952095585,2.0884752823033015,0,-1.5675095026225272,-0.42993786460818484,1,63.462240857839866,14.503933850171613,-4.001490275528818,10.682463305551849,39.068596624214706
1,2,0.9792180511691012,67.8178928850536,24.614417153271518,3.4762114581125085,1,0,0,0.9695520565199858,2.1886552277034212,0.6122704231512054,1,28.55425553841881,2,1,-3.0205584048599867,7.430937495944315,0,31.704705033668485,1.2582295524092422,0,-0.8706601680175007,0.45601222336836644,2,88.2519380735442,18.18351760942936,-6.2094125343942626,21.04690539774066,66.69825844898534
1,1,-1.1708881259941502,68.17768118631653,7.603834113966112,2.2154120290876715,1,1,0,0.983434502609295,2.7976370515675817,0.8355138609617201,1,20.299349892880144,4,0,8.663173287242238,4.488966484245793,0,57.71786365809042,1.2765765723697116,1,1.722900796050671,-0.3665685640524487,4,81.7815935198526,24.051258668450174,-6.460850895026027,17.679272309902398,55.235790502889124
0,1,0.34242590515821647,33.48619735162829,72.24002526876419,6.977445164876203,0,1,1,0.2551220319487635,-1.0625263968100103,0.21124396640623866,0,71.61426143212068,0,0,-6.08867755966642,5.760193434541093,0,71.33206112476392,6.642252277446066,0,0.4849388424977962,0.5372189230193869,0,12.13629992482691,30.59647343799872,9.041995918615594,13.450518781732013,24.231221462733366
1,0,2.9674802756210688,59.16689876523597,7.012849455010262,1.6867168612515926,0,0,0,0.49012555149992365,0.4227258901324822,0.45346013591945583,1,21.762762306416484,3,1,-5.4654122581542435,1.16247275653746,0,68.65344011282423,0.984352244245277,1,-1.435252701440858,-0.026209187135316413,2,89.5005658624368,10.641101176954386,-5.547028650191349,5.092650057995178,25.27456704742645
1,2,-0.3183718659206078,67.45180814151823,35.672399540078246,2.0139947216985377,1,0,0,0.9397437595565143,1.3160288133440632,0.05452449748626276,1,23.71046666682907,3,0,-3.126770463337241,9.608192884765497,0,30.754259857082754,1.6786964361175862,2,0.2558235663488139,-0.6163571766427344,3,69.53925810769749,15.834953426573563,-7.6837931088644424,39.811190120825046,36.51761350044789
1,2,-0.666846634901887,46.8478935509498,59.445039471239646,4.205991382701798,1,0,0,0.4462495909041069,-0.2520894704553293,0.5890744465660919,1,21.443220007013714,1,0,2.1503518170341955,7.603672677956483,1,75.45291044226212,1.9996228695154825,0,2.1122841218869333,1.0135180554656538,1,57.57327410281229,32.17798629264314,-5.494985914652943,21.294177082448797,31.665521036942906
1,0,0.30908678270771345,67.98557078839414,9.146065770491724,1.294897653605662,1,1,0,0.9472650584289845,-0.027826020174523753,0.18483297191006154,1,18.71628404821856,1,1,-1.351394627643833,2.9838105466058806,0,63.909750343609346,1.2457155491756156,0,-0.7893638402180573,-0.04613578417110597,2,81.73584159038117,12.951855220605495,-3.5217619166900587,18.755801572182655,67.70024415225353
1,0,-0.8440593434815913,55.071728284356574,1.3284926385926377,2.6788919318702398,1,1,0,0.8006476796176379,1.41744983893719,0.682907350771337,1,23.6480216962876,3,0,7.159079781787664,1.242866016365084,0,40.145026679852066,0.8669228904651722,2,1.534004281408217,0.2464411851615468,4,92.2562934901908,21.347221078907634,-5.715199429327251,1.1634526589674143,35.04050026058335
0,2,0.331984746423509,53.41011693892853,39.61349953022794,2.088985067146911,1,0,0,0.6462987410415061,0.3543231645376279,0.4166415294491684,1,26.384631334728223,2,0,3.2361129177011723,3.2577520286601587,0,12.724026100907405,1.8330732396693887,0,0.249469812317659,-0.5087617745408599,1,66.52332771578466,16.495692508119223,0.7197633931374234,14.603440706242212,37.76126131963286
1,0,-0.25113005376549186,33.971729349767614,76.41203364382815,2.1679602880558426,0,0,1,0.18579131476039545,1.5405002274551367,0.6518049608980411,1,29.244032435870928,4,0,-4.358554645928527,2.2960080177667743,1,5.788239081366968,3.390230013706642,0,-0.23414305189890533,0.47870123047032564,1,42.99349374470026,8.96739683194222,-4.006520148412484,36.546248644833256,46.72036600599327
0,2,-0.5614940274891093,50.297035809407014,79.45721074018583,1.8392218216427378,1,0,1,0.6433900805312608,0.009929961854172083,0.8701367719590953,1,27.46589665303255,0,0,1.8096992941446128,2.749447895200224,0,45.71566797616788,3.2168572907228334,1,0.2697366341584307,0.6781845084637073,1,43.18377595951867,7.821065434613761,-2.702614697522141,29.48428650116897,45.51235570263833
0,0,-1.4447109656776176,31.741507208449157,76.73817612759541,2.4083897334688817,0,1,1,0.23308407772998624,0.032902832273210496,0.41961775474663665,0,60.31065796064455,0,0,7.906053382707395,1.6295861719060516,1,11.443249494622364,5.2029966495331115,1,1.1173985992107753,0.6069093424846876,0,20.48443696363964,24.386392059685242,8.19674189556737,20.184245974515896,69.58537064928444
1,0,0.8642441495850812,63.94260540203131,0.9172655542185715,1.9981671153363578,1,0,0,0.7631671672387894,1.0781302048523647,0.6233689105692307,1,17.476640654364708,4,0,-0.926821013143325,0.24505854295412632,0,46.996883138309435,0.8586985494282289,1,-0.8243401510814272,-0.0628329992294543,2,96.60683779484319,10.289739352565622,-6.5986577444618755,1.7767058883716347,68.4144993766705
1,1,-0.5618535818604081,68.96969728284988,21.130768175893106,2.2264834364209745,1,0,0,0.9893670903235315,1.20324665910833,0.8268656403850125,1,29.332067590089768,3,0,3.1158390208343683,4.642146894930814,1,73.40926062759745,1.213484494976087,1,-0.3594109488237242,1.7858889484516316,2,81.66981798630798,17.184185731889812,-4.583954594403929,13.769567056302401,69.78438326970635
1,0,0.4891511567291067,60.231760955738686,7.693677749736438,1.6637492061895613,1,0,0,0.7836082517127512,-0.021191562677947463,0.30982844149960387,1,26.895169562317058,2,1,5.277055193219997,1.3959911567935672,0,59.48795517141518,0.9959547216270952,2,-0.6825588582278479,1.524553619972156,2,92.83997295576981,10.054122869706664,-6.870689241838981,8.497051586792377,54.300884765022445
1,0,-0.08965991307184586,30.801707543690775,36.035010323121355,2.2157288539279336,0,1,0,0.14980482779023796,0.020490286174745544,0.41605223773719735,1,29.3638815609701,1,0,1.8035535212939315,1.6794860696153935,1,37.80694183511804,2.080845940076375,1,0.529037172458095,-0.07088056910368412,1,66.54719730370444,14.443923524532805,-3.041604103382287,8.046718414555631,36.06565291032306
0,2,-0.6830569768992987,61.34501508600076,72.47671118142122,1.776672239361633,1,1,0,0.8575778001308658,-1.1354406548195815,0.8260725223303074,0,45.937836731470014,2,1,6.2074337387276834,7.892437162991414,1,22.849051832799834,3.4473466542244386,1,0.3916406591096431,-0.31682139302307316,0,37.2206416405586,10.096472473511827,0.4956022567764524,27.336438516591617,45.83684097703591
0,1,-0.7301865708328676,49.935547571311936,60.43155561110445,1.7199347780360232,1,1,1,0.711624213899499,-1.0618181116998555,0.17756031124642024,0,51.554918224675426,0,1,1.9861978458060427,5.913872857117581,1,16.01179531470168,3.7367752662960814,2,-0.0413712398712272,0.030437279805483216,0,25.244723336585185,11.796749047873833,5.420805414288521,28.445811130122884,67.48859934737928
1,0,1.3298121193348014,49.28994942555093,26.180192375471023,2.1012566486011552,1,1,0,0.4728326641869184,0.015410606354651055,0.13244814738625355,0,18.478112613247646,2,0,-5.993698388718309,4.136006770545079,0,75.49426441054395,1.8724878451669769,1,-1.4880599958086465,0.776097242916918,1,68.48681348805711,12.687229031543147,-2.7315042658505035,14.922856432995836,24.334502655650343
1,0,0.2922061550936904,35.58931291937854,50.08135189244036,3.074506422263128,0,0,1,0.26600575885928845,-0.5829462371155463,0.8091967664714299,1,22.81980976358003,0,1,-0.25296429869440296,1.3146935509280426,1,57.966528004386774,2.2389586918849718,0,0.605430910885402,-0.21028792529940238,1,59.875205972911694,16.64993404504891,-4.139414092005218,13.633600637489621,50.2915546892785
1,2,0.48173757369503173,53.694085867760386,47.29216183282191,0.9257639712772996,1,0,0,0.7922659583795892,-0.17357741535891621,0.3226418444081033,1,19.471459325439437,0,1,-3.918626370564871,16.87751206409538,1,24.067278874128597,2.081060386777013,1,-1.4748726769636842,0.7927361222814312,2,62.26725126774764,18.244519631431714,-3.5880710755744802,14.13806988189561,34.512389971915944
1,1,0.145881304845518,69.06863884023446,6.411554419361421,1.2317656774595067,1,1,0,0.992130198760528,0.6848514969143962,0.634017473241056,0,22.084475963488927,4,1,-7.584003870362935,2.4610735528629175,0,11.444311746449078,1.4910382335880574,2,-0.8553561846880451,0.21416993657046543,3,84.7815141410654,12.277862357031593,-3.3548091878552384,21.92507776877726,69.74697476923845
0,0,0.9115731207227981,27.887150006427532,54.440806891015626,2.3790393004215926,0,0,1,0.15308200773186553,0.22810446162788697,0.6287134690592621,1,21.049922070965728,1,0,0.6880115791380099,0.4064212572552138,0,34.27745737758583,2.2777906753201194,1,-0.5802919658250886,0.14936886227818824,0,55.45018363540491,13.354687580491461,-2.1832864889214125,23.317201486247654,27.439672583771447
0,0,0.262443031392103,32.977587088580094,79.93420177598824,2.1903189703338253,0,1,1,0.28609692653110885,0.44856829718845354,0.728769712617622,0,44.298299466863,0,0,-2.710624517967128,3.0343714388513208,1,36.234165936990735,4.57278310001694,0,-0.12210275627489979,-0.33196309180836003,0,26.063154176397006,7.183311192576404,2.756588643675535,17.242847821850166,54.22003795910816
1,0,-2.4364137806821855,63.23356092261225,11.303675144037845,2.091076199640574,1,0,0,0.9699208619319081,-1.2618386822340524,0.570202581262411,1,22.65318630585762,2,0,9.996667959011614,1.9273754650434711,1,64.98994362074966,1.0685533508228318,0,1.825129558245041,1.803725721288057,2,90.18661888247166,28.693249547675368,-3.641147690925126,2.5175556884394146,69.99735964348798
0,0,0.27512694596700904,41.611817074206286,34.692161620667775,2.282469194821984,0,0,0,0.2729106623859887,-0.6915542321369921,0.703278180538329,0,25.004858406775803,1,0,-3.5846629095369646,2.0695560248030005,1,78.98620467869536,1.9008397482747963,1,-0.5808930902798862,1.4928390454479685,1,69.84789100453574,20.540771389338566,-1.294454667083313,2.962677682714081,27.562579851704164
1,0,-0.23726747659893402,55.18148293090721,5.023398967881231,2.468187093649821,1,1,0,0.714149124214768,-0.30403677460515927,0.6304925617745883,0,30.10116296591146,3,0,-1.428834505745943,0.8009834316364992,1,77.69615679225338,1.1086963049707994,1,-0.8374678705269346,-0.6814529670500311,2,87.73834233460033,17.061649039016096,-3.202034532002676,1.9817681001974297,48.65380632640073
1,0,1.797077339514614,37.59795554854059,43.42667280504,2.6415260842366535,0,0,0,0.3276589711706974,-0.7914340777280048,0.7836500882280636,1,22.96902521703947,1,1,-2.5947343242206244,1.0988222109214998,0,55.69843502800985,1.9802638888564772,1,-1.3520336251512914,0.7597634431228235,2,71.37430823483487,8.693590775123369,-5.087991419147019,9.735067286621963,25.306067754806975
1,0,1.7764249867302,65.01564390539357,5.393662697102658,1.1695377005989114,1,0,0,0.890534048704787,-0.5639269021832888,0.44897342875823715,1,25.305139840473693,1,1,4.361364560775243,1.6944923122765245,0,65.43122182987814,0.9657875515362,1,-1.1673278389772306,0.7249326589931198,1,92.90122117009932,13.353307735645817,-5.536910208846226,1.9476891364316606,22.175513717757877
0,0,-0.8380039499790285,41.610240694614944,3.459550811254025,1.9361237493574488,1,1,0,0.46095419909437874,-0.2375611611830278,1.5488521576401126e-10,0,24.957391705470194,2,0,-2.2940757202675908,2.6174364460377766,0,28.97920879026625,2.602579576019143,1,-0.5469203295109173,1.0216081783837647,0,65.44978118385676,17.678722418813418,8.890592424573953,16.378542452927288,68.77258853437161
0,2,-2.013419699955758,49.74126812165011,92.76958321830175,6.136115737085676,1,1,1,0.6959539329194923,0.4485181138858092,0.6843140921901872,0,78.27309358026127,0,0,-7.743466141036437,3.221150436478009,1,79.50158375768004,10.229284129706913,0,1.056843956204662,-1.1381493332567845,0,3.330055394546527,39.19474410443974,9.34056270052671,38.418112457125545,46.053655713267204
0,1,-0.20641919851359827,38.54396037514337,82.31518998148452,3.861938974222424,0,1,1,0.28326503149698923,0.014435945718624322,0.9891625900917216,0,47.53749817261031,0,0,-2.490384577380148,2.879757893020553,1,66.41169586110253,3.1931216011882904,0,0.7122129301656762,0.3738402938703482,0,26.64871648245023,21.8011803513568,1.1885869181960516,10.587776137337508,32.13014627689946
0,0,-0.9387580909011527,54.75708290252147,31.553392216228005,2.3593578866396547,1,0,0,0.7630272107631335,-1.5574915979960708,0.5322212366731621,1,20.96522059055072,2,0,4.895543828302188,2.826214197683613,0,17.240396524935065,1.8440306615926745,0,-0.2654230722873762,-1.125816222964163,1,71.07351770837302,23.743533446884875,-2.0044005423294493,18.972613261790475,64.88500484766999
0,0,0.60785359843116,22.404032943614176,54.36582015125811,1.7548155169114448,1,1,1,0.27654618639656614,0.29383291771810155,0.5874860991740787,0,30.04360079693038,0,1,0.753112468823236,1.7930310126399343,0,12.653856637669882,2.145048534334473,0,-0.7196858943328912,0.8017045143751148,1,75.59889997055025,9.346933830122255,-0.28544446270344004,2.2615480173116875,37.21280322444953
1,0,-0.5003744772076092,65.1180706267391,0.030300255614185145,2.409147538409447,1,1,0,0.8967548250959221,0.9680136562357166,0.30430451828599336,1,20.074612577125883,3,1,-6.3583812758881475,0.5980622850522316,1,73.47105583657847,0.5807104658461418,2,1.1161471709210362,-0.21231036524214342,4,99.15998637284612,14.41878555486677,-7.736352576054935,1.0508161879525346,59.68777467503106
0,0,-1.028073200244221,28.87395058303828,76.72385976949492,1.8914539463373812,0,0,2,0.23902123170136247,-0.5152634203331515,0.6658835752526546,1,28.433936932331008,0,0,0.2344786048118479,2.2553653607240207,1,29.79085752231,2.8974463476611425,1,0.24210579819017738,1.395529807704829,1,43.02576689962944,10.061818427081022,-3.1303821900462614,8.041671384039352,43.59099898826457
1,1,-0.16299955527290996,25.76708247786015,72.52729863863271,8.973938416221973,0,0,2,0.1803097923561841,1.8390601013291594,0.6215043273812423,1,29.142050177409722,2,0,1.3729373580222344,3.86029076458363,1,58.867482219643094,3.8606354291587537,0,1.0592100612664637,-0.2671898001262109,2,43.69473200458603,37.1033441761719,-3.2756529656495754,11.047918196368514,19.478111536542514
1,0,1.096293531692201,48.72075968820657,3.935985417154048,1.6871895295286825,1,0,0,0.39175381359946704,0.6577936689649232,0.5850730568516181,1,23.458749032674437,4,1,3.1682237407750264,0.4192715524881559,0,73.29741733984157,1.000475227135928,2,-1.6671389876626383,-0.1749279366261252,3,91.48499399559988,9.256935450597467,-7.44168304357985,5.118993766620223,26.0238446009992
1,0,-3.001302936613346,67.37317924264457,1.5355228660950737,1.7967470452493919,1,1,0,0.9931932188722056,-0.40331540422198814,0.43673432431492437,1,20.328528927328886,2,0,1.5506536607814674,1.3583737937732308,1,79.9999919356447,1.0368347518376548,0,1.6827037361641994,-0.5650145597932283,3,93.66304968131668,11.6263615519635,-4.587995306900975,2.3629996717061696,69.41009108386555
1,2,-0.5479149211214832,62.22099015578779,55.339406004938915,2.1582919847405093,1,0,0,0.851609845632074,1.442971327128686,0.5638521661661364,1,23.278629164699186,2,1,5.129142845866848,2.9274050080680074,1,68.61029207017624,2.435502628322546,2,0.5580019630805234,1.1074386334756174,3,55.67933128094328,20.307427111395796,-5.524953190155007,39.3606546865018,58.11296431493678
0,0,0.1783778399879634,31.41473700449412,67.13714836354471,1.9518174107735966,0,1,1,0.23286479672215465,-1.2295340725955546,0.5804065070966327,1,29.455301072144398,0,1,-1.386028917458379,2.7028381787250533,0,24.476662199743906,3.3377897331187993,2,-0.35467914747937723,-0.31125113605221116,0,46.14238865915269,8.755314788128295,1.5249482655986224,13.78028068188432,41.699493946073204
0,1,1.0428720674435978,32.43129994666915,74.86744424853048,3.4546463189547465,0,1,1,0.16650808020086072,-1.1240720661319887,0.6307463494024479,1,33.6339528562616,1,1,-8.411804859920135,5.640640833408557,0,23.774151222938436,3.1033153005486636,1,-0.8298731855138329,-0.2801833508193525,0,39.293690606988676,10.882979002977585,-2.2714969036457955,18.21481468769849,23.291662731197995
0,0,0.47461139226838234,30.279493982752186,85.43068282096912,6.11251340063294,0,0,1,0.21013895817240202,-1.6931687963134896,0.39535364322300026,1,45.06473936765319,1,0,2.068945582617644,2.854666809056081,1,62.88511134090616,2.9803386291475866,0,0.8050819988718411,0.8910294621404917,1,35.59258609548078,34.93020854048578,-4.282541594705536,37.232505854064534,28.773440173205067
0,0,0.7332729349597004,35.720250783977676,76.52118311462998,5.226655974640434,0,1,1,0.30601896322797373,-0.5018941352752146,0.3257182929079173,0,59.01765892732073,1,1,2.1919195780417198,1.3656105249534385,0,40.799076498843505,4.322345481550077,0,-0.04048251261282693,0.4257691947208113,0,23.834235152473298,28.753490975526148,6.839155740457798,18.69555727394915,41.78854829943867
1,0,0.9458015866790068,57.33281917207001,32.29280533068912,1.9220281246574666,1,0,0,0.7479499558978242,1.2023869158722698,0.6582097412332827,1,26.351804552107634,3,1,-0.5045232025581363,2.5998835121384447,0,72.62191002393715,1.61175981177639,1,-0.694521240311501,-0.5192725858025972,3,69.28558092788921,11.143142838272173,-3.8883528218922887,29.56814501993643,24.6144115918536
1,0,3.4718830732037373,69.86152283404779,10.911539319857571,2.1170820795469703,1,0,0,0.9984419939072995,-1.7144865309989683,0.3908362594988256,1,25.434454754189318,2,1,9.520595115105234,1.651705851518825,0,61.30388370196512,0.8521018086218386,1,-2.392685213713266,1.797936242312886,3,88.87735251168861,13.920519542520191,-6.226511280933743,33.08399989026219,61.0945329831587
1,0,-0.9803260238721856,24.453440138801184,39.81300456493652,1.805087187093854,0,0,1,0.19242168684885558,0.2858348673428462,0.5905285822240625,1,21.057203383196985,4,1,-6.931923434799559,3.227228007039617,1,61.23961813297315,1.4590234081986828,1,-0.6195077586746626,0.20516582237813077,3,71.61774177294721,18.14854151917507,-7.2178759330223405,11.571248583065776,33.164797169017795
1,2,0.13289203075954878,27.3706929250799,48.55606046559129,3.2401789514374,0,0,1,0.22417937204882438,2.070430766373807,0.6551334868404765,1,23.657898108336184,2,0,4.494067348937049,5.51788916144016,1,51.96798764973681,2.247788219906481,2,0.08636965098374505,1.2915794444736537,3,55.39195970134121,17.09971645595295,-7.3789239086057155,22.594672953194596,21.946088725591633
0,0,-0.31115482247127,20.594108569446018,47.93288304295283,1.96099569803829,0,1,2,0.12810852091744618,-0.15459823461261782,0.10179643510130981,0,39.65593709716825,0,1,8.903981898160698,0.9873837355805768,1,5.672034695965036,3.85952913277954,2,-0.5117849333687079,0.5844105005934244,0,31.093450117734967,13.546813724462744,5.522154461409347,11.573302707850509,37.80733698172755
0,2,-0.41239805990406647,42.54400656058518,92.23859588970167,9.76898755763206,1,1,2,0.4659820038220199,-1.7150346122592288,0.35926272865589026,0,63.89296444436533,1,1,-2.5937321422789195,9.675437044746158,0,47.244414701312195,5.283263666908869,0,1.4757384983324524,-0.2818176935826848,1,15.76494400719623,38.99167890719507,4.512785189988595,37.31905864508021,27.544647132306842
1,0,0.49040089854454433,35.963594452294245,51.61841610923851,2.0626709134591334,0,0,1,0.10035349624626472,-0.7212076088806445,0.5676390312398136,0,26.666152080519694,3,0,-3.344027351589256,2.3755653520475097,1,17.180675080341068,2.102252432893584,1,0.2238431298104451,1.6407508890356262,2,81.57935206415321,5.914947240435406,-3.322524228771046,12.07400982720139,45.621268711127215
1,0,-0.31682502483937813,48.11459442615724,18.46372616039676,3.2421273283668874,1,0,0,0.5763508303902547,-0.7531600797110539,0.1568143190415438,0,22.586611724227026,2,1,7.211936311511906,1.671836039465657,1,77.92805968727153,1.4823821283716891,0,0.2730340239215081,-0.24479761551625698,1,76.10349725530929,26.37363857924231,0.3071503065055996,12.603005659420866,58.413709020126305
1,1,-0.3309722775865391,60.36097722449148,18.345351436090283,1.687372879366447,1,0,0,0.8483107403089545,1.1299579051810547,0.5099965376025617,1,19.28423110110448,3,1,-7.275441810535095,7.639055997163934,0,39.77355750475757,1.4030102125686894,1,0.29491751402534794,-0.13069068152440555,3,79.99354242221392,10.14903735099896,-6.438990467929756,11.51111686968802,48.36544661070002
0,0,0.40479013334045205,38.58681442148182,87.06801975411447,3.874938333237819,0,1,1,0.2949302429722527,0.25110898612496857,0.1734733845458794,0,48.42343778227044,3,1,-8.208217516287217,1.2709140307390863,0,30.266338533203427,4.540390411671571,0,-0.4406667713492219,-0.22141473333807887,0,28.140288585719542,22.467568059291448,1.3539224238823486,39.96618924309075,34.3967580738636
0,1,-0.3324896888417824,30.324135557841238,88.7046016997425,6.825107469721953,0,1,2,0.1350711038568247,-0.5551414786013656,0.46227417286343675,0,70.27046716755764,0,0,-6.856794456202328,3.480163444336242,1,22.385708180672292,5.556684377229311,0,1.3530067361865399,-0.3898902291463445,1,20.997077347955432,37.77274317178762,6.465513556372553,35.40425490199823,42.09886259250352
0,0,0.9471475863503589,24.882665887646098,50.00735723671899,2.415512100325258,0,0,1,0.18923028510758494,-0.9722867352714847,0.3917012380660119,1,25.018794344325023,1,0,-4.129616370140705,1.2916748073152058,0,2.695543640714506,2.2080319292215265,0,-0.8247740240207263,0.051927734309706944,1,61.624360347306485,15.198949862254098,-1.5534510094149319,10.868278732529756,26.36312316327789
0,0,3.3996414656344,67.81595540799414,61.15203836419252,2.36726491017731,1,1,0,0.8445200091255349,1.3339127794293575,0.7337009386875987,0,26.31715180205302,1,1,-3.759982186449209,2.4047635358747312,0,77.56749793880958,3.030592927501524,0,-2.2568474852482296,-1.1119830359291425,0,69.74916832583177,11.409331352948001,5.516559663781456,31.72657325151736,26.351969095588494
1,1,-0.2754553692494503,48.63117261633137,48.464456091280574,2.4157510187343316,1,0,0,0.5600242717167184,0.7989258326613405,0.3260320136182728,1,24.742810451002022,4,0,0.7885180508198992,5.500093852358457,1,61.47899837125455,1.9153397013256719,0,-0.1210573940288245,-0.10335857138402647,2,58.92162140715288,27.546104539359355,-3.8349011231914796,20.112130064994975,49.40194044585851
1,0,1.0829893049506956,27.994163049426398,18.470547925717966,1.607526801080991,0,0,1,0.1649045404488494,-0.5898750701079336,0.1192301015724122,0,21.436785094324105,1,1,3.3909374949878757,0.8968680945987376,0,6.846567785856137,1.593213899163427,1,-1.6844980027825138,-0.3522731766612318,2,77.49657343139778,13.164183273540894,-4.4461345310176,6.91663878582494,31.900828654299396
1,0,-1.6585443450006636,59.29677046495235,32.72815260034386,1.9757779842287457,1,0,0,0.8619403240766388,0.677159998558619,0.8325807311129406,1,23.54965588995459,2,0,-0.5020440651897822,2.6403821197098805,0,64.54555194299174,1.89245597995364,0,1.4470234089226688,-0.4641745771169764,2,78.85469503301357,25.218507992391164,-1.864356473306085,11.714776495804408,41.16805634549713
1,0,1.0791945991302627,60.59185108174321,18.687616323138123,2.571974760999562,1,0,0,0.6397891643599991,-1.2975152836356472,0.5947674326727631,1,29.84087952025792,0,0,7.817736263276174,2.4245794721577156,0,46.18523320181951,1.1017752590916743,2,-0.9811742149492384,3.954914868753933,1,84.96225262487759,14.246079885213485,-4.710064044490371,4.546577586352239,60.07445651327571
1,1,-0.14579655810455996,64.39207159421775,14.623804138511682,1.581974113336145,1,0,0,0.9621866227813302,1.0198035035133504,0.7370651773346264,0,18.93613093942491,2,1,3.377543426838603,2.829996461340542,0,77.384688303083,1.497358130343987,0,-0.2753304565039363,-0.6620244151684259,1,80.99355426735623,7.06357317006079,-6.365389334794065,10.074386118382396,37.930255063340695
0,2,-0.654194987257411,39.715499518445284,94.73790515713173,9.913789509099184,1,1,2,0.41359422384860156,-1.1017749853154535,0.37397224790144973,0,79.37945396616828,0,0,-1.4222918286066122,12.050071431391164,1,48.3395204246575,15.815315979843051,1,1.3730216170890286,-0.48258746338989417,0,1.6032164794108128,39.03842920886943,9.81064377459423,36.55589707097743,29.3442102886108
0,1,-1.9365590478573578,41.44266603285991,59.951337631652414,3.0329242944037316,1,1,1,0.474496827519826,0.9008863796626838,0.4259751201557407,0,30.178415759456712,0,0,6.374222203845925,3.1998067130232677,1,70.83760894076066,3.3967761256772095,0,2.7908238471943165,-0.005065857817583575,0,45.05896459195057,34.88298454344167,0.2592399803616239,20.20131942304659,49.0027863179809
0,2,0.23925948497051572,38.850068689655444,67.30247135579542,3.7945610977794653,0,1,1,0.27693888631318836,-1.685839603495792,0.47836500020503664,0,57.47958021800035,0,1,-4.5072542370968005,2.7843989734276304,0,72.46271124628748,5.062586370721787,1,0.7179115408098175,0.07036326754260801,0,22.29406377481839,23.88134974409065,8.361125322142161,6.6075247404523925,37.88046853942918
0,0,1.2965474107755992,43.913240772192815,33.14611365414453,2.5169564601553622,0,0,0,0.37211469444486067,-0.37261501713670053,0.4504347890507157,1,25.23337072444695,1,0,-1.9045632301551905,1.5033509068800281,0,70.62389483205122,1.6449312033918269,1,-0.5321728493506367,1.4540539332686164,2,67.99692847386241,9.820997761656322,-0.2118425167146949,7.7323170114862965,46.8097692905766
0,0,-1.5052614847712609,48.58698907574434,66.05745524594467,2.095721654631907,1,0,1,0.646820146493689,0.4251000930818467,0.7217321434435978,0,32.32545380384699,1,0,9.018079252375223,4.286716497365978,1,66.03593860621649,2.5701792525360507,0,0.7316373045512683,-0.36221152161018894,1,47.72732626852332,18.113184803493827,-0.12991373631795078,19.566395933285015,67.52564741183409
1,1,0.12246323164723524,69.9692116222603,12.922850779460665,1.8378336596704343,1,1,0,0.9998981928472799,-0.13506537072622135,0.6391037634175059,0,18.800285033717643,3,0,8.507111975898084,9.9881832796883,0,38.1784421974838,1.3403132089419825,1,-0.3990672858373493,-1.2096085939556203,2,81.48354089676064,14.098527412193269,-3.767201888126732,24.085469332489332,69.64838791442591
0,0,-0.7240370463651541,30.552670881106362,15.844620657397352,1.985230757429152,0,1,0,0.19869839062567302,-0.11817102596490328,0.0019537009170106368,0,22.23174131939721,0,0,0.20083801205990426,1.230738878788275,1,13.910368133236473,2.659902285743243,1,-0.08323861877091336,-0.6877714722617584,0,62.428988551444554,18.664984074915818,3.7390214877947674,16.622477385562956,46.22204451147452
1,1,-1.4614182941566265,27.840541751511527,71.65897131146387,1.702029510118327,0,0,2,0.30194918492832334,0.14950546561205103,0.770194973397442,1,28.67536087530943,2,1,-2.6380429065957784,2.252811871176232,1,11.109422188444654,2.8948671358973623,1,0.5639084234493147,0.5007954783760946,3,45.52173361119243,14.464734137986607,-7.387318726858236,8.812897314085568,54.47180696829425
0,0,2.3887948125207004,46.98061179162043,20.7621602146693,2.2455606493023192,0,0,0,0.29830464106001425,-0.2839121323331538,0.4229451622195451,0,22.666993416953257,1,1,9.65063983350188,0.8444997281831998,0,21.728282323445846,1.337136996902314,2,-1.9574336029402166,1.9445673747526184,1,81.40710127717827,8.836428242379807,-3.884178903611746,7.784506655869041,38.69027584489713
1,0,-0.4527057795435276,68.87531398645403,14.192771693690442,4.03353558638703,1,0,0,0.9943728276529105,0.11396710328171465,0.7463726471007119,1,28.612124129063446,4,1,-1.636933179330363,2.8406562040601155,0,78.60347321673912,1.4056912656668294,2,0.4759874911186551,0.14800405783879372,3,82.39378722808526,31.42087343029168,-6.682064812951446,31.713468994387704,61.536887227273645
0,1,-0.7900371719426776,64.3876120239314,16.66759220339957,2.0965385738789792,1,1,0,0.9176828246680973,1.2545607137954544,0.30631192655736983,0,22.6155053053174,0,0,-9.02994195142258,3.2091206415986804,1,75.18286018551697,2.6771409582564965,0,0.408165397778606,-1.792007597025479,0,52.75669380916187,6.474813600757175,6.3788265458339275,2.467856500351202,54.837135962129125
1,2,-0.29204515423318056,58.979042674703834,61.158596193307524,2.2329384008009385,1,1,0,0.7893634005808141,0.20128135527282048,0.8784146710803711,0,26.37728554958744,2,0,4.2981095236088365,3.582102048640293,1,48.59322897214291,2.910304739045151,2,0.22730502779565723,0.0354449534155592,1,43.21705668450416,4.943106491266098,-1.7374284237246442,22.791600255892867,47.02326916623787
1,0,0.017937037864623286,21.582575555959494,41.982952346754196,1.6989126883315901,0,0,1,0.11391493477180836,-4.318778145475663,0.3237594191378976,1,23.552075748937575,1,1,7.321388255404653,2.5167281726449704,1,16.802048004660865,1.8191789998095749,0,0.4269791417181721,0.04311222767852888,1,65.31184510072757,8.754879512900537,0.25806255809426304,3.8271334282896885,49.32349633220578
0,1,-1.3407863358103342,45.18197458307661,84.27559176838497,1.7012150282994516,1,0,1,0.5879953348908276,-1.3211345301974895,0.6526499233995939,1,36.43608533998725,2,1,-1.0030740150474156,4.1258417109708025,1,31.881876479261628,3.4907934162717735,0,0.5176735564646215,-1.9826897591151313,1,33.53032753677989,13.99713521040217,-1.170418013703376,36.9077270282968,68.05335291088258
0,0,0.3736682372140504,39.45427453774424,33.22924368618039,1.9620649867329365,0,0,0,0.30067493387127897,-1.3124098919879577,0.18626421808949345,1,26.046338751275613,2,1,9.870415534560845,0.8919688133560152,1,63.7109398420595,1.6458749112905788,0,-0.46688317636791604,2.2941193516635594,0,76.46415373504466,10.359939682570003,-3.592598495718269,19.506742147874576,43.77414376784384
0,2,-1.4462026673707575,55.07727110489,76.47613488298153,1.8283304487073353,1,0,1,0.8198063089144803,1.3835407130160724,0.3911233715184735,0,27.664178178209163,1,1,0.8655413369297893,10.82614560351765,1,48.94828789366504,2.999062131228713,0,1.1081783224730206,0.20165454908581534,0,43.19598326134614,14.803958504105378,2.0180232195977545,28.85841705772183,66.98933055389095
0,1,-1.1783731106827622,25.2855164677128,80.75323327903965,2.4219777790870984,1,1,2,0.34053804849310243,0.032779140025992304,0.48019133513329243,0,57.99445270897827,0,0,-5.818335215552057,4.100974335867371,1,4.518276582442726,4.921079777819681,0,0.4137904393335891,-0.7305883661072403,0,19.773102457025555,23.650567188814584,4.662548958169932,19.190473556303576,40.575014372195966
0,0,0.7062778320140994,18.042763232322862,85.5874029259327,29.14627942623799,0,1,2,0.053637919109898236,-0.18156113210123562,0.24753076755283587,0,79.46224215194646,0,1,2.5881676444197126,1.5622241745507341,1,36.24247527208561,13.20127047156793,0,0.7576362969460635,-0.24441292516027335,0,3.275807401272962,39.486287871874495,9.902406805394126,8.326852488497124,28.29919548825039
1,2,-1.5411357652280682,64.33524181981907,22.317372889999366,2.6653828519826392,1,0,0,0.9654702679609606,1.9124903981833172,0.8167174038419793,1,27.542215717491658,3,0,-9.145530481749208,3.907777711868317,1,67.94606576730239,1.2122125274783733,1,1.2894558188843368,-0.3014920452821348,4,77.40071062818727,25.599914768502924,-8.468522791070312,27.281511008689026,42.15455777740724
0,0,1.3432070733404686,21.355616220780476,83.30961131490012,10.684776431743456,0,1,2,0.13693660475473873,-0.7380470094473833,0.6365787967622907,0,74.59869058870271,0,0,-6.283806940076518,1.3810521730542475,0,11.980944091910422,9.07564748033206,0,-0.04580856906077417,-0.5261916803510038,0,9.531186997771023,34.82294963509852,9.36212742330786,7.3322046024645555,30.00422638885689
1,1,-0.2121773461361458,68.33115135818109,10.703985948083567,2.5436986193910527,1,1,0,0.9852991768895587,1.9412879495134858,0.36345470617399317,0,25.748532916546285,0,0,2.4191290933559717,4.227203375883526,0,63.58059696322202,1.2941805773862918,0,0.34970762205020056,0.3577104495227197,2,78.2103394412018,20.923599569666763,1.8861582675531885,9.62203132913929,68.72360213655521
1,0,-0.36776139855418555,57.4984763234151,8.051303911112006,1.2187440734677677,1,1,0,0.716393154307171,0.5917267470756921,0.8200485672811471,1,21.62415715932965,3,1,-1.6871145943324883,1.8449102719977886,1,56.47933360553288,1.336392639433407,2,-0.2247506251624419,-0.09507979016028202,4,84.10244836839591,11.107913825730844,-7.166475411605476,10.360949053161946,36.710231346803056
0,2,-0.18350815137993273,68.28871661114793,46.47325005985048,2.881175321019587,1,1,0,0.9788137546171722,-0.28904194460000293,0.3832838035843431,0,38.04017117410661,1,0,1.7905616971328797,3.8565825764337713,1,22.845545760276103,3.581293705991744,0,0.03889841209748456,1.4099313254033499,0,35.26956540510937,14.1662399803114,6.85232173746931,22.447637891808657,68.98462673528786
0,0,-0.76924063787186,28.59024825925241,67.5495629108097,1.5807502183643007,0,1,2,0.2052893100679688,0.7225172811595125,0.19365247806008695,0,33.97030913637582,0,0,1.9750391112198749,1.850420484623401,0,33.24233251609439,3.6233358201683123,0,-0.6672423967311828,-0.05438971393491067,0,35.10381222080976,14.818792134189959,3.9628698826014546,11.454568351592517,57.39223766236831
1,2,1.1473026835966,48.60727921231451,34.432622857750985,1.6707483619143773,0,0,0,0.38978214183404014,-1.5059014185559263,0.5576579496915474,1,19.529079122643694,1,1,-2.85183747668471,3.1316921035527923,0,15.096231964975866,1.7178242732539906,0,-1.1745704271670738,-0.060741218626244826,2,71.90785705906104,12.161668771486443,-5.28386580445646,11.004482362860921,36.351098462891336
0,2,0.17766966175275242,46.51156033871305,81.3304347596731,1.876083264243597,1,0,1,0.4894456843400783,-1.0886075164666456,0.43049122037867016,1,32.61338662455633,1,1,2.46237522510145,7.331379065942194,1,46.352419138347436,2.9784495235464723,0,-0.4110128905360314,0.017089672025819323,0,36.559094570373055,9.823739100385183,1.2040919007326867,31.613675446868868,46.332485772361856
0,2,0.26282295791378274,50.20503041898232,87.81371045359816,3.0448595828457097,0,1,1,0.4441923854764832,0.44516157882028334,0.44443385558151205,0,60.76976474646955,0,1,9.336689649733497,6.114662191530588,0,43.90518547725129,6.201198339201373,0,-0.2679933360865677,-0.4266425757909872,0,15.684010252865955,24.319043768906337,6.420500548288302,25.132963986883148,34.53440222140328
1,0,0.44429717925392653,67.4479368451579,34.719654201467485,1.622345610204255,1,0,0,0.9346716716889909,0.7301140446884734,0.9220390875340341,1,24.439613611545447,4,1,-3.445206847275183,4.215822137491954,0,53.5528028795155,1.7956621066040386,1,-0.8321443789186695,-0.7142477780078088,3,68.97909395054582,9.647017607461574,-5.973000316597151,28.438506497620068,53.83239662125272
0,0,0.6374579767330921,30.93028684795184,60.63836316628268,2.6342423861769184,0,0,1,0.21525592131715404,0.969138172309284,0.9044791514994482,0,35.670140951771096,2,0,-6.185774839397694,1.1193602359302344,0,58.89441063680329,2.9179618096986455,1,0.6443744453371806,-0.003239820605513205,0,53.7460800495637,18.18368335997025,-0.6442561040498109,8.946903794576135,25.996241021369947
0,0,-0.7872098738521447,34.09416192942115,63.818362827807576,2.5944795420328117,0,1,1,0.31307945007223215,-0.04700678241851,0.6525166072298547,0,44.542415882844146,0,0,0.3971459265153747,2.0318803717311864,0,56.48504695972661,3.6320248351930995,0,0.40143803097976943,-1.5454712378073632,0,38.01936379226413,18.41344494427977,3.1761738968678728,7.5413090182208204,30.862597753276873
0,0,0.3823940544629169,18.361414231033088,96.77172014351625,54.598150033144236,0,1,2,0.08772995657002391,-0.6489066512170238,0.38572911072069294,0,79.99509993766384,0,1,-6.177087538464635,2.062661277905546,1,37.215126093011676,25.23971589607824,1,2.855038036277349,-0.5110133581737308,1,0.1653433740272381,39.99937940292229,9.910119066409955,37.492090567949134,27.54061168717039
0,0,0.5568492713404013,43.837486846536386,82.89825775437248,4.251742547627674,0,0,1,0.3416056983467315,-1.4777315941617166,0.5473960764699862,1,43.49168738779383,0,0,0.952302324008091,2.133020196908033,0,44.04275486705875,2.771106988894432,0,-0.5484303662141967,0.3285111735485011,1,35.66007718670165,22.59995191056087,-0.10427517370688477,34.66269854353265,50.11843974497386
1,0,-1.2952712166822289,49.61042363200015,30.179650817441395,1.6551232418674893,1,0,0,0.7245195284549539,0.11955415004835486,0.567501683731245,1,25.038768654267916,3,0,9.95942496016023,1.917146495734374,0,2.4877023223022743,1.4115029750440933,1,0.41338003923593947,1.090872310494418,2,80.87022492167158,11.803604418811577,-6.3536432492805535,12.800558550824036,66.72713914454857
0,0,0.8431667258519264,27.46126119020056,73.22690313657382,8.60816317806433,0,1,1,0.17017017742543605,-1.7415418348882878,0.2725526387789396,0,68.67096414093066,0,0,1.3236733767551652,3.085944590205065,0,54.11980116119014,7.189134569731459,2,0.31732019831208647,-2.4004664790338195,0,11.583142396021422,33.124818689144476,9.048016022782107,17.40676616012529,23.0610604607132
0,0,-0.9819803585319221,62.10175204326632,76.63322473348867,2.176268595984262,1,1,0,0.9492079859880466,0.42327005424109193,0.9999506995535,1,31.468437839903338,0,1,-4.774045587749485,2.379421956562906,0,79.94731375517543,3.064759491739938,0,0.6907689009254032,-0.15502347512776676,1,36.969029107619,33.215379418807494,0.013539604482698309,6.511884287685623,53.12921152064432
0,0,-0.12461028776231887,43.38798842673175,77.5489917702287,1.6727245737139251,1,1,1,0.4283896046731886,-0.6706848268078677,0.2515012157146308,0,47.08063445774968,0,1,3.082630401886661,1.534512306282291,0,32.76761895161637,3.9192465580822495,0,0.3353537868294311,-0.301924279962159,0,34.382264760476225,8.07224251763042,1.8307656520806006,39.412683699495894,60.50362329026973
0,1,-1.150339310356722,20.879088436413106,94.05168925074977,25.38245013714254,0,1,2,0.16109353787536507,-0.2460076537892097,0.6264332188515268,0,79.94178493066389,1,0,-0.17572588235644027,4.396156702011943,1,8.024259945407138,23.732680065800235,1,1.6439918046613846,-0.6875611914361075,0,0.27593326528830286,39.99945273277745,9.976837919645433,22.45072254418003,32.72544884229556
1,0,1.3735153671794886,28.558008106089012,45.76636901440465,1.9459709338083822,0,0,1,0.21657595312103878,-0.049785965090309546,0.09527543006661426,1,26.548344061840766,1,1,-4.582621281755222,3.7720871594395877,1,26.36340595675819,2.159058812714211,1,-1.4239972407546997,-0.994604624700818,2,60.552447008475156,11.828116373020352,-3.2712272694413667,16.733247138865085,30.920911646503875
1,2,-0.004780389451440564,23.2758999217192,92.70802693584123,12.036356606922373,1,1,2,0.2718717880645502,-0.9925639095285579,0.5534484208708831,0,77.80581192186966,0,0,4.851481856982522,10.403962147718579,0,9.560821020574934,11.461552019738246,1,2.3137511331664755,-0.9713983083061326,0,3.86187334659322,39.11607624138511,6.931006716127726,32.22454200360615,24.713886896772298
1,0,-0.4816643609160195,62.867392386776366,2.797111113592604,1.5132145952013514,1,0,0,0.9166142759360079,0.333458611039791,0.36385071384795376,1,20.141574055905256,3,1,-0.4737333293938111,1.0363060361885517,0,74.44448241918415,0.9265710153634809,1,-0.9712191110117316,0.17722825690881386,2,92.97845003055268,9.406896690075921,-4.817411109364963,2.901600156418891,42.01360242778445
0,2,-0.18139388090234662,44.876799479814345,94.69823689242432,8.423156343691755,0,1,2,0.4624347846430044,0.2931485065803501,0.778572916713283,0,73.95490406647265,0,0,-5.628811125198472,3.0874025953389963,1,46.429900621234964,7.035266566764463,0,0.9746075888192857,0.28101069867873363,0,7.222587702339234,37.74877393262027,4.9941751558370235,39.520925899076566,24.948170849373938
0,2,1.1504660452860702,59.471979192022836,71.85628288812866,1.755890700937253,1,0,0,0.5500383982750379,-0.2052288601497114,0.44591193899565096,1,35.570076411643264,0,1,-4.364662822178831,13.320021448287195,0,34.56976381059753,3.0005500732796038,0,-0.8306123599224052,-0.32735862376330926,1,43.35010055608189,7.151269778036453,-1.9345415141923343,31.722090371769795,46.229491107613285
0,0,0.47323953148969355,32.3562650549719,8.213544795416627,2.342024864398401,0,0,0,0.29235141416647104,-0.5481677163681677,0.023788861625702484,1,17.34618619507591,2,0,9.999803241245967,0.6867866993927344,1,62.95059608404589,0.8483059960473094,2,-0.367721696485828,3.1666576729120846,2,87.70654711075225,6.060969612813918,-6.276088075921379,3.040582830286649,41.046927688712486
0,1,0.7534308388882777,39.65742260408455,56.326964408765015,3.7836215667562856,0,0,1,0.184274036384526,-0.048419215080394915,0.10950526603911898,1,20.143444405216417,3,1,-8.6541265406973,2.5545023353814997,0,63.62034589777256,2.273810951936886,0,-0.5065739173975428,-0.40036253405188393,2,57.96577893651032,19.86334982613706,-2.723689083099919,32.72062820321049,20.229848991338535
0,1,0.4937022940774511,33.91098545522,83.90401715941832,1.819392792897485,0,0,2,0.2038942992325104,0.06697851976513562,0.9869806174039241,0,49.47282616801303,1,0,-8.02850037342662,2.125614980247898,1,0.6259726795586129,2.704513298245783,0,-0.620491890804031,-0.29067194316982353,2,32.59639522330415,16.594399796213,-0.7497872785223088,22.544518612580077,57.778415450319635
0,2,0.339694828489918,54.59286463623208,99.01659490271891,5.709565224204551,1,0,2,0.564675047200917,-1.4076982381905774,0.9968896919507513,1,67.2422960141831,0,1,-1.4056598359681693,15.360418135840993,0,14.686805077765325,5.240315953828709,0,0.39874024277816217,-0.4877960440107989,2,12.987676071370835,30.300497847882614,-1.8510146700413106,38.8995627634776,51.613574731311246
0,1,-1.1502094260573947,36.39115648241142,56.730771865011754,0.938142362062619,1,0,1,0.4641478171191559,-0.788104472034095,0.4220185634523144,1,29.164150963888858,2,1,6.390885527887406,3.61605931560873,1,42.891628675395665,2.2726962938506685,1,-0.07329402221302031,1.5351069452405082,2,62.60163029779851,12.492738127314844,-3.464152776406544,18.77341483476885,41.101010828992216
1,0,-1.1166277246665766,62.050806123346376,25.546860213118965,2.2790011315244056,1,0,0,0.9462861288696471,-0.24152098834372607,0.3606146608205638,1,26.287376647960798,4,1,-0.679268563550286,2.0991355789310395,1,78.33917142164393,1.5758879277899878,0,0.8713318123472301,-1.2553761473133864,3,75.4904652808559,22.092702003199165,-7.357145237701292,38.40208242961313,64.8573265667859
0,1,0.3419273769685188,43.45626805036842,58.61965033865171,2.235906135575836,1,0,1,0.4512124736219958,0.18857484448382064,0.5542608566547587,0,28.606793672752904,0,1,-4.858044028026676,2.204039519151857,0,17.17314726352747,2.5652361592177617,0,-0.40272037605669614,-0.2663370744100251,0,54.24239363201097,11.977682677586095,-1.9559505769400438,17.395079892526844,46.362178007747524
1,0,1.2516015344475533,41.66549961656018,48.38177520796151,1.5701685957072309,0,0,0,0.20643401475185263,0.627708605940903,0.6363324493323252,1,21.717378082870916,1,1,-0.15427853081299858,2.2181588816248405,1,22.07887299759948,2.0789018603995855,1,-1.350623915037998,-1.8067652009031023,2,59.58362915787242,11.890283636107075,-5.365805236297265,26.173878739093723,34.6620399055557
1,0,-0.5509195946257636,65.32346514390491,14.710233988618498,4.086276639453651,1,1,0,0.9461742675851426,0.5217787086280442,0.4254763065095182,0,22.32753929853697,0,0,8.752420310272456,1.158190886011639,1,28.120905042263594,1.862193769102012,2,-0.15016615742380618,-0.07537534461247858,2,65.7851498378631,27.48938510632014,-0.6150754181566338,27.514390454418628,60.88622321455388
1,1,0.1757724720944203,42.335665688290774,63.85281408435506,1.9466850334740236,0,0,1,0.3400530795814517,0.7343094821467492,0.9664950586667421,1,25.94968102542177,0,0,-7.928985927724148,3.020448099357738,1,56.83114770586819,2.0121754842388797,1,-0.2717193284977265,0.5006667321156423,1,55.939818518056384,11.010322108342695,-6.512440279927922,20.794753067065983,23.05824401267702
0,0,1.1450279243577133,35.41936945429238,93.00170366673619,6.9723231250061675,0,1,2,0.23409144433683338,-0.4919502003885228,0.9668991154925921,0,59.51700537815756,1,1,4.276582958617272,3.219489832756395,1,53.82657034454462,5.354468266867897,2,-1.0289637187295044,-0.6222054493234098,1,16.93143533982939,26.829451226603553,0.05651498126731447,31.4549412891445,43.52562950932206
0,0,0.4238291829224146,27.037766873078063,97.31944476331338,22.73970388121988,0,1,2,0.11159805481548218,-0.5262907842651805,0.963715021255563,0,79.77153372926351,0,0,-1.9397812073491316,1.9861373534636864,1,63.20433730951672,18.01924809433025,1,1.9325230862241483,-1.7961111702843973,0,0.6098886744772714,39.878233283273104,9.03911004735128,33.86742440565543,27.157748436937176
1,0,-2.5183384312101444,41.54067774169168,11.71938016708559,1.8415995156076699,1,0,0,0.6701066548282274,0.6570163062452404,0.4891179230499816,1,24.168014737518387,3,1,-5.017301448046496,1.0845176334314464,1,5.156375271085096,1.3456161417172385,0,1.3899574142317557,-0.796458551779392,1,85.20980998378384,21.814499309736423,-4.085570214863852,0.7199868901542184,66.08394402975597
0,2,-2.220322952604992,64.2469817213651,81.24290265525747,1.6908380595906025,1,0,0,0.912671414694063,0.4340793904572053,0.9706156779131807,0,41.57055591109781,1,1,5.430468305812248,2.9583537283619,1,65.33349093484657,3.409593934494692,0,1.0290117432296533,-0.0072967801220948855,0,36.698959501792345,17.486600160751827,-1.5988893130602868,32.59635366328241,69.51892839742584
1,2,-0.6700137317452567,66.89105522657529,31.55652913704474,2.605767130686089,1,0,0,0.9776298486845265,0.9876882584154597,0.5534506566566136,1,23.626531734464542,2,0,4.676825803207134,5.642690379898604,1,28.623167932544288,1.5093286758050402,1,0.5063311751702375,1.4310910994397088,3,74.18037650012599,23.45837994793531,-5.296004953327131,28.20972096605815,69.02334891116013
1,0,-0.6818370688568862,54.774903845740965,3.4178992382435824,1.5729138206538995,1,0,0,0.807137640754779,1.2007819773921173,0.16068840929727696,1,24.333785368696603,3,1,2.0714175982161276,1.8357095853787386,1,56.606562606229566,0.8335620551943962,1,-0.15303136989602809,0.3930572967774387,3,93.99377499190433,10.128650143469606,-6.580209467147132,5.547102912562744,53.392718060832834
1,0,0.03525359088208784,45.62539888458256,28.307322631139463,3.3087891240349045,1,0,0,0.4303243766221916,0.8549374554068672,0.5029160707063923,1,18.798927636592534,3,0,0.09010024799405514,2.358943848679747,0,55.039530801766006,1.523734890801319,0,0.2646964301086108,0.46779800235941676,3,76.4729929525116,20.89089300702885,-5.717677740764424,21.198838606258597,22.840087336082725
0,0,1.8223897736895853,39.13075457982893,42.893008440328046,1.8565195128512881,0,0,1,0.31462386655859853,-2.1023528827664233,0.5993335910133042,1,25.525766233913387,1,0,8.29346679631987,1.7187453658364804,0,49.99946106987253,1.5049704468779743,2,-1.2130089117178924,5.152280575942619,0,70.40494254482222,11.527489862789384,-2.0781808057480546,4.618158745940382,32.22857894548675
1,0,-0.4242541653059391,22.75331173238174,19.88258621955295,1.8293759337758042,0,0,1,0.23249900614315883,0.0018877800171322404,0.4210354839303887,0,24.382936323648387,0,0,-2.455435229412064,1.0062029059468605,0,2.5149578291408092,1.7256778973669828,0,0.5630857869471427,-0.7409913722742936,0,79.54763227007473,10.886937373641459,-3.22826227458987,0.27345079904336433,35.06695205202943
0,0,-0.6911682661327182,31.07085092752356,32.97242974108644,2.2537501916230833,0,0,1,0.2705629805304123,-0.1528971761908554,0.38715117723574405,0,23.312247505478567,1,1,-4.1251685872001715,0.7834729795796377,1,18.77707497522918,1.753377473472791,0,0.280658356541518,-0.5173043180693265,1,61.50020712705806,18.68814241102491,-2.6691294311033023,9.093246084415817,64.68780555277903
0,2,1.057415854543048,49.49316092433408,65.78368179732853,2.457209783489195,0,0,0,0.4627150722066776,-2.0992283294065675,0.08824105182973013,1,28.310885645495986,0,1,-2.489567902288636,4.316280493380601,0,43.043819278870224,2.952782914587828,1,-0.7368028736416519,-0.5716513277100447,0,48.08999764706742,10.185257914978001,-0.40887538822911296,38.289664106784016,25.059893090212718
0,1,-0.835764623221807,57.40742866263518,44.52794071520178,2.3353627079674375,1,1,0,0.8777480562045568,0.7407992520249481,0.18148676075982717,0,20.82055801216122,0,0,-2.3314682899250556,3.312820729126323,0,74.16462996357482,2.8298335284465863,0,-0.1623962742525962,-0.38657752024135467,1,49.20141936229157,18.856601277030574,2.96308326447701,27.2230594859482,40.67484093782497
0,1,-0.5047379518704229,30.588762192840615,67.57641761256036,3.672117347393276,0,1,2,0.20600915557561839,-0.6042140334765919,0.40745645782650436,0,56.6784249917398,0,0,-8.099507372441654,5.451427567762696,0,32.52269042264612,5.521833908970756,0,-0.7154756572468011,0.2285052808867886,0,21.104303730326045,28.768832258465523,6.442434354510031,6.676222935434099,28.151558119214148
1,1,1.508536654675815,64.99046825975611,8.69945803115849,1.8767717740161245,1,1,0,0.8643004042873754,0.10721919122965652,0.4805873829551845,1,23.76824916924661,2,1,-1.5957275631201924,6.914299654688177,0,21.668574890000436,1.3476081735236078,1,-2.1941602315760895,-0.4109267035361652,2,93.93365712516474,11.358413707697022,-3.6313902976356003,25.602895151082144,61.55440779204039
0,1,-0.3809128072439189,26.38839909292947,62.77898356548953,2.1953066266124437,0,1,1,0.14122462793501883,-0.6409533853844095,0.48424985930501446,0,44.80016210242419,2,1,0.7654571316005825,2.8280038322914383,1,31.576483976459766,3.1864181016198283,0,-0.0059075861089560745,0.5028935802443578,0,43.01445262368884,16.505235956634987,1.4792847757292833,7.317014598357501,39.07419306514801
0,0,0.8329876807140565,43.048578445314064,58.648414786361094,2.761338010262923,0,1,1,0.3170438980327176,-0.5158981904951646,0.827214265948883,0,50.17731537767088,0,1,2.703760313780947,1.7586358603252987,0,38.99344418417963,4.6560354704613385,1,-0.36501107008083256,-0.40706941372754574,0,27.911924876453366,9.720824667325163,6.1664761624780375,7.470927014126949,47.77499311494357
0,2,0.47606619259539423,46.0018370028244,89.29933061918408,2.6958088068246044,0,1,2,0.384104041319869,-0.02310538245897647,0.44183386437357647,0,74.61419416141209,0,1,-4.1375952459707594,4.697392238590605,0,62.04744572529183,8.680934976669299,0,-0.020504496257976432,-0.3413676145932473,0,7.341986439746556,14.197928223301613,9.435275297846403,17.875758442367076,61.97317690339512
0,0,0.10279467902637926,66.55407668790426,19.156462625463742,1.7647178852141603,1,0,0,0.9571119500001436,-1.315120922233886,0.6740108829360117,1,18.898338715640435,1,1,5.870037569952268,3.221669250542204,0,30.46712263667316,1.4303565939873473,1,-0.9926675224562891,0.6166422832550026,0,81.60239754481779,12.745255545772135,-3.5308043368485986,4.605209035638877,69.99829401996755
0,0,-0.07072018797086817,51.29791039102951,39.833093054123886,3.280961398445716,1,0,0,0.6574224067045785,-0.3301899292971009,0.31303620910518126,1,30.918288737781143,0,0,-7.032007238563407,2.039020147639613,0,26.18432028884022,2.29073972590332,0,0.7971767071000503,0.8402806348502038,1,64.81252803624322,22.639234835928455,-0.602481192713217,16.42722926754491,68.74730987686559
0,1,1.3294243781657513,30.039161245202692,66.50482077932199,2.832890587133541,0,1,1,0.12362723587445196,-0.004502143677105339,0.057641289638139304,0,76.51644948470235,0,0,3.7341609801873545,2.7525552532395783,0,60.76588828168995,10.727362615701603,0,-0.9357147257912466,-0.5846566582160982,0,5.3182779042574175,10.729615277604609,9.92572108144779,10.697716392950758,39.69952362150808
1,0,-1.0471814578702532,30.869774688564352,21.23576240280257,1.7785177313230072,0,0,0,0.2055079513982459,0.9650182601583966,0.623233308970293,1,21.246290130677146,3,1,-0.7238569328077542,1.405701681251443,1,6.138138412860279,1.622095472076983,0,0.6556450275859439,-1.3793800640433778,1,74.84489188880103,12.96068594884491,-0.8833130245377259,6.956722621603584,57.16031955144975
1,1,1.4103516688318039,58.76805937983265,24.433715631550175,2.3263298496908456,1,0,0,0.6821862099224011,-0.34181583538887184,0.48087646375055504,1,25.24065097777666,3,1,4.050803435047779,2.4455614937319745,0,53.780738828347225,1.7183801726813923,0,-0.5020123066029526,1.1025702514644204,2,78.83135047641261,8.823638468432794,-4.87320796780062,14.331089964791499,28.544320840645003
1,0,0.3697841859334548,37.058725894447704,52.53506266965836,2.447962147698062,0,0,0,0.2765149982560102,-0.731761485772254,0.8430083067506366,1,30.14976223828592,1,1,7.884531795663129,2.00625385171575,1,39.82438665707724,2.0192080472603853,0,-0.4369560448005264,0.360932037074623,2,61.99614609348868,15.21482474507865,-4.582187995057959,8.106197846998796,37.5028333180047
0,0,-0.172797096741049,20.746285693589023,47.23858140692664,3.177983355382715,0,1,1,0.12588091924764466,-0.717508953766412,0.43997633617999843,0,30.498059305143403,0,0,-8.887006476360401,1.432455070018966,1,47.908430400766036,2.871209886772141,0,0.6235464581792587,0.19103757192515905,0,43.45417594794674,23.757665024723952,2.011300534122997,3.047594826973179,28.56905000306029
0,0,2.3580153353042603,37.78184826899654,45.07426548324907,1.9126244223595597,0,1,0,0.3642618250996787,0.6760208438596778,0.29362742737987463,0,27.328167935624084,0,1,6.927769788463557,1.5865166062677258,0,6.446187173892515,2.9068006310431906,1,-1.445293646044206,-0.03874685920718455,1,45.968884665133885,10.096820361807657,4.030048983136529,13.298677832691848,59.854950062132254
1,1,0.5491577703411897,49.23658105723557,56.24647774582976,2.463674874304866,0,0,0,0.3837162893320132,0.17403410087491455,0.595704390148819,0,18.46687451117411,3,1,-0.2867813435654156,5.378507017319337,1,34.3028894328063,2.8006953020877936,2,-0.6427504769954244,-0.6737145171564209,3,53.94270554599282,10.116466915301121,-5.6522376402091155,33.616806438915454,25.417026044475453
0,1,-0.6702542319729865,44.46394983557842,53.536692581226916,3.5871351170203356,1,1,0,0.5335701312520368,-1.4550718301605332,0.17747843783261713,0,52.854739879492776,0,1,-2.05478300550173,4.756606394907577,1,79.42860128294987,4.621376034449218,1,0.4400875367366283,-0.28811272989867637,0,28.32245586033929,28.91877887635353,7.493909021500549,14.98703291760825,45.58252897631478
1,0,0.45942114352527935,50.093133755065445,11.193059357439584,2.390708322023215,1,0,0,0.5301201318093018,2.4709749570013466,0.5778655858024697,1,22.862227435606925,4,0,2.682954009864787,2.9060953251954493,0,3.271530337730675,1.244613231526028,1,0.6956101410902814,-0.61218426823703,4,84.38703240172427,11.732070774102166,-6.726934495756925,12.362285714113519,24.197056447227162
0,0,0.36556256114489954,46.57699103259207,61.104125152709024,1.1494861253173452,1,0,1,0.5801524925235866,-1.8130300415431133,0.6566368412617801,1,20.980109345886135,0,1,9.67348757330467,1.5715956124605497,0,64.87194495334933,2.09582962950489,0,-1.3482282093320257,3.1145744164469535,1,60.40354288611696,15.244331490617993,-3.682291776106376,21.167645929346982,28.058957809764756
1,1,-0.7997158047623594,59.646346886045265,40.83206475586305,1.5910488914383416,1,0,0,0.9151808138699564,0.6353505062408962,0.42219066294564633,1,27.427239515966654,3,0,-7.496939182901824,10.37893829676533,0,40.23859706586376,1.6082008452245902,2,0.48098160968049963,0.18056195702874475,3,68.27547681177255,8.828491321559886,-5.281295851604975,24.868011662558832,45.38885841998392
1,2,2.134801039298969,54.58710662095929,20.65676626654018,2.8851708487210272,0,0,0,0.5054413049305719,0.6316199024273823,0.3616893572407701,1,21.48906825157149,4,1,-5.162707498185679,4.160829646731261,0,0.7063801592812746,1.2928202413683731,0,-0.9866519139839405,0.33246652519788733,3,83.79740124904951,6.763447716686377,-7.639875163005677,16.059636631162878,29.731060454307773
1,0,-0.24043580394588887,38.459711937222096,43.571058939000885,1.4841631205469834,0,1,0,0.29490324036333515,1.4343087109560866,0.7841209001598105,0,32.17440770252554,0,1,-0.3881652217404703,1.8830056551615317,1,51.07797256108828,2.5632454742122883,0,-0.815541078630648,-0.015243523449641293,3,58.23532249062637,13.470926064979828,-4.768409576731662,13.017353537519792,39.86308136200833
0,1,1.2863912605380714,37.18392352360523,77.8568300613334,2.185797643217196,0,0,1,0.28336202166938385,0.9653082152896283,0.6982494972752107,0,38.881470658790505,2,0,-8.713760332462272,3.505944068906922,0,20.439452625150338,2.982697956712856,0,-1.4277607908675491,-0.21520777017787954,0,36.790640550133205,6.124355306024656,-0.6498607748348704,24.96716571561204,35.02038306902734
0,1,0.8261992954667672,39.028795063607646,74.78806853824096,4.784638823328268,0,1,1,0.22442500564698104,0.006464837793819312,0.5840678713284836,0,49.61183556681669,0,0,-6.1223921221765405,4.017511073812391,0,52.26648857103306,3.2407075011685023,2,-0.19876550615399502,-0.3251086114623534,2,31.91938205024393,25.37415502380608,1.721665796181366,25.90804308951884,33.713054127111405
0,1,0.0739512013726243,50.21965874165024,53.31252348816478,1.3287655018270879,1,0,0,0.6251981664780797,0.09679920904543884,0.7831532067321139,0,23.27917414106267,1,1,7.935845446967097,2.094415421855259,1,29.011645337410833,2.1662677792724443,1,-1.059761011914574,1.0823812734569174,0,61.48970248332165,11.836815672220295,-2.3869200757320685,12.20976193130365,66.04478042555331
0,2,0.28028095393440855,42.944432475259035,88.45995802923288,3.31548193774235,0,1,2,0.35923349455021397,0.4088038179209889,0.8023076848914892,0,46.64433969421349,1,1,7.320426611674929,5.377746962443679,1,46.119175540987726,4.172509799079918,0,-0.11847530350330762,-0.0453230784841572,1,25.243458007291775,21.358043219994812,-1.7772590436058877,36.90735107724791,30.18388693616793
1,0,1.2937334812674233,57.03363517059539,39.259700045999125,1.6233927794051375,1,0,0,0.6554158723676194,-0.2532060416841766,0.5884248340647438,0,19.593162279334898,3,1,0.35507043499866064,3.121399139452178,0,19.13181394002325,1.871527804551676,1,-1.2985348543579611,-0.27494444741846413,2,64.79806879532774,6.437215089627724,-2.8666097444421235,12.721319806917727,39.809378484183114
0,0,-1.0569009109627314,23.285624921156778,56.48462782610204,1.6004986861867254,0,1,2,0.10763585200882625,-0.29995467335768566,0.2816928399042438,1,23.99895225168226,2,0,6.753560591436482,0.7147873961209578,1,37.99770509299995,2.8031003496016655,0,0.2352071727712374,-0.1988539685240275,1,51.43961300780364,15.213075273700332,2.0769760304353913,20.460674439769107,42.052656665237585
1,2,-1.7276045228664878,65.87750890100386,31.35081875685122,1.993949642780583,1,1,0,0.9851819270644125,2.0988856420863256,0.6508181152357537,0,19.639158459860493,3,1,0.6894780840158621,3.8980238835794974,1,78.60980166379011,1.872373648257742,0,0.850895942809724,2.6705999470468207,3,63.35396013460255,20.711088121850945,-4.1633181130236165,31.063316350296827,59.976624700799825
1,0,-1.4957843365077188,37.87338402182333,78.99564278578377,1.8921595078834348,1,1,1,0.4736184241253111,-2.2631168096646608,0.8430096293392425,0,41.84094207857033,3,1,8.026200388286753,1.0031869175017174,1,12.229529327119204,2.9825352681932773,0,1.9300044409622,0.17679123832951574,3,60.13139536555785,21.5872326594977,-3.032756777874841,38.52424229955283,52.845357980650064
0,2,1.0392567277904763,45.88754543628875,69.6958630635358,2.4648644090402074,0,1,1,0.29101015000026775,1.3345503472113665,0.48848386657907683,0,53.5518755036034,0,0,2.2111878484281995,6.721177778564793,0,0.43550017183220824,5.199384126928446,1,-0.8456247633919969,-0.010875563410136973,0,21.70768735559606,10.175179020925327,5.824571978591152,14.928225602324371,61.45826773785624
1,0,-1.1295553674055392,45.20536488849167,9.713092869706502,3.4615818790148234,1,0,0,0.4661145205045577,-0.34037790255174355,0.10065226028696111,1,21.202078581953444,2,1,0.3645207454727064,1.402745524941342,1,70.09217028928876,0.9870223106569498,0,1.259769015883741,1.7282087661795296,2,89.43821266598309,36.64390004470733,-6.656875727033271,10.798979061123152,36.97035087101991
1,0,-0.23053646900571942,67.13883821597602,5.661346561209246,2.0488559808296825,1,0,0,0.9683648129208887,2.6967845320515456,0.5852545535684177,1,24.22666698045613,3,0,2.6915128855521964,2.9542678490880956,0,30.051297793310706,1.0956682954553327,1,0.08911319470298942,-0.2181909864424363,1,88.86110277742817,12.73405208136447,-6.661986982140437,9.536956505596981,44.666991053725496
0,0,-1.0908969620117026,25.587613486284855,81.41132204553912,2.7672431935603705,0,1,2,0.23635136838410614,0.7557659453536097,0.487465584851133,0,57.959833088344894,0,0,-1.4176971076517013,2.290425518767226,1,20.534951251881722,4.62153630506129,0,0.6788384551060653,0.7863710681002457,0,19.65032027665722,26.727929603060304,4.204902289390182,23.31664904636185,49.469157771917736
0,1,0.6073846153833691,52.864101070225814,45.40717037609728,1.7729315654154942,1,0,0,0.5851987215103875,-0.8622926132022972,0.5969866058860913,1,22.24539728709924,1,1,-6.961673634631705,1.7732329508213922,0,27.475964108941298,1.858639974630404,0,-2.680816134704709,-0.2512014243382799,1,64.84681457231018,11.207917086005017,-2.1036261827465434,14.691109750290646,57.742754916804444
0,2,-0.017261315991415907,49.77588237016239,84.78973245985503,3.0103965318340564,0,1,1,0.4417699191582451,-0.9963815050097732,0.48474286016183027,0,55.34001762824646,0,1,-9.650730880414836,6.471000970654087,0,51.117129831102815,4.85191058306539,2,0.16357429633936887,-1.6097160306382625,0,23.917619017720813,25.88070584616503,3.765272634762038,36.08024117577222,41.88719103597237
1,1,0.28306703407142325,46.68880245386385,31.10942907286513,2.4568606285528727,0,0,0,0.38678315359942017,-0.10397147007420064,0.26266667191182425,1,33.648984455073865,2,0,8.130128907109505,4.5801250822630895,1,4.449376061478363,1.3216970640389631,1,1.8128831843856177,1.473395883512201,2,73.9691752911465,14.35693825861299,-4.488776849997587,10.742931315350644,43.487895929030245
0,0,-0.7181238345929198,18.398404615033574,92.98546128224174,13.877935793581536,0,1,2,0.10543152336729494,-0.26837168215807977,0.7450497793944327,0,79.92558983225008,0,1,-0.8877368268843853,2.6425043930908054,1,5.685112634799565,20.163564319776278,2,0.3218316131530757,-1.3532002374243706,0,0.4850179840326263,39.873078202784015,9.959101846241815,6.443535384383812,32.17301275518042
1,0,0.0008282905468768836,40.84682835003786,6.254151063265173,1.0812408611791828,0,0,0,0.35649267515879335,0.43083535195776285,0.3923167959095122,1,20.786374527556177,3,1,7.5747736916095185,0.7589716402890654,1,45.44421904998175,0.8728433844443515,1,-0.9134064725243854,1.1371206741871893,3,91.43677818879623,11.235177362147382,-5.798696511188403,2.8921968009217136,39.84727094420682
1,1,0.9309996625593124,63.04093002936559,18.137867385341245,1.2730382369119655,1,0,0,0.8294341949616595,0.8010048285443104,0.7216825840290118,1,20.974940667216533,3,1,7.177264830910971,2.4085315281392483,0,59.02812762377414,1.4959683717558478,1,-1.4273507809617372,-0.41283147654206176,3,82.27252006466827,12.00265163764965,-7.356557499488173,21.94612121096877,27.972770465437275
0,2,-0.9498147744588383,41.75879827913215,79.48230512277637,1.3422514067350233,1,0,1,0.4714444388767829,1.1387601000540426,0.9102373341139677,1,37.72300529940364,0,1,-6.0367643051727065,2.4978249362791347,1,35.77041753405162,3.3677900821459295,0,-0.005104491843344226,0.4686577750550389,0,35.66346796309048,9.378615078486696,-0.22351415914368822,16.86190980591636,68.33818318348425
1,2,-1.188867499633517,67.59057153703758,30.845269353004262,1.6488298991582544,1,1,0,0.9825716522595154,0.7984531406412773,0.5957111037996172,0,22.666244030698728,3,0,0.16328110017716924,8.960721236752551,1,31.15002275200023,1.905186315157454,2,0.4471267959241997,-0.2653389501369859,3,63.76460423856548,13.082893657818545,-5.90204077565215,29.38190746750998,64.26276898168159
0,1,-0.4494418784280115,46.593868792748225,42.90979457719074,2.64351724993669,0,1,0,0.40005956011975824,0.7247916404742927,0.2721687403661152,0,20.80232184021345,1,1,-7.407402760366932,2.7851527411408883,1,64.21578242618295,2.912685228252719,1,0.4831256656034893,-0.21359323808076677,1,54.37726294332549,18.39018258089306,0.2986753260630657,20.772159476328866,49.13387114006547
1,0,-0.29991846994491717,31.16081372730079,59.38717261271657,3.213159470195272,0,1,1,0.29008259347993026,0.5551672958177648,0.7824915149175024,0,24.897158452543042,0,0,-8.689148640548986,2.5620557282863703,1,17.908268820776783,2.2553775948345907,0,0.18013887963570918,-0.42303854743315067,1,49.84172291808752,27.99319009383057,-2.0654989715043968,12.094045555157829,36.51902933826583
0,1,-1.4166651447500216,41.64322197166023,74.630746783967,1.6974191911566163,1,0,1,0.43877929185694375,-0.47820574174828606,0.762003352612675,0,31.41837919887859,0,1,-1.3468601803547067,3.4015643364073624,1,5.6753759044814345,2.979865429204503,1,0.6905101114086697,0.13338830771023286,0,42.51072153779477,17.409161775735924,-2.366771133695819,20.69354369230586,67.22382277936346
1,0,-0.1487841711292235,65.54272240668487,1.7051755292300574,2.1104587234526777,1,0,0,0.9655531288929768,0.08727273442188252,0.4997185781425323,1,18.769050499519857,1,0,5.897758035666454,0.5341774995856331,0,64.53518397554289,0.81683251289751,2,0.140657619132447,-2.269119443142846,3,95.5232326594877,12.447187170110467,-6.1157535591415835,7.916420075511439,62.159513504892686
0,2,-0.38544289626196204,21.308690389413517,96.51808394851535,16.230056198184705,0,1,2,0.15758931029800016,0.23518947840580431,0.5284946110915939,0,79.9412716015591,0,1,2.894187652728398,4.215189739070799,1,11.351481087320106,15.804513857932186,0,1.8171700694497233,0.4886834756006971,0,0.531581245883378,39.581854169440874,9.915084533484276,31.414392045547363,28.50787012063195
1,1,1.0584421141704181,68.88822609411844,23.652583191323885,3.755320076296555,1,0,0,0.9687365726091108,0.412262477049485,0.705123209688625,1,27.071661694123854,0,0,-4.215345245983752,2.454472223798221,0,44.187077271193395,1.5899186160456438,1,-0.5187206207458342,-0.8332639511573482,2,75.72722181167873,20.775167324451587,-6.760464142761108,33.57821364002838,36.95498413404904
1,1,-0.04167707156741768,41.455697759028084,72.54471018424024,2.180626989739299,1,0,1,0.4736334294158432,-0.1106131206626166,0.7868643003960254,1,24.07458731078716,1,0,9.984540545196904,5.012806920309474,1,28.62999799181924,2.3526637490525073,1,-0.16879533191728624,1.5108825305595388,1,41.98907905356321,14.226235631560462,-2.6717052298955393,24.38728629636341,54.263282685799304
0,2,-0.09277949666728322,31.27629884730688,97.6640322984034,9.357319266906481,0,1,2,0.16464063588107586,-1.1073929986514606,0.9381336509127809,0,79.3571561836451,0,1,8.156519701005614,3.9450725222929033,1,12.044832198502187,13.475333832298071,0,1.0486232215052447,-0.2915309960038929,0,2.4154930874185467,38.49236332741436,8.968430100152261,31.44848221827435,44.77918094368695
1,0,-1.705009087318757,61.303948319311964,38.19780515091576,1.5705412540597923,1,0,0,0.8990849681815738,-0.43423195809701864,0.8964640899875325,1,21.66016336097682,2,0,-5.435066221854291,1.6735875125814972,0,71.3550345966963,2.3471541028659035,2,1.1026340104149257,0.2651716219413188,3,64.83264777011696,14.0551669408589,-5.204596564453141,24.71535713540153,50.1485959260538
0,1,-0.7567785558314555,26.521687450335264,92.72857274686687,8.488400130614274,0,1,2,0.1713543764499436,0.8357088742006415,0.7160929580177342,0,76.57665496689516,1,0,-3.2338341101466694,8.088067052914614,1,17.85037415458902,9.044353625822975,0,1.5367036367194664,-0.5140206307767211,0,4.947413158039248,38.6583966873494,8.2244888553749,20.233676997124867,30.977946337468467
1,1,-0.7861207254025465,45.88480445105544,50.62060734831436,1.4859106648204343,1,0,0,0.6008825607998223,-0.12456527789581207,0.314402086560615,1,22.08036012771074,2,1,2.869050087024153,3.9643709615781693,1,54.84225368837697,2.116477715639397,2,0.42209453536660735,0.9396563883208727,0,60.171828031400246,9.597371779888825,-4.299640880423377,28.459127267197196,48.25198275568047
1,0,-0.3655914534400541,51.6933511047344,67.51980277952948,2.132361291544638,1,0,1,0.5397607844350667,0.9847274477246705,0.9980818685745827,1,23.112471116998343,3,0,5.556209252669529,1.1581441046855812,1,47.449819853010744,2.582276412477734,0,-0.2861404450229209,0.8160133133762902,2,56.26884768266574,11.820062503824339,-7.576934406350415,23.94721246006709,50.86654950023223
1,1,-0.6546931742480623,39.719917675404055,82.94434860150258,2.941855600434384,1,0,1,0.46081974348375865,-0.2791776825312989,0.9995529236317006,1,31.737982501053175,2,0,-5.780346087698744,1.218005922651706,1,52.69451306796762,3.3362448073680744,1,-0.16357461946813476,0.7617572536695247,2,44.13147933812439,23.346963056165716,-4.576183785828608,29.047793141702822,29.29629839617695
1,2,0.2852120474700532,56.391192275241956,39.31664520344301,1.3115516222191261,1,0,0,0.6237672401229444,0.1983515794419199,0.16805466523894386,1,21.114081367503566,1,1,-5.746037796256278,8.927240828174423,0,15.444018276263956,2.299070250538661,0,-0.5123083891249843,-0.1676135476862292,1,70.24267902923043,12.401967668493299,-3.4720704435535428,19.01977143356039,48.906523153253914
0,0,-1.0330921833742488,48.90953735880434,69.06488093387301,2.593815321690983,1,1,0,0.6590736508287094,1.007133861085361,0.9075561744278091,0,74.385959237553,0,0,6.126113658840527,0.9898030801561806,1,77.49386298757649,5.236868310627869,0,-0.15949626821997046,-0.18640270187026017,0,15.724417992294438,22.1934785535478,9.493855123398315,10.830889502853925,66.67813069981617
1,0,0.3274975036862609,68.59837561774864,8.374167856095466,1.1590681562820997,1,0,0,0.9868442472273552,0.19547035223343096,0.2555615938078172,1,22.627287961756704,1,1,-0.5237452677382208,2.670676521694305,0,79.31079762843625,1.1051129111599833,1,0.024885984497400523,0.3875819352450113,1,90.10636572657228,10.72911902289931,-2.315840575091503,8.979771665148856,47.890682163165835
1,0,0.7714364610249542,44.001749814643986,26.667908349718637,1.8628242500750574,0,0,0,0.27961647660296474,-1.186457160298339,0.10954638679630851,0,25.17869919370023,2,1,-6.681457707008283,1.4420759356332178,0,33.09688859422969,1.697919090725972,0,-0.09714966106827524,-1.5642135127640022,1,74.12109776714347,9.850195085228739,-5.125111680943869,30.122551533797957,21.412956776922393
1,0,-2.249835724481271,43.99935712082876,38.43545036388224,1.5970398520106204,1,0,0,0.6826033459929253,-0.2889178467270117,0.28810033608528784,1,31.031146109902075,1,0,4.1754910605482785,2.0867763453088077,1,17.528384698088185,2.0009309585353687,0,1.036524231563454,-0.9742417506357888,2,66.19098946582419,24.7253050933853,-2.4779289831340563,21.551933877588553,69.95690754152969
1,2,-0.23370093159519637,45.27046670729885,78.24602792979339,1.6621627857126091,1,0,1,0.4285068618137581,0.29403940146311813,0.7615720973392025,1,24.80805837232041,0,1,-8.571219839016255,4.693117002975045,1,32.139036798632944,2.7642964041000857,0,-0.1695347212386302,0.8096066958397079,1,36.631427871029864,19.71467350937476,-2.001734978455456,26.55597118660655,39.430671843380935
0,0,0.4357794081027138,30.317525375962166,92.23337726328117,4.264728111605516,0,1,2,0.24171195071138335,-0.5088149283878592,0.5627393779309272,0,69.37310145430146,0,0,9.384853826556707,3.0586484176061455,0,12.12996710930177,6.8131151532182725,0,-0.1296670178397747,-0.5267418612686434,0,12.00760801471713,24.49059390783453,6.539382035707636,35.03019432689071,33.83072197053858
1,1,-2.0305162029768433,69.34372878031508,16.92833857964857,2.0439346427423426,1,0,0,0.9997558641660944,2.6769410997096603,0.6006681497099577,1,22.22675690913215,2,0,-8.966123591795965,4.1429142743717025,0,37.50478191075002,1.2059609015218442,1,2.3135196466054015,-0.22159815861843288,4,82.49164815272954,29.890054065859367,-8.407415089917249,37.128190217874504,68.3227959561401
0,1,-0.489673045360118,44.374646899390356,82.54527349085508,2.5962367663791324,0,1,2,0.3319791666907932,0.38343498491588635,0.6477276295376408,0,39.69396288312373,2,0,2.5742991154359913,3.7896578418263833,0,42.483057323567664,3.7026816103295737,0,0.01298217409723909,-0.7435648367133283,0,32.54139397651282,15.56563057570012,2.837930067710934,25.947899710234875,51.645043076682136
0,0,1.2795120678568295,37.567619190440524,78.20342024384904,2.6476984452547825,0,1,1,0.3006918287550978,0.09107839918355215,0.5474325846447209,0,76.57385783957265,0,1,-1.5952149839071357,2.262209390208259,0,23.227416912160628,8.100612993488413,0,-1.00668366258394,0.12833964490625036,0,8.103602791442327,9.089573354801354,9.498760726488769,14.137395837642035,48.7875351782302
1,0,1.1699376533437371,59.139038573259384,22.041209289284375,2.380616543212651,1,1,0,0.7844878195670901,-0.36421633358439975,0.7831691178654319,1,18.974451570205648,1,0,0.8898079771978686,0.9884246877317171,0,16.627156795235734,1.6570966960848246,0,-0.20325074624768938,-0.3559405645701601,3,75.6736288544486,11.314466366848613,-1.6258732516153032,13.168792445742078,49.17303499267946
1,0,-0.29961055691035293,30.960942304755164,16.12619541552413,1.8672513717744563,0,0,0,0.2589611749796872,-0.2704602986312415,0.5316766784233232,1,19.721523634380457,1,1,2.804432223833569,1.2394991373193331,0,2.0397168037981084,1.347084343752394,2,-0.38582111895583976,-0.4330502742197466,2,81.19031094936034,10.27041922985575,-4.976661124265288,1.529714054226805,42.13640294943206
0,2,-0.9373025155039253,41.51132654724861,78.14756081573502,3.0359557749586523,1,1,1,0.4603272332721846,0.19868346373133555,0.8526628464745676,1,43.05830372424478,0,0,5.480185117468967,5.06204063774237,1,51.446313585874265,3.932101354105453,0,-0.05189936459006622,0.9454871628383452,1,34.58899583179125,21.027196837477497,0.33388204336965366,16.17261260830857,34.58028232728352
0,0,-1.1199824770196936,50.05779929428765,61.56005211057058,2.266468645387878,1,0,1,0.6700035128675385,-1.7134552237848277,0.8190993168458135,1,29.575649761757514,0,0,9.98862361916462,2.033349471002223,1,66.75790783510278,1.7848407756123443,2,0.010081167310941375,1.851130526492796,1,61.298465236392495,18.99569988484391,-5.464532792280105,23.250737475380884,67.48798477447761
0,1,-0.8457245830773815,54.96683241834957,64.26966869940199,3.0983050191483055,1,1,0,0.770926231297107,0.4173191841233645,0.4485246805523584,0,48.98176833789941,0,1,2.9680270158021926,6.30270742200273,0,55.133660056926686,4.686270750540369,1,0.7416262480531906,-0.7360051118748636,0,28.095571081357395,27.348648088396498,6.16638082207437,23.754921418736657,50.838701003406065
1,1,0.13324410854833862,57.6574520981284,40.60023521459294,1.7871708292024242,1,0,0,0.739139020296972,0.5329082386447017,0.32502750324006974,1,26.453455429345027,1,1,9.429635859174486,10.591517785269827,0,21.366034506143357,1.6667904670219575,2,-1.1540303120051105,2.094009208115819,2,73.02291655784656,9.665298463960259,-4.472384767504463,16.51986648917807,20.827886037449563
1,2,1.0414143352367693,32.09428963232613,62.601782219103754,1.3528167924866856,0,1,1,0.13978511860104104,0.7640618482603821,0.47071151023304497,1,34.52559627742401,1,1,-6.638577513652884,4.697680734678203,1,13.05455435780849,2.8881589524735767,2,-1.3449533728686534,-0.4747130306900398,1,40.02477853534525,7.862255266307024,-2.0701258546010273,29.871470847930905,22.647526097830344
0,0,-0.32109998790726835,22.799880112287433,73.22395312245457,5.412926225007288,0,1,2,0.2309425099154393,0.9923207015700267,0.5609467085890373,0,75.28977487472935,0,0,2.7441689784817704,1.8298172291265167,0,29.98904127540838,8.296855710978148,0,0.6503102110841081,0.42354813912508776,0,7.310015973092899,34.59296518173721,9.636504666807078,4.699105602770031,45.61695553421046
1,0,-0.970797254368302,42.04754718311246,32.564520380634974,1.735743643630454,0,0,0,0.3648396735652807,0.7690651757228151,0.8941435732927828,1,23.505988690514734,2,1,6.718548053142541,2.792547717684497,1,63.77153826743792,1.88205189784143,2,0.586205311335803,0.12110089228910244,3,69.44071360558954,18.086062656402408,-5.183983866779288,4.957023869288069,50.8168497877039
0,0,1.0340000448881206,19.833157113748392,26.09411338587796,2.7851323900855975,0,1,1,0.14658172267160668,-0.2884721053635862,0.6150640927250158,0,18.589369659019045,1,0,-2.7374328726842094,1.2835842611848935,0,34.51554580235441,2.2824097432894788,2,-1.6241795683639575,-0.033735164135386506,0,64.709644279083,12.571750583131728,0.6327155506366502,0.2155225577621378,21.74236552085625
1,2,0.5364080469214517,68.0997237280128,16.827579791914673,1.3819609860542559,1,0,0,0.9143802679170028,1.0531072507070665,0.731825265256305,1,22.793105820139516,0,1,-5.372762517777768,10.75313714724466,0,13.751321798186433,1.1396133908206436,2,-1.5683396792138433,-0.46719146601052536,3,83.38521095805602,9.839920815708636,-7.550658547127145,16.34936479008507,57.236298891372584
0,2,-0.8568077900822162,41.95248529287355,80.86851650367213,1.9948947826382424,0,1,1,0.4175620817187311,-0.7575915463049807,0.8528095215152502,0,40.26027530183768,1,1,0.9633547366903255,7.711719563888842,1,63.98631242136318,3.6785855911481833,1,0.7837150700234573,-0.08601941225124116,1,34.41646452985406,17.48555790945397,-0.8572588921697459,17.000018894701945,36.3728894172052
0,2,-0.41936682233704425,31.402914294417357,75.45237895590797,3.6825848482614107,0,1,1,0.1523353297408026,-0.2451156609766534,0.37380168960010574,0,49.33139901888657,0,0,2.1893879817428434,3.2086877704960393,1,56.65268780804767,4.515051098043608,2,0.6723529279136331,-0.850808765491315,1,26.618696161628918,24.649283741988253,4.95060662690944,25.026394785597333,29.588717755453565
1,1,0.7503918423025446,38.93986970967872,56.532767815584826,1.523297651140506,0,0,1,0.2228088038274243,0.8816752778594326,0.42960917701867407,1,20.17206993696771,1,1,2.4305100340157644,2.029126685318667,1,41.48247480378279,2.162176998488686,1,-1.5480055004962885,0.6632400867195687,1,56.1493657012489,6.773618197816136,-3.647371134038927,25.48475230419448,36.90129043580079
1,0,-0.41492447335946525,68.60351997539942,25.796619468833732,5.130850182054419,1,1,0,0.9578148036666831,0.4077699280541517,0.6223842948411533,1,26.097007011830282,2,1,1.4190032727603796,2.933361123363115,0,47.766504901766,1.7552264759128757,0,0.40410300047749775,-0.22835706514876067,3,69.16834520648393,32.36457542996425,-2.1950948329228,31.480860654690808,69.99688414815915
0,1,-0.38425499137411906,43.55933756402138,54.18482044573978,2.229911213268373,0,1,1,0.4614158385494953,-0.09381569409298711,0.2107691935292782,0,23.94539651274514,1,0,2.613744731458853,2.2842902087069628,1,66.15205782238404,2.7509773722447295,0,0.5690767267836199,0.3636179771895509,0,52.31696971883002,16.599667383218794,1.3924087716818256,24.024653854380183,42.2874286819122
0,0,-0.8254170019184675,23.5042841256781,73.49316328836123,7.955917173511697,0,1,2,0.16232510531528277,-0.3641078229307873,0.17464040848269674,0,74.47093872452201,0,1,6.3631156178566215,3.2615912381324783,1,53.91824190286756,8.229591602292558,1,1.192644823376645,0.673703307718857,1,9.651338309759128,36.632284299634684,9.17253287062648,16.009598957911702,27.71752436253404
1,1,-0.7636579361879419,60.342660520337134,18.390289677606553,1.8838988629812516,1,0,0,0.8219254909468245,0.6402392299774251,0.6438956682877524,1,20.092471581043554,0,0,-2.2316160440625143,4.307250329245038,1,36.741896941004555,1.5061137273946044,0,0.55726154077397,1.2119731857580982,2,83.50951194006643,12.835492673611144,-5.90853829376861,15.830436953170421,69.86618150270337
0,0,0.20335211036455944,57.31274622646044,38.61624126861791,1.0552158286157218,1,0,0,0.6714417864288114,0.044533048843719,0.11512688315605701,0,19.7230193525329,0,1,4.594053072722009,0.8366141490582989,0,53.09214966822819,1.8719729864827446,0,-1.4847945745911373,-1.3602493958921649,0,64.59939101033278,16.93130622356766,0.31294493879589425,35.87799063572775,55.20365860545788
0,2,0.5670949311319077,66.0652260379906,61.728576985674465,1.9821590423059121,1,1,0,0.8940631709380646,-1.0888031945956083,0.19227164293213928,0,54.94209737737105,0,1,9.929331809205038,4.132017643925955,1,5.974312717494907,3.599208737365632,0,-0.8083746000363398,1.0437572399605923,0,36.43121788623014,13.052966574249831,6.353057040028229,38.97871029125289,66.24865057921141
0,0,-0.8540180147059744,21.60297916883219,88.90159870168755,9.611720998950563,0,1,2,0.10271801750998705,-1.6803864688181867,0.38105892726908736,0,75.51217898362184,0,0,6.3525542258110015,8.615952043855023,1,13.048773349386874,9.05723035548999,0,1.594936500206498,-0.0588864186445201,0,5.243013569596,39.1724065727833,9.063090601343333,13.898909689245754,40.74114757272777
1,1,-0.865376982288863,42.07459262043015,94.25661090552437,3.9796974144761696,1,1,2,0.4747404459738043,0.8659536817348493,0.4905412978593704,0,52.20265912564972,2,1,-3.289200068792506,5.508828331983366,1,19.836105653322527,4.990364552463323,0,0.3530801388114234,0.1658991992392696,1,17.89741413767098,25.704885878129318,-0.7264545297242009,39.9507305128469,47.11232525039776
0,0,-1.1228971316923364,36.61684691466705,61.82054955734008,2.2277252708737514,1,1,1,0.3861431960485787,-0.15182839425952774,0.5215528514952446,0,41.32531285900926,0,1,5.420696392951561,1.4668629593512235,0,54.35484744886047,3.881329537746167,0,0.6034712134258605,-0.5688076577837989,0,30.45201032166617,24.529491816216765,9.035039743311444,7.081338741952106,61.350064224204544
0,2,0.28580812637602543,59.453616621257105,82.79951490248058,2.02324664250625,1,1,1,0.7843483124487043,1.2408903118652728,0.49913763637969255,0,40.927916822941945,3,1,7.338217338180183,7.299738645940944,1,61.57497175519447,4.042978789865599,0,-0.4274531684365758,0.25877693092976817,1,25.995639066010778,8.32712597819766,0.7454704176336548,37.84080569701301,41.11833773764783
0,0,2.0003373387366525,20.40319517945722,81.68715370083397,13.22564278234312,0,1,2,0.16297829965276667,0.12354987239475931,0.9026620754221236,0,58.65756342542988,1,1,-0.8348609337669171,2.560079484933714,1,16.90678689599071,4.302510815606349,0,0.602430093871635,0.13575564258099967,0,21.59007411931078,38.69740635623249,2.3826242324981965,6.5717973216017285,20.946409841166744
1,0,2.4233891336451587,68.51304190031547,7.445417957978428,2.2261781982855915,1,0,0,0.945679177821604,-0.5049453572883892,0.8949474933972515,1,23.741880788160728,1,1,5.749492261666941,1.332060709960219,0,77.74593776128239,1.2178048404365893,0,-1.7583699592555002,1.8558478781215393,2,87.44166879915011,2.8147869194196207,-3.3126426299727774,4.987196925886474,60.18917747196294
1,1,0.5559588852974796,54.135100981613945,36.64144899712928,1.443394863020541,1,0,0,0.5626800238825723,0.7904498853406486,0.3260049021648349,1,27.169041735444125,1,1,3.920667825170735,2.0636421422217692,0,59.13589401599394,1.7197832635330228,1,-0.4258792651023473,0.9550097895390477,3,73.24551869579338,12.72103152861603,-7.056981622818626,31.859830918380744,36.14310336661168
0,1,-0.7840395834248188,23.879751943049932,80.93538428737135,3.5730368937201056,0,1,2,0.19034424366171632,0.6893276111718281,0.3245619742418058,0,60.83831593657472,0,0,-3.4740678392413704,1.2554745326773384,1,23.642871628132816,5.217496971637158,0,0.40325781814720774,-0.8798211397103163,1,14.297866246751234,28.09953789505618,6.805574084354653,31.67608945401083,47.09442492259444
1,0,-0.029226033707765102,51.27409453235302,26.593858097649935,3.647749791737869,1,0,0,0.6327374305881308,2.1406895317067356,0.5492897551748767,1,25.041125784010774,3,1,0.22623975166689902,2.3528596513076674,1,49.39889618049369,1.82647486249172,1,0.4159940055159402,0.05215861796757025,2,73.89685903351851,22.961043301518707,-2.5286233648765037,7.567400575586925,61.914325418068415
1,2,-1.4867551116178135,39.67799653234422,41.22266261230177,1.931198326579651,1,0,1,0.4392452975906751,0.7068903493217408,0.5688524094878398,0,21.62859802702401,3,0,0.35093829907356877,2.539573913581438,1,40.14020658401451,1.8322858383840341,0,0.9210770447059518,-0.2448891595584725,3,66.84954016710411,20.549422281605413,-6.430506562320434,22.991184577396755,54.585177815039515
0,1,2.3505494495287222,22.728684511295683,89.22647934689326,38.09952495648745,0,1,2,0.1983987813274387,-0.9160255115222535,0.6037888688954283,0,79.87593993446634,0,0,-7.861689223132263,2.5437556528874796,0,29.744664562331238,17.189310487308042,1,0.7999779507919188,-0.11213471728229862,0,1.068794541635254,39.88686772783407,9.974398825609128,18.624856984288215,21.756020745133675
1,2,-0.24981291944051945,52.90870833845345,88.89416278253502,3.535372032640534,1,1,1,0.6039147655859716,0.1670128097887239,0.650198188117782,0,63.30093342988951,1,0,-1.5833750695022886,8.76138815796681,0,50.10064230267456,5.841698621463276,1,0.19916255124898946,-0.3121485563460207,0,15.081203152978917,25.25548828599789,1.772380175440162,38.95430398368003,25.08619628829772
0,0,0.03276483830799716,34.09542079661541,37.45911472782048,3.6825031253669085,0,1,1,0.24886547749520255,1.1208074601400357,0.5154618396827181,0,29.005623153987745,0,1,2.6143134567131234,0.9229383647292354,0,79.52779304023059,2.9052322550653926,0,0.5370073185892359,-0.1274338505220787,1,45.74330030077119,22.01257270373418,4.2608932761156595,10.372558605888491,26.38344035501341
1,1,0.9342259375686999,62.67582249682626,4.895318084190892,2.4929646923622055,1,0,0,0.735096761187091,-0.2139032636421691,0.6671945641501331,1,28.939704117892763,2,1,-6.1257937430558504,2.99154243411976,1,54.157972943722385,1.0535032747553477,2,-0.43773029650456124,-0.5403897519887019,4,95.51635298913523,10.987971678784634,-8.25863656447075,8.144167114294273,33.77793783189945
1,0,0.8902761635061847,68.90799535545707,2.6846107345580683,1.7645862841272935,1,0,0,0.970563678972709,-0.3566775813647799,0.26311917123844186,1,20.518907837953417,3,1,1.0149381604819911,2.7857563247525334,0,25.87030486770483,0.8619290517942728,0,-0.5279798462775165,0.9026668996367561,3,94.43437409129444,8.269855202487085,-7.408465277495441,10.583117962529558,67.2202319592574
1,1,-0.31881923389574135,36.04584534342284,23.134113248756854,1.1467452000721077,0,0,0,0.29833653815112504,-0.7420808398818298,0.11668496826582309,1,22.492001145132505,3,1,-9.312425322145728,1.7860208733274157,1,24.846823655579563,1.5624735893173696,2,-0.37789722019257793,2.2131906593739843,2,77.4411293607296,4.149239822304482,-3.4357603261300707,16.039559283254306,46.56966147709763
1,2,-0.45220777852475724,38.51019948920988,68.42543029456716,2.930743333496296,0,0,1,0.26663152744130336,0.5292676621764285,0.4342778605286704,0,32.08259454759301,0,1,4.725260117393837,3.5185230251010156,1,28.62559821726874,2.6032984414421705,2,0.2853784145505234,-0.17375032203732743,3,44.24662491862089,25.366112599138578,-3.300063491965231,35.29332157016215,27.154596958381063
0,1,-0.7049440445617497,68.49180421506391,48.245061710754875,2.3132783606697904,1,1,0,0.9853526393407157,0.126978083015214,0.43410669422364667,0,21.978361467269885,1,0,-8.055430124256691,2.8833593498059797,0,79.05303800320763,2.5131089405762363,0,0.09372535522448376,-0.20116203654324627,1,49.612655521686015,17.999978279555723,3.5260491148676074,37.06485375326504,69.28280726040248
1,0,0.5647393177727703,36.74514280665285,17.160649395394582,2.7679635199599733,0,0,0,0.19031094147114203,0.49410005118606587,0.24329903541106207,1,19.869414278656556,2,1,6.207398212509471,1.2416102066026846,1,49.07229571614734,1.3773929553894404,1,-0.024334941435090053,0.296086899269721,1,81.93918619614632,15.548644394934218,-4.162577654044124,9.241539981929312,31.73072769509358
0,0,0.6815369678532456,32.03353657448986,16.273500646189394,1.9365324637710537,0,0,0,0.149586565232404,0.46178509709824095,0.4060426068142402,1,24.39409117835791,1,0,9.638865481280519,0.9790273507341217,0,46.757038580132104,1.2872416040143175,0,-0.48802786109236,1.179297831691617,0,86.91326660540646,6.872799273748321,-2.862791853027442,0.7350060377744461,48.04526666994495
0,0,1.0558600007014933,45.55943505639323,36.81488612524886,1.7071272029415359,0,1,0,0.4034406289641503,0.23371219305836105,0.3066688117677579,0,32.37744576508266,0,1,2.7620283208215852,0.7610374555189096,0,40.82349350825005,2.6955436442697964,0,-0.45965502567283734,-0.5401959761563107,0,74.00410505997321,7.805177613077499,2.000184577647948,21.066627267882524,44.58092283879848
0,0,-0.2564933780402271,25.602728107111904,86.42453630110809,5.305347450469208,0,1,2,0.238039061225367,0.5210557867188798,0.4937951742320155,0,75.31621091237952,0,1,-5.330226829902385,4.52430922906768,0,0.8667815211233343,7.394907455697794,0,0.7618970583542652,-0.31301801928403133,0,16.514908395493144,31.061981845162265,5.1481925589670645,25.785021239169545,32.38662752940528
0,0,-1.333854805576542,45.76879681566308,28.070388675009898,1.883226997635161,1,1,0,0.6825796463543671,-0.26603889106989403,0.3568576102774399,0,24.555790388101634,0,0,-6.913421503827884,3.0613620548980247,1,71.84435573977635,2.1904253676850987,0,0.686186849874906,-0.3395731450380791,1,65.9721460811262,17.632801943707786,2.2148120062018677,2.0677641051440365,62.22984487967655
0,2,-2.165387890005138,48.437981234172206,69.12278528832645,2.5808152893899083,1,1,1,0.7473441116688857,-0.825104434107709,0.49852717823743464,0,41.02852789850144,0,1,-2.0208155336891522,8.375495953455617,1,47.92071964076026,3.7233378072543033,1,1.7321745677383935,-0.3562593882008159,0,34.75431952116206,27.540578636279996,3.637915831988426,15.38086062057092,64.63825044249865
1,2,0.13202905574922963,55.86170598129799,6.238006371477817,1.623124187107843,1,1,0,0.7335454953347843,0.44262586542426685,0.27387133579542466,1,20.76667873488382,3,1,-1.6490288444073045,4.3204754982304285,1,2.627371187565184,1.3989388287600073,2,0.15496522405487212,-0.3487001058518267,4,85.9731724183054,10.81038577688616,-6.083458248188948,14.334738902602133,33.13263988886531
0,0,0.22763223193641835,20.948914143281648,78.87869131049982,3.6977008020864206,0,0,2,0.14873807707211456,0.5024236507323623,0.4904909742084058,1,39.78603216371256,2,0,0.5296854932577233,2.4044130901440353,1,1.6744400714195207,2.865514065300015,0,1.0043981939296849,-1.727638514012591,1,41.17930424469919,24.196784598855775,-2.977201248633464,25.052646527986653,28.921691131088306
1,1,1.483544749382499,66.71714198876668,0.10719375852253354,1.3964840673076067,1,0,0,0.9050815668298631,1.4323346375893788,0.37310123423943553,1,37.147237568752054,2,1,-8.944606412439171,3.333554441930379,0,58.58630922733691,0.5125340046608026,2,-2.0034505097870827,0.054129750212921206,4,99.26084903902704,9.665078875537587,-9.209757558205759,9.529403169619215,35.72562165330335
0,2,-1.7008522911933266,27.698255159369033,85.14255902073762,3.905681778862458,0,1,2,0.1998571822686226,-0.324389142323828,0.2725845096137237,0,47.09739779752233,0,0,-4.5138827399852115,5.40640518394852,1,31.734752777784134,4.279005308107832,0,2.648025866336364,-0.20828911495321767,1,49.04272330630293,33.608694556016594,3.8448721709554974,22.60679336598358,42.01847950762313
0,0,0.8591427717844231,33.70993604432877,19.47291272801803,2.0095656902891976,0,1,0,0.23982553832549458,0.46082603190050003,0.21404852228777088,0,17.14933920062628,3,0,1.6148417322564068,0.8324251219868568,0,11.983981347099215,1.7374021795322132,0,-1.3413576768048303,0.2165876418107836,2,73.72125947945764,12.237607213564951,0.06980955608092643,7.829232563669586,44.82847911744611
0,0,0.6805113417641645,19.80010435367371,86.45614650265759,32.08425352399673,0,1,2,0.09892826736047594,-1.6072443932069886,0.8608304918575246,0,79.98570580935842,0,0,4.298830547318968,0.832304331841206,0,65.82579094939955,24.550392285939477,0,2.009247199155227,0.1701335081440976,0,0.38400537126698775,39.94364654583056,9.997436362504239,1.6349277262742667,22.207701839449996
1,0,0.8051816642458814,59.94723278964585,28.439728946868765,2.0784370697768475,1,0,0,0.7143639181054872,0.3494913558846197,0.475814028917859,1,16.445272295402926,2,1,5.577151704808534,3.7091581286687787,0,65.6103994070382,1.984771469805477,1,-1.1828638210598614,-0.03103761080947334,1,70.64216685585762,13.793065248025693,-2.525204743644106,15.593167960534618,31.000166159864577
1,1,-0.11949335080648536,50.77003624904081,9.485532611929637,2.326017315670915,1,1,0,0.5233240689623299,0.4744893924545952,0.33137252902172376,0,23.337835310040226,3,0,7.949213914663108,1.6537974283931007,1,32.89424230616528,1.313198317874942,1,-0.00702429672503604,-0.20464653786011697,3,82.70064984659935,12.123713801046112,-3.890865080433671,6.690874150536441,45.85611165374526
0,0,-1.18149931364406,56.5004982028545,66.68841333647269,2.018331517262285,1,0,0,0.8408112997024197,-0.05707028332858153,0.8129423559381626,1,22.312797763084088,1,1,9.526535009042114,5.884732652462412,0,30.219229165874136,2.317711324874045,0,-0.9965915510362492,0.8644338060199898,1,50.804321814355305,15.872661444141603,-3.0406501595979236,15.161186028083108,32.213787213657206
1,0,-0.04151006458893851,34.07579862599944,48.465177385932414,1.728945452154396,0,0,0,0.2374439916308385,0.39115291049446327,0.6019394032298953,1,25.707028948741637,2,1,2.106135047146765,3.9934060484192226,0,17.811780995579053,1.8433828593720598,1,0.4595789132070768,-0.4356518629398194,1,58.89688756558045,8.24416238667146,-3.675891196804404,7.358481008692735,26.606866257485738
0,1,0.38933923640348883,53.205807973161036,42.18514911580343,0.8495628045776746,1,0,0,0.6656990127578338,-0.3950607357283289,0.30455817379230377,1,24.518022955001033,2,1,9.36193774368489,2.160963318792516,0,51.725930470153756,1.7949210677965803,0,-1.2176501676891127,1.4162902527814503,0,69.7606782976833,11.375401864157524,1.2627302180918765,7.644951614832709,66.69357438846328
1,1,0.02747209793326493,53.87713386073928,47.356240840897776,2.4226661005963983,1,0,0,0.702084422132388,-0.5142060976183047,0.6072161969693975,1,20.505815834365173,1,1,-3.853686727836685,2.6224737078820817,0,50.213237677609754,2.2237871364326613,1,-0.21361010773533604,-1.645483746620946,2,57.53824037450923,14.637767395957459,-4.025070943627316,31.671450107940696,31.584891149751243
0,0,0.05146821176659328,18.82988980017487,79.91900808970613,9.458724653243362,0,1,2,0.09118022532622921,-0.8593074081761026,0.07068361642500304,0,78.61355563112883,0,0,-9.12065651102438,1.2407699739311093,1,9.627062735088415,12.224800473437298,2,1.2708993038963388,-0.3928782400633907,0,3.4884134322693603,37.67520559173021,9.827014996405666,30.349082056178496,26.931188073990832
1,0,0.9538250659561202,43.43856931085932,37.94234749917088,2.1852884699756334,0,0,1,0.25457314145423515,-0.6706390071951199,0.4222920117626088,1,21.022310944403117,0,0,7.397280101789125,2.2901222731691933,0,26.28257118979935,1.5096967785051296,0,-1.4788717356927605,2.4188401896681286,1,74.39389026296858,11.877040155925602,-4.234932068878312,16.234163755031595,34.65589813812194
1,2,-0.34175420476521995,67.45587297336554,3.820123872257697,1.2904211674401171,1,0,0,0.9695259445787398,1.2601296529794683,0.0007829142686558987,1,22.66592005771765,1,1,-2.3147222999730346,8.552759470531392,0,50.60731840524245,1.0628708991880222,0,-0.6632042808076193,-1.3026323057745415,2,92.51564874532359,9.040008986840284,-6.483510152951029,21.340816943279247,29.038807422565327
1,0,0.4589734503070185,49.308638935032825,12.555743678133469,1.6916072512106632,1,1,0,0.4871907045202301,0.21346174789254915,0.7918897066057013,1,23.339226012011505,1,0,-0.9300423790386709,2.629474144128263,1,64.53191523131866,1.4838226576679152,2,-1.3291726842384601,0.11916260208810381,4,77.38777094381268,4.870624535017236,-6.923844784420602,5.2994600943424786,26.0005497796031
1,2,-1.2677602016735923,65.4181167538537,24.72623763459934,1.6630882150678463,1,0,0,0.9675059798287388,-0.870139099073209,0.038611817746541544,1,22.588806083258127,2,1,-7.2224482428158225,18.74440049661177,1,75.33316917479739,1.3743530404686262,2,1.0321653952157357,-0.037013791478988256,2,77.82095785929037,27.59714154520987,-4.989109273149146,26.51418249705118,40.32530717497109
0,0,1.0833695720208838,27.882189319708488,65.79741651066738,4.53180830548038,0,1,1,0.1732322961186315,-0.12285902004979836,0.1645743894551041,0,43.12398811995276,1,1,-0.7338404110757448,2.53438192988795,0,28.94238389474337,3.551784033322252,1,-2.040613433747324,-0.25868831993754243,1,30.292410791482343,27.03310396263496,5.109215305601262,20.50801772794326,28.37626927251012
1,0,-0.33679638471491435,63.371002407926404,5.23143108501416,1.4028429019393522,1,0,0,0.9354371017238745,0.7675351624550287,0.4751352810294765,1,19.67467564458812,2,1,-1.2260365745206663,1.6902779038277995,0,8.070294364848447,1.0669637312569114,2,-0.42719015392988186,0.2174754583135795,3,90.60700423924428,8.254984711926456,-4.794244143541926,5.694250755775672,61.60786345906939
0,1,-2.0992187791884525,64.16174267026685,83.13794987815068,1.7971042020556496,1,0,0,0.9642801443802167,-3.2493531573759245,0.4551706550962815,0,33.03258076590846,1,1,8.715010879190217,5.331211928235282,1,20.84718304860395,2.74888348996906,1,0.7182178165761449,0.12718421418779902,0,37.38038584381217,20.310062389177066,0.2521516831914532,39.21432078230035,67.4814581565797
0,2,-0.3696485307660436,59.43131281936471,85.46037159929357,3.6422131218638834,1,1,1,0.7242604155978192,-0.44239828141844717,0.25037830989994125,0,48.384278889789755,1,0,6.344047017304707,5.98612790336143,0,78.30779635483229,4.613001698274696,0,0.7957319543630528,0.9734835757827499,0,25.721872981883877,27.467882578895733,2.333879304095488,26.599460286036415,34.49526772802022
1,1,-0.7315046714955862,55.447422385888814,21.365382688315577,2.32694363343088,1,0,0,0.8189748936614358,0.6806457072341142,0.22548027377125363,1,35.37811646353663,3,1,4.95211606911961,7.548204023330566,1,38.73110811707596,1.3471103699103875,1,0.459034059950804,1.8634735354073027,3,81.72000946326176,18.70206521779813,-6.976711045118682,13.066170522351674,65.02041669190766
0,0,-0.3663648843684876,18.448514117544576,81.36982750170203,45.35331989416962,0,1,2,0.07314238862049871,-0.5558893988558813,0.4665342927280053,0,78.3193895412703,1,1,-1.0649824309677118,3.6229761260633158,1,76.8742739165115,11.59489941933419,1,2.3074352337046706,-2.3504616724497827,1,3.245456866798513,39.99720036063533,9.469804535745713,2.8950260352251855,26.80208029498789
1,0,-0.5018348279036111,37.44016882960514,39.788276856573546,3.535564488920514,0,0,0,0.3222025221859608,1.3258936168300612,0.2331149006624259,1,23.139348130923075,2,1,4.41225637805184,3.905451630357386,0,53.272907899227604,1.9102566466534165,0,1.0551153734873702,-0.7480995336495698,1,66.68507533241997,30.258914690666607,-3.750978024982806,7.298804548982458,47.337605824161
1,0,-0.5569358973474371,21.49801840016768,82.26026877799339,4.359551970323167,0,1,2,0.1285614213087577,0.6099249102491541,0.21530545050990868,0,40.340274842538655,2,1,-1.5032647763575078,2.716742404746247,1,19.574543902929737,4.445302685112645,0,1.059848133933047,0.9274390157191839,1,27.558250364323456,33.54822794727197,-0.21793502095245998,35.487461506371204,30.855916391866465
1,2,2.0119483496156456,54.632262201942,67.93601178680035,1.9971322273451384,0,0,0,0.36976794558039305,-0.31899816868446085,0.6597319517361403,1,27.00026665765467,3,1,3.7115242866422378,3.0607750392116757,0,48.00853246624576,2.6798868482359284,0,-0.9287383261229908,0.5725392591730706,3,47.149110269554754,7.951766441739521,-2.5564809424065764,38.23998873947353,24.62087587039361
0,1,0.49803900625650294,37.395620437166144,72.33546211633073,4.515350639402486,0,1,1,0.22387155129970443,0.06995636902013679,0.933182668132525,0,36.31699704032205,0,0,-4.585915851443221,2.8176443157796673,0,41.69449130990585,3.4702203369830573,0,0.2591693119392812,0.2180753444938885,1,36.877625729859574,20.947993072383436,-0.9487940927837641,10.909241847804637,23.357636997433808
1,0,0.07191065637252166,44.42591851808085,31.463691228018142,2.716512923454646,0,0,0,0.32446394398608325,0.9131706490607416,0.23439024297740096,1,17.070016738690057,2,0,9.054556647241565,1.639596701064328,1,70.02958756503452,1.5902957273299536,0,0.4404365576243664,-0.6911709443897431,1,71.39707284975107,14.514944204497715,-3.5350878430428754,16.01684706509574,50.599867783378514
1,1,3.70725050903637,66.09336946817268,4.778455358441692,1.3437390975780097,1,0,0,0.7158157609037179,-0.47547744031605627,0.18508402888711245,1,21.466926164150664,3,1,5.861941246977249,1.8002800096555882,0,74.2271379202547,1.1143172656439935,0,-3.925460882635186,0.20587950231281946,3,92.09238949328781,7.293525782886854,-2.1218036077016933,15.943778759469291,24.756218942408914
0,1,-0.08650271546070235,46.636524248284104,38.95355921297154,1.7321371762221793,1,0,0,0.5727352777503153,-1.0544603469147231,0.5370873798235458,1,23.65505791236852,0,1,9.31737993437379,1.6431818414132282,0,50.9014990553824,1.4861202008410603,0,-0.5831130865764176,1.415136188548427,1,84.96832883983015,10.06294145224404,-0.2854756778791163,19.642527148603918,33.05114906329442
1,0,-0.041774733304018104,48.72244492757686,22.577900191310583,1.551538855722427,1,0,0,0.38130521048379207,-0.9368646988074938,0.17155682039851655,1,20.271599669323944,0,1,-7.70272243055995,1.4135263953690143,0,20.487719350517718,1.85647005185464,0,-0.07627950216148195,0.5721329088813887,1,81.62795720252491,9.767563905711285,-3.464356342618853,18.942932931863112,30.398310078201327
1,0,-0.2412017924895404,51.22019581613474,3.8407449445633732,1.7724402755181086,1,0,0,0.6665265492448691,0.28372815425618175,0.19878067184385922,1,27.56521823968512,4,0,-8.12788623968923,1.5546000736133139,1,45.89496634568795,0.8066575314468052,2,-0.29137223580969696,-0.5704352218262233,4,98.46012207625931,14.42469902832527,-8.435173587864428,12.673376153482181,34.878900115664244
0,0,0.05469462778624353,29.76125542452963,42.41218255649126,2.3467185474388588,0,1,1,0.16183517562561495,-0.29330641263916757,0.22635043992622988,0,48.62285598562829,0,0,5.3444531781798865,1.2165202878287358,1,54.65336150312858,4.724840192518186,0,-0.6670327067127424,-1.4536114667802518,0,28.961353130505753,23.9184825760902,7.751120033039371,6.360806291307375,41.73152692006698
1,0,0.0662812098636493,32.928583778513,22.839143233871656,1.3354096281653876,0,0,0,0.2666404169516483,-0.09861149118322746,0.5024038014800025,1,31.309668261739816,2,1,-7.365285404182897,0.8485410711497489,1,10.253553071991139,1.7363116670568053,2,-0.675683654679272,-1.5478460196147443,3,77.01423670730436,5.483975390155448,-5.748314452001329,11.63474175430303,31.41788307581819
0,1,-0.7652083867693815,46.52196585200227,52.105500562833186,1.157429733656786,1,0,1,0.5225009229865818,-0.36598053396974445,0.21058520511251644,0,21.1404243885326,2,1,3.174806447239934,3.0560194770835576,1,41.2046991868004,2.2868265819657947,1,-0.758815572287582,0.6287705681362133,0,61.86092690263719,11.888838700270071,-1.0700873847281773,18.80590380159908,68.78085288941504
1,2,0.7885849619311398,48.8206813128051,58.28192850889652,3.7226106728952364,1,1,0,0.47036227999545627,1.6898909104351278,0.43815688995485563,1,20.35947871215467,3,1,-7.055035418046776,10.71792149332969,0,24.193719482401956,2.44805188736263,1,-0.23734043548088982,0.7020356478600699,3,49.79679457284372,16.598275942471872,-4.267043155198802,30.097143285191986,24.940812472880822
0,0,3.3188150283458873,62.2005110086716,43.520175973589716,2.489151065005025,0,1,0,0.514819245063318,0.1931319917567595,0.8513378006799979,0,30.113354462566996,2,1,-6.262445386651294,1.5624255438435155,0,0.5339241038080722,2.4182500144191583,0,-1.6774910687899207,-0.7402240582600603,2,58.92038254090753,10.090495578543266,-0.39966486807200674,18.714248255082452,66.63258667869948
1,2,-2.1511332229564233,56.50287048246826,45.56427255079202,2.1295910473296353,1,0,0,0.9100666003881102,-0.021466689028828576,0.3762358707389562,1,18.924928263169427,3,0,9.929380258919423,6.558697266323155,1,11.084331086102658,1.9907059099255284,2,1.1345415836434514,1.9432981481553782,2,66.86982733554501,27.16993820513879,-3.5782763277100145,19.23061263522916,64.55069947319546
1,0,-0.6250100511993677,47.21943639664302,20.71582700937704,2.625240331681588,1,1,0,0.6589498109135878,0.9268872510162557,0.1985803694566043,0,19.076766567012136,1,0,-4.00909757987397,2.372673679647753,1,25.977309200138485,2.3299843227938686,0,0.7673901617239766,0.9158927460454023,1,69.51831086257303,16.681543016888263,2.973479405442692,8.282072504588244,62.467622152090286
1,2,0.26861165163798306,63.59616018073059,45.18778771836627,1.835516006618127,1,0,0,0.8902385073362116,-0.15220809086748205,0.7486092193882367,1,20.190370547354412,0,1,0.4134002190897448,3.3135643503501644,0,42.472899472610294,2.0424201464715237,0,-0.27101870198414174,-1.6114698235514004,0,55.99749584350794,3.9502089888185554,-3.051976391941345,26.141324752355008,53.85312264585328
1,0,-0.06320545178588086,43.503371450499216,23.938821117116216,2.3391515270325733,1,0,0,0.46498491108594403,0.6911598927776671,0.718786327661069,1,36.88143761751683,3,1,7.311217634696462,1.9331615188502256,0,39.0164607474866,1.4352595411631286,1,-0.026098271125106126,0.6224251502579372,2,79.93558379830247,18.263349824003924,-4.405087228393738,3.4821330270711637,53.09894637536445
1,0,-0.04307843037652675,57.424351990154086,5.142125915958689,2.875276616776832,1,0,0,0.8263129967150336,-0.31623196251475183,0.594143857872668,1,26.8361633685399,3,0,3.108910932594977,1.3438227322712213,1,50.917060296074936,0.8945735339764654,2,-0.7311188350246784,-0.5467720506639172,4,91.3478391496523,20.391456796403254,-7.464794998964992,9.892402761454974,43.32493723628457
1,1,0.3958706793127755,38.752864031118804,55.575578942317506,2.467374357776244,0,0,1,0.19930003113547357,-0.7709771235088719,0.47698400393280427,1,28.830731240260814,0,1,3.158961073988774,3.213489068528434,1,70.97880625116397,2.260681371466639,0,-0.09381932792386265,0.9336932217053511,2,63.231700089777796,9.075546421290571,-3.41130705299331,24.5275247170122,25.036193543200856
1,0,0.3243192499364874,50.48335089779596,9.665437434826913,1.713120766456197,1,0,0,0.46516750097540616,0.9296043429950133,0.322449505507301,1,27.40194459806301,3,1,-1.2795977073445712,1.8262842079796373,0,28.291643900693224,1.3727478588271051,1,-1.3330451786827122,-0.27956419857471565,3,85.01434893811066,6.679994598229248,-5.1951530731978135,5.957422893045051,41.047230355514344
0,0,0.49464607089590285,32.870160153585275,72.66167461246091,5.333594528865182,0,1,2,0.22716517105791528,-0.5563430949727846,0.5047444543355399,0,69.24159922042134,0,0,-8.58579819904238,3.0291491455050075,0,68.08492368518708,6.692304328644628,0,0.6994097277545346,0.14637646777417088,0,11.088545519614495,25.42926557093795,8.95509941847045,12.392934476737658,22.909457096847383
0,0,0.14839618015439307,59.22281975839763,10.19966854468361,2.0959383980607225,1,1,0,0.7241810774385157,0.09045629779129506,0.17110609880796818,0,28.666475045158634,2,0,7.346799330224584,1.0348230603885376,1,59.13034940134057,1.440523485652543,0,-0.49440012881358325,-5.41970006979959,1,82.35344633828119,8.257105408384117,-1.597407017947436,5.731408861446228,53.32001371776725
0,1,0.7128444744294766,18.657058851007708,99.23279742096291,54.598150033144236,0,1,2,0.08997334866722667,0.23079572607456322,0.6087078265275941,0,79.99837806957606,0,0,-3.0769393615726166,3.0007955176035317,1,50.241820977033115,34.46047879499686,0,2.7565224820622816,0.10673250108007017,0,0.07420587083020735,39.997944454509806,9.95802825383609,38.95743851242654,26.77962409617607
0,0,-1.1726201078013172,49.941257812728125,33.68747329178641,1.9200134821495884,1,0,0,0.5881817986168641,-0.44241615127248124,0.18878621597571393,1,18.26794882329526,2,0,6.919536078440313,1.7587909661299623,0,59.17145876944474,1.6019168221191444,2,0.4518800228450643,1.716128179113284,1,75.29354757854053,14.122432716966479,-4.158004468077969,19.24905246359151,69.34806876973971
1,2,-1.742347467771396,52.99552726766886,60.27310798237298,3.285067194810884,1,1,0,0.8516004366429317,-0.8882238676607634,0.757474733197055,0,29.64856963973311,0,0,2.4732112880690025,3.9821985782102174,1,65.51094477759628,2.555338538169649,2,1.16386518324849,-1.4668241861357676,2,44.14200812182125,32.35461015225133,-1.3580838613851718,28.4470061051962,58.98898309540572
0,2,0.38395349638596715,33.50558465265746,99.09246770287253,11.614812353157182,0,1,2,0.2946609585323896,0.2921837582004802,0.7119794417158136,0,79.11077863096388,1,0,-2.024785250899363,13.745238126188337,0,2.069509443138573,11.123841393113912,1,1.0871170119861437,0.40001118530024826,0,1.974725322680504,39.5025851617899,7.5703603586024535,39.53424138227932,35.189862128293115
1,1,-0.34754758560198984,64.73616593248217,0.4435765685617876,1.7395218009921412,1,0,0,0.900168766283134,0.12695524349982995,0.49304004737551727,1,26.08526304780112,3,1,0.7392157992107116,2.13619170271731,0,41.570945232078756,0.5985863938654901,2,-0.17317656851599142,0.47166506628625954,3,95.04573417209761,8.274466632067297,-7.167575093488897,4.818548980849117,35.48529339898077
1,0,-0.8615055549783099,48.229860304281004,11.846829525165308,1.231774840307242,1,1,0,0.6353111822345666,-0.21198111927548088,0.09202519027173633,1,48.059085466965506,1,1,-9.812446773869791,1.3100850771534842,1,51.306787012640285,1.3465173994558117,0,-0.45858296637631757,-0.9396236370806784,1,81.76942165519215,9.949356014458717,-3.726905418951663,12.107515345113018,57.915131388740754
0,0,-3.349137357435105,21.24706690267795,63.15396561549862,1.9406034193844588,0,0,2,0.13218730875653578,-0.026303819445036108,0.42889418058575024,1,20.440011921335277,0,0,9.811910943571384,1.9494639123722663,1,40.17807301831921,2.1628876931611374,0,1.5839431244521247,0.8468647553811998,2,43.46381637544784,32.13247129173531,-2.0000435132955863,2.5193981272531185,69.96630335416101
0,0,-1.0749508459744739,32.185206355221936,61.97319979908058,5.4217421465773965,0,1,1,0.3010580630825008,0.3548440179249962,0.6616866000270516,0,73.17530906744031,0,1,8.401661224096337,1.5397450865041256,1,36.606307802858865,8.334347279956567,2,1.0441115391401685,-0.7411664949164326,0,9.757039838653053,38.54913878365173,9.398126809746259,14.751388482458609,57.50837123762303
1,0,-0.7230184051024984,45.503528790186024,46.56434115663175,1.9170138209805885,1,0,1,0.46877365763075796,-2.1230676957423036,0.1208823866280832,1,23.184984955792515,2,1,6.808755161484836,1.3677003639096408,1,46.023333993872484,1.9952493224624654,0,0.4335423035984571,-0.4481668748806836,1,65.40018373467431,7.631348585746311,-4.137664757796486,32.26547627050223,48.611434700162945
0,0,-0.23651788523750483,43.934370171561895,29.070167155427605,1.8008126485365914,1,1,0,0.4264779178635626,0.3043708567005144,0.39344620982567285,0,24.36730741458563,0,1,2.6069071869571516,1.9608804637518324,0,60.44494803279523,3.2883102203229657,2,-0.2168762709628518,-0.39874358732115417,1,49.999741362517916,9.856364504582666,6.742826277557942,4.180055508688896,34.82122278486841
0,0,1.9050675342973673,22.69729102511438,90.9231686791168,7.990173462319284,0,1,2,0.140349346513647,0.1755840092886807,0.4853038514862307,0,79.38614013965132,0,0,4.0776133547902464,2.6804415618119575,0,0.16695045615604975,14.450434798812102,1,-0.6889693179083947,0.08146092800717732,0,1.5101753178114352,30.574148862562012,9.64738350355276,31.498989887007344,26.616588853257795
0,0,-0.5165097956257442,19.08777616988109,38.81699251300826,3.5992418836159294,0,1,2,0.14161335890735882,0.7029622135809345,0.3956432099752979,0,27.087103218281584,0,0,-1.8644729451579032,1.1360600835286263,1,38.586931085574136,2.8037515875511434,0,0.3421023568863063,-1.5478447977289551,1,50.37674479988152,21.498943574374913,1.458456982145524,0.6648425256417334,25.040949239448942
1,2,-0.160184381770114,62.26701907467532,37.04987255158383,2.426138821781332,1,1,0,0.8391655679163836,-0.4761076666867851,0.1876341307361591,1,20.817967392120813,2,0,-4.1867036163237925,7.527038781066616,0,22.97081781944323,2.1452628496206505,0,-0.02267729612793724,-0.31894218123254764,1,60.872729940475814,18.25414762666241,-3.6962691966063037,34.71302677022906,42.33313970255501
0,0,-1.0260370568206403,32.77697147461777,64.08271365639922,3.121202708698882,0,0,1,0.241049181471777,-0.5971101351432532,0.5887254694663527,0,29.085479217365823,1,1,-3.6629138464411692,1.1200783549384483,1,27.83254695456797,2.6205105927027295,0,0.7406092327918425,-0.2292664092856643,0,48.92164345451898,26.24439415702645,-0.2395734828518563,19.80324562444176,48.99297457678276
1,1,-2.742948763892435,68.99337723905532,10.411154485475404,2.2084340712767374,1,0,0,0.9994604947702731,1.2637911683694443,0.6088638201022625,1,19.893729537759526,4,0,-8.332733580858143,4.782616787927076,1,42.25023787885206,1.193314873596052,0,1.1160901494368294,0.16160564193999416,4,86.26338174248302,31.714343014540844,-4.031541204523421,19.30260262210713,69.41063557975733
1,1,-0.24932093117975268,49.448162109554886,19.173984827412188,1.35131684731011,1,0,0,0.49443502720526233,-0.05227568563601282,0.2545113710138875,1,22.103801122140858,3,1,-9.121227772238068,4.438628694532748,1,18.97891157553267,1.2309352284993909,2,-0.4912054082105316,-0.2691247772247098,3,83.68727709143695,5.404185203900427,-7.607289398582601,16.027072529923487,37.69054214272429
1,0,1.6534930058080002,52.0995543940561,17.318695484000024,1.2010529949223792,0,0,0,0.48750002062206016,-0.40776770510719046,0.5827666809360186,1,25.195113891843516,1,1,6.388575393575056,1.5165849435103238,0,73.96628876473723,1.267257538236458,1,-1.8873016483249951,0.843226423678403,1,84.1452404367936,12.088708624713236,-3.7680047812028796,3.353912818938196,26.927604985390055
1,1,0.730461422946943,65.08717866608967,5.358416668874211,1.7217122611588662,1,0,0,0.8505704005835648,1.8813173418952982,0.6116657031427407,1,20.173986731584822,2,1,-7.3349366433537035,1.8028055450113187,0,35.631065052549225,0.9962260493147924,0,-1.1435436472956997,-0.11412062434288645,3,88.15823527585329,9.288596268164284,-6.103666204883879,5.611839351141947,51.06609787414908
0,2,-0.09334489366468306,60.3852811054082,67.81802733858939,2.2809768582096295,1,1,0,0.7642868037679752,-1.113279800243156,0.8358017314886588,0,40.42353372543932,0,1,3.5425613604881345,3.7155697962456053,1,63.259525085496136,3.3153395923181743,0,0.1969683867775141,0.15342037698667801,0,41.58628224875172,18.172702466289728,-0.43563524022279054,29.80283743896003,60.15214734077806
1,1,1.2181679009531132,65.90618357043459,54.50940997931816,2.6145811006017046,1,0,0,0.9089445135449017,0.4624227659026435,0.3475744319383135,1,21.751197522340853,3,0,7.999745583452075,2.390132281578823,0,60.379145267526,2.177994958920583,2,-0.4249378065217414,-1.9892163155891427,3,56.753048753414134,9.491070360915339,-6.43729008973688,39.987607466907036,56.524154830554785
1,2,-0.6205440470429736,61.0466445742651,64.07140158724629,0.7027780604438386,1,0,0,0.8737612083689374,0.4752562109446797,0.6577288221233484,1,28.395000469509554,2,1,-0.42884013713741354,6.501035585975312,0,2.48225303469777,2.5842142520788918,0,-0.9328882499121894,-0.7406971592374725,2,52.903952619159,11.844155419368851,-1.996106941618935,34.283461270070326,62.746657276377434
0,1,-0.7153966405408502,64.9920432980413,67.78386903964667,2.48774792643596,1,1,0,0.9178645985873932,-0.6440711294866003,0.7246477061403604,0,36.058815815450565,0,0,3.4893955505719454,3.8879063264061595,0,51.60821939327243,3.8205728680538873,2,0.3517530081818764,-0.3422676420958215,0,33.771758555485995,19.143475584499413,4.572727565220443,29.566109188180082,69.72595560123821
1,1,-1.8828989816916382,56.42925413322976,19.572734529036644,1.7936675663626633,1,0,0,0.9133627133680755,0.6549633520277905,0.5808995774278617,1,22.749669995035397,1,0,-4.023598705988462,2.7760206898092785,1,40.03783552641838,1.2846240841208953,2,0.7917309004305134,1.33410727253062,2,87.73675111324857,17.982999614076068,-7.098027852007155,14.1736845462129,61.74469839546064
0,0,0.37170354681888135,39.66535254316703,60.68675068488344,2.029665154205691,0,0,1,0.31317309755083217,-2.0216394075691078,0.29201725808790524,1,22.344763231770322,1,1,9.99835864415562,2.0071410223044714,0,8.753879139481175,1.9096691987773513,2,0.3843168137686816,2.319114811709135,0,60.80913602326973,8.871451541762013,-1.8839396056695534,29.55114362018593,50.63276898598921
0,0,0.7656090334419924,42.537948962018774,62.34659095741462,4.37178151804665,1,1,1,0.44304655571953383,-0.9001995382519044,0.5586426699500149,0,34.48782366342401,1,0,3.7337951850315765,6.453235346465089,0,69.09497712317128,2.881126011352103,0,-0.8090064880184293,-0.7699835683838683,1,46.42238918607319,16.986368080066764,1.735695800964196,9.449217074801373,23.03501877154766
0,0,0.25364985076888114,44.80314282130013,20.0661889700436,2.3738084393683847,0,0,0,0.4049180237010854,0.9193025854680011,0.5428650887029574,1,29.333235312456864,1,1,4.838477614900933,0.8334802374269824,0,57.50516971356272,1.4787849200692138,0,-0.16424192316396008,0.81735358678916,0,94.02245648758154,13.846860096329547,-3.732835207813946,3.6328942818681065,36.61422310253735
0,0,0.29852951606691935,20.04578808741164,78.30177904430613,12.5061402511015,0,1,2,0.1144884302658768,0.2025914589124216,0.23007758991527988,0,77.24835282887787,1,0,-2.215537580881316,1.6123795119872883,1,27.937796255807825,8.167430306933294,0,0.6950022203142758,-0.9514285192513052,0,8.193774533403747,39.1677858763778,9.463948059655397,21.200911796695486,24.286965372079294
1,1,0.2662113871772034,50.32987577580268,31.542999966309072,1.734417678118415,1,1,0,0.6626788057856374,0.524880435432162,0.5469575948592748,0,19.285104130796825,3,1,6.116708895563296,2.7177741658965155,0,36.4703902240306,2.5195295657597945,1,0.03771279902361982,1.2737227029260958,2,57.92758450847768,12.308453605672721,-0.8879738529545094,17.3157181924693,28.442766594033838
0,0,0.18990304612697131,31.353318755789047,58.04380940070576,2.483380398459025,0,0,1,0.21866965422759616,-0.6365614296916522,0.5312657944962763,1,19.942343808537228,3,1,8.619434728612063,3.6654392943715215,0,37.90833955005455,2.380507298104789,0,-0.44223379001211305,1.1124544053951262,0,58.46417485933632,11.815486920420868,-0.3855803822513746,2.6399782370808977,31.661685366956647
0,2,-0.6417575472441643,55.03417704228459,47.52768391539625,1.9005449281950613,1,1,0,0.7567726497924743,0.433645191654794,0.2534715313301169,0,34.976862248938176,0,1,-0.404660174272939,2.8229329211020846,0,50.53006760098753,3.400249065776444,0,-0.27312670800614464,0.1164891113292176,0,40.32700754093182,14.614251433968715,6.4266989221313295,25.176485581776493,59.64198195384295
0,2,-0.8834948937563711,21.634493355193225,98.4820003675426,25.925630473891662,0,1,2,0.1431130605391408,-0.288398759074579,0.7111051813042699,0,79.99982007642524,0,1,-9.212511460977538,5.079115652984321,1,11.070332466488031,38.679023067934295,1,1.573563562164444,-0.46217109909560106,0,0.031118615018266294,39.97460518426409,9.997905216029434,13.384531967214755,28.661815601306657
1,0,-1.315703991523989,55.15592417561872,64.72869297983225,1.514594212788473,1,0,0,0.8369973471232306,0.49691916103401573,0.986049128728142,1,16.67509004083799,1,0,-7.402956016057268,1.1143518550940161,1,61.6249195726407,2.5055442239438075,0,0.43411796792990437,-0.5682871317500172,1,51.262796895756594,9.212236422383018,-2.2236878274809024,30.385444881875422,58.49378706454851
0,0,1.3716430188178215,31.354708741424865,36.691467160676304,1.5439674606106628,1,1,1,0.36241142207795807,-0.05295986592861197,0.3361686351840174,0,41.2425797525419,0,1,-1.058999899705908,0.9644921002917297,0,30.212498472164405,3.535486899847453,1,-0.9932014390941334,-0.44267592173829706,0,44.97415496156887,9.66931384286255,7.36506829526143,2.735792851538801,41.879402367238754
0,0,0.5775821653340215,50.12056545174197,73.92785286235994,2.1825591708660834,1,1,1,0.5553333237256971,0.57233290215336,0.9912503338475954,0,32.49808224540986,0,0,-7.735394844357185,1.6813600963705988,0,16.579365374042595,3.0395040977954353,0,-1.3310516914599275,0.16876344029829296,0,38.029032207146585,10.24986231143383,1.3174527081615963,10.17863915515871,52.27282679541736
0,0,0.5951508987063936,22.872444534727144,37.80419491306296,1.683776045461464,0,1,1,0.15594149613863068,0.3238010066903163,0.0402903179017956,0,22.600090778164947,0,1,-1.8950953619369884,1.5250906513927893,1,37.36372192045762,3.1798142227804376,1,-1.1288102817429424,-1.3246749525181853,0,49.167949330407424,12.995192131897074,5.688588829853101,13.318101259382495,24.420836627227096
1,0,-0.20962134373362978,41.51598443140759,26.535363305954697,1.5838285043491007,0,0,0,0.31046116254718387,-1.4901612213639628,0.5269113970328297,1,20.347666387994572,1,1,-5.97855345600892,2.5805863438882635,0,33.50143018852464,1.8547001673240466,1,-0.9923915722583757,-1.0379861787563562,1,74.39353920216911,6.014551967900108,-4.833687049439563,3.2714651686583696,42.78291672063493
1,0,0.9724951488294173,52.191512235185385,33.014890561076356,1.6632052679321212,1,1,0,0.519679031280124,1.1852396167955597,0.7486267907149475,0,21.062997494326243,3,1,-6.302757869872057,4.425167145932056,0,15.862080380509646,1.8076135312407755,0,-1.0150044866726264,-0.4352282071634348,2,68.37109190948973,11.162469390646468,-1.671749918601094,7.517668836625157,29.564524217064054
1,1,-1.3330834291388158,60.025631346438054,30.170721916398634,1.4956137019243363,1,0,0,0.8714691819206192,1.1604348126419342,0.45424918041703,1,26.772397620919644,3,1,-6.420812281531829,4.616871877930741,1,40.112349179423994,1.4852156912456724,1,0.021175471535073848,0.18795253534116524,1,73.79334372809028,17.065674833261593,-6.167219249076488,28.853003856260724,59.94299975760409
1,1,0.4566968040123344,49.95068070948608,20.04254578785769,1.678375248789979,1,0,0,0.4659845397598903,-0.395970102110397,0.3360987920456628,1,22.458798823793835,2,1,-8.412376347920352,5.427918813252383,1,1.1566127868023068,1.5524476777205571,0,-0.677320473504959,0.5534103432135278,3,76.86222480970494,12.233074006980393,-4.042061090068854,13.405091704212037,22.135528153347263
1,1,-0.912865914499958,48.310230489003416,93.70418555216347,2.7493002979137806,1,0,1,0.557330678438353,-0.7978306365132564,0.9111072773453477,1,64.93445235050953,1,0,-6.206789297670182,2.9128918075112895,0,18.980324179788994,4.486900763438085,0,0.21944801760982133,-0.10580470499240971,2,19.768298242190053,23.313814223291164,-2.6199683653514505,39.90135230266616,50.40139977771744
1,0,0.3906239133588947,53.810019913355134,12.499769978575603,1.6813564861304149,1,0,0,0.617618877679003,1.376295370983906,0.465690515955553,1,20.206143324085346,3,0,5.234255618783724,2.612683134101105,1,58.877283425073514,1.2122017117038346,2,-1.2378762946600979,-0.39646250922108156,3,86.2951426910157,6.71175386705253,-6.599620712591177,12.258636836040399,45.16040680468406
0,1,0.46380725924873967,25.89817774154892,89.46413363611767,14.010722903757403,0,1,2,0.16279286248324637,0.0360280151020182,0.6549345501167328,0,79.8768793579232,0,1,-1.5884975176341491,4.776328513177497,0,46.72127139978173,13.89710719420428,0,0.7407048308346308,-0.4821599558958069,0,1.3333398582511369,39.824892694729925,9.7986099904217,16.267803803404007,22.37436427738583
0,0,-1.1696668243001904,29.584686546400363,73.3086193022616,3.7622631596931195,0,1,2,0.1910369100949425,0.18838749145376343,0.7082950858591661,0,69.89783473562863,0,0,-5.883064268620931,1.0185843553578677,0,39.47585715099794,6.78359985793254,0,0.9189501257478141,-0.5630497573256555,0,13.085588338088595,32.39958616235239,8.407870336214685,15.071454237017221,42.383324256418135
1,0,-0.09026381255286584,58.42568265081979,7.122420192962347,2.2870558554064413,1,1,0,0.7422814298059459,0.21313773929339222,0.389451333332622,0,21.94705344207162,3,0,6.02141919671211,1.4091828608738113,0,34.1574642863035,1.5861829174929347,2,-0.43493044708930056,0.45813473719536174,3,82.91804117285014,17.09257293914749,-1.7395680555648916,8.300997107233108,33.725302048479065
1,0,0.3262865195896259,44.291843437890115,43.66282843584271,3.3776409979213438,0,0,0,0.3560359031333721,1.0917465852467154,0.31642302361073504,1,27.890977496176014,2,0,0.8113907400990232,2.229385753307387,0,3.627650669188327,2.1320451053280216,1,0.7533431475239081,-2.236148490645534,3,61.024964359484414,18.848981008091915,-5.250766538354155,30.350656985745008,32.789632527190165
0,0,-0.6168414357893985,27.330120758769645,53.63173164338072,2.295930885437503,0,0,1,0.14822135076000093,-0.6228319474525954,0.791269554102176,1,28.363553780439297,2,1,-2.9006817061505537,1.6139427768679797,0,8.394916768328287,1.9201005219466685,0,0.36754975699813214,2.6466093759543337,1,66.2950889353643,26.677008266237465,0.5396683855910496,2.465631555023946,61.19133513137011
1,1,0.2757964280081492,68.0088835038632,12.266109294676985,2.8444230633007384,1,1,0,0.9852509852156017,0.1646495216102401,0.3089775299110181,1,17.58875679507749,3,0,1.5222364533514074,6.319780012516773,0,70.06746884190807,1.5898526970587958,2,-0.28429551826272176,-1.0865849629805429,3,79.37541081422071,20.32797726669695,-5.740317251719813,24.83702560300031,62.545038479491495
1,1,-0.8291768090173509,63.50868057784624,16.422897104588134,2.5355461252403884,1,0,0,0.9237792037704227,3.0138317071642895,0.6406627643384335,1,22.64542889468034,4,1,-4.641872744763332,5.038490281674703,1,58.742071937389575,1.434884898368427,1,0.7966021076096947,0.07051532049175965,3,82.59657315847664,21.465956500572236,-8.05060186905983,22.931195710790217,37.337705032436446
1,0,1.7039602642749327,60.23073658007928,17.23345862668441,2.5646705617379957,1,0,0,0.7432990989022752,-0.4280036877638937,0.5329674444114193,1,23.76382870267569,1,0,1.3619411193750874,1.9831123905129309,0,75.00636890488443,1.4115952017769624,1,-1.4358031749590223,0.5499916715070754,2,84.58818267100928,9.562283271495957,-3.9438946907751005,11.39762096240709,30.854488453546608
0,0,-0.3266409542792092,19.38860285507944,90.32139251773023,6.6488607951708385,0,1,2,0.0966554608614259,-0.49853078919853183,0.38346244772773197,0,76.71772898686163,0,0,9.727503452278757,1.658976466974946,1,1.1751209139263308,9.361356929796226,0,0.8165225378808857,-0.1425789244700411,0,7.186407303030245,36.76849561210395,7.973668007209579,22.635050688200966,41.87015731176284
0,1,-0.0345172525777597,30.104705762729438,89.6239685070682,11.757517406965745,0,1,2,0.1645608360040946,-0.5263131140628684,0.46904855568612425,0,77.51997832112733,0,0,2.202814427685551,6.545047774061334,1,73.36923333284908,11.68138383416598,1,1.1717925541122307,-0.505438513751553,0,3.286745846062178,39.19223376466606,9.30801089144881,37.68444771978865,27.129691695442336
1,2,0.6017462995632751,65.582838052374,74.75705571047408,5.90570513589606,1,0,0,0.9224379571019363,-0.17511060305286688,0.5954690285204736,1,30.14249881023452,3,0,3.382979836609433,7.805607094360354,0,43.79998105145268,2.5490904462875794,0,-0.007695164791106733,0.46318464093234984,3,43.548116758819454,28.968213396994482,-6.031370089126313,39.93090582646663,47.20030683423987
1,0,0.4650454265646716,47.539871200404086,11.585030509235933,2.300562662186375,0,0,0,0.3173299188842309,-0.5067105948671018,0.14725866132019844,1,28.96797838154719,3,0,2.2193175545070716,1.4276332052451082,0,32.89034542016558,1.3097970015298435,1,-0.4626979363314229,-0.14562869657801875,1,84.35081608325503,3.7824295497526683,-2.403511904620835,6.488391219232044,43.85721517490927
0,2,0.49268509161631024,68.92331240085068,56.36366930384315,1.2763549170769328,1,1,0,0.9847915144356967,-0.2460995969971352,0.494615797880962,0,22.730623655331357,0,1,-6.459140240218448,8.26008085165842,0,52.42077460396929,2.878969675939432,0,-1.033946851124063,-0.0016130725555570506,0,41.685753726082,14.719240894482045,1.8019765379048653,28.4559821326166,68.30213436455432
0,0,-0.48998061848550073,32.71990727964739,37.117555796541524,1.926167373584977,0,0,0,0.25009401688880006,-0.5165103959610577,0.008957512406978285,0,20.01792725496232,0,0,0.04616283516402575,1.108930717753014,1,58.786452283526714,1.8168316665120114,0,-0.5050538605394568,0.35060951376440397,1,67.9940506308672,16.04559341708215,-1.4071879881476406,32.24454133016543,42.486502646746416
1,1,0.32636123958446717,54.00427122681239,30.347493384794216,2.0606524652641323,1,0,0,0.6148443521196949,0.34078718463881674,0.26919599851966847,1,32.10249567507561,3,0,-9.452797067217155,2.1375969998295665,1,13.159289904450988,1.8032754775636535,2,-0.9791799516087765,-0.6797104812700259,3,76.34414051766491,17.16981744785619,-6.296652819691887,37.41741699689954,44.03161249200821
1,0,-0.35020273575650096,44.425545082039896,38.80620078221327,2.1220124052410982,1,0,1,0.5368440118838544,-0.08982893467518906,0.7188685353098878,0,29.79016741882714,0,0,-6.491595816242928,1.5356379567296445,1,71.1184406499169,2.256677235184051,0,0.01597596331058537,-0.409190454958161,1,63.73675185010499,13.17998502072193,-2.9720679843756663,4.670718867496753,67.97786578522843
0,1,1.240149033583558,44.30056182352565,52.382198745219014,2.279729009548418,0,0,0,0.34220454101921866,0.5081937974504838,0.4477102101225024,1,21.74891953225277,1,1,8.43873435015178,6.791347958995951,1,56.28704399192284,2.090936903622861,0,-2.1318151756227843,3.011450736315016,0,66.16802967641839,14.083579430073506,-3.7671986485271303,5.184353955940733,47.233068083511995
1,0,2.9897584512378423,64.73883854509279,18.466382918679038,3.5592243831554513,1,0,0,0.7302281434075533,-0.27518840943872963,0.7341804485817189,1,23.920869754378273,0,0,-5.965529366867543,1.357318900454086,0,67.75334842586174,1.6152713009878774,0,-1.48986542742788,0.3461310843571179,2,77.67106363756724,8.906605442460226,-4.928372167074027,20.0437422075851,49.63368060913476
1,1,1.2625133331888407,56.66595362181728,4.326003169203219,1.7650440545751453,1,0,0,0.5795888914902511,2.269869141571271,0.0710821886654796,1,24.710669207666665,4,0,-9.602028961917172,7.60742348739442,0,31.1383949905851,0.9777282342539438,1,-0.8142109656126972,-0.3375011880467935,4,89.83845431256469,10.96529095024193,-7.203607190262579,16.845485290039683,20.179673602451064
1,0,-0.2971238937122649,26.607932590737583,45.48773792896715,1.984595952807899,0,1,1,0.2174919151938246,0.6533461481435096,0.8414950053357944,0,20.081439483652694,3,0,-5.686315330128594,1.664082116810638,1,0.6072983253679975,2.3131919734209974,1,-0.8528797341349471,2.433220192287289,3,54.755569499789225,11.824164158984276,-4.056660836674666,10.06607630451854,43.47966182092493
1,0,0.4209970428841779,44.415259171560756,66.26153421028557,2.163608124706373,0,0,1,0.33252039962194113,1.6397044749714138,0.9922107875746099,1,26.992871932831587,2,0,0.8478543578373845,1.4786501991326453,0,19.281795155377978,2.7818277129803857,0,-0.8604717507902303,-0.38449812269484607,2,46.92577851408149,16.565164681011492,-6.798908384092606,24.664163491465008,45.188047932858304
1,0,2.3305358387102264,33.65015217129215,12.61251564261731,1.2675347616498915,0,1,0,0.27158216641082167,-0.9412015688571552,0.45291479737967844,0,23.610713207168846,3,1,-4.993915549331607,0.5314800762290484,1,64.5679230465424,1.313103491287871,1,-3.4918995271624316,1.0382838150108904,2,77.79694693346414,9.960757548401148,-3.117138857285722,4.593259016133738,27.038273541465806
0,0,1.631180799222456,38.24699782526391,51.27938012103574,1.6872403104922011,0,0,1,0.22259758366172433,0.10985495599469061,0.21881167477813035,1,18.905429817883533,1,1,8.14570148669684,1.6381336877419956,0,33.85289308626646,1.8093557667581637,1,-1.5121358747979965,-0.1610805699118592,0,58.5040075213221,11.776707254771544,2.1628907091554144,28.222332295457676,56.31763226035156
0,1,0.1569922693279993,50.391763756864194,96.87135827875841,2.2042600383804585,1,1,1,0.573356784582945,0.10237971537386681,0.6883718217735515,0,71.22767293917394,0,1,5.1111025267847765,4.882433499845449,0,41.65312258140357,5.941935856926854,0,-0.35344726718331243,-0.14895010151166407,0,10.359248511243974,7.125099968836619,3.707721315904891,27.45840202870447,68.50101572231175
1,0,0.30011149421527356,21.40203733824545,63.395376501175434,3.196827268036961,0,0,2,0.12472278076632637,0.23678984301521502,0.7339824212702707,1,20.09987230433363,1,0,-3.5091769148372816,2.885980270915376,1,55.28681206548085,1.973330160937612,2,-1.314598777681048,0.8804737154529068,2,59.88298351893469,11.64825516434096,-6.513950743500532,15.596282922497217,35.10087345781098
1,0,-0.8987298388656396,47.32668965840722,39.773310099050875,2.6110719145163985,1,0,1,0.675734281682544,0.9172046444567357,0.9580124978890097,1,28.766151505504816,4,0,5.533265348286411,3.4046326712201678,1,31.21654129968843,1.8289575121631572,2,0.15577252644575945,-1.155534627373819,4,64.76940482981539,22.22195557338182,-7.350741810028438,16.618721350878047,39.88898130973314
1,1,-1.1436380771818146,56.52735888975056,21.28877715753972,1.3811497766403649,1,0,0,0.8652338895743034,0.28275292344941316,0.5676977335075932,1,20.652803159448048,3,0,1.1248835142074611,3.0986233858447085,1,41.85261007374845,1.8341417331398386,1,-0.0020673650909304427,-0.13473277997807048,2,78.11059582808262,7.729590539123832,-5.324469580996858,11.429555675785107,57.357104653481024
1,0,0.6757064839718075,49.02750093655755,80.81719526985016,7.147345554989953,0,0,1,0.39613679176472266,0.2328232255574183,0.6933556746711759,1,44.75413698891431,2,1,-8.616958246103522,2.214162804081234,0,76.47458023164509,3.3379937801881856,0,0.3878338735576732,0.34097892189933293,1,37.17446229203477,30.575395804003087,-2.327167789579317,39.71841763039425,25.867114547106745
0,2,-0.7531252897126974,28.537264864836942,92.93362112812619,6.455266089679381,0,1,2,0.17195664335583177,-1.8944286715900873,0.6955445887348702,0,75.58760182652549,0,1,5.006746173378298,2.921055906861172,0,72.93835288677212,7.667368465912165,1,1.2324262839994793,-0.1642832127484423,0,6.197376765129081,37.78780466307333,8.338039371633851,22.484456421202385,63.06695201713808
0,2,0.6660818239554884,44.91775191574604,13.637288976383665,1.7276589252248913,0,1,0,0.3648379512619955,1.4836600489731038,7.73702797307596e-06,0,41.75931720665777,0,1,-7.694311536992167,2.957481834289264,0,21.40832025308015,4.071852067262496,0,-1.7963810955604231,-0.026749810483087565,0,42.22128722750767,11.65967900353552,9.024589052308375,20.66739693340889,53.03395337008892
1,1,-0.25201303216970483,61.92459134797263,1.3858343430424636,1.938934654805229,1,0,0,0.8351991912080458,1.8291643826338597,0.08700178431028377,1,22.790081629818538,4,0,-7.55691806894088,2.8582386943476212,1,48.99660432354047,0.7760056376585435,1,-0.5758950441067612,-1.470691059425788,4,93.98033026445444,10.420397790188565,-8.812159865730294,22.952688878446075,36.273313225351224
1,1,0.16031587541108322,27.765806037035563,18.12506077581841,2.0366842765301274,0,1,0,0.1618815425707011,0.37268942317736886,0.0010611991059412684,0,27.831866899645156,1,0,6.867607692449873,3.380191826251305,1,24.363390492694414,1.8785167887665963,0,-0.918644871815858,-0.7766285474029913,1,71.09072380955848,12.063074105709857,0.022364543296335526,11.512927220188885,27.661928349844935
0,2,0.589611705125919,47.56263632905399,80.64100148273903,2.9664798042735248,1,1,1,0.4924428412732247,0.14641756535466832,0.4931436819644224,0,43.730264379294184,1,0,-7.633725040335016,4.5830430662850405,0,45.17699408627362,4.4520507012974715,0,-0.3638326297853225,-0.5908673272538676,0,30.977980795420013,16.880298179649746,0.9231093838187725,31.6953872634358,22.963966503006436
1,0,0.6401478993958846,25.270131167265284,51.13825242012123,1.9055407758665477,0,0,1,0.21334194382567184,0.14349417061625083,0.18463616547053308,1,26.95857782512701,4,0,4.060495177634634,2.299865731763367,1,29.15858436509484,1.782985846684188,1,-1.392535312635475,0.3588175551570466,2,62.718119083500525,11.147872690917858,-4.885289518332588,26.922682934900358,24.304815850018386
1,2,0.3596364371258019,57.02666618296849,76.46158276289215,3.465029416677105,1,1,1,0.6649577104424191,1.407631869984604,0.9504298775281844,1,41.09741097563681,2,1,4.473988528507306,5.840084464162939,0,33.90328464213284,3.1544232147548565,1,0.3703380890459818,-0.33225563339603703,3,36.45439437580862,30.408455961840243,-4.42094946158101,35.352635913893465,25.615256987476858
1,0,-0.2243080159543636,35.03606470465965,17.13896560155408,2.2769248858814515,0,0,0,0.2392471296955046,-2.474058891651218,0.45142478914162476,1,23.993370175439388,2,0,-1.3066786988645447,1.340510523061283,1,72.47968327864687,1.6781010550794808,1,0.8429095074711279,-0.26762301537732064,2,78.27688751194077,18.645973645530805,-5.034228142858894,3.51611363424307,42.11024096505615
1,2,0.27593014556659196,43.99352762614775,65.2050891353008,1.0686350759901222,0,1,1,0.369003991463601,0.3065724512193527,0.4266340924475002,0,27.441525844695718,1,1,-2.11196590397892,8.083940046695888,1,10.032723935166597,3.196521558503522,0,-1.0617833594805013,0.787075645437853,2,51.53301964207104,10.276410524435885,-2.6303078264755424,29.26211390481886,39.31982821943707
1,1,-0.043639285842520505,45.176579261490446,36.90070659588368,1.8660813514636803,1,1,0,0.3908476458425742,-0.4243157613035017,0.35056929346866306,0,28.84508453014725,0,1,-8.676557169191652,2.111736589715331,0,15.983563675191238,2.217266138172649,2,-0.003915818776316963,-0.6141471197624224,0,66.29552219884978,8.718543599628028,-3.5195155262877424,17.88617252450849,37.86010949056461
0,1,1.9614602337636813,30.080630831009593,75.00135159804393,3.097035605515565,0,0,2,0.21097754706693939,-0.5110018290136499,0.1393328776492221,1,35.83258217138751,2,0,7.188739513984771,2.8237144881048675,0,1.8682752957943238,2.9797077471572853,0,-1.0744606118056181,0.2759894527792402,1,50.78570227910155,8.898764147751447,-2.1863762152856037,33.64040028604062,32.781898231979135
1,1,-0.07947271468657761,61.00308855109666,4.7810344207287025,2.078180421712527,1,1,0,0.7441899989681666,2.832971937593263,0.18716659455109141,1,19.33738737058168,4,1,-9.754341188189429,9.967291912322258,1,11.188762586694047,1.0741702909732547,1,-0.3589745656665635,-0.5025846457824307,4,87.71991986337925,15.218095472605954,-8.03623391812061,18.198357773519277,34.70254236724058
1,2,0.6264074396972638,36.2814847980175,95.55808447609577,8.246394096276271,0,1,2,0.16050018630580448,0.6176994417608888,0.6794493006254896,0,74.68273210085343,1,1,-1.7791202731913138,21.425007754498615,0,13.173441395707815,7.785378442884602,0,0.22039141695884273,-0.7893925267972806,1,8.801711937151396,34.5740130351191,3.3250036723273944,37.926657612607805,22.987683339401634
0,0,0.08026041293976302,29.70199790147744,37.753102753819746,1.2521731748143414,0,0,1,0.1717667972493555,-0.03740130310665097,0.4038821345794779,1,24.838732730788536,1,1,1.625252811928803,1.92929642727546,1,45.21838710841002,1.763264190936445,0,-0.29340902405954533,0.39869257595801405,1,70.0814477468479,5.771984377985984,-2.199325761398125,6.450017063433833,27.80495381944047
0,0,-1.0438924056988441,27.04382878202358,46.441108711986374,1.2618397970321564,0,1,0,0.1617248659704031,-0.7829889195416337,0.3217804624235633,0,31.70171269195236,0,1,4.790251741925619,0.9934232171886118,1,61.10090481674159,2.671688943677109,2,0.08351535703757161,-0.14456694938445389,1,49.81848128246098,12.861958213804282,3.673408325842118,5.260423510293237,54.13496289928442
0,0,-1.0957300522927196,27.779370457090117,65.80007903683355,1.4986596939882086,0,0,1,0.28463866300605123,-0.850409519680071,0.3193919246167069,0,21.521433074035563,2,1,5.571588717371574,4.0455951782070985,1,12.930885389128024,2.046196984481161,1,-0.7015061509568135,-2.310321974121274,0,51.276180127190315,18.260727296161363,-0.7064300821668521,12.240019583727067,51.296341408860336
1,0,-1.1316160435624076,67.53406552122941,2.849811893909704,2.017020102371098,1,0,0,0.9734139717604413,1.5680027249128936,0.3197426466529723,1,23.44993744271789,4,0,-1.786879469378011,3.0644829056798564,1,10.950445695786586,0.8682302768353567,2,0.692720187075601,-0.7687620442008023,4,96.42380039956511,21.381002232344677,-7.80939911988308,15.171749620593305,69.89989743640417
1,2,1.57304951777822,62.447717680106166,23.777137490540834,0.8526171874290164,1,0,0,0.6847624054356973,1.530366415313756,0.035245711588741846,1,20.754912047975957,1,1,3.44711536730032,5.5576886083179415,0,47.731793993081965,1.686376634479715,0,-2.0952692744810393,-1.1308242925071537,2,75.2753662829468,8.948046530040646,-4.946009700838065,35.983740737034125,30.030841574199044
0,0,2.140175583579913,32.29056290494252,55.57529883490383,1.1550674016871842,0,0,1,0.15458268957307703,-0.36556139828940726,0.28643718156851716,1,28.104455742032837,2,1,-7.516592589579737,2.083285365549015,0,35.16098734526258,2.157031772241441,1,-1.6669401147374863,-0.005255906824468869,0,60.15935959722154,11.812585564681697,1.5282489396015126,18.9627461739229,27.495690543465553
0,2,-0.48133158106361074,31.511696190105102,90.81880368231133,8.48471390679066,0,1,2,0.2795154173498786,-0.6699266274558073,0.36219736006877334,0,77.14680525822219,0,0,5.667094059197769,4.555547014097073,0,18.31448866272138,9.778539697361701,1,1.395612793886515,0.23709894324216763,0,5.628973921946134,38.60508626425246,7.986508363363654,36.93063571140168,21.730639923269518
1,0,-1.5740303000332028,28.886564148935584,54.86732169238363,1.992655584172375,0,0,1,0.22734722494629955,-0.6774893289624488,0.6659421780361057,1,35.422893864658505,3,0,0.7579282800370297,2.21923560174865,1,35.08864537206223,2.303977382406996,0,0.9395054694590768,-0.938179734540122,2,63.95358934301326,23.07881580370589,-4.02691070917776,17.08637598224016,48.02991725597689
0,0,1.1972037013025008,53.357505592177056,49.60775340963674,1.9847103763068696,1,1,0,0.49935511109096026,0.5355536684828999,0.21946769001322497,0,26.585252204536115,0,1,-6.944593488005016,1.771548488063846,0,47.31528043024839,2.9053554221496785,0,-1.283212629850973,-1.4166354344204017,0,71.79613768542626,8.264155166329454,3.3546819537953816,30.058525356775974,58.50451969798448
1,2,-0.42893953556190845,50.144828305261726,76.33038617245235,1.3441158240579179,1,0,1,0.6103410641426673,-1.1361803446306122,0.7717747463794962,1,38.633790772859214,3,1,-3.932412967333619,4.370324114079992,1,35.920004906554055,3.312336948740235,2,0.0629203375657649,-0.5062480809210075,3,39.0373256473206,11.338043911104926,-5.947179102277565,39.29460795367534,47.059094877172114
1,0,1.5773640526408839,69.87876872006322,0.013899149266688449,2.02600075657449,1,0,0,0.9981016586188027,1.0363047963953516,0.37578636197685367,1,22.257473086534354,4,0,-1.7853044537747476,1.0147408846387036,0,45.30221746075366,0.38617396340901544,2,-1.4605978205565018,-0.9477472451551362,4,99.9460274288789,9.311149945055885,-9.647577845376471,8.23197639088163,55.99217753548944
1,1,0.7348962349537164,45.7869343827046,23.883971360118323,1.6035060728662345,0,0,0,0.28277163407998973,-0.5575801454630048,0.6039455573803236,1,23.471938283755804,0,1,7.782528979400748,1.5810346938389988,1,52.079268352349914,1.2213532829657154,2,-0.7130673173704021,2.2726718580606424,2,81.73823387294166,8.195594705957603,-6.407976024909976,11.530585538281024,37.76086323686801
0,0,1.292280800200066,45.449804352403504,28.525923706280125,1.8489546222066489,0,0,0,0.3221567723563573,0.20061194144662817,0.5098092821139407,0,23.96792852469173,0,1,8.406798690246397,0.7706026783148933,0,47.382026876872054,1.6498333361336857,0,-0.3435411719846481,-0.47275369346655616,1,72.42146101931495,12.749934281833673,-1.16854515366723,8.9598294594547,47.63134575026719
1,0,-0.1034727125144833,25.686108265339783,37.57892688930716,1.9396684151738093,0,0,1,0.15478369972380868,0.7125720523141121,0.7462458053039525,1,20.34058074080113,0,1,4.891006827852118,1.8639274601475708,1,51.040220143798166,1.7540053993740956,1,-0.15477717977115896,2.689463394106498,2,86.2161128955661,11.985446886001444,-7.505167744321058,3.135948502508623,22.067808115373257
1,1,0.07511046064931926,63.4025827311248,47.20207391515431,1.8875131384187813,1,1,0,0.7910334351566104,-1.059514412849162,0.3023003856527752,0,23.719099750472196,2,1,0.9393496865352002,4.19240035738985,0,64.57294286418087,2.4871057045026146,2,0.06034288877994919,0.18812540638048997,1,53.3927298306708,7.510578312370022,-1.8690130217340037,10.499453802410235,56.66095350529357
0,0,-0.019855907384658308,28.3232858791616,67.20552428806383,8.611585002770097,1,1,1,0.34332120862084403,-0.24793556525694915,0.6562220552161317,0,72.9424521848599,0,1,-7.385640901064356,1.6093076487949214,1,45.3078004103598,6.251387844647822,0,1.7486795063620377,-1.683183934966297,0,14.131071233625825,37.15944009925315,8.139236249569272,19.862774797884512,32.42438347809981
0,2,-0.5822092753240291,46.68269505780574,72.50347646988149,2.0029759042312993,1,1,1,0.4541969088723065,0.09997596888685431,0.2014388579818765,0,61.185057908313254,0,0,-8.171876199198172,7.653594700672034,1,50.570455179079715,5.752932537821023,0,1.102881605249794,-1.0305609213283566,0,21.630144019191455,10.869496417349696,7.030242150541966,39.78926715449445,53.585974223839
1,1,1.4064942657689115,53.645647979479406,33.64637805511581,1.012307965118506,0,1,0,0.3865401417181704,1.5744190701681113,0.6123922771402678,0,31.98357806948287,2,1,-7.884000967993659,5.0073772238278025,0,41.675752372299414,2.2369162113148957,0,-1.555445840024052,0.48405874554366557,1,63.71062392774382,11.179184750938301,2.951375471827827,8.798697253591907,36.43826190998562
0,0,0.8199767443460937,40.74804076411144,73.94302491812492,3.8244011389505803,0,1,1,0.19897538578446505,0.39036674038794605,0.9637995697021882,0,46.348915316771475,1,1,6.194282454410271,1.7407126090986305,0,62.68226461266533,3.453908451946699,0,-0.6266542964160742,0.04944618033177167,1,34.581006929622596,20.738718004247623,0.38025979137623267,20.092975217587416,47.28476798258015
1,1,0.8775031930466369,29.532257693713078,90.02516374653,6.41503865488938,0,1,2,0.2490001484909622,-1.3228583577511837,0.8789698508433289,0,57.76386788631852,0,1,4.832009713009427,2.3929392704158756,1,36.328086532515,4.3312127235366855,1,0.5282039857451464,0.7859592505778631,1,21.161576454294885,29.1916776642282,-1.3737133147339744,36.15786021503548,32.99292185535546
1,0,-0.8441804965586935,54.01250060037118,10.953333021757777,1.7145104520688277,1,0,0,0.6951443570453726,1.3513343646375602,0.319988998440894,1,20.142017682777347,3,0,0.8322974421795752,1.6006735954488984,0,44.248367414364,1.4656399042338983,0,0.08930956393209352,-1.0151852969798003,3,84.46908737374237,13.453659584701397,-3.7486018736101014,8.313579241846307,38.530171140110895
0,2,0.701010453035686,53.861828615723574,70.29474653204716,1.7846909471576373,1,0,0,0.5548182833109616,0.07544090088102715,0.9280134670649518,1,21.36318811511678,2,1,-3.483795789727009,3.0635027818934204,0,70.42448096474482,2.530556321076511,0,-0.7052874020903739,0.5344075735612982,0,45.314062397903605,9.260083026479544,-1.2410804247022806,23.210014235153178,44.205472583935105
0,2,1.4958133185775704,56.863159104070476,93.73524121847919,1.932375408884785,1,1,1,0.51024513897842,0.05162732272933421,0.5105841339037412,0,56.67787525206029,0,1,2.132955214813908,8.617591108448368,0,17.343936459064565,4.869737848337899,1,-0.9452570661819517,0.2665926774935443,1,20.231435843361194,8.804976689031257,-1.8513628345674515,34.69492294059718,57.267133360708215
0,2,0.39903885985374177,53.25301802806607,55.66411920021365,2.421828721101217,1,1,1,0.6557014065223536,-0.14152194058357617,0.706429311101655,0,31.680160314046503,1,0,7.073238871538447,6.940542785377375,1,44.46690241440429,3.2347678918208245,2,-0.6842324996420074,-0.46311468133585615,1,40.54433934821404,12.61312792602428,5.484526251307429,12.898705947654761,58.802760365074256
1,2,1.1070084939740485,61.88234403668956,67.2732095635246,1.2250906873005312,1,0,0,0.7554402260754776,-0.9593206469548471,0.24580135771477862,1,19.750282809936625,1,1,-3.440504975120769,5.18825006684846,0,33.617514732203844,2.3772556043397723,1,-1.7646303241145938,0.24172918496423132,1,50.7122208785129,7.31605156846981,-4.234689419671007,39.69881383523712,37.9323712844197
1,0,-1.03023961444437,58.41552171914673,16.192170820287384,2.8956600306662583,1,0,0,0.879731888400509,-0.14670431979321624,0.5919650584321459,1,24.80912366071811,2,0,4.349737456111036,2.5830838882042575,1,51.312646927670386,1.1598697409642293,1,0.4229153101117169,-0.2739529174709026,2,79.88672735618366,23.74546116600138,-3.579253436553051,2.946000887374116,65.11411792556967
1,1,-1.8549787185009434,59.18092727734218,11.962537868160522,2.2965620501196886,1,0,0,0.8899893888307223,1.2141835323178762,0.3754314201067962,1,25.93839625861106,2,1,-3.051685853345041,4.458968078654015,1,3.8888103267340357,1.300209846583998,2,0.5927581630064498,-0.4661167056377004,4,86.20006866878369,26.31237882607435,-7.811491749659823,31.10911007675455,49.693343657051685
0,1,-0.8584166695808909,20.193195987752205,76.26301565346687,5.1150272163527735,0,0,2,0.13738296075157108,-0.07931583705052118,0.8043584494355966,1,21.909496474125092,3,1,7.900290297856493,2.408346645311749,1,13.76617046296374,2.887376328325674,0,1.616180371327643,2.173648088449109,1,48.50696116383628,35.06650949757447,-3.17899994640886,28.427233465551147,28.50401878838341
1,1,-0.6787761022830587,67.9471105523873,19.038127856637356,1.4435893537799696,1,0,0,0.9858849291727763,0.9890505462787194,0.44456001968903913,1,21.77561175145027,3,0,-2.907209390600535,2.282018574646855,0,60.54752211368657,1.5007513332317697,2,0.1555687110936309,-0.24962288105760444,3,78.08171039465054,9.389392498122922,-4.270812836513089,23.288423612822662,64.08126231508555
1,0,-0.5108377216942996,22.74758403852442,33.93781239007138,1.257655346724133,0,0,1,0.18102734052603198,0.3708073578130681,0.2803600331670161,1,25.257498150040576,0,1,-3.8318529600621796,2.5793523199609365,1,15.611118673913772,1.7402312119841592,2,-0.7077536946105886,-0.017061055888593687,1,75.89881873775633,7.435666200429414,-4.469459710147619,3.482939275444097,35.99314165070872
1,1,0.6732907611126047,47.77523521283993,48.23516124616287,2.163342590149201,0,0,0,0.44507433728669554,-2.428417170239647,0.5469647539828938,1,27.47940020449854,1,0,-0.8287917552044952,2.7076699268170645,0,8.647136834845632,2.168187679811855,1,-0.8804070578443687,0.33915372251222264,1,61.905080230356106,7.3202065448614695,-1.4253708276528805,21.815115412788376,37.88879368258213
0,1,0.5542783636962951,42.11468281452527,80.81053654047207,4.53395038008363,0,1,1,0.29113433282612244,0.1029803650163715,0.5109193913636096,0,75.08264166766156,0,0,1.8289278791092265,2.9802010970678423,0,59.44783172171267,7.273725427956218,0,0.8995949320506297,-1.2228544335689104,0,9.14713073471285,24.123411092300927,8.210810011014146,26.66416424086747,33.5902079127316
0,0,-0.43468613756809493,21.4855566166869,77.40851618970301,4.338684727453797,0,1,2,0.21431512544739456,0.08292742067097217,0.351062304565564,0,54.94482832841511,0,0,-0.48176486035670507,2.345729978158992,1,9.151619915443895,5.038938541290543,0,0.5181215525508908,-0.12058196181240616,1,20.799316807322395,30.6222967698246,3.0660698481018542,27.0544282158458,53.32883938748262
0,1,0.5376041550704292,31.360054774666235,94.79869154320674,14.368564458732994,0,1,2,0.28698139201880757,0.1787275395402037,0.7299351021140769,0,79.12789740067312,0,1,4.6298087572386315,5.850873478487683,0,30.118175513837247,12.143886676043612,1,0.6861400147830272,-0.7080570110880593,1,2.6821330321078305,39.76455087274385,8.895713793536032,36.9950733067163,27.09338720892829
1,0,-0.27929423862881886,62.260902554133125,10.176445670964235,1.6681409271015903,1,0,0,0.9026849277242897,0.7426936127640685,0.6654569855880709,1,20.605589366784915,3,0,1.1022801855966726,1.208704715505067,0,49.02710396845008,1.424004691151456,2,-0.8039787028871256,-0.8130989246700063,3,84.64402695907953,10.897043482816981,-6.389327811443365,16.83004677769573,67.87312187673135
0,2,-0.39127514899767346,43.24932660795656,75.5974694298582,3.4928436482518586,1,0,1,0.4903968779272756,0.2789175915993813,0.7754656755497311,0,24.806981396888705,2,0,-7.354708417912205,2.345092121660468,0,20.19834604049249,2.840827683460752,0,0.32834053507538247,0.42340210353728136,1,41.25813644055975,26.098849218310143,-0.3512333869262214,25.777794134263768,22.5333654038833
0,1,-0.5121424485394527,28.340211576207615,68.15360400283981,3.2659320184825766,0,1,1,0.1843526770813862,0.5718258791027969,0.5992059342273618,0,40.80128961576406,0,0,-1.0965756454968414,3.2256895578646616,1,10.851565984006836,3.542473796604449,0,1.0440529025551364,0.6372481303904836,0,34.53790771453646,26.136827330610373,0.498036081830854,13.473464087070287,46.40212804392033
1,1,0.3728322258036091,66.72956506073942,21.349422775427108,1.558304373722795,1,0,0,0.9455942036783117,0.2854355332222488,0.5487212139574662,1,23.658455585342097,3,1,-3.7313714954261537,3.174561481125978,1,67.86083893538189,1.4123379206595492,1,-1.9074937704230972,1.3215208644466971,3,79.02016209513143,10.22196934144306,-6.42268603035536,33.912773278759616,54.495901230764716
1,1,-1.3139771925020156,52.86079877516168,17.337987330728822,1.7240370396684181,1,0,0,0.7191680159884435,0.7819818176519435,0.686171283416621,1,24.95643365862962,2,1,-0.03839982767486916,3.554185736857103,1,14.200593543615469,1.4586395067524383,2,0.875948002083893,1.5802700461009938,2,56.421226111288526,10.994116266858999,-5.025379052137473,2.484709417485167,56.08895975130851
0,0,0.616402551000972,18.06486234382391,95.46402036283314,31.35007700623892,0,1,2,0.021323155938540173,0.6508254403419135,0.1465060981781494,0,79.9986638573987,0,1,0.4015591450854359,3.241158681959222,1,0.9988636133225803,32.531996595105525,0,0.958942287176519,-0.018927794794624905,0,0.1542582984611296,39.82621915960196,9.997646915605287,8.643001244743711,23.62834117463205
0,0,0.8792077121218148,23.88014594030126,95.21753685728757,30.395912324351265,0,1,2,0.12786000189488889,-0.03922447563592619,0.4207285049870089,0,79.98112923053893,0,0,3.2586121699770025,0.8774530502958772,0,42.0877069113319,25.012815237331463,2,1.9129378885693973,0.05808739490533082,0,0.23006574613343989,39.95190929842493,9.959730049240648,39.59066532144645,22.615932702571428
1,1,0.24549954221200299,43.362768970411096,55.505145769657496,2.862041925412751,1,0,1,0.4479923994966781,-0.06074571534730884,0.24461749281682427,1,29.227388081066245,2,0,4.379707216862128,3.411427864400091,1,48.99732030166877,2.2373787118216226,0,0.1592802580536008,-0.31857169983848616,1,57.0870924196135,16.591722384874984,-3.9077682301760275,30.642330892198707,41.123896735853904
0,0,1.7453785517903007,51.02433238647028,30.09195904911476,2.280924668915095,0,1,0,0.40206548221639615,-0.3887427189983336,0.43336632565738803,0,19.200858758952993,0,0,5.081877696241461,2.915625460130028,0,19.025262591811952,2.3811497317027093,1,-1.5632084540014928,0.33325767558416713,1,59.961098072928856,11.115667069033568,0.4242993405162956,6.7519414809183464,43.73019643653226
0,2,0.28018496307118546,48.59203840023325,76.98769032674888,2.276399293467628,0,1,0,0.38137061303294006,0.3431826179764029,0.8424637875121921,0,68.2499934615201,0,1,1.132862325501307,2.2093206342955582,0,74.08234593509601,5.6077144655105045,0,0.4613955208815152,-1.3384372938142102,0,15.198061362166904,12.42811148404635,7.4205863450501575,17.40636444801123,50.57046509132013
0,0,-0.21069365130534623,44.441004994064,55.768238072044575,1.8157549082289,1,1,1,0.3138308854535078,-0.32242007351452207,0.7423428355599652,0,34.75844873295241,0,0,-3.03124047864584,2.5957367817169748,1,56.432998337798224,3.273280470256476,1,-0.022501469384391567,0.24298133686539447,0,39.700935355374426,11.356310547704425,2.065287160018954,10.657824604365075,45.33189411663077
1,2,-0.6632752792991727,66.55480022631963,25.904151302733126,2.4208849253099953,1,0,0,0.9724920758037662,0.8449153618818035,0.4731069504263745,1,24.32331342430085,0,0,-3.079313670666063,4.818936948982874,0,77.35474699652653,1.3158754246878643,0,-0.4488932790042932,0.07650983792662412,2,77.14989266165576,14.727522709232204,-2.366816861074116,23.225442336445575,38.70847754608054
0,2,-0.2670942242733981,66.04819695177545,26.36271865553675,1.5832705971809966,1,1,0,0.9570239443459594,-0.12315209151089788,0.24040079810320675,0,21.017435262803332,0,1,-4.220659751128206,11.11337855258137,0,72.7396085236626,1.8580692482590804,0,0.038657251612843446,-0.05450614024512236,0,68.29638990273533,13.419317899254457,3.397332518345749,25.028543414760513,54.18533443469334
1,0,0.633767625412245,58.1789215384491,29.4465914700656,2.115881194602247,1,1,0,0.7337715030412038,1.071817210710987,0.5027965974764763,0,23.264775117771485,4,1,-4.899087580645778,2.7255326625206093,0,71.39632708945204,2.1516612825315664,2,-0.7835036298406639,0.6692183896519623,3,62.37434709658972,13.372947583347194,-2.7655613264392764,31.088039574424297,22.8617153610325
0,0,-0.24425031210838788,50.24356712843633,45.50938099212468,2.0752419298124343,1,1,0,0.5483212521348331,0.20366075667142033,0.43308065394731776,0,19.00501214651277,0,0,1.8043295624536562,2.697994788488103,1,44.49717091062128,2.6648291420533905,0,0.024172904638364464,0.14156211319057008,1,54.54715389903442,4.1668829249220725,2.382374608925332,10.89742189382859,67.3311570355695
0,0,1.04019312229652,19.595073637479338,84.51943748824662,15.106581984979362,0,1,2,0.1440294909423745,-0.12493874880410727,0.18818522408823712,0,79.86437724500499,0,1,-7.381906853598995,4.267391384446592,0,20.653443803925626,17.49525377461138,1,-0.09117512483556946,0.15868103658636307,0,0.7121637289488336,39.230655914463355,9.996546861327527,7.632797042706965,21.056244321446226
1,1,0.27608450910069593,67.21872473109354,3.187627604781812,2.113915237954421,1,0,0,0.9305196756624311,-1.1064162074822232,0.6611040334018913,1,23.071297029041588,3,1,1.58597188089459,8.409759647734035,0,49.39526663482241,0.8421894414474915,2,-0.0602746591465968,-2.143598940422962,3,96.80402890225595,9.922457171859849,-6.863206949435812,13.231665600529245,60.65784105448943
1,0,-1.1417090555993579,35.4864994782987,52.85135393787294,2.0462938257500745,0,1,1,0.33475274590891857,0.914131010001906,0.47602998122057244,0,21.268620975504327,1,0,-0.3951732889527335,2.9514337424032906,1,58.11327927474751,2.735693168051804,2,0.42875778339826753,0.43912090108376267,2,32.92104933198846,14.077400551998007,-1.5408982200414023,18.056375898265777,52.681990842090364
0,0,-1.072231117356135,37.78985632907036,52.47940622935538,2.6449553605078373,1,1,1,0.41588055424380715,-0.27114799674725054,0.5437732730597286,0,32.88498450427853,3,0,0.5819613219788202,2.235356503333364,1,53.04262473561198,2.3801466392008903,2,0.8607436735679425,-1.1853217909390426,1,55.05460596791265,27.35389283830702,-0.5640202912955186,12.356658457735579,50.050232178357895
0,0,-0.5557375041891194,26.580957786833515,77.43626280114462,7.29083459807136,0,0,2,0.19304786901387583,0.03647744498841641,0.5903238547800763,1,25.816853858277888,2,0,-7.522046993056223,1.89648005871828,1,46.10832821891597,3.211973872663025,0,1.3448342860805065,0.17961642307606743,2,40.50443297792077,37.718370686301704,-1.9085768837008725,27.799702977969638,22.593610919214782
0,0,-1.6791765674320485,36.95561471393555,69.82908944844705,1.8384724947612656,0,1,1,0.318454750825385,1.0350063458474312,0.17946849749702165,0,49.492964191263226,0,1,8.53096525859064,3.273335313284189,1,0.3215495262349499,4.787222129644394,0,0.9998820059810228,-0.49023861632065546,1,28.603454768696412,14.708977894029491,3.978731710739609,31.881364015068037,69.5971951872672
0,0,-0.8654827192016155,23.916571732372503,76.6453538233654,1.4566051493681262,0,0,2,0.21213765445468852,-0.21690664742904073,0.88235118680012,0,39.886566225002554,0,1,-0.33503475358122614,1.2075085972481685,1,18.658446953165424,3.7599335534819924,0,-0.19555140108135058,0.3505994269683403,0,38.885283861835724,11.098533249541445,0.19288502012268616,10.142182713370538,54.9699126655865
1,0,0.40512450590688026,29.987142777336462,43.79769772554924,3.6248058929680513,0,1,1,0.1426114453675521,0.004950546585005098,0.7833277878466443,1,24.31587961921112,1,0,-6.251839599355567,1.082371662348247,1,78.27078548784458,2.5252380926984737,2,-0.2633596538469432,0.20002414646528133,2,60.109645930761445,30.591514690493995,-4.234545797788804,12.142686647268008,30.374994381767426
1,0,-0.4413559247806602,34.38114453473176,13.904768828677266,1.8844508779735083,0,0,0,0.26333919323038535,-1.0111399159376186,0.053786727500481135,1,24.01325936314577,3,0,-6.033182979958794,1.5967347434611137,1,50.92547597284229,1.2346899845133814,2,0.007087010855927212,0.6969913109192796,2,85.14051085314158,12.44860715827344,-5.729404887623702,10.243717150117684,30.021330838042097
1,1,0.6953389601045942,64.74464364585589,44.51709875301964,1.5865231377526823,1,0,0,0.8763269822929358,-0.8481441535375888,0.4084776799880042,1,23.44717926535454,1,1,-1.6116672384778035,5.720291685864242,0,37.510772805338995,1.9141528399687888,2,-1.146004578438587,-0.20511042427694162,2,66.00321877385677,7.897688306860566,-4.631985409435284,33.638156728014415,27.273205701963413
1,2,-0.7217736833411602,61.9372163906733,60.20024731199263,2.067780913619678,1,0,0,0.9018274484392055,0.2818192295878576,0.2627136240079061,1,17.919548055566217,1,1,2.9072759499202547,10.300800461378534,1,20.37143164569865,2.3392655025655524,1,-0.03443259640337597,-0.12714380413863927,2,68.77687460955853,16.15230420956646,-1.7835595398477135,37.480250373205,54.37190404530153
1,0,0.1703376793979057,42.70116058463303,15.663752298777,2.0991167685631793,0,0,0,0.26717695305651534,2.2495842641433086,0.7752620016509582,1,21.51821779785532,1,0,-6.478330316053796,1.1941560368482795,1,26.255586086003227,1.3192684408749933,0,-0.0868711320690366,0.5061001543286118,2,80.38159211511649,7.477366278019377,-3.887853367510889,2.4997937341091525,64.31420907582691
0,0,0.03924168885248604,25.13718739199674,73.00591793707063,3.991134295317218,0,1,1,0.21607055557453259,-1.4441130705870173,0.06450192448452635,0,34.4643984057811,2,0,8.142945246113335,1.2450456706605495,0,4.751089480741046,3.7564631648838906,0,1.2227436476943419,-1.1645635179813938,0,36.28106536884643,20.773365971213313,3.4291688886867213,36.915309367709625,29.47986588844167
0,0,-0.10306746629997915,27.54634231115306,90.83773623605327,6.591302857358037,0,1,2,0.19127260209704317,0.6727251362721962,0.672460101350596,0,74.87151848490444,0,0,6.97626894913191,1.4766407523789369,0,18.805892961712853,7.1388076753340295,0,1.5513778416149848,0.21982253085006329,0,8.594483114171918,34.46214958376183,6.514927608824863,34.7525279344234,36.990719468570546
1,2,-0.6654687017732758,69.7685178476977,18.118116498279903,1.4839979741372202,1,0,0,0.9985418839306799,1.1237578098087186,0.9935384088740363,1,42.0593643025838,4,0,6.953769027298556,6.4770880472192145,1,68.36926657841403,1.2892210403623279,2,-0.3980036174712411,-1.048414466902149,4,82.76933871048846,14.261838826519288,-8.939507858913826,33.722059562878435,57.10023457933063
1,1,0.054158203996797494,57.203622055217565,41.26706533582819,2.5951484904606326,1,1,0,0.7405123243112404,-0.6921653382253192,0.2555061254714809,0,18.84395897998736,2,1,-9.267353581995387,5.629902696648804,0,21.424247966960728,2.0319225674415042,0,-0.007001680074331419,-0.26817573943972506,2,58.46389517889702,13.260750775082286,-3.0912956159063887,32.34917768774234,47.072365245019675
1,2,0.7285912685876371,69.70504869306681,37.741978729669256,2.698503744703356,1,0,0,0.9970773899565344,0.1224566916880526,0.8601385695347227,1,24.59412703082185,1,0,-9.880274542085475,7.04163670770657,0,51.99783575096552,2.2403098151130187,0,-1.0062422908794133,0.008041745030738312,2,57.27359794349462,12.661834307327165,-3.8242540571228893,30.503100122270823,41.08631424235713
1,0,0.28749219330402925,47.48549885468474,34.97979569239688,1.9146858877428272,0,1,0,0.3960238443702725,0.28561064770548716,0.3886740327607191,1,20.586940148103267,1,0,-4.070866278484285,5.649538231883373,1,33.10929753435029,1.9381166441093347,2,0.14534201502571592,-0.59338022586065,3,62.94600795770923,5.115431085998234,-1.5988209440043608,15.300358840374784,57.24893218113401
0,0,-0.14010039694356868,36.598804485296895,53.1505897789725,1.5168019774712171,0,0,1,0.22100689745473895,-0.6030199446743489,0.6147928723508864,1,20.77588921569681,0,1,-6.730289733619862,2.8763506065345,1,26.016964281359158,2.2763758425386786,1,-0.33938706397756946,-0.09425485974518757,0,59.97433640440018,5.141947641910574,-3.3055402305173978,10.135489523201727,45.99629769591498
0,0,0.710791474090075,30.583095150423212,43.58630392697162,2.3280864588311583,0,1,1,0.27640372213898723,-1.6759607572873054,0.3731642205311284,0,29.535681291963147,0,0,7.7844099420593125,0.5295596999549098,0,38.74375202861636,3.2962183768067845,2,-1.1488434907105793,-2.3245443588725627,0,47.05404560639559,9.305500720387357,4.457954005384481,16.341200112552762,28.1472561551589
0,0,-0.6034797619323755,22.518881448921682,68.52061150839575,2.836307240488213,0,1,2,0.1493599652991176,-0.8923545210265245,0.13786414174677247,0,65.91595581293785,0,0,3.170178477559105,4.067457040733562,1,22.39949219249055,6.864834378172061,2,0.5586142157821008,-1.4557006240411898,0,23.43108718525526,22.83446460624901,7.860518580181051,7.668563363303926,43.74368813481162
1,0,0.37062105864143513,64.22210582030232,0.1972109485957385,2.334057129066343,1,0,0,0.8612162300500923,1.13124267433235,0.2222237053791462,1,26.619187555635637,4,0,-2.113605421447435,1.0295607921677605,0,13.376832399135314,0.5517320449812212,2,-0.463371069897298,-0.3108865745388703,4,98.6259261124235,16.126403489348704,-9.3788806293367,2.6939936009487475,52.50216365688211
0,0,2.2293738234338747,28.712326071420094,71.65752842708339,4.640807766561447,1,1,2,0.2931679554871044,-1.6718915462958641,0.24479871753845556,0,60.54608828012351,0,0,6.494213163929569,6.557348629621761,0,53.850957934631374,5.129618847813546,0,-0.8971277851905537,-0.8707187517536077,0,20.65234546098254,14.657886041494654,6.206506698204862,8.244260464194005,48.686213491532
0,1,-0.004485293398680741,23.27743672728587,89.4021401112286,11.825763384555282,0,1,2,0.16494184161703956,-0.274159838698818,0.2929527916013249,0,78.39346909535726,1,1,-1.6796942635856649,3.185647056489139,1,33.14241634623042,13.481813500632999,1,1.784031150951471,0.06011585915014159,0,1.8715382471923503,38.88788460126818,9.434683475052886,32.020505955771384,21.874729091571048
1,1,-0.3101742217242565,57.26555153340862,50.128252668215666,1.7108371147184775,1,1,0,0.6377640123402819,-1.3245485226666394,0.5771541318412367,0,23.525779788341517,2,1,-9.399789785596383,4.467195772587053,0,22.835566283301738,2.829907110582791,0,-0.027121917227643216,1.7497752425118982,1,52.74514271235981,5.068438755539713,-1.2083291386112407,22.43390037237187,63.33694479634897
1,1,0.1459604870367646,59.390801721075725,10.549831882527998,1.5237173785631264,1,0,0,0.8190948481622995,-0.5617863969612467,0.6256166147841208,1,20.75088599792589,3,1,-3.4742101759662543,2.480391268713982,1,24.14590876820607,1.0710535506221197,1,-0.01028874136013072,0.03419784219032469,3,87.54920813826705,10.059525024272231,-7.6924736483180665,6.423055424828061,57.818910102203525
0,0,0.6359940057489546,36.67741374554834,38.78217860721222,1.8453218901554076,0,0,0,0.2572012320605127,-0.35123316337149657,0.4321101131645467,0,27.05505605478349,3,1,-4.321133109897497,2.695766146632644,0,48.82621248300496,1.8499566029203403,0,-0.5290240832616299,0.046341287451434135,0,63.8494347820316,12.416492717849792,-1.7502911383397706,3.592792300525365,28.464805376836182
1,2,0.5130493181703379,47.36531179890827,25.161195060313236,1.5333179582546932,1,1,0,0.5950875827414546,-1.470089708347827,0.284473851118837,1,24.41415719932044,0,1,0.6738824822320222,3.949125083996323,1,55.33264145697784,1.4439457367249364,1,-1.0353591204647805,1.11370812263954,1,71.66660469525604,11.717298475740282,1.492605052273234,14.711282057239012,21.87629697125646
1,1,-0.8964221389266964,62.49061150086746,21.292715481778462,1.995381377765573,1,0,0,0.8920645885368639,-1.5651725523114957,0.4848725502173903,1,27.533294575128195,2,0,-9.451428536258632,3.206712694516186,0,66.68555107505846,1.637366690745127,2,0.4992916818611831,-1.3301377927153402,1,70.26679029788934,20.211692329010525,-3.3199144528852065,8.346055873005447,63.652814676005804
1,0,1.5889438327706658,65.8590846219182,15.655707568266857,0.8518265063147258,1,0,0,0.9044286848749972,0.5931405496981519,0.923462987917247,1,31.456650256169336,4,1,-9.077773830197984,3.011788710095728,0,15.828543150379284,1.559951693037215,2,-1.811948535897533,-0.2567798896343977,4,77.0437887904912,9.60684539770501,-7.6587324791993385,31.089035399011003,35.582677139003195
1,2,-1.1144682767601397,67.35113479321454,0.6567326934825479,1.6660651886380142,1,1,0,0.9875961090706585,1.0484261723738602,0.01867800540034048,0,21.754202512218612,2,1,-6.789883517426062,2.2136921240720953,1,68.69071924699952,0.9022807977250028,0,0.7138369400476773,-0.5799774911649089,3,94.14934035016759,10.963600979249826,-4.388737059469417,13.891368963013345,48.87139822383455
1,0,1.1537323070245016,26.42606333776999,26.029757995695956,1.4764554291337384,0,0,0,0.1101361986458706,-1.1729054787635729,0.5264571317745728,0,27.266087071905446,1,1,-4.910460452987769,0.8658065748467504,0,53.342817039036774,1.672794162460541,1,-1.531398850027008,-0.5100063929136849,3,73.53404968095883,13.384444064438652,-3.5615197723777516,4.394698127682473,56.95484960565746
1,1,0.1287145706722568,66.57883849851893,30.898743158807296,2.4582950927615146,1,0,0,0.965823679997202,-0.7278490141829497,0.48871508225686355,1,27.319461608891444,0,0,-6.253908274460147,2.5117581990281033,0,76.4505208090322,1.6262719788811044,0,-0.38524125078567656,-0.35908452368101035,1,58.990873037698236,13.012113120406593,-3.6265965175583297,28.43129122143626,29.266602929542707
0,1,0.2674577765908066,25.450134904386807,93.4158907311856,13.678438328190438,0,1,2,0.17039542733051516,0.40724476339685484,0.9028542642010692,0,78.33428249686747,0,0,-6.692850143861592,2.5979945990904825,0,41.239967169309296,11.44448097981544,0,1.2560298755751989,-0.24707150157568644,0,9.317541716645772,38.60550297366834,9.447965250861333,24.3736539785499,26.66309052738417
0,2,-1.018647796218521,36.718162366452574,81.02394814383081,8.420174913120897,0,1,2,0.3596804363936681,-0.6226322151348108,0.35441074834722375,0,78.46345433976171,0,1,-9.772318544183715,6.977436896732817,1,76.55005207104466,11.929046237961959,1,1.0771049223398015,-1.9695465936365164,0,3.4463500892688517,38.774219598319405,9.77307841801472,21.046003408357883,33.35203829464981
0,1,0.6316978605186263,68.70039894167422,23.398365990581894,1.8724579305614364,1,0,0,0.9758003640732432,0.18379713670634462,0.2937516181667894,1,28.790479983969544,1,1,3.167515444996676,3.16785215366828,0,65.73922409753729,1.6302441087060329,0,-0.6011322142578345,1.3328508195772413,0,77.4064130905468,8.061599286079485,-2.276381614622185,22.15996719833131,69.61109063437718
1,1,1.4012256599484356,67.0038088208193,10.563630252047657,1.8330533455778306,1,0,0,0.9607318264108502,1.2214155298746292,0.4822951804792036,1,23.132141486366244,2,1,-3.338395978432934,0.9911444606438508,0,50.25172624435452,1.337023654913568,2,-0.11935252899974046,-1.031700186173971,3,84.74221245271168,10.576981746829897,-6.009611181595545,30.60494270912113,63.21442407188015
0,1,-0.6270876008473856,48.98807225618346,36.63981368132283,2.188850802332454,1,0,0,0.6523033152462856,-1.4568979810238791,0.33608707281289907,0,29.00431463517578,0,0,7.203227458116817,1.9967890363728542,0,6.0166711263814765,2.023682745261564,1,-1.0311658182994858,0.5922826733758255,0,71.21773740908593,18.05560240082885,-2.489789267302714,10.425627168104528,41.41820297642964
1,2,-0.6687473762593416,67.42960539536958,19.208979366297,2.0768366979147466,1,0,0,0.9830831009811739,0.7809732987084884,0.7891322945422914,1,27.85344463059178,4,1,4.155101212956067,5.1924216815635615,0,31.67679473869001,1.422174971911333,2,0.21405413863174613,-1.4286160636439553,4,80.3510271129562,12.555531458853748,-7.651371370233972,31.31765589548639,40.96265384094888
0,0,1.1216410116909095,34.66564392052784,46.58309168640393,2.4715159709262062,0,0,1,0.17141247216720717,0.008241328068947984,0.6256488980494177,1,24.544421995171213,1,1,0.5949888577080191,3.5892787376009445,0,23.181226347939674,2.153219429526681,0,-0.48106791346649336,0.6594928346041864,0,60.061707098186446,12.830788401805986,1.2863230082139836,6.32095091738883,44.83646574791214
1,1,-0.9771176414891911,59.66568738940365,47.76938351951004,1.907953444847868,1,1,0,0.8602644362616584,0.4794357649623505,0.2575856840178294,0,24.194406554970634,0,1,2.4694392626445723,5.536375516570841,0,60.185599109396705,3.1632073380488372,1,-0.23228956176154683,0.012182196150446923,1,33.32142909661844,20.960844689692777,1.5336107698331691,18.549176871328154,47.22277792528959
1,1,-1.1028993114703516,50.09233032113143,23.44782667388383,2.3449640947600763,1,0,0,0.6842538847786165,1.201917754691435,0.304925779601027,1,25.87294326558596,0,0,-7.5868187532847955,6.304407801338598,1,33.63134531271832,1.4558487515499803,0,-0.20010217482854017,-0.4170384195291587,2,77.03434697847365,18.011622627141,-3.7012023587643395,26.143450469200427,68.61218994405266
1,0,0.48750205606124075,54.20269004012091,0.633836556305778,2.7641006675519293,1,1,0,0.6776397775871713,1.3808820146441378,0.16430024760722678,0,17.898242691777785,3,1,-7.543505140137087,1.8549129726032065,0,46.637916068380804,0.848489044799303,0,-0.2869332072140141,-0.4099148580121523,3,94.91998372963597,14.600749902865962,-6.301382479812511,4.07988484548506,30.449268756572494
0,2,-0.5402006618257496,50.83806417439732,95.23685022957254,5.659064315839498,1,1,1,0.6783376353892925,-1.7197167658409445,0.6713586076411223,0,68.05859011233369,0,1,-1.261190668982378,30.047521762602493,0,18.828142383179866,7.258978075116691,0,1.4799490558986375,0.16272972680119122,0,10.903902533297005,35.30701096594263,6.262490889771456,24.35265733336721,48.49608516239144
1,1,-0.5473225448689816,36.294089100694464,88.34383307134577,6.27219225963393,0,1,1,0.16143638567996577,0.469409501896213,0.28998101951211486,0,71.43779995277674,1,1,-3.569385350592757,1.678760315546411,1,59.63441992956768,6.702121389905795,1,0.8013972264039769,-1.1340045410524848,1,12.039489977599633,29.729498153574163,2.772618561982373,39.94812423779504,53.10770124863605
0,2,0.3164166102596793,38.33159152718278,74.1055437505424,2.2283273990372003,0,0,1,0.3231613248222964,-1.1639032752392897,0.17919157171692085,0,33.81449367044028,2,0,9.932683039054677,9.190532079174552,0,34.85036400562432,3.4486691144386965,0,-0.8268551273761011,0.6580377961936191,1,43.24761000977657,15.536401411880757,2.665794967392845,37.9651872324376,37.57787898473535
1,2,0.4603819671072681,69.45066933346911,56.60651590355755,1.621599340672069,1,0,0,0.990647901713229,0.5047604089223764,0.7445241823816536,1,19.404072469918233,3,1,-8.44376815808643,4.940829652111449,1,62.98089038381855,2.5324678958599747,2,-0.5329618519878601,0.39399356212008907,0,52.336571881215086,13.692841231285257,-3.606021364524854,38.98497593101301,69.94457014268733
1,0,0.8902751437348151,61.323807137257546,18.336666147026122,2.5841081635371244,1,1,0,0.8181884694436953,-0.6279728240005487,0.3283473999056793,0,24.381179444261356,2,0,-1.1944390278336208,2.0320380501511677,0,79.25669023325594,1.5241412726486379,1,0.184899432833125,2.195333680654283,2,74.17678522360151,9.728302459005764,-3.0883873333191207,13.545104088626461,36.59057749408633
0,0,-0.2674233426221264,30.374908169964428,82.70398948837325,3.110759544868718,0,1,2,0.2143036278043708,-0.2208597150752585,0.6625326191004453,0,74.06697017269012,0,1,-3.5438720826595196,2.531594211643248,0,22.601467498649193,8.393284550480532,0,0.27499069770988754,-0.020330652612461874,0,6.881172395239488,22.407908136728544,9.581357896333415,7.257463393047892,46.42048548884256
0,1,1.5665649703946574,62.62783658511112,26.639439833411583,2.4694166610033044,1,1,0,0.7655920971888036,-1.2267987827625664,0.3212917516762276,0,18.374152401456634,1,0,2.4897069234048494,1.8547443283768543,0,79.2696205212481,2.419655165302876,1,-0.39559424349658756,-0.12271345502817695,0,61.52141952043091,13.530219779968721,4.56621728035978,14.064460320074277,44.65041175721203
1,1,-0.00671528833774587,43.88411451746851,34.11765893464063,2.22791804507074,0,0,0,0.39532298663517196,0.08495432650891466,0.9721028700832322,1,30.573879709127702,3,0,4.863825507393933,1.9698903530663374,1,8.992297198822836,1.7219043647763472,1,-0.22807284354185367,-0.9367922976933213,3,68.44517641954391,12.427098566562673,-4.447791131355957,4.851787675152348,62.36734295669635
0,0,0.2603078514504338,37.30954608891747,71.54053932811382,3.182933846794683,0,1,1,0.26688019199553503,0.4202755587966198,0.23462621935080435,0,63.15942064016795,0,0,-4.7535798738698345,0.9853858022508025,0,65.26464790856748,7.9498743844394415,0,-0.062406586590247747,-0.8168509863790251,0,14.928941894093606,16.84297140268398,7.990346587759447,37.867918560651994,32.17020716851127
1,0,-0.007241956091192078,58.203319356712896,54.47711166662207,2.113098687728321,1,0,0,0.8115540503692262,0.36181583522571176,0.7031220994749697,1,21.96157145972615,3,1,7.27912280467725,4.283055645755517,0,44.91902788980526,2.4028872590402344,0,0.07150167931614548,-0.03329274351175274,2,57.44521511068087,10.501654035994878,-3.530201621553254,26.29589139250012,55.54241925801674
0,0,0.274402552803428,59.818846223778166,79.7692778914781,2.2290896395055038,1,1,0,0.8356791014406952,-0.10039955441618688,0.5297184773150965,0,58.98093647686643,0,0,-0.37169301560157564,4.547978477028156,1,57.30034532014527,5.65550777973983,2,0.00021290039103626313,-0.4670175148144145,0,19.62073009857895,16.8484922030818,5.02809467678752,19.688273467353145,69.28203497582618
0,0,-1.341885127556515,35.122721397312944,84.90468836843131,2.5386070414064243,0,0,1,0.3242409217641279,-0.39621279583537683,0.7038769938400276,1,32.463462821803844,2,0,9.994166341554912,2.3436862398159177,1,39.85798857040261,2.98085477958748,2,1.0543953307737772,2.692178440037709,1,43.67143113071171,21.340035831552633,-2.704244303228527,30.903639138288792,57.76719216158733
1,0,2.560642547185413,67.85481336960586,34.5947122889298,2.821306774166676,1,0,0,0.8972647571869333,-0.3567257033208799,0.972633129393708,1,25.32021350279445,3,1,3.742756895781829,2.3664893514582275,0,54.43787276560529,1.7143733821994718,0,-1.8947414274548673,0.16016373821243757,1,73.81871100168671,8.223204049469226,-4.109957681060875,14.742359875758918,69.76703553186816
1,0,-0.6451726812185787,66.53868286553066,2.810435138154288,2.663010756249028,1,0,0,0.9729684605148671,1.1117637235407296,0.2428218420728473,1,19.528441894534932,0,0,-5.4869319783650194,1.4384303661727889,0,42.045308904311945,0.6696712780142002,2,0.15498450285595863,1.9067860110860753,3,95.47240406177484,24.583632591867488,-8.09821403391016,14.018762085145147,58.72267248482291
0,0,-0.1977928389953513,25.55096711299452,74.53279300197414,4.393024529406201,0,1,2,0.2159340274832069,0.0032876099781217706,0.19620586073094604,0,49.51451791318894,2,0,6.86422165542308,2.359001969340927,0,50.07452631082708,4.784352824804438,0,0.7251624254984939,-0.06123754111025991,0,33.77271355261248,28.119112593715077,5.147370751099441,21.39922705284611,38.25108500243143
0,1,1.059256203981125,37.430536153584356,93.94943360818195,10.299741659073545,0,1,2,0.3082144865719685,-1.204317387732672,0.6516464273802269,0,78.64702914615144,1,0,4.383139970558618,8.87901964035607,0,16.06411377059128,8.534734098387123,1,0.40925150050846276,-0.022849084827058306,0,4.385167569858339,36.636418959655174,8.600206982781827,27.032577796682865,33.81618106435084
0,2,-0.5650973642081734,31.697663911028105,77.10636517478282,3.5756612769641714,0,1,2,0.18662840865017077,-0.5222938520526625,0.2540458066501793,0,73.43848503973832,0,1,-8.38690690754959,8.063775373205125,1,26.20568147585958,8.320302878162801,1,0.5438361885845506,-0.8322385994690568,0,7.606285533945462,24.69201096897056,9.243179201492588,35.86167074247425,39.02213318708663
1,0,-0.7446682667984382,47.425825915602104,34.00149306888567,2.132436224351208,1,1,0,0.4848594823164748,0.11972781471425334,0.2768132467601804,0,22.72237911620784,3,1,-3.6526701770547714,2.543400081849533,1,66.9033819405971,2.1069200151820136,0,0.47948611613589115,-1.1695460292015623,1,64.13796945463103,19.221025621462616,-0.2755875407931523,19.377615762183467,40.495163621006725
1,2,1.1483696972042061,37.818627248135314,63.392008209122096,2.374935827024024,0,0,1,0.18432207213783908,-0.47787302574029933,0.4998747203552574,1,33.72561473476698,2,1,8.548844628081472,3.5886777806125543,1,16.256204487163735,1.8889717396621384,2,-0.8759502399195219,2.4172686614844503,2,60.65425295237387,14.25292850861668,-5.609770449705853,24.891020911468843,26.53367753122047
1,0,0.3136579058362108,54.97001163727802,22.87814150438795,1.2163859951890206,1,0,0,0.6627377912581398,0.07549604295942668,0.3581552854307831,1,21.746193509369345,2,1,-0.17727518202511305,2.843764746090111,1,78.10359818471977,1.3987734709284165,1,-0.8444842735767666,0.08678331050754529,2,55.89731036775879,7.809661379311339,-2.155073517354989,9.671943494515405,43.25667872473527
1,0,0.1260489664989469,40.47724011998281,12.237839409698449,1.962110838463799,0,0,0,0.3505953928489086,-0.07980140105106281,0.27944238312113423,1,21.27291298658942,1,0,5.24003963730847,1.3666165559939827,0,60.95156884736829,1.2495770371603543,0,-0.23499968369684143,0.30072708694169514,2,85.72749519292906,11.563797634153428,-4.63063594523895,4.896936821707549,23.390424369696365
0,0,-0.7326352318314274,27.216857349725537,76.5038670277969,1.4856370750730536,0,0,2,0.17701409974571014,0.4982944539881841,0.9733344754379267,1,36.35717712840424,0,1,-1.008374774773662,1.3098128131650502,1,15.952432838353111,3.334229443756701,0,-0.11395972670552326,0.4182161150587389,0,45.236707202523704,10.194094816866755,-3.2540745119123473,9.000817304440762,59.973144419924395
0,1,0.7759676944861147,55.898076003634756,52.50035199624033,1.5792845402147042,1,0,0,0.6447507337160086,-1.2706926847872246,0.7645221526842199,1,24.007106328355444,0,1,6.637657085187307,1.783006321245576,0,67.98187467150552,1.7520074452429786,1,-1.3286174548865286,0.805424668543842,1,66.98809477958953,11.376233108503513,-4.971849397102714,24.743023374602615,46.109205799300035
1,2,-0.0958933389403113,69.72623484530551,2.3449911115906663,1.6123428336746106,1,0,0,0.9982593326121993,2.3676017485963428,0.3273649008987506,1,26.188965679000145,4,1,4.879678774938853,2.705955380483182,1,29.608378477482276,0.8915895772014282,2,-0.7532171757546526,-1.6456996064164082,4,93.90961858415159,9.910555666430593,-8.305023448930623,38.45519414745442,68.24874369039944
0,1,0.6962060956579379,60.62619074316484,78.41939021851604,2.106517177198972,1,1,1,0.7327524332569002,0.7152821408954806,0.7146855268784649,0,67.34001197643155,0,0,4.644735437075809,3.2678125805962286,0,79.6608809102205,6.040170484951424,0,0.1374651694500865,-1.0959445244148858,0,13.823460871982595,22.21262619108569,7.580982818351508,31.575377357284403,47.06322791932345
1,0,-0.579335165473172,21.141550722898394,33.981310312292074,5.99879607288207,0,1,1,0.1466309331405352,0.7311463966503531,0.10579062508273263,0,18.923463834054104,3,0,8.193044049083444,1.0580725621240432,1,0.18689161977467172,2.6107518459222727,0,1.415050837697378,-0.21028833793560087,1,59.093731391818984,33.45898938828723,3.4389250064159427,8.092512392546961,63.27233158956565
1,0,0.7425164000468338,20.71083029880032,87.05337817275685,6.543267963564456,0,1,2,0.12647265778047517,1.3396648119371777,0.9316201760756779,1,44.69850491565474,1,0,1.0012698657859769,1.9769739227951395,0,0.36536171947266105,4.240777856611092,0,-0.21144245817201796,-0.7535434547221396,0,29.076463528753827,31.998131640552163,-2.7998663137554827,17.895754078767624,25.318322392526472
1,0,2.3431331194249307,47.42688794073877,7.3136292794714395,2.2060151165599864,0,0,0,0.24885458053095477,-1.0569614238715501,0.250967707946687,0,18.97453129568875,2,1,-3.31874587109806,2.0439660744498416,0,35.887219752324455,1.1040542985491077,0,-1.746144068956018,-0.16708108537188712,2,86.0112267336234,11.292002660664489,-2.202800278842534,1.4121465361870555,29.96257214649028
1,0,0.7021153300168624,54.29551767636107,57.826089375912645,1.442928261934021,1,0,0,0.5706681814941176,0.28937729200371903,0.5614622147440435,1,23.394895084473582,1,1,2.167061281377407,2.376428489156191,0,34.94892721334342,2.16565715941788,2,-0.6168905226141573,1.2311402272284024,3,64.6395206537725,10.620551844014551,-8.375787997916643,39.203586974964416,36.793365888409255
1,1,-1.443697543561029,68.06985459114898,14.749049234507083,2.1189014195253213,1,1,0,0.9852900988286983,0.11797201416241519,0.2453719919582661,0,19.94314583565606,3,0,-8.203954332706235,2.293264130530107,1,38.72360910472786,1.3683435919378577,1,0.4654835209283325,-2.302686375170765,1,79.9076123214126,20.032890369181928,-2.918518457859241,28.645743918012528,64.6192739449366
1,2,0.9788461685162338,68.80502444780792,13.343882654062245,1.1781438997348868,1,0,0,0.9919541941435709,-0.08170249892748699,0.7021984874508567,1,20.227805464053027,3,1,4.962888320251068,3.7690663572142338,0,38.99284182554546,1.529469280387994,2,-1.0684481671199588,1.587543634342123,2,84.09979716956404,10.546938163367496,-5.342579087279638,15.188237224595074,32.37910850936673
0,1,-0.0017693082920216885,38.6399443687042,74.64362217783555,3.2748798280002105,0,1,1,0.29148771063828777,-0.4540461600449215,0.5740754133476915,0,49.2013865254019,0,1,-5.479176990957802,6.683816656039907,0,21.209092450164682,3.654680756832358,0,0.8145902129814394,0.586772853919043,0,31.440964489020963,23.345652630174566,4.346229006998769,6.8135857904743435,52.08020126650282
1,0,-0.10689955690884678,24.68278703879441,8.197634692308519,2.5869661610380987,0,0,0,0.1655111124416926,-0.2318943057715056,0.04468075461062604,1,26.804615895299307,2,0,-5.655420106727553,0.7875019088421641,1,24.081828399714603,1.0341139095557983,2,-0.04878977133429897,0.667516294735936,3,87.38098311990521,20.545325109882725,-6.624092093491357,7.361383143129898,50.61091369590655
0,0,-0.9622138894099908,28.863126925912503,59.375510801828554,4.462314670786692,0,0,1,0.3027129508744487,-2.9147152744208595,0.6389246323949708,1,26.76519915919002,1,1,0.7925107313401583,1.337534664819147,1,63.21087756297986,2.65687800213807,0,1.3887060729471734,-0.7157048243472751,0,61.12847987434085,31.390018444937805,-2.066501186615519,14.242681443856945,22.85790485962906
1,2,-0.5004561001561059,63.920830469025105,93.45370601324865,3.13061247496922,1,1,1,0.9173686846248674,-0.431622001298008,0.5962616831150035,1,58.31804421270695,2,1,0.8117523094253105,17.169470039833758,0,44.21784812250085,4.913407745534939,0,0.3377854046986931,-0.5035398492639953,3,20.37790647288936,20.343212213096862,-4.7837211070506545,39.99423466869305,41.39682055204777
0,1,-1.3683167509658765,32.9013798115109,96.08802849398812,25.95203243015646,0,1,2,0.2737780638260471,0.2457673135442286,0.4867477563453151,0,79.96510760949162,0,1,-4.870912707482913,4.771844836375748,1,73.07330853134947,22.820509017738193,0,2.634971202120056,-0.4594344766666548,0,1.424842147332972,39.99502446574904,9.956845122644246,34.75979601384681,61.628909862029126
1,1,0.1834046621932438,44.864552510323975,50.19097936245719,2.29349165785696,0,0,1,0.343678922847489,-1.1556206701451994,0.8777778866206578,1,20.75048495199453,1,0,6.421729801599806,1.8591558754121449,0,32.54501420808067,2.262530960178866,2,-0.5623254570662661,0.40284491734010786,2,57.071781411953424,16.999410463558064,-1.7119294060770471,14.82207902811169,25.83678273264932
0,1,-0.9780488667593318,59.542873767436994,24.91937124549762,2.054810555120382,1,1,0,0.8003259987582698,-0.5995903860880524,0.48699124929825793,0,20.45334194396224,0,0,2.3026548761719905,3.436835211634815,0,76.92254988048907,1.6054473838568124,0,1.668569517678128,1.2832373873886866,1,69.48155912885629,13.77062406358316,-0.11826597138966655,14.357603125373773,32.24293332941268
0,2,-0.350134794001805,28.617667727785225,77.27068659425899,2.8169062112894045,0,0,2,0.2259723106181843,-0.2121884742526003,0.5356568434570717,0,30.40022990390641,2,0,2.750785561060189,7.641654859244136,1,23.950893258357915,3.320387931066867,0,0.19689495198846188,-0.8096162997463273,1,37.33828250575624,14.00180951434552,-2.6158454979168866,17.055585237458974,29.091279698530677
1,1,0.5776965702276609,58.75570200193318,52.700588148584316,1.956256278226155,1,0,0,0.6859098237280703,1.654064792089175,0.7843944045488944,1,23.975869779055976,2,1,-6.868303259120589,4.359696421389251,0,54.61026382785731,1.8533135476956288,0,0.07068791950443154,1.5361793379432958,3,66.15109684962206,8.979050913739945,-6.631604222961648,32.9022499488144,37.14875720317616
0,0,1.1876865237948901,19.133001743919685,75.19179566102498,7.214555303127032,0,1,2,0.0779892470019346,-0.6803160184214077,0.5922510941919757,0,72.12050579440489,0,0,0.46937886829356046,0.39982493664314606,1,15.950866720287888,7.685179475302547,0,-0.5221315114182233,-0.955424642493579,0,9.160444064743212,35.92298860543578,9.115874539256286,5.2174805857301765,30.054588097143757
1,0,-1.3606333691065051,67.16885471975813,1.2311618656110968,1.7509128922365027,1,0,0,0.973651536987201,1.0961024645367365,0.3659276873131179,1,25.561802111630882,2,0,8.474391726133092,2.313060489951,0,69.61895664946631,0.7933872489959831,2,0.3699260876829732,0.22654942230918174,3,94.90064461493249,19.346495493703564,-7.545653816828619,5.269666161514297,53.25711192066788
0,2,-0.9974692362839418,51.0706946119308,58.37723139574912,2.809233067945816,1,1,0,0.6987152345691257,0.6396077050533097,0.19200719153034201,0,47.83292066853502,0,0,4.236615844232912,3.515570849193917,1,32.24038160637494,4.101696031323606,0,0.21370367417649844,-0.009116962511886149,0,30.335100636591257,31.28789545900167,5.806779001920372,31.585103971672098,60.14000656617358
1,1,-0.5331438263824789,50.40274746444778,54.99783616298583,1.6218499634530907,1,0,0,0.6560710955662641,0.5934298358916739,0.8517896289449869,1,20.04395848067378,3,1,6.809554416474679,3.455398908356735,1,57.97369643473573,2.163055179669383,0,1.7287382632643906,0.67995787055941,2,63.59170440133794,5.939774679204399,-3.453210750139391,23.732316708659454,42.64726007387243
0,1,0.6487087795413061,34.33772687938645,76.62936355762616,7.8543818235526395,0,1,1,0.2671823932067384,0.46770966969742356,0.5792122541830069,0,72.72903999191394,0,0,-6.4840633434731485,4.229793325932307,0,73.08060455420971,8.182791794331157,0,0.4892194620835349,-0.05720525327654174,0,9.089260118136288,34.55039366557281,9.18605352992575,11.958704798717566,22.87898284367847
1,0,0.6649402532032976,44.14336532425615,31.88816103913959,1.7427103406952205,0,0,0,0.4165022189195074,-1.9395565531876977,0.22026160251412374,1,21.929329455046698,0,1,2.4975430366177225,2.698192642972985,0,71.28988444689907,1.6680617476224624,0,-0.7984648159438036,-0.7600144574191254,3,69.56647056098608,7.664123024833125,-2.995686754230168,11.777499774645257,27.72139745999701
1,1,0.5226638588048675,64.22599133054649,27.73395930150102,1.4615446908010796,1,0,0,0.807944098050738,-0.3287855209119518,0.4998064827964458,1,33.98666436386649,0,1,0.7145783417221523,3.611831613484299,0,33.63610968913207,1.5388056593659314,2,-0.9720048842796919,0.7723743242209934,2,77.7173311510014,7.863590220695087,-4.158134380902368,17.289122531087024,58.210981589446995
0,0,0.9156687473079961,28.201903634154526,79.84861288122424,11.801384838037732,0,1,2,0.21212238921149013,0.722325356131519,0.22206264302328738,0,71.01057249056007,1,1,-7.123907000450638,4.203904694751726,1,70.72507735976512,7.037167336121485,0,0.4008714767731075,-0.055296163641964206,0,2.924283032189429,37.49426852655387,7.891827964905929,20.842382116897337,27.9640074253577
1,0,-0.0004424812268685523,23.28882823872153,68.97507033425791,6.105683155291802,0,1,2,0.09607077210423659,-2.250718725295155,0.6093744842859977,0,36.32332408373595,0,0,7.093813853718885,1.697443336622308,1,46.331424621347864,2.9723592288500016,0,0.8117771762762804,-0.20730300294418677,2,37.610815340077295,27.838747880893386,1.142788053551822,15.541054122662654,23.597848126375183
0,1,-0.6824060468723535,26.892417654549355,74.58007986433357,3.3729251092392607,0,1,1,0.1936128543966008,-0.07154120120651049,0.3420712220500272,0,46.747092199186994,0,0,6.47595506497764,2.6466695226812242,1,37.69452029005205,4.163989256282877,0,1.2881170887094406,-0.8105515384431146,0,26.90330154527737,28.117211431640783,4.02348154209319,20.091182879579893,40.861378374403046
0,0,-0.4359097299818557,18.005101229226007,83.9899865987031,49.395588324183905,0,1,2,0.007004135516990251,-0.6503515900368559,0.3058834376239424,0,79.19964933284786,2,1,-4.114723642979305,1.0527017038559543,1,13.213169877592117,12.656262632487488,0,3.5297614283543624,-0.31857168120763407,1,2.8676752716463474,39.999543268861615,9.838494873648632,4.361970415975893,21.474202637336674
0,0,-0.40564326093210756,41.162319591719694,19.51912699095843,1.8647475400125415,0,1,0,0.3889519980567237,-1.5078118834174608,0.22099711074935524,0,22.509231558617685,0,0,4.163353470445863,1.160465657396994,0,30.892347365395487,2.291924043260995,1,-0.1251420078826819,-0.1704118700216491,0,59.59218577939864,13.204036210172866,4.5835843498587145,5.646783328412419,35.809581753956955
0,0,-0.6825262140161925,22.81292253002738,59.47388234388915,2.173420276092019,0,1,1,0.13810776127638685,-0.870371466051528,0.08492444607830413,0,45.77077413210151,0,0,3.598558306431949,1.3316473456736855,1,12.527119584619669,4.24449188189552,0,0.8294024313626869,3.0753249823617135,0,33.86349157204285,17.54613709716827,6.542126230833528,15.292699312300817,48.33063085776818
0,0,-0.5810236872019336,35.30137086368762,87.91619970413352,2.195694162277562,0,1,2,0.24504004410120334,-1.140929707030553,0.28423420458314214,0,67.5472190951306,0,1,3.966165320916028,3.3799626810286587,1,51.44242931826187,7.178927117025883,0,-0.17642079073587322,-0.5637444397762535,0,11.403369547144715,17.76922549426687,7.853662481383047,35.52689325005665,63.47558372939019
0,0,0.5667876244939954,35.162356413736845,57.50320402281959,1.9690798600386221,0,1,1,0.20977655518177174,-0.4236349851021129,0.41413109550127164,0,41.67382729917516,0,1,0.24495090443941692,1.5956264656621588,0,26.211441145864978,3.2366446211076934,1,-1.174284658099052,-0.7111360940253459,0,41.60557452445373,17.687733413314405,3.7382882099999613,10.589829648763542,44.22486582113695
0,0,0.9103499657255854,50.63661852340423,69.69860931418988,2.081707277377729,1,1,1,0.5144032629735958,0.24709650623156548,0.8404689036925738,0,45.791348287094536,0,1,-5.6141890344487555,1.1973460064273584,0,7.6506915179471635,4.128739868945553,0,-0.5446724742601813,1.3034722083965244,0,27.48993193130555,10.293096908205147,3.8744005723269623,15.883034916683576,67.46523615755723
1,0,0.6517765199993976,50.579441658743455,23.809130731041318,1.6062770247159486,1,0,0,0.4603689758694747,-0.1327979290687881,0.28011541663002115,1,23.211274211783035,3,1,-7.502162295122394,4.359798030580889,0,9.991683134414204,1.5841015938284795,0,-0.9596115860153676,-0.02465492023615624,1,77.74078585252379,11.83705418355615,-2.9159950531284924,9.671971864463938,41.54385838601416
0,1,-3.280887853312363,33.12969217706683,95.8883645415285,5.335690346798914,1,0,2,0.433067221481644,-1.2160612298836861,0.4824343964029405,1,56.87183614295059,1,1,-3.0198319943260525,6.39633549315458,1,25.735086343940893,4.588237983952341,1,2.412528795447612,0.05916919026063709,0,17.57988345683194,39.55279152619822,-1.8881164707245954,39.588992012811985,57.75644046485075
1,0,0.5219998773982665,53.42921234647059,51.30717770981603,4.036404536258505,1,1,0,0.5968896490569209,-0.35628095791840014,0.8633286785150089,0,22.269073391335354,1,0,-1.460370749518848,3.228787898399639,0,7.40404416895422,2.296709677191296,2,-0.16784632454306808,-0.8293651225358892,0,55.54381289599966,21.511545787984126,-2.1546020420872853,15.149333181590766,55.22700491841516
1,1,0.25706683280131465,66.59158059377944,22.334041330989702,2.3224492839170403,1,0,0,0.9273050824114528,0.724225266817334,0.876652434305928,1,22.712419830274058,1,0,7.131756415841242,2.3635932154222927,0,50.3898048417335,1.761464978959671,0,-0.1551864989501777,-0.20806034991307232,2,76.49797687663231,9.870097593817098,-3.304535536175395,13.837601748283177,66.83400223662355
1,0,-1.3104100112379282,42.33002178615528,7.250339357799107,1.9873249513511468,1,1,0,0.5851179980075595,0.026039441199202658,0.5520631770673462,1,24.75687267794291,3,1,4.187102744777089,0.8218904840521207,1,26.884716436445988,1.3320554565289957,2,0.45892493758477776,0.6258647068378803,3,83.1932353265951,20.664876360258564,-4.389483731818657,4.885099087351743,51.52619085381604
1,0,-0.6397940232021806,57.468777492012485,33.90283873389479,3.3840666005518725,1,1,0,0.7601080966049321,0.14210090308900206,0.74852971960149,1,23.37072161479497,3,0,1.8690529997941496,2.5638377521361377,1,62.413085476244596,1.995384130443499,1,0.2818868721569671,0.13421414281354233,4,64.92509286913725,31.14422609946475,-3.731776133677009,23.80646934159044,52.39021525519022
0,2,-0.4336806566384148,38.41421613336303,97.24249551995949,5.302217249487271,0,0,2,0.31997259760315444,-0.6564600735531136,0.631494433903943,0,70.19696713043678,3,0,1.016994173376581,11.516579421755942,1,16.36579706580218,5.109068620272155,0,0.9192117290711431,0.47896152078823023,0,16.053705569679487,34.029691824269655,0.7894122889979904,39.45230281847854,34.462766824130014
0,1,1.1174703451093602,19.081170778135814,81.02852063592786,12.674427332822269,0,1,2,0.10371964544302914,-0.48626075182439177,0.6422154638675759,0,65.05407848820464,0,1,-1.0351440443840367,4.435178601528661,1,4.867759114637948,5.1538443517714905,0,0.5377608995562069,-0.03713433557761464,1,16.568039576550103,39.33338177266113,3.8584158092724863,6.559683867768305,21.13286988865189
1,0,1.0146031818549377,39.91745072779596,20.007346070954927,2.151442738826267,0,0,0,0.2451420953990106,-1.2683011604173178,0.47215383674306866,0,20.417331704191852,1,1,-7.8310768237097985,4.265417389549089,0,8.214811377688385,1.6145955904484246,1,-1.1011665453328208,-0.21674027350713163,2,75.19761932474967,12.672300764651535,-3.21506148343121,14.081203144169606,48.37044034313746
0,0,0.23480778138747607,34.01837905756471,64.41604563009413,1.8161914394998195,0,1,1,0.32061706701356707,-0.16146173885012055,0.7048828446007306,0,36.23206437266138,0,1,-5.469914406158751,2.323130088286754,0,50.3778781588846,3.0426804487031456,1,0.051312481788098864,0.8355558436477764,2,39.91845193452066,5.625963625388277,1.4985540828971544,12.948139516501161,38.764099281069406
1,2,0.7366256671566281,66.52027586957499,11.576496182744206,1.660625154436972,1,0,0,0.9256303324208031,-0.13181013348173903,0.470347734121262,1,24.9192244788102,2,1,1.3171190356254492,5.558724845301683,0,47.86941906636624,1.3184305106271097,2,-0.26834341716805765,0.27324591612092247,3,87.92740730724665,9.235172968533282,-6.97067803235009,15.433764019226208,54.25702477283441
1,2,-1.3521675992884274,55.354107571838036,20.3710688571702,2.1625856391524274,1,0,0,0.8447924238112645,3.2248253626023864,0.3317766158973392,1,24.549162127979542,3,1,-4.054479196627376,5.016831464263919,1,33.52560911254922,1.2488767932579052,0,0.7167780499032134,-3.0171584428600865e-06,3,82.81894331607427,21.487265393563476,-6.893126699111875,20.716885391421247,42.74667610306769
1,0,0.6191342144190991,40.849943124802806,11.720109571744059,1.3835627361872773,0,0,0,0.2582145594905143,0.30752604499955327,0.46374004204039304,1,37.18626539731855,3,1,9.18135607526295,1.3156412512846334,0,23.8117367947451,1.3818965203746036,2,-1.0535002328701801,-0.6455775427737868,3,85.50814654193476,11.52862083959949,-7.297490751927835,11.351288387685038,26.311061929108018
1,0,-0.8902321098422629,44.69628796299827,49.91804712189621,4.815043445377005,1,0,1,0.48529607891780085,0.727379205922676,0.8977714205963057,1,24.57352824059104,3,1,-7.940326269623718,2.268192076949343,1,9.047206447738109,2.006447966718337,2,1.3246328050607856,0.3325629767681204,3,64.5001233731676,32.00044115006758,-7.413599951139375,29.32814744628688,46.03514235724606
1,0,2.7932409865244696,54.097203395968805,41.40740682000236,2.0586162941348767,0,0,0,0.36040633261321753,1.8716429725867443,0.6368862111547069,1,20.064166343222762,3,1,2.938088845720287,2.5344846494102446,0,78.6780722896977,2.1401863096807223,0,-2.2562636564175564,0.516600231456959,3,70.10648091460081,13.129250827885537,-6.635812905184864,34.62682419335374,21.026796586552095
0,2,-0.40672972204398694,62.984294618492605,99.04068252008156,2.555432690431044,1,1,1,0.9005322110532028,0.2655574734785151,0.541799636577142,0,71.3457528936126,0,0,1.253250249284772,10.656267372042969,1,65.7055933318577,5.664454783754185,0,0.6389309094048221,0.2392622994730959,1,8.470540191082199,17.36394923980311,-1.472921207064278,39.99999574500514,54.442529087211234
1,0,-1.5870166300100292,46.51122025717763,5.515367986037983,2.214112621623853,1,0,0,0.6431533609386053,-0.5148362688556269,0.33161883196664804,0,27.47298903097817,4,0,-7.087009620487397,1.392499907590769,1,39.086211668473325,0.9554047452689878,0,0.6369448977149864,-0.46778888904841204,3,90.18344524860936,17.983017600229196,-6.183946596051265,1.9884387329848785,51.17299314895382
0,0,0.2657436496387034,34.463950962052365,62.85169556383497,2.255469225501588,0,1,0,0.231318719220241,-0.2544256558132027,0.8434293979028684,0,26.48245363832402,1,1,-8.099176637316733,1.5118114337730366,1,23.304976109256277,2.4911512827008275,2,0.4738425926492474,-0.21749053237392516,1,46.31106778922817,14.140275899964292,-1.7029558230450963,13.556379863939956,42.80594363362474
1,1,0.2613415675588295,24.428961465840803,70.14207230705374,2.273941480048535,0,0,2,0.18583001432334123,0.3412039436851243,0.5252257730922726,1,27.91462916877797,1,0,0.07884112747442273,5.1559462976012975,1,8.757813173643822,3.4735041525546855,1,-0.8087635071705456,-1.752227855839495,1,44.64574310646739,13.668352190486486,-1.4391397210107417,11.754493286938795,30.607145393339728
0,0,-1.1940914293636773,24.614028455396095,87.4427806387009,3.5825424627544753,0,0,2,0.11722873032099607,-1.74184126557989,0.914019609712237,1,31.01202713058523,1,0,9.689153892544418,2.3208050663452786,1,24.931521349823406,3.753851342382011,0,0.14837418451880302,1.3132579669282038,0,35.94641829601064,29.013155123058965,-0.8086981488645719,10.206480894119744,67.62420615235138
1,0,0.449314315828295,66.92729896364877,2.767379213226212,2.3502724553209364,1,0,0,0.9207344207160905,-0.3021467091106774,0.43045144604509444,1,22.85938916939891,3,0,-2.9778483076995865,1.337353982784846,0,60.282118570769214,1.0095776373701013,2,-0.33063755465853034,-1.13202449376283,4,93.58271827450626,17.83217681211923,-7.524349285397057,13.751340632667686,66.81473313057515
0,1,-0.25079155711260354,51.28721087336776,75.85216064914681,2.118009531926222,1,0,1,0.6157558543631358,-0.8471196678274455,0.4630324705121296,1,23.979569647643775,0,1,9.99999968222351,8.239832904007418,0,26.88651770032542,2.825183085256041,0,-0.11923080699240658,3.247868722419856,2,54.332393603457795,16.73835500603685,-4.3879010808902565,34.1898117676599,29.75451134857076
1,1,0.20813957777725448,44.17520568713279,93.04032297926221,2.8891880500231393,1,1,2,0.45377522608287135,2.7522585358006224,0.9996457516048933,0,51.9454476977551,3,1,1.97227625972166,2.310246890787904,1,9.559582241323294,4.796340722197852,0,-0.16944419340080305,-2.854445036742444,2,22.149896319330857,17.902422284689465,-1.9181691833055368,20.05128133727934,53.05524801787121
0,2,2.157450977548947,45.058689560831795,94.40940376955766,12.740516229440779,0,1,2,0.2764103116304603,-1.4906719347171564,0.5318181839279399,0,79.88258012547298,0,1,4.026454735947434,7.861293310943453,0,61.10655181342209,15.591012239584337,2,-0.07237055090290287,-0.19960595669049655,0,1.4707603964179916,38.02794678831093,9.708100128591678,36.715790134770224,21.74139733869836
1,1,-1.1040366062600013,55.576878267411644,9.524200936989757,1.8475274610612837,1,0,0,0.8243288956939421,2.0076097363356085,0.2671578638445633,1,19.110215319332013,2,0,0.4379687803359644,2.2087855504130776,1,35.67987764811008,0.9890103201755618,0,0.7547732607228909,-0.44350007743930386,3,85.4986199239345,14.558109260974351,-4.345809966437261,14.08886205976212,68.95133200455317
0,0,1.5431609559224422,39.36083029526202,53.079138484550406,1.9168332711206508,0,0,0,0.30296216850802216,-0.4722621812079828,0.23241340171216612,1,25.303653294326942,2,1,3.576606093860562,3.6698683565781485,0,46.870643061509,2.2009752906968925,0,-1.3140818753748704,-0.4199212978851881,1,59.067085429617606,9.179269222496597,-3.222056123421031,23.521349343161987,27.953699004732233
0,1,0.3611004605098975,31.855596427413023,67.39973369869121,3.1748522554198,0,1,1,0.1798952080936509,0.05750502065032254,0.27057597471832523,0,57.92816647449524,1,1,4.7111566997672725,5.626748427540414,1,71.48295500126127,4.063508048085684,2,0.0442993303739387,-0.2929957588413481,0,28.295493818700272,19.740581815959764,5.346907284628276,13.733876194429381,36.17139610778611
1,0,1.9777725156112453,35.21828262311315,74.2085849232821,2.638650235405186,0,0,2,0.21479255307527295,-0.6968823519994048,0.5562078633555433,0,31.748092010952007,3,0,8.73531201115025,2.5024836052966406,0,14.730441166799624,2.675739281330997,0,-1.2933649146915889,-1.356363284069203,1,46.78339229918339,10.054466985932828,-3.827832890101548,35.61940773031892,38.07923272468808
0,0,0.7656159443857384,29.75713028286584,92.2151919570849,9.462976893830879,0,1,2,0.24868278851065673,0.4357788888303379,0.9350529753912593,0,72.76519228566123,0,0,-5.50074023908265,1.768420788403227,0,21.41407776915971,6.502732313776484,0,0.24521751026841018,-1.6760691436270168,0,5.926190041848756,37.688113247482804,6.605800265901294,29.89633628696729,23.294479573332307
1,1,-1.3290926224952664,51.81168736191948,49.40478914449178,1.0490627813445739,1,1,0,0.7361971748907477,0.8830821597556806,0.36187039772471924,0,18.9330020771871,2,1,3.359213671430851,4.71512211640013,1,20.04782022971608,3.155568382308584,0,0.5688073634197877,-0.7323451729397439,1,52.274113038355985,9.54707103609018,-2.0357384014950988,27.11916145043736,64.60082589340718
1,1,-0.7576344385124202,27.806722946313656,82.76581811376025,4.0108676939995505,0,0,2,0.2102357775743912,-0.10311031866986875,0.8563727292725908,1,33.58460860130393,2,0,-4.86342021126865,4.344743831153426,1,4.951759953777923,3.183726029699897,0,1.23249221920984,0.4509054798371955,1,37.43171918096261,28.411278287355795,-5.515471214512945,24.529712705871237,44.744828517657396
0,0,-2.2217079121811656,22.97261820443974,79.04395242809792,2.73261519449004,0,0,2,0.17715028742939354,-1.2206968827846782,0.336945809162153,1,26.51534605477319,1,1,1.9876990270368395,3.973089971675454,1,36.810033350385595,2.982673401884225,0,1.2249175979952827,-0.5477735041815932,0,42.27641089452692,32.390674505362256,0.14917829598820198,26.811566054511257,46.6469285432006
0,1,-0.8543458093181225,35.01728412564921,98.7219441393249,5.636265408061475,0,1,2,0.351227265278514,-0.5460508574357433,0.1484975350969709,0,79.61565700140243,0,1,5.938376165082651,9.656535505877242,1,6.694671905133598,19.670140758859446,0,1.4921119136593666,0.4633443351704647,0,0.8381562473175064,37.18949641662084,8.736360978118682,39.98228031093851,59.86106067764226
0,0,-0.3630172967378676,23.045988084875525,97.48613943812812,42.77843824863017,0,1,2,0.12376682912589254,-1.5022352679763922,0.49827013332111764,0,79.99987103307524,0,0,8.024529874960571,5.0088504787996495,1,75.6213235867487,43.57906087664451,1,2.617706713918749,-0.9304666981092143,0,0.0334685880193919,39.99657798360877,9.999551335067626,35.93706152446353,31.578966382843426
1,1,-0.0643332706575066,37.11475212256581,79.8349883764361,4.316672149431308,0,0,1,0.24816865899804258,-1.0310243995006694,0.7987462530463216,1,33.61731136917612,2,0,4.320081230891004,3.3747478906797395,1,47.87094543632456,2.9535305554851887,1,0.4010792331059833,0.41958507511321425,1,43.32979916623051,23.959574390099945,-3.842333846262223,33.642455188994646,21.994021558967713
0,0,-0.5400618541078197,20.72003819169746,61.66484611453087,2.1429716494603115,1,1,2,0.23347812031786225,0.12499562649769833,0.497267698191905,0,34.65260895014284,1,0,3.908568749430593,0.6497948107868561,1,24.084976216535566,2.813858934049294,0,0.1454212027057498,0.14275338954341213,0,69.303128820656,20.572165117390398,3.5830313261522573,2.299622090420712,43.62208133448965
0,0,-0.06131284881867843,21.185628212657374,67.09745430649505,4.353041212594113,0,1,2,0.15680758622242524,-1.8346583030297856,0.7128372877218166,1,31.384338184095164,0,1,7.213612441529996,1.4396431339034232,1,24.75078000267458,3.1081129577378044,2,0.3450348018875285,-1.111835877306394,1,43.688258272808135,28.89187655150859,-0.3628790248210052,5.037675602033092,27.784518751537384
1,0,0.762393124058652,56.50602689168594,38.8233981722291,1.5649767916208246,1,0,0,0.7276480433197139,-1.461474584244805,0.4537428408818171,1,24.07022166766727,0,1,-0.26263504553293515,1.401953797867793,0,76.85801420779268,2.0334133325959396,1,-0.8506030101930542,-0.915431634471409,1,67.76592080578779,12.565166227156045,-4.254280749058745,29.008211545206244,30.797418592006167
0,1,0.04930088217640356,18.62606228066555,96.12768934880029,29.84771101475502,0,1,2,0.13979355635470425,0.00812511673873721,0.3546591715971512,0,79.95407095525458,0,0,9.609477240605209,2.652289700261378,1,9.509155710768415,24.489858776407686,0,2.1170650286319126,-0.7557538438287303,0,0.3487820709340894,39.9741121983909,9.957385739169187,30.14190377755824,22.706372148283823
0,0,-0.4021535493656113,26.255659225001885,78.60126486747706,1.4525387299265708,0,0,2,0.14700249214534405,0.8379733295214312,0.9913782720825175,1,33.67687417070117,0,1,9.954042074463864,0.9830215236701938,1,27.22191496983153,2.9705351645902116,0,0.3681431587544719,0.6811384117999393,0,45.4524631096222,12.791996014241334,-2.467336032961633,5.989285302756285,59.16488919353389
0,2,-0.23839337317532472,57.19441173935047,39.62834238433736,1.195133682227156,1,1,0,0.8195904555926911,-0.12387724987176589,0.6453708188526008,0,21.02208594121761,0,1,8.965165945572792,3.8855876636261453,1,30.3616936519576,2.678177909811054,2,-0.6322959363605251,-0.25041796929920734,1,52.243680341572905,6.752147205531305,1.438052327536802,15.87699403078769,64.72389337592145
1,0,0.07241002740662289,23.127626879144657,38.30143390221546,1.8077407187099956,0,0,1,0.08147997262910572,-0.2561663750284074,0.29465658706911396,1,21.716770774797446,0,1,9.071458967017918,0.6995854741197314,1,51.45295369602158,1.5288714056851171,0,-1.1754523094405371,3.0292516772177294,1,74.20622828114864,10.471573417097426,-4.8824767632430195,12.209568864204542,40.318802235150116
1,2,1.4552057674779002,68.480593920317,66.23394079692568,1.9986877979257065,1,1,0,0.9842769288419242,0.2702259676422778,0.37290726612326347,0,32.678614149401234,1,0,-1.0818323757068065,12.917985617807474,0,17.30767777375076,3.0294863251671065,1,-1.2277164655027262,-0.4373205879127129,2,44.264315208567716,11.574272612307814,0.31681584941906493,39.260080184937095,42.965955108334626
0,1,2.046271880973171,28.126238983944745,98.13732941433247,15.019037549247333,0,1,2,0.22315911226467633,-0.5552885634629137,0.6625024354476104,0,79.75322335465776,0,0,-9.595816918046442,3.160542157984999,0,17.29482544627066,14.522974784602924,0,-0.206574886566045,-0.5587793147278591,0,1.0704024756294173,37.37375299490223,9.472773736568879,39.44602704093904,27.296795881045902
0,1,-0.736520265281272,38.39481389505376,65.70489492080429,2.314648932456389,0,1,1,0.31098520931838397,-0.9867438672204699,0.7852415427594881,1,28.679002384637393,0,0,-8.103223615197848,1.7390474811975298,0,6.514162680214084,3.26102600807826,0,0.3845678376959807,0.5608011141693524,2,42.76934943368754,17.60587317064565,-2.2815918209876695,24.338247384395636,53.25736122645187
0,1,-0.31184549948656304,39.60408445532037,81.31788530841902,1.7445171782593356,0,1,1,0.369218446226409,0.5988688920199349,0.33806394130547235,0,64.41116378318179,0,1,-2.9048786665890534,4.830575476669831,1,64.71277335277306,5.875061751233571,0,-1.032086731574843,-0.5177555791239503,0,15.466437557000656,9.68214033358419,6.5558752617541955,32.79681150361084,57.308168999229466
0,1,0.27896958039335207,35.46566770855081,84.0385263592866,5.331838674153449,0,1,2,0.297606933915616,0.04347460473631698,0.840344393266278,0,43.177398657634114,2,1,-6.368242685521074,8.622235474824114,1,54.75651856108509,3.303867798725862,1,0.3877923064181215,-0.22180937150546992,1,28.630111178763684,30.344003075667526,0.5028159679040023,15.577398504890493,32.54008737551503
0,0,0.8706737593734641,36.42380063842795,20.922381634634725,2.2859396463505917,0,1,1,0.26666169633567355,-1.0711143797392275,0.15984425702353727,0,29.118126869615757,0,0,-7.149963256329862,1.93413772831266,0,45.49443586943171,1.7870819214136724,0,-0.9944863585730754,0.31931783277670955,0,66.01289051230097,12.79537864926118,3.0018955747687706,7.2060948252418955,34.56691430199535
1,1,-0.17373811483469775,69.37754257855869,1.0636853392007928,1.5037762924550129,1,0,0,0.9970847376597357,-1.6422675922648653,0.33901893481000817,1,24.74787068315984,4,1,-1.5823410464132763,1.5407258783346918,1,71.55236397261449,0.8773572695168805,0,-0.33705763634081204,1.359646872617667,4,95.81708571588459,11.38703267577046,-7.1197844509919985,10.376505029762008,69.35499161238664
1,2,-0.6095332810867786,48.34702103610707,84.69748998833131,1.8015659966760622,1,1,1,0.6158123535628208,0.453574970063232,0.5537417368109062,0,50.310563103128565,0,0,9.30833316604215,6.080923199244446,1,21.372312592095703,4.1766523073538915,1,-0.19658594974267818,-0.026021722513003137,1,23.36732208745684,18.078513012637153,-1.3826229538257966,38.236592923964366,46.649201627641986
0,1,-0.6900694700059622,33.436764541288206,68.39967177118466,2.0977332165111213,0,1,1,0.336583194462889,0.37393854724968606,0.5981653170601523,0,31.492951113882803,0,0,-2.9356040953920086,1.0990270124858161,1,42.28966077016256,3.1329164117070865,0,0.5309514221703564,-0.19410286344203342,0,39.38583487146111,28.176494028207312,0.3828751019180281,32.27758088881955,52.47349932457316
0,0,-0.7204333284868462,22.49674272748772,51.10562356974279,2.2768584886404986,0,0,2,0.13277820643072652,-0.5625975222806138,0.41857010863252986,1,35.98729266723539,1,1,9.990678332434094,0.9197490781272419,1,24.60224143269215,1.7498820741939782,0,0.6132016678618859,1.6817939075052017,1,66.35677783524639,16.797321743300014,-2.4228614990438233,6.74278763528889,42.58920628902918
1,2,-1.783863671053082,58.06633043273003,5.7392062764605125,1.993071629952276,1,1,0,0.8942497159256424,0.8838125863025423,0.1436274361658671,1,24.930043799721663,4,0,3.480996027793882,4.359849752020425,1,22.53553081197559,1.2485889734642244,2,0.8681755372107225,-0.20464100276658365,3,88.51713454511356,24.41957359488264,-6.009721088340982,7.7478403925383965,46.944841259983306
0,0,-0.2616671417506767,28.273597006614345,54.10910167264436,3.1987479192771704,0,1,2,0.2909502832548657,-0.5748236189845733,0.4546546846434595,0,48.1812790877371,0,0,-1.0079207962206844,2.043050217284227,1,69.57224973702753,4.007938656799821,0,0.38414569443532753,-0.2515980570464571,0,31.99576085387844,22.097940206951417,5.507356932212906,4.14915538853541,31.67149003824963
1,1,-1.5523364612935617,62.217061000752906,23.14002341698409,1.957941483928811,1,0,0,0.9490612201634033,1.3826378283554157,0.6225979296559562,1,23.276158466942455,2,0,-0.4890004464752824,3.5730623676642934,0,17.54713631975083,1.5151773282314238,1,0.9857138937373966,-0.4629540128965862,1,81.65470951988877,16.92353630072388,-4.031514782874029,16.338911602288746,64.78951085688664
0,0,-0.11545889568067477,48.94545691016543,25.197003865546343,1.588007045965016,1,0,0,0.5072641430177636,0.22262309004333242,0.17206886968123947,0,20.21762120934025,1,1,-4.402198817889157,1.2726022853035568,0,69.52442063589186,1.5272916722350285,0,0.4722516173266038,0.19641237296622227,0,73.67703734419554,6.995557516325707,-0.35668752105006973,7.7552134516117155,44.907895235042744
0,1,2.0843157097859106,26.2994393763029,89.06080674372554,9.000392139599898,0,1,2,0.2584620269470691,0.2870472342520341,0.2391488746402241,0,78.80592358404341,0,1,-3.242010151277018,9.707036865356185,0,16.94775226757858,13.244227400987794,0,-0.46382887603000383,-1.8531519996634442,0,1.9971771661406956,27.88151616048158,9.609928255184602,27.675292014048004,25.53551838588216
1,1,-0.9623170027127179,33.820789284562835,43.30748157745849,0.4920448946688167,0,1,1,0.23088710158287096,1.3424695128127626,0.23353238755787342,1,21.949969511283598,1,1,5.748407254095749,2.4973089942460573,1,43.828648463302656,2.3694167442297296,0,-0.17878316302847572,-0.7185759317481154,2,57.22965591701037,10.568056779771112,-0.9448905925233451,20.611428413596144,25.357839864018995
0,2,-0.20223838669530794,40.4093353170169,77.83005370390869,1.4228088134327281,1,1,1,0.457728830434764,-0.8582999711830501,0.311400958335525,0,38.977639997916256,0,1,6.195433582706155,6.701166473814089,1,49.30349373899076,3.1498165859974017,0,-0.5960378636943021,-0.15891530459928488,0,36.50554113862368,10.11145845546664,-0.27579736859405557,33.73260017314523,37.454202951011965
1,0,1.0117138075891507,60.0763756303157,61.1410474166666,1.192444177006519,1,1,0,0.7794917988310188,-0.21064674243992046,0.38483387222436705,0,25.595437369396752,1,1,0.8943037600470696,3.690603060315814,0,55.81999930525522,2.970166284538412,2,-1.7957074166798253,-0.5266164313648934,3,47.24276698395958,7.6072745660158265,-0.285127986349746,39.86823603374407,28.392907858962268
0,1,-0.39608410209048645,43.72187107120312,26.72765028357208,2.014533599075875,1,1,0,0.4855193271356142,-0.030630782912644587,0.024625744943380212,0,20.793810400787336,0,1,1.759490295598468,2.0949367116428235,1,53.9697773060433,2.212024096692098,1,0.19486422568603876,-0.6766766060755971,1,66.21394033267461,8.47468317908506,2.412478515825324,23.860509084601944,58.09712903771724
1,1,0.21875902405588363,63.6884426530817,20.93042491559533,2.8704117389739223,1,0,0,0.8310782889393113,0.944316503330373,0.3058188282291215,1,19.624107939339535,1,0,3.2674566797549893,1.877208901243163,0,33.69403083466844,1.5271489392875097,2,-0.29655989327027216,-1.2900160660549391,3,81.73029957228171,19.802891917303878,-6.177826522381251,35.691999650236525,42.9668903092156
1,0,0.4726196014603485,53.28586855678209,12.466216959485987,0.7146314860824836,1,0,0,0.5888418577100988,1.396614464904532,0.8087154232152123,1,23.735074924225774,3,1,-3.7968414893034472,1.5001658031117964,0,54.38576862638155,1.0709798770339714,2,-1.040265801240308,1.500782552651681,3,88.53666860897593,15.545502746023821,-6.641755646463075,4.088209011545225,35.20912144295478
1,0,-0.7142396503771734,55.1066227411839,51.64443134531231,1.3000917542316177,1,0,0,0.7201549099752411,1.263776570815563,0.9789750936970962,1,22.94545989556756,1,1,-3.904955061521438,1.3253557804908211,1,63.860531207341666,1.9652933753643018,1,0.45565131755338456,0.08237198726294565,1,39.07273637309867,14.479445757628966,-3.699112327765884,13.879069330946411,58.84781915079053
1,0,-0.7403924354372214,40.11441131982177,20.379714200680578,1.9191730628887709,1,1,0,0.41840659404200503,-0.6379695855293422,0.6616965203716687,0,23.919956032569406,0,1,-4.537240500098961,0.7540065032642127,1,53.75520448276268,1.775227327707322,2,0.3174859337994098,1.3672530792251607,3,71.65481087933819,18.85133495257606,-3.491003258908223,11.682555968266291,36.370791042392284
0,0,0.35380594952834266,53.95352695242557,29.33962988405039,2.705128512279805,1,0,0,0.6603394217880181,0.535673237543705,0.3552710674824845,0,24.570325649347204,2,0,-5.367243338860485,2.5613424088716537,0,11.62935659978614,1.776687537800716,0,-0.2406711667050806,-0.3156694630670522,2,70.00512939660052,17.54008248895449,0.1947585829886016,12.56722481624044,54.595322774733766
1,1,-0.36202005062985726,35.72248097925194,59.22384819716056,2.652254986463263,0,0,1,0.30435866437056763,1.1368477285873329,0.7615336507037458,1,22.707919872744576,3,0,3.422243821474778,3.471882984744173,1,1.862955577993759,2.3807555972193417,0,0.021902820451522285,-1.0469940396290573,3,53.20186414609104,18.77152031789464,-4.084221792264131,25.17822016183018,29.947350829547773
0,0,0.6784320906173132,44.29200240112948,91.44168681703859,5.350586363505773,0,1,1,0.28172455746268166,-0.8386820582229327,0.8792876952229303,0,52.48760888560291,1,0,-4.241866221911936,1.6288471961416529,0,55.74177643696211,4.826839276201453,2,-0.30012547179549887,0.09713358163188017,0,19.568762071243935,32.97146195450356,-0.8923439702876728,38.66530436079739,34.87265229957727
1,2,0.4652299773396774,47.38602247399424,81.16026546713967,3.876638350594324,0,0,1,0.4002496469083761,0.007619783172160905,0.21873957376215708,1,27.865514607175648,1,0,5.775674924459516,11.475561544412159,0,49.757246424348985,3.1768794981671356,1,-0.29437492754325184,1.6917086289047056,2,41.91802202063727,27.38318507511842,-4.016981679666145,38.855715905271246,25.13980903065862
0,1,-0.14405662147318785,24.906422370810603,87.79601391881555,7.515407244275037,1,1,2,0.24989326207602963,0.7255813802770659,0.7278023682408423,0,77.16889001682853,0,0,-1.0405991980755598,7.698416862793676,0,14.543702553609691,9.96059219641885,0,0.5122983501263182,0.09853714098120749,0,4.3912272330133835,35.57912595247642,9.6307445989707,24.115777230917903,30.77908102919606
1,2,0.18610091676871987,69.31078490164802,23.682965669233635,2.703315638344293,1,1,0,0.9878476025875798,-1.7814336042008323,0.39576146322435407,1,28.32619611913006,3,0,2.076723535646906,10.193897361566105,0,52.89893239993716,1.6929876617743205,1,-0.5863894350467381,-0.9242808562395166,3,73.80920617648898,14.512910111243327,-5.686097956326269,38.44856677655443,45.76690907627601
1,1,-0.27879762193340973,56.08116429948478,42.12561726779694,2.3236200934949434,1,1,0,0.72194980053304,0.06065868691126086,0.679438335168707,0,20.999195529202737,1,0,-4.85664215652376,4.326588027518375,0,45.36720580863782,2.058947172614017,2,-0.3727966900746324,-0.5567509984447543,2,55.409580754359354,17.994637666862094,-0.14673494098934015,16.999677752650342,40.89625957447543
0,1,-0.4519505023915453,51.481592849215424,79.60278287364487,2.431477618807903,1,0,1,0.6091888303022001,0.07112653991714268,0.9913731661364669,1,30.446819698664402,2,0,-0.8916925212881441,5.1438001163483555,1,54.173208498883305,3.252720772491646,1,0.24096591621412108,0.3895726271678321,0,40.8339461354907,22.389232599834866,-2.4613237523429463,4.659790791255844,66.15488580378162
1,0,0.12358145761302765,64.49721665688415,0.2523287204802771,1.9519196296895982,1,0,0,0.9052619271682185,1.2176198894545762,0.2792514005301858,1,22.22891458825824,2,1,-5.847875060446474,0.5531237805829378,1,49.365972219540154,0.6222014645340713,2,-0.9752680332386723,-1.3513217378935134,4,97.80769006222043,8.012706223041913,-6.370082410847663,4.264053388809197,69.3318008403993
0,0,1.3003308099646418,32.289902952454746,40.51596337169654,2.769052435091709,0,1,0,0.24193501173261728,-0.25825396287089053,0.38350481967420064,0,22.328716835870726,0,1,7.343141148180127,2.8437246514071806,1,67.1003308373271,2.360399214322174,1,-0.5268385378521167,-0.19781980328018098,0,54.84250815516572,6.177745507759171,2.132915381992774,2.3486344036267703,30.254351950950557
0,2,1.082551884948587,68.41476440248319,46.98379741900428,2.3122369816271764,1,0,0,0.9610372035427324,-1.0054046190264991,0.7156241514319232,1,25.38276237788871,2,1,6.273911868547888,5.793149422239757,0,79.27501186602979,2.141457868536893,0,-0.9515366647499615,0.06871159688661664,0,66.73934938263523,7.328877210542806,-3.947073526198304,24.149488925378392,36.40006521954937
0,1,0.013591289988166657,42.97517891554655,55.00792079274751,1.988895547734954,0,0,1,0.34598212863262756,-0.26130171870625823,0.6985021784569154,0,28.429254119951338,2,0,7.223450342274404,3.5679810579379034,1,68.39973183145935,2.658888089631545,1,0.2190958572966696,-0.5196146854086277,0,54.268328809922636,10.887250941761671,-1.2424884021298173,6.688130572383992,54.23469396293994
0,0,0.05446380919643175,49.319167220811394,52.804751378118745,2.3552096465591834,1,1,0,0.5381380300849575,-0.0762934306672167,0.7042068457662014,0,41.22572145124802,0,0,4.209429234437909,2.1118608854537526,0,64.62324426222179,4.119567128197543,0,-0.47228311700566644,-3.3469656417413116,0,31.435704559957045,13.899564932225061,6.051419746853924,11.1498867653216,50.586278205695
0,1,-0.04579761470976427,21.859854236451845,77.10228547692215,3.4027490918866707,0,1,2,0.19315843453938114,-0.5669653989392266,0.45498848298837025,0,36.70757103812611,1,0,-4.428640570301852,2.2029046189833448,1,0.5166102185553889,3.9089356659943126,1,0.5322014091965491,-0.686920354465364,1,33.25239963919091,21.42270654409682,1.827187661785569,18.40850138534539,22.058696410640234
0,0,-0.16050777254393436,26.286329355617553,3.055967337602794,1.5896630374329208,0,0,0,0.17378732557864524,-1.8126592091487683,0.0006283668622755201,0,34.7447504765509,1,0,6.072912884982141,1.0713210403821294,1,20.25973711640608,1.0675680804227528,0,-0.8609060965289336,0.18841996430600433,0,92.00865618483445,12.862723857094556,-2.6465110058518704,0.6649223985738129,57.86116546061204
0,0,-0.020876672811158008,32.44536164697364,68.46978460107384,2.5254967526166676,0,0,1,0.19643779409439588,0.036129291569044084,0.30123267139408794,0,21.95456127131355,1,1,-2.9223668096722903,4.058325923442673,0,36.448596509885036,3.2508476265754362,0,0.8043536708162328,-0.2685799841206018,0,45.0986247823143,12.050653637236985,-0.5255383727838048,16.27924027611441,30.24773741334127
0,0,0.5385065922587335,24.44642531326754,73.73877024784635,1.732477158291429,0,1,2,0.12508962572662702,-0.19013899198753056,0.8624373557642302,0,50.83431265232575,0,1,-2.453114442090346,1.3785260204196492,1,49.11145550469329,4.258364274166917,0,-0.7376528592025474,-0.21302464515166203,0,26.671322093492073,10.275081990065447,1.9602936350770541,6.888585488967722,33.30663264621625
1,1,0.8250275676078832,50.34468670420568,92.84806935788794,1.9381595982372248,1,0,1,0.5864072964430994,-0.4648588889651829,0.5015006109981611,1,48.15241567268892,2,1,5.867573041692452,3.4343755221007544,0,12.116822757853424,3.5301133828878752,0,-0.9625601461581865,2.304812571608046,1,28.806768978612062,10.714084223929818,-4.355037075833463,39.99276438360156,58.523115118999385
1,0,0.5766623620531,33.784350323458554,8.761316641654899,1.3117744789485182,0,0,0,0.14135934321424187,0.23077689288922618,0.6471412017273083,1,19.129847838735344,0,1,7.104817482888851,0.3552878650423521,0,52.39418842213656,1.0853305554691428,0,-0.7811851452709585,0.6297542035995841,2,89.32400529172038,8.580556150016974,-4.690469973932297,1.5739386123448296,20.39534253496584
1,0,1.5709195348203588,30.957732563001215,21.07477471817825,2.8745180512459005,0,0,0,0.17878918807678995,-0.11876055166818572,0.1356134726320542,1,19.134819301143352,2,1,8.159591999754817,1.3317015156299459,0,32.050595010083384,1.5602249342525965,0,-0.3515596616536824,-0.5174543630865993,1,78.40384859142726,7.651300436901629,-4.644454264772055,7.949768045296746,22.79701367142466
0,0,-1.2740491698509127,29.691675849674,33.20710655503771,4.07182328576099,0,1,1,0.17714079773002622,0.40080391767171164,0.412959544326127,0,24.78340835258377,2,0,6.759815356178777,0.42443629137986083,1,49.87423114433774,1.7183664570254977,0,0.6481164685449459,-1.345170460199956,1,66.29976491275589,33.50578137723613,0.9019040614374791,11.876318188328007,37.819093409075734
1,0,-0.4502821565232809,64.74968823642101,18.19520088233377,2.328214670946611,1,1,0,0.932912352125532,-0.6732008094072116,0.7142318896117509,0,23.1822699128902,2,0,3.5644611459043283,3.692165857088596,1,59.8920705167499,1.735330632768416,0,0.9785168276768776,1.4355415911673417,1,76.89146176409871,17.95570142666819,-2.9389803223001287,11.614203984451654,69.8024371538886
1,2,-0.42787345610233923,52.741569474523104,58.20519715751315,1.5041519572997355,1,0,0,0.687730878592776,1.5029747410311003,0.4845124116158544,1,17.323755889850496,3,1,-3.533347968903964,6.56093757361604,1,51.798979088344254,2.3760760109299333,1,-0.23758862404295533,-0.7988316664219566,1,52.02756813730507,10.154402601766023,-3.5996551083661217,24.036160725931822,28.807128550505887
1,1,-0.4120011306354713,60.756342330415215,6.400575393405017,1.7216090369761337,1,1,0,0.879998520124671,0.5573178476516936,0.2548216424771028,0,20.991615148037898,0,1,-2.6644537692823196,2.7218806833239455,0,79.75738656107332,1.2305279010636452,1,-0.07043082668913664,0.06576804294521417,2,83.46289388151327,7.807898486945093,-1.8420947956419518,3.595679741744513,25.534330756229256
1,0,-0.1750171653205564,24.22692299235689,54.35048712840652,1.7729212103731622,0,0,1,0.12415276281720783,0.7148031177889937,0.5082383314871113,1,23.91234003420882,2,0,2.578451763187797,1.7650900305563222,1,15.346088006867253,2.4362204422841143,0,-0.003648504020070175,0.5294163847859215,2,57.85191467329348,8.010303305724646,-5.04851265678564,18.471638802689743,24.711469997223713
0,0,0.3515908070044673,18.406386324017497,73.25773204542936,10.333465104599455,0,1,2,0.09257870202335705,-0.47444866946662,0.7175485259309267,0,65.02473653450208,1,0,7.760025036229937,1.1492843219543623,1,10.266410188351735,4.696094581210925,0,0.7440614021203183,-0.5749409892817602,0,23.810817656056344,33.890938958568924,6.239122557402691,1.9009559205210502,20.56631210908951
1,1,0.6975154389996647,57.516127367166106,49.178000207638284,1.3004257567957511,1,0,0,0.619149621720725,0.31943975419496823,0.5634839721727184,0,22.86445639744148,3,1,6.813757236690876,4.676618875531472,0,69.28620235842565,2.237137084238361,0,-1.3555001477362851,-0.0008303229922269667,2,49.629538821929756,11.685214532445505,-3.242889648327835,26.48116844418734,35.95319894988715
1,0,-0.029936931668015136,36.28649034497635,30.687851093137077,2.6883565268539518,0,1,0,0.2945773913305273,-0.2377087416989425,0.4281758283048356,0,22.75974314919779,2,0,-1.2677969372500524,0.8270979820367117,0,18.28539237981896,2.143274184569024,1,0.11924433205143808,0.7060766220683709,2,69.62442207563797,8.525796745682301,-2.385622536634898,15.835810913328277,51.55788440632117
0,0,3.9470422898283677,28.854414672315308,40.748265383883385,4.024231495578727,0,1,1,0.15035838983302435,-0.18526115464780873,0.801430428614026,0,31.062948918935582,2,0,-4.3407130359547,0.711713003068499,0,40.3034999743865,3.56538855631355,2,-2.2120265443937206,-0.7225231543439611,0,44.253855200624706,9.313557940901262,4.821022028982785,0.6808805656708472,24.851597088837366
0,1,0.2529995766655294,65.02816212454408,58.83816032792362,2.093727149140555,1,1,0,0.9122150232846353,-1.0864231883941666,0.04115241356637206,0,28.777496455735047,1,0,3.7115064170537,3.517323744175499,0,47.054524272150786,2.787144128390773,1,-0.5644788325152595,-2.3759576768821047,0,45.5691372527056,21.965633451351508,1.779752598706672,29.40189627513945,64.5548632975497
0,1,0.033501578104811684,64.65725270141726,5.713302823442618,1.8203974491298143,1,1,0,0.9120291702913768,-0.3380423811814581,0.08309563223353383,0,20.66580746961077,0,0,-9.507767533378335,1.8231282244696225,0,28.644274420394193,1.3673530491889287,2,-0.028997451468942434,-1.5099265641796014,1,84.1704976585346,8.044255025692927,-0.290109202450763,5.939534315335586,66.6462848185387
0,0,-1.109945180379187,30.52201300371262,50.590358487854445,1.512574210054606,0,1,1,0.21190326934635467,0.48096746486842584,0.25788416607610076,0,23.755398986351736,2,1,6.329237285513443,2.5818647559031978,1,19.976195363604162,2.87671407305351,0,-0.43438015614244674,-0.06501830685026186,0,51.03794352176033,11.051097543499203,1.6743737938911316,9.16471444741537,53.82493397555637
0,0,-0.23793714426060147,19.50496737797896,75.3144202399042,7.335505197412807,0,1,2,0.1188597188730185,-1.6850284200654773,0.06723898544314971,0,68.81162247299355,0,1,0.6995218666095848,0.9715926688884154,0,5.9412009945486455,6.627716207747295,0,0.8498234740750001,1.0078557074148282,0,15.288300329252792,36.51305491833073,7.387486068787638,29.112183766568656,38.567788829313436
0,0,0.29086490170272766,18.3082351610697,31.15110481934983,3.7804577652759916,0,1,2,0.0794785057573198,0.6348400464562924,0.001281269553366604,0,68.69769508358014,0,0,-4.041594785563396,1.0924521693847347,1,47.90002630590663,6.164850619077728,0,0.06664842671642854,-0.31069471921764397,0,19.257250983975577,22.312540145312273,9.955725668717463,1.5868492510064236,23.7282478042274
0,1,1.5661142242914312,54.27601907196936,68.80690359337116,2.3326082698255863,1,1,1,0.619317417954388,-1.036216932613592,0.4544197519285388,0,44.64934877322768,0,1,-2.1651522465744533,6.979228348932783,0,55.24757017693611,3.8365195031293293,0,-0.6243933977615964,-0.23584437329250565,0,30.362111905544953,6.891366281500821,4.844582186014675,15.302288475402989,66.89992531638859
1,0,-0.3400828170489015,37.894896472723566,51.680452030757195,1.6543728133530837,1,0,0,0.40196193985658657,-0.18575693927948034,0.42993218555252727,1,24.202060004731962,0,0,9.981633162043401,6.409991970651861,0,40.06096362497546,2.11267349079247,2,-0.5987011816589731,1.4886261819062605,2,65.68003337146754,10.899658109151357,-5.113643521728248,9.752336285558062,28.309759488153315
0,2,-2.016650631348691,53.075113036359525,45.19398884061896,1.3977231848315979,1,0,0,0.8675123334486676,-1.547877491975647,0.25525036147358,1,22.725691941579733,0,0,8.71770042254148,4.00985268461831,1,56.54204985432437,1.7283818865238274,0,0.8002333113834368,0.971785608104043,1,68.16361694753317,9.544100546676145,-2.709366674802318,16.747439313401625,69.39502995855435
0,0,-1.1195258649680573,31.480761971255358,52.50929637312133,2.071786773508783,0,1,1,0.17476204112095672,0.5814076091252435,0.23415233183805512,0,24.563955652742653,0,0,-2.807720751302276,0.6532149073447742,1,10.455134637116736,2.8692609831891294,1,0.2611117645394467,-0.9351341499623083,1,46.48777235748922,13.950504923310497,2.271075901147338,30.858482350002276,52.64794531178448
1,2,-1.6322484031562803,58.83662319806892,24.733782302721757,1.7914834243426978,1,1,0,0.9183530009755888,0.21483183213881918,0.12150104768573627,1,21.19917748141357,4,1,5.4358984395646885,3.139676135905244,1,30.959388490894646,1.8681330922117279,2,1.057710411455502,-0.289802693470527,3,70.03662537554243,16.142716651564744,-4.8929100278337065,36.92931207549455,57.5371172716791
0,1,0.5635291180222783,38.56850242288952,78.07473874615158,4.092511418588949,0,1,1,0.2371087974636384,-0.5397376650066736,0.6684677420608753,0,48.935337200405286,0,0,-8.992653277228156,6.166747086004554,0,49.63129136983269,3.8920154723604856,1,-0.13600596236231333,0.850592505169182,1,29.67339863013071,20.475417543186744,6.197557756732287,18.735737597685873,33.041219712207564
1,0,-0.5190009032602505,33.90934252748305,44.14187366905947,1.2945823262399656,0,0,1,0.22169741716755126,-1.3524836097064388,0.800833271273146,1,31.085803929420585,2,1,9.507553844529568,1.9671427147265803,1,19.00993379755057,1.6615473735952655,2,0.24657835819073803,0.8980625230046605,2,68.43755721629657,9.49339034009084,-5.088070838863407,6.685881091926706,40.85752843671466
1,0,-0.34382972583947863,34.38683390353383,22.50757186160467,2.8763083226494626,0,1,0,0.28060889394090793,-2.972625860975323,0.4903708772095852,0,32.79605565439351,2,0,-0.48686717427160886,0.9937744325249179,0,20.427132130816812,1.7907969226936555,1,-0.7389829301073476,-1.4185146537189297,1,69.41845794360833,15.383028000030933,-2.1870687361963608,4.559270123491698,36.03027252066584
0,0,1.3329479690655517,64.64945404081155,70.27559313394438,1.6097313088025877,1,0,0,0.8548295574399508,0.9226077299445724,0.4796965886320098,1,26.648833123089286,1,1,7.381863910673815,1.750978143959125,1,7.748443458914482,2.8214178862719637,0,-1.0619431222853153,-0.15448271657518603,0,49.821696883419634,11.396618825343442,1.936273639368304,38.370804376157025,62.69755709435348
1,0,-1.654170754925512,22.47489773168306,87.28263474534756,4.131142194930003,0,1,2,0.17648381071676772,1.6506047456719186,0.782753681923914,0,47.791985513607855,2,1,-5.443885409727197,1.6450728058492685,1,21.23730950811595,4.500172786142488,0,1.4588348323771043,-0.09292712053287937,2,26.975910966579086,35.55245488133409,-3.7406726846507947,36.10836789054221,49.68546952043168
0,0,-0.8887124640396132,55.234993213771034,10.714165145327165,2.1187555326695855,1,0,0,0.8399996139782118,0.7303057769217569,0.26648935687529246,0,32.52465021485057,1,0,-1.7209514073050158,0.6803239690183069,0,55.40579223900097,1.0437440300763416,0,0.639414128204853,0.13890771654762485,1,88.05391907815381,16.807971377698358,-3.5872087514106132,7.034004183238611,68.23125975606487
1,2,-0.03920728550739525,63.11103524035974,50.33790620154605,1.6984158980793471,1,0,0,0.8265010041825847,0.9876406002236158,0.2562264444113639,1,21.517520753932835,4,1,-4.292705129394778,5.269665582624071,0,32.666632099687064,1.7664741947909461,2,-0.3625079667615088,1.6209869287695116,3,67.50039283389813,11.400431341339164,-8.65067673289386,39.9913909961425,24.494608755601927
1,0,-2.062660930800897,37.19082382862809,46.43305396092034,2.344797006291884,1,0,1,0.4800586561095117,0.4450234222046191,0.8720806243580583,1,22.552899439982134,1,1,-3.7188895586950066,2.060083586169449,1,38.092080159213864,1.8303314881121864,0,1.1655411829074447,2.2243646583417616,1,66.21126184025027,27.52345549938895,-4.793738486546253,4.061623522629687,50.492633930524974
0,1,-1.5993774362334878,35.47621591695008,99.93680500093836,31.14858290954734,1,1,2,0.4477578772446354,-1.5478161602061988,0.96566084668208,0,79.99999906729089,0,0,-3.5401777616949657,7.8438650487569035,1,68.58851044276463,54.598150033144236,1,2.9284739979598426,-0.3304534564102544,0,0.0006884030282316989,39.992906010123754,9.999662173478324,37.90000221721637,65.93724456287192
1,0,0.18639254195748928,55.69232458826239,0.6688704946765212,1.4584880161253397,1,0,0,0.6790915388686853,0.48028853847072617,0.4868839341618657,1,20.604668247511377,4,1,-3.8895480334981647,0.2133126957829835,1,49.56837278484456,0.8740918706302477,2,-0.6702238549236257,-2.282729484859534,3,96.82372070773394,14.087057258464215,1.8278641088404495,0.9488481508490421,68.68927084885225
0,0,0.18563837851914325,53.49113803407157,52.43343032349648,2.1581686519932077,1,0,0,0.5432561387395196,-1.9140260404751048,0.4699731251225872,1,20.239936512454033,2,0,-9.527483167871328,1.9055244277561,0,77.15350683691356,2.524585135863033,0,-0.4788891544168727,-1.1437036325336818,1,60.26749077243885,9.02603781288964,-3.111347498537973,29.869447036688545,42.23017604847821
1,0,-1.5492035461234621,65.60882318936834,2.707920975829692,2.0126877812274713,1,1,0,0.9641420312335833,1.398029193389164,0.2774565883873903,1,23.488644055831735,2,0,0.14380416061060153,1.2112518050010894,1,28.969781956449925,0.8486458771778236,1,0.73102095165534,-0.6704235928889966,3,92.10844647806897,19.076751717399137,-5.42119118625516,14.827464917933607,69.79104170436923
0,1,0.26651856272105173,48.252263851503564,71.93731157808185,2.03386992378401,1,1,0,0.5964653805268013,1.1350789311375642,0.3912352150820719,0,34.72020538290294,0,1,-5.205075749017251,3.047291586583644,1,53.65489126553203,3.304484251002235,1,-0.189676421631256,-0.4723540305037565,1,34.003596187135344,10.874425106768978,1.9467705950550744,38.106706109370194,44.22633977691986
0,0,-0.2816835417464346,18.444146887763072,73.09299417650551,16.323883162957827,0,1,2,0.09298128772620218,-0.5643807132279902,0.49688720403562003,0,77.78938304269093,1,0,5.372835603981866,1.3104437581832513,1,36.693763339122086,9.519408937194413,0,1.6737993544491425,0.42124124955813225,0,5.101700306653761,39.8796445149827,9.750029878993303,4.02436220946762,23.385003395471962
1,1,1.4096003144380418,64.3754683890103,39.95900629757633,2.9338603769715403,1,0,0,0.8633962232938748,1.188921759333323,0.3072854164973856,1,21.618584223476354,1,1,5.371616786631947,3.841140163009671,0,31.855741294976333,2.0896327779003827,0,-1.8268350097849309,-0.09070765102923602,2,68.02731444571631,8.776112561396001,-4.119530111096021,36.08888755504267,44.85497760494931
0,0,-0.7395662505455709,20.741779986541953,95.01047166059173,12.882063574708162,0,1,2,0.1080438548434901,0.28846402014696626,0.9228438948863937,0,69.73476604088765,1,0,7.458464692070876,2.448452766946354,1,40.632265189679174,5.777635297385655,0,2.539647282307557,-1.1136008656616865,1,11.0358031784493,39.54768785604345,3.4794120146240815,29.237694433323927,34.113508836105
1,0,-0.780518617809513,52.98718831750912,17.735635254273426,2.4492850535296213,1,1,0,0.6943059894858722,1.0393854894731904,0.2918284886449297,0,25.255642618632915,3,1,2.390980204700897,2.0220824338004295,0,42.68968033524774,1.694963214289225,0,0.1912181248816267,-0.6619656636505055,2,78.0787314370778,23.623105973063137,-4.013011568786473,16.732979547763065,58.94099235988762
0,0,-0.19837055315533944,25.51187421729111,32.1553275613197,1.6244105753104598,0,0,1,0.16445598800805378,-0.6491251997824448,0.7839673916821135,1,21.35603102497706,1,1,0.5766702701136097,0.4953968108502859,0,29.96929295339295,1.6970103582770144,2,-1.0519723545754622,-0.1699688525029508,0,71.33260335703072,11.846590641603395,-4.884808549601225,24.15181692997524,32.83060755425839
1,0,-2.883776608907329,61.87870394868646,12.379356326021318,1.6599624877296353,1,1,0,0.9715503078689629,0.21730311009572367,0.2464664835851874,0,21.30156257447591,2,0,4.103088525114691,2.2031409341200185,1,62.71451114551667,1.8809796475368044,2,1.3957303251081188,-0.2977061373367179,3,74.32498283782752,22.324239422805704,-3.218061425348866,22.118234780280794,69.34604395624213
1,2,-1.138432926398039,67.58436421700698,44.63402282384736,1.6504557591674944,1,0,0,0.992268874408418,1.16730681118004,0.6627020346238142,1,23.654845472195916,0,0,6.31456754071985,4.84371951616789,0,79.77392368431694,2.1535299909251715,0,-0.5300823018341775,-0.6625924442086479,2,62.076221502289684,13.263138258298717,-4.3094187637985195,37.73706768630007,34.51889371193812
1,0,0.6096962257073326,29.23184181762913,9.26530387393255,2.3869849789404354,0,1,0,0.22639455417000987,-0.3870428207860053,0.4545154851021714,1,27.80647358194023,0,1,1.0183747125016325,0.4826686060294774,0,40.33425991818831,1.4532331762080188,2,-0.2766489324508273,-0.33163761790155344,2,80.01422510140223,15.052415104495873,-2.981952283542708,1.170453803788205,48.14221814867582
0,0,0.5026417315466991,22.61328751427351,72.10538860929461,7.2883523789115685,0,1,2,0.2457467402174624,-0.9319159648618239,0.24224705988977363,0,73.25104920061777,0,1,-1.4335652064906679,1.4986891058530794,1,42.89623999286704,8.401172946127929,0,0.4500903553003358,-0.6171539578910455,0,10.341445720142357,35.21365562188393,9.17354190757047,14.889229846838191,22.39696032101248
1,1,-0.5300817800910747,44.2301434029707,26.216481389967093,2.043819142971107,1,0,0,0.5220803508950225,1.4975085889873743,0.4238351205926462,1,24.456992407727967,2,0,7.119623869474751,3.0982168902785276,1,15.565366981401652,1.737710061685141,0,-0.1352459862905181,-0.6693924621509101,1,72.62519179887774,14.286634801222647,-5.43171720766599,16.07127175506947,29.70374822781931
1,0,1.1261213662320126,58.1950105459414,0.18763505765532762,1.9421076365982362,1,0,0,0.6890718529884268,1.2587619635804304,0.4063942893216933,1,22.914455630131123,3,1,-7.3299899473379,1.9111989304479509,0,20.1758201610301,0.5813104918800348,2,-1.550127546461704,0.7438881942847271,4,98.35649233679226,13.933208348733995,-8.604267911135032,4.5883765998389965,22.67412401440071
0,0,-0.6744934699071181,25.30229979181024,75.90356688290608,4.458770367345252,0,1,2,0.14160409797523654,0.6870097013031109,0.5768130301863919,0,76.54028294210345,0,0,-4.722532016365095,2.4281169644489897,0,27.5760162372141,8.629993125869621,1,0.4294013939067181,0.5575683657906803,0,6.721285616436656,32.96663159664622,9.553836146477796,6.83480739510321,31.156643661506088
1,0,1.021053763942522,51.75660103366908,42.857135548447026,1.3163356448200707,1,0,0,0.5040656504839078,0.8984439601591473,0.923420945167742,1,22.250499368909246,3,1,-8.735708357796856,1.5186096845856913,0,69.52853386951509,1.914362712478884,0,-0.7716334450051512,0.12195525242575621,1,62.777379589473725,8.543641134695832,-3.9048137443537003,13.550015909677402,41.12402215617781
1,2,-0.26780448856457695,61.24793001466041,45.41128107351181,1.5750004544380822,1,1,0,0.8930024489566704,1.757382359436,0.1826828031726747,1,25.520831739801825,2,1,-8.41271533456589,8.691521275021744,1,37.86077186110732,1.9157279275825636,1,-0.4957010653742891,-0.9355804087987944,2,58.05355287139783,12.669494836505418,-3.544597385862285,36.15860549789022,55.92975763744106
0,1,-0.2447672493869663,46.52685336716816,71.60546983243268,2.6239888283526343,1,1,1,0.536208408636273,0.13265911567795,0.6502131408638478,0,35.195984316645294,1,0,0.7462552438103032,1.6469521128176396,0,60.56175723847527,3.1478323150019993,0,-0.1090128567538335,-0.6636591854041087,1,39.794565008997544,20.439810815535047,-0.0032688452029514536,34.525284537582976,36.71783348595383
1,2,-1.3043098895173029,62.21146139137574,34.79947036336334,1.854367882052892,1,1,0,0.9223558093207576,0.6392948237455632,0.2338398361641203,0,25.331880842367703,2,0,-2.0693323393552205,3.9580327613641715,1,79.52854597313349,1.996234239197192,0,0.8199326262903881,0.8007927402224765,1,66.04240290485765,18.995014739270296,-2.4134987675595703,29.6179745533237,37.84608848490346
1,0,-1.8158916354861547,55.2768571325701,9.195817860690386,2.8205388969166707,1,0,0,0.8239944706474314,0.4214969772408501,0.5705013485114113,1,18.514134550990313,2,0,8.474176147738731,1.5412640912232716,1,49.036039255246926,1.0382508552723435,2,1.6892570844384103,2.8613961621675483,2,92.05255267394783,29.537865875548476,-8.019769889919804,4.238163111521446,68.84843711034232
0,2,0.01769628984165656,57.27584203822309,73.74820273168618,1.7343123168048586,1,0,0,0.6749128963330064,-2.334461081959556,0.6860071168588376,1,32.86191605333906,0,0,-4.233045820330648,2.7751366673686335,0,25.60523961701358,2.8286793494753932,0,-0.6643267396849637,0.6415277075629239,1,44.620038778671464,6.131830280360782,-0.138945367890015,34.57852178006614,62.20018057118746
1,0,0.1382019112202715,55.93768672608957,24.503575383624277,1.849969975948473,1,0,0,0.7390120894667989,0.0728919160703947,0.5540453800374251,1,21.01586933154467,1,1,2.4935471719749014,0.8298221485278867,0,75.181802688788,1.1932998078918535,0,-0.1607079101835908,1.8433371633978008,1,76.25143448502489,13.286699249252262,-4.459759969798687,20.87238576110378,54.90536078622803
1,1,-0.22561770842332304,40.60967247027604,70.61909505260526,3.806749397407581,0,1,1,0.3302849113312538,-1.33860131396298,0.4144176116299976,0,32.976564746379054,0,1,6.487707776120605,5.004926236271176,1,79.63137385993363,3.7913047713265793,1,1.3938857775366564,0.3558126215137853,1,38.07441463308767,24.949368720521107,-1.2624566548594487,29.08812450467346,27.979175865396655
1,2,-0.4579614214078153,49.589301876091476,36.11872351719232,1.6993760785728769,1,0,0,0.5733575457358197,1.2838036596427216,0.4110499668811498,1,32.070298098034556,1,0,0.7458123482150256,4.826457666634601,1,1.2578418871663066,1.7224673323530082,0,-0.872452424947043,0.5994899126878437,3,70.81355433969401,10.074625296745484,-6.465458647382728,23.108053145086814,41.654769336445014
1,0,0.6713342307825079,50.04704827583973,6.59179609118265,1.245020369727911,1,0,0,0.49391704781496076,-1.4792659563278328,0.2518105276067427,1,21.564471279832542,1,1,-0.38940174194825516,2.7780059192014623,0,58.487559933467956,0.987974310858812,0,-1.2204149104359536,-0.6838497804752598,3,88.34290011717493,10.316653281343788,-5.697114361854466,7.716145512829455,23.22642602048854
1,0,0.10814359836615857,25.704312618064645,60.86384827312003,1.7192511616911952,0,0,1,0.154114045022474,0.3338237182779947,0.9733637662364732,1,32.53265790350608,0,1,-5.647194073932667,0.694926666417144,0,1.1732299133651747,2.5243137630743875,0,-1.1200390623624659,0.22181612415830554,1,55.126682692458274,10.244451792346737,-2.4580320297825873,7.249461561153117,33.589006078474
1,1,-1.1315327885196793,61.99829945791652,8.130725957366575,1.571382904028075,1,0,0,0.9440939149480865,1.0937621846480021,0.36176621529667924,1,28.724528448250375,3,1,-4.0987513364019,3.3825559765108575,1,31.469416660645877,1.20987354967594,2,0.40517152769723447,0.6330224911131155,3,81.16755747240252,11.336756475867986,-6.716007307602904,9.306938602384122,61.55714439082976
1,1,-0.3500366612422807,36.76423359367033,86.1899677558113,5.886584296719121,0,0,1,0.1973778440751176,-1.1175353363347538,0.9811142209274204,1,39.74125338113907,1,0,-8.190443761727407,3.025109061797981,1,64.89581623959603,3.3574901850024585,0,-0.3016477363914626,-0.32868490750018386,1,34.977433271175244,34.5202316808892,-2.657933535307226,28.670355927051983,25.244892360923597
1,0,-0.030473749728521363,50.17220523771269,10.448354034286883,2.2227797414617454,1,0,0,0.59200667604108,0.1990237864527975,0.5940494843880751,1,25.222498755760824,2,0,-0.5164966537552171,0.8029310664266144,0,74.2510461775626,1.1347247267842258,1,-0.19420929463603664,0.1947478505007131,2,86.99863560491626,19.121400778088336,-5.1204740500554475,3.9915611191321254,34.7388866840509
0,0,-0.019806182313909026,19.07347516394914,86.68995329594429,10.069063101687659,0,1,2,0.06691653239942147,0.6783440850359322,0.5246421148943456,0,79.64458645691577,0,0,2.360200831264706,3.042255981867803,1,33.60837089862001,15.214168871175985,0,0.6143095251524192,0.4788889110942503,0,1.2204233641522122,38.48188154949881,9.912198860591207,3.3473357472324627,37.72404163079966
0,0,-1.0517117638114413,20.678334220491227,60.02486559249505,2.335002958113682,0,1,2,0.1233695883259941,-0.3047748856512191,0.3637499123965533,0,26.520358601586132,1,0,0.39942281500952426,2.3985745965387006,1,7.1292728564146834,2.6318690159739218,2,0.08011663489251628,-0.3902978351480476,1,41.289831008780695,22.820992864215704,0.1730629901409273,6.065265077189652,31.170889111177527
1,1,0.7026191607027761,59.065120836002514,17.27046755385006,1.7369485714734993,1,0,0,0.6512158465964885,-0.7238950491734666,0.29484789660099386,1,27.687399684432155,1,1,3.4971827990010222,2.8936387129227352,0,71.13645111731418,1.3759884616798432,2,-1.6771607100504062,0.7948345457490028,1,83.27078569812485,10.961815087644418,-4.818587461242023,8.600060487542864,27.9992083019701
0,0,-0.006406543175913415,37.72580790529547,67.244189310889,2.8840867811166913,0,0,1,0.19154359122437498,0.09499668363678725,0.8174966699774477,1,24.105876459184692,1,0,5.405303879315504,1.1741928649205184,1,59.41853198288159,2.5466364229913316,1,-0.025220809071795587,1.0540907159646749,0,53.08836381922174,27.49986919192927,-2.9888951177538203,12.092661825238537,39.304443108178575
1,0,0.522012376922262,44.58992600327795,25.33324587951573,2.240212917102656,0,0,0,0.3597875268711427,0.6660011984395716,0.6691924953708589,1,25.872341870108034,4,1,-8.17363513365169,1.4099399640346357,0,39.84696933848204,1.71234651882616,1,-0.687409824847954,0.47643796550601164,3,78.32108097480574,16.520055525022524,-5.862471900544976,17.631825771300306,20.996934831135995
0,0,0.3667617218107448,22.546062619007596,72.29454756801174,4.4507716238016535,0,1,2,0.13360363334128667,-1.3932453430109843,0.5980503447728819,0,68.78438869773953,0,1,-0.6183578824201312,1.0941453775952303,0,12.01356410848392,6.800627464064521,1,0.6880191232728535,1.2324689146528147,0,12.937891656390349,23.00040403250847,8.512915932290461,8.093161404394028,35.43330368952279
0,0,-0.181878595080926,20.80519768949974,57.43353180978613,1.9356201176235668,0,0,2,0.10713158895633862,-1.1478218141563195,0.3491630801290401,1,23.82194636562129,1,1,1.0101094873993404,2.023974524604955,1,18.949767325898076,2.1908677014985924,0,-0.19994912480064284,0.7638761946477494,1,57.40753287069905,15.210136754290195,-2.7551557361568557,8.864342891386867,30.315897974363125
0,2,-0.6961574846648259,33.189434123815104,62.64894034652523,1.640901987730836,0,1,1,0.1422645768723519,-2.273195317949587,0.02474488716541745,0,29.997850014249234,0,0,3.052857972537142,5.699210779660425,1,8.745489964897114,3.164737234414026,0,0.1749932024081204,1.264611412747563,0,40.094718881934355,12.442108665293535,4.152098204873438,16.057388415901094,58.38430586019371
1,2,-2.0621192828659582,68.61468854042886,18.469617106248826,1.7561069833569423,1,0,0,0.9960412792607705,1.3275387778514764,0.5526827124442224,1,19.884808162986136,2,1,-0.864415673491175,3.828236108002862,1,77.71342757553698,1.3134792344479462,2,1.939592266159181,1.26391432320821,2,85.71432466659363,17.17904546846802,-6.441126625055309,19.293823299985444,50.36754616446338
0,0,-0.39495177569407786,26.208985846830025,94.0282360371725,12.69951825942116,0,1,2,0.1582799964684659,-0.06950048308962578,0.6111478628359173,0,79.84437033415716,0,0,-7.148897588596963,2.3273604764756484,1,69.81099350447963,16.09062987980171,1,1.7346282148659078,-0.2595217576074151,0,1.1030199443729793,39.83843103996306,9.926429286618536,28.224375768051413,40.204304124591275
1,0,-0.8308404657272053,49.9666156007349,15.335652752921069,1.8512588240028678,1,0,0,0.6727394696344305,-1.5553839304817987,0.20980213893678257,1,20.238183269447134,2,0,7.300907859492,0.7720321248580434,0,43.63120768116745,1.4585611247908126,2,1.0469127061825858,-0.08811352419727671,3,92.8911759229187,10.745322881547871,-3.6645563538215864,27.31247164439776,51.741756207902554
1,2,-0.5855466521498353,62.363166104385655,42.294476515408604,2.0736402474408404,1,0,0,0.8860165849712973,-1.0113332115300704,0.47143820864865293,1,25.360499000124133,2,0,-9.840823762246076,7.363649467928701,0,35.44215571937525,2.1971601860627556,2,0.2988152242308556,1.168944885795372,2,65.9408650949932,14.149248628497585,-4.280506824341373,22.194108473214918,40.14720379341372
1,0,-0.4118759011665135,33.05795024963204,35.77721452827981,2.0580150626733507,0,1,0,0.26463829606114464,-1.5921356992001006,0.41179614752237587,0,25.320092634318737,3,1,-6.939577553397487,1.1370789837765565,0,35.70355877721057,2.6748543242546834,0,0.3743639923438419,-0.7435549341394877,1,55.687608531013,10.464182015867234,-1.6713021043901186,2.6601302772091784,38.10249599442659
0,1,-0.3104277303910255,49.47927502231111,33.38354944953061,1.9331138412183326,1,1,0,0.6200501817494957,-0.23879722641008685,0.5005539054879816,0,28.775218899165136,1,0,2.901018069006067,1.3898642185271093,0,35.10692171278601,1.8170044585456149,0,-0.7046890661090216,-0.7296460370948753,1,66.1780564534792,13.28975841746658,-0.013153358140973737,24.364503396751967,56.4248366271338
1,0,-0.5931643054830894,52.64217539377011,5.77127877493398,2.5176028132201345,1,0,0,0.6675985224130061,0.9939122890009476,0.4395957210849073,1,20.639372474172486,4,0,8.458868453386849,1.1842388861842492,0,8.368972158317604,0.9705780703080652,2,0.1152357814130562,-0.47716171664287776,4,90.00912186196139,18.73502333257602,-8.503175789682455,18.12998337565141,25.13634529631271
1,0,-0.19121236807488629,21.690934227329596,92.3475786105095,12.662783746184267,0,1,2,0.20024996977134324,0.6325376581841033,0.8147891478847288,0,67.14692638368105,2,0,6.795487092233806,6.546645720955751,1,14.360540763222218,6.277855420409313,1,0.9720739351305854,-0.2917852434929271,1,12.065975498791238,38.785975066992386,0.8510350427046411,26.77184480525778,28.787253804911998
0,2,0.7048978785753501,55.73271295208338,79.13095880927489,1.7754314307652463,1,0,0,0.4793743891336321,-1.080392760653397,0.6498095088559207,1,27.257257129309707,0,1,-0.3002968846596854,6.739444759563593,0,44.73559152953839,2.9128880273502915,0,-0.6199195578688006,0.25288778552152885,0,41.49580047459632,13.850548958636388,0.2639580676847135,29.731654785478796,52.405325595440495
0,0,-0.01270459462687512,26.76704731344084,55.63108173201875,1.483660228287217,0,1,1,0.22718388719020227,-0.22908938369211618,0.012892634613983656,0,38.4619944734269,0,1,5.1779747327019585,2.0342226162217125,1,17.38681764083779,3.574145705413707,0,0.23795424529913273,0.010388305815058351,0,36.202099742748935,12.185192244512118,6.52818577600209,25.050129322620545,44.1864313388945
0,0,-0.581340632021071,34.44531316140788,54.34878090444264,2.6676368905122656,0,0,1,0.2070257934536041,-1.2231571413910947,0.9955985195080096,1,20.439844433610432,2,1,6.043923195702369,0.5197588239210766,0,58.66280662044828,2.1918706149652323,0,0.006919506057780557,0.5849065119231593,0,59.3345892669363,19.284714937252044,-2.1725072875476776,1.201302972156899,45.89369895927766
0,1,0.5235198750169795,42.667422618919105,64.10622440178359,1.3232901186761423,0,1,1,0.3091020068463177,-0.1314561260790631,0.6898069842671133,0,34.95162075698869,0,1,-1.4930677860800081,3.7779566151934674,1,51.666996239415894,3.01951685606166,0,-1.4973834344473451,-0.8318271886602043,1,42.70417155859175,10.855151975321462,0.9671479960231704,12.082996107927425,62.341775978939616
1,2,1.176354840103381,69.40927942779967,1.9536372123893198,2.068908650668932,1,1,0,0.9915100744877386,2.1976657469037435,0.35838667853937833,1,19.251366388014066,4,1,-7.1211769032378305,11.117630217513945,1,4.248965612408426,0.9400335660001627,1,-1.1417230374585172,0.2324655161161981,4,91.23620326648198,9.900967249566188,-8.727567764698444,26.633780144191228,44.358457756277
0,2,0.2027283526496505,53.02237333320274,80.93801098679224,2.7569120187180376,1,1,0,0.6603197621593032,0.08754761432024301,0.5149686263003549,0,62.47305321814796,0,0,4.27866204650895,10.567055637152869,0,71.83653216661844,6.312040799974841,2,-0.12890860565085308,0.13120938643881094,1,18.20254610785557,15.843623033752962,5.652294467808016,27.534032624671912,45.26634333499939
1,2,-0.9869577961095536,64.84259472527651,17.496822474261187,2.787426616261678,1,0,0,0.9626016946086353,0.2286201596432866,0.26530097481175174,1,22.016778737050817,2,0,2.4266186378430064,3.169675821288006,1,69.88889311901458,1.4748454365911705,2,0.43774140156374747,0.2779255168683498,3,84.19589888488852,25.05232647070539,-6.628556504311687,33.60382782270179,59.05767131666039
0,0,-0.4996878471752275,22.78797077081967,87.39825821205115,11.306532002463847,0,1,2,0.19242090361122494,0.33824190502098317,0.4683540622357155,0,79.34853291642165,0,0,4.099461769089178,1.7482471869384344,1,65.1248303986145,14.247574615811727,0,1.6284840572396713,-0.9625892834148203,0,2.0025115121162287,39.41315549232516,9.94445313534197,14.8752305242424,50.99688615433434
1,2,-1.8671258818486172,65.9540493583764,46.16222411117875,1.8188170729119735,1,0,0,0.9896945917893066,-0.2252235167909291,0.6778125507134923,1,21.029954794516108,2,0,-1.0691637158304097,8.866268566219919,0,44.57238145507076,2.040812872530168,0,0.6938927761123705,-1.9599574704718108,2,63.27123982293929,27.190460378772272,-5.54865821602541,29.751579563289,64.56551535524406
1,1,-1.254024840281752,47.26768623925675,58.98271430010503,1.5026330046722411,1,0,1,0.611482442727415,0.6462742313970692,0.9680879501569876,1,23.282906424387157,1,0,-8.655973845853586,3.1643045190530152,1,5.978167830607397,2.5809380246651616,1,-0.23453860324101883,-0.3086288253595421,2,57.49919049969732,12.491648863827564,-6.013882357102397,19.339148971161737,37.97353685373645
1,0,-1.064270654419773,55.16027177660451,20.383747972165523,1.5337089555693604,1,0,0,0.8135945194336512,1.7581093438522157,0.7033243800024888,1,26.650728046637234,3,1,0.22615564466473614,4.177133924045819,1,63.43687890240872,1.1345155478088702,1,0.18764974772343887,-1.0632507714854622,3,85.79657609063919,9.921196386398357,-9.084034855054245,19.310764593703123,35.68497968735226
1,2,-0.21177606584941272,68.84837316321422,51.61934759677995,1.973092358846094,1,0,0,0.9963221152912785,1.7488247022094892,0.6025730859580251,1,23.613628971471606,1,1,5.546262003854931,10.954321387525429,1,40.35007224121819,2.0522467366882933,1,0.0006836788091175378,-0.3641573801942753,2,71.00111824319241,10.653102222275987,-5.080435032406231,32.802681689785665,69.69277699036408
1,0,0.7701119022769696,43.17875992352385,15.00897365557291,2.541481023065728,0,0,0,0.27554452360001847,0.9230863837461984,0.41070863272331537,0,27.44466943408026,1,1,-9.623114003785053,2.0535160025469725,0,68.8232548785457,1.3079308731967998,0,-0.037409825784492735,-1.6449215042125178,1,82.2931962709434,8.57213069146476,-2.502253480579525,3.9870603398845117,21.75366463387111
0,0,-0.19785249193327467,33.22529552181064,81.31244237615066,4.527314807122403,0,1,2,0.25134688103985803,-0.2370726801975405,0.30033754858999395,0,67.51864527130273,0,1,6.483453196666147,2.6659100842954073,1,68.69819860885427,6.07843159894952,0,0.1051515376835428,-0.03419081371399554,1,14.452257434728406,26.541414388072774,7.286981985396718,32.76718790673125,43.7028333394365
0,1,-0.7186520232160938,43.0072406918395,53.41860848916403,2.300195045617798,1,1,0,0.4144800465016837,-0.1332954792244451,0.37701714520106483,0,22.624492567598253,0,0,3.2394967326209247,1.4374008654382997,1,63.80515383282049,2.2071887109515704,0,0.19638046260945838,-0.2922813701825619,1,51.38213063875088,14.236298068505446,-0.8390969776430577,24.2765545353026,52.16434436885386
0,1,-0.3906852063017649,56.438811080239546,69.14077158730063,1.6859752193220694,1,0,0,0.7827883109777706,0.07864911846087483,0.5921854989736833,1,20.965164875316376,0,1,5.094731294676361,2.0868527004628996,1,52.22559556313411,3.0810258256740384,0,-0.3307331141237443,0.04178898842490607,1,47.86434559443254,7.92471289814242,-1.9935871508718979,36.270538886260375,65.52556007896189
0,2,-1.7634194781915913,38.43804756283915,85.41091245682755,2.5878022204463886,1,0,1,0.511153811364911,0.7176471728294866,0.29466213011506637,1,35.09140276378097,1,1,4.331892211689066,7.478457107845993,1,67.9330236643226,3.248976361710777,0,1.2228765306807214,-0.1396575642362456,1,34.144939688415896,27.03166595973657,-1.4164850286017714,31.473890074105494,56.460877263372495
1,1,-1.020514867100853,57.90646240337532,7.265180443292096,0.6770777321440576,1,0,0,0.8110704944957177,0.503601904642916,0.8172349770038732,1,25.579119702114603,4,1,-6.1874403691739275,1.0748734442226122,1,30.13175969904762,1.3050312655918217,2,-0.7630523071685897,-0.3670637172140264,3,88.19796774591781,9.72146016027965,-7.2498790613208195,33.78976184355195,45.95235864366592
0,0,0.16634235640064796,33.90374673557639,69.21985021152418,1.9944227220938202,0,1,1,0.3042800777310194,0.19592073099151894,0.7143578488700608,0,37.66463448687859,0,1,1.8071931233107428,1.802787990951371,0,46.361118305375754,2.973075574984959,0,-0.32666220828359643,-0.2056026162557331,0,42.96486499499936,8.201168851695577,-0.9757339536846938,19.38036629578412,47.860283548903325
0,2,0.3843815391814097,24.73332096474224,99.95934687508176,54.598150033144236,0,1,2,0.14374490288299036,-0.8565887220622868,0.540473191008889,0,79.99999943434281,0,1,-9.331978537369826,7.4207324186498695,1,35.90608169685475,54.598150033144236,0,2.68295558621964,0.15231161913621272,0,0.0005767583697413592,39.99999674384608,9.998749093324232,39.99579324541098,23.800625129268678
1,1,-0.42568726914945054,37.41512915123146,37.395176751518264,2.8553084885778133,0,1,0,0.2981512755009964,-0.06849336108250902,0.3306935444935475,0,30.535825964071126,2,1,-2.279086377914372,1.8740820619672236,1,11.586836072321617,2.1135272015320963,1,-0.2142779547437563,-0.6614123026097023,1,60.69191220724749,17.964011550557586,-0.8074184059470149,25.390303525408164,42.95280393408076
0,0,0.0956465067426732,23.341000823396506,48.96623946507346,4.494178131074921,1,1,2,0.281075135358217,-0.2504369250545784,0.5081333162225815,0,43.22007466199656,0,1,2.4698994572694204,1.652624782623246,1,78.51146970657844,3.06609950208975,0,0.603024380908655,0.8241177809113609,0,43.38111907690851,28.54470673805102,2.5556393916348785,3.5173087637328537,36.50055077637106
1,1,-0.06462059049562478,51.26022690795662,47.75632571591698,1.4783475152321182,1,0,0,0.749327828310952,-0.06547043369622671,0.6138969841389693,1,23.61276447093518,3,0,2.4366430043639298,5.4788241128394,0,60.806538349690626,2.237827284632948,2,0.33357300320863326,-1.2517461446440334,2,62.815260972418315,11.217592213181291,-4.855692448437523,38.091141670029806,41.100749907022845
0,1,-0.6900859917543513,46.5580341648443,40.178413210911174,2.1116990615390177,1,1,0,0.3981323159459758,-1.9151816494545806,0.5190860537723504,0,29.43884623317254,0,0,-8.707008369365886,2.0165015402198407,0,70.32173270547558,2.522800088962788,0,0.4530768497238491,0.08859890568815591,0,48.66191606936435,6.816938094587977,3.3816428655952535,8.925678819270784,54.56215568978298
1,1,1.1343356639877242,52.37100634169714,48.553739362672374,1.6084232230583444,0,1,0,0.46405567997556707,-0.5497274579623519,0.7795534785961132,0,23.089973453329222,0,1,9.209025212380212,5.812653855337764,1,54.82819578131817,2.4316993459216705,0,-1.6918977663559887,-0.35332438242569186,2,56.78372216103267,6.380140412740261,-2.727773851458693,6.492550020024394,47.38950933870946
1,1,-0.5565751348664644,50.700134140260246,38.05114935021025,1.8238136310978241,1,0,0,0.6309075501201392,0.9314723601716124,0.45374891164617137,1,21.563535653913497,2,0,-2.6966607648509333,3.0509498686836625,1,41.33960737325185,1.3542685435553872,2,0.2351542242875785,1.4151406579067287,3,72.36786204281856,14.887156449216569,-7.324552032081279,32.42495612561243,53.49673973854454
0,0,0.4008591724231474,37.2416534116701,37.548539286592074,3.7728747424744857,0,1,1,0.26418297997173096,-1.0675069338547747,0.175281859507957,0,22.80467287478441,1,0,-7.907629625700316,1.4350952630403715,0,24.529830013303524,2.306339694271705,1,-0.09729055215906508,0.8347901097815837,1,60.68737591229638,26.9826224675666,0.49155199770242675,21.389138540499278,44.92209126644932
0,0,0.3064096770737006,27.71137649203576,58.025893765118575,2.682672510971757,0,0,1,0.17279397293499993,0.6652820466516671,0.7989554819834681,1,23.974888225722808,0,0,1.9706626165523566,0.40010613995205013,0,33.68847517421035,2.429367483937087,0,-0.36239283465760197,0.020737436240060168,2,59.456873744007865,13.82993539825188,0.6920874602245082,17.03987847075457,38.14271915664456
0,1,1.2232798525567254,65.97510774375449,57.15217107596591,2.118951540232548,1,0,0,0.8823985292068095,0.361873210930417,0.8933119547499175,1,23.584590327777736,2,0,9.627311480777493,6.50365918433354,0,79.63757758517275,2.4481292841394424,0,-1.0058253122412635,0.2359282894838745,1,61.161851533888736,10.009333094342203,-3.6433900196088143,17.754363727600854,47.66592795736254
1,0,-0.9145520913718543,55.59252276929953,7.516241284176012,2.14310730799119,1,0,0,0.7245308742642727,3.3682755954981416,0.5651368198546632,1,19.159490272802415,2,0,-4.449688605303636,0.9713022476971226,0,2.154593962643827,1.2812790073563058,0,0.6819435299916592,0.5500711799735358,4,89.45861948648687,19.611735261247674,-7.2364261891289985,17.570623010783276,60.280416132499106
0,1,-0.2768857695942867,24.54280063605438,95.20463599977256,15.747015680843258,0,1,2,0.17798562969760723,0.2493554910123012,0.35871750967237737,0,79.94019809873778,0,1,-7.415117205326986,3.789713872804898,1,30.397971181860758,19.004569657191123,0,1.407593402209891,0.24117533557711526,0,0.422412924971477,39.83171551746746,9.960967794714474,34.99714912220308,27.528775500163967
0,2,0.191275413561566,58.66374404127828,85.93233831367138,1.9406660069375523,1,0,1,0.7720942740926926,-0.11919265145581177,0.8841642565802285,0,44.81053962319484,1,0,6.627879048819501,9.994285444333187,0,59.911204226750066,3.6526773350789883,0,1.4065482488545482,0.2992221812793213,0,29.7755828205303,11.717144681493963,1.1761840766211744,18.321958775572252,47.55863953241622
0,2,-0.5454466088705247,30.780744219829838,73.10076750766144,3.1258150845236115,0,1,1,0.20873329514215305,-0.20972740614364424,0.22267333589497518,0,51.43272007201418,0,1,-3.674067082386083,3.413215490637874,1,2.4737859344756696,5.72268303728695,0,-0.05146260376379819,0.0810139767567821,0,46.76431562481797,22.903536726918272,4.914025512435696,25.664204840522466,46.646315838093784
0,1,0.7096032044463063,33.65644222493854,92.76973508810171,9.821749323584523,0,1,2,0.2216434972630444,-0.6736723337050499,0.9019663951279362,0,77.3370602578399,0,0,3.745365842062128,3.918396190889939,0,9.99377576850311,9.080583106859098,0,0.37433877702410956,-2.4742405149463362,0,4.352447247788971,36.40292704008253,8.83065193016893,23.351892065931228,25.90378445220853
0,1,-0.17123338246381833,21.192497973551173,90.21012341587446,15.236200455331478,0,1,2,0.16614099221131362,0.6551362141189158,0.5597680810912031,0,79.17070264928441,0,1,6.023878949257217,3.274583098290481,0,27.994200307568967,14.5927224959749,0,1.51802306753891,-0.4006511798343881,0,2.1716561598730086,39.796721737789646,9.622311442797479,17.436112330621985,29.178409656478923
1,1,-0.002114376240563991,59.11582489660084,50.619624963846135,2.225457340583874,1,1,0,0.772893464445715,1.1400141625794777,0.36935618707802614,0,22.311295320404902,3,1,9.022412339664765,1.167702921005864,0,53.2315201505429,2.607601576885146,1,-0.2133258275551107,-0.6898808065735983,2,48.29520734634663,13.940077238659347,-0.6945666313217522,39.359608696475576,54.645899640382154
1,2,-1.119799833213295,57.003284227779524,34.177179278077084,2.0657281594938732,1,1,0,0.8419848859963032,0.10245023479949288,0.048510678005952323,0,20.985006712911503,3,1,0.7406136885453947,7.675254616626453,1,66.97226787627487,1.9630798447722897,2,0.8073140394863074,2.188728597614916,2,63.704981129431225,16.32253946107121,-1.9765320113203622,33.29188609231486,54.16055323868789
0,2,-0.9786304491415014,47.2059498577556,68.98039407428577,2.017579843864151,1,0,0,0.6218745404983211,0.5040110753126591,0.420720444608351,0,22.95596381907834,3,1,0.7966739083088328,5.226455639929228,1,60.974475075562964,2.646821718708034,1,0.6559771193158823,0.3380359664083422,0,48.82876202888893,17.411115511138505,-4.012415540853278,31.432224347151077,44.94129085793114
1,1,0.5138934082189099,42.40995417182877,41.24290215364066,1.8995322917468438,0,0,1,0.33104202254808107,2.454859118521802,0.6489797017937715,1,18.7984662627073,1,0,2.1959890125015935,7.771467667370518,1,37.764622449198136,1.7225087059236706,0,-1.2157076697128013,1.1582015354949935,3,73.78373358719438,18.000046815510036,-7.347151080209064,14.156208680740946,28.749869056774756
0,0,-0.25361180363274555,42.51541414586846,54.513451454025464,1.414502415334025,0,1,0,0.36341035291830237,-0.8480053611607699,0.6535853794282707,0,38.481462865508256,0,1,1.41755335882735,2.108116533290617,1,77.84303906490396,2.826061164409569,2,-0.2691907380071027,-0.2782773853843732,0,51.383794490174274,12.31369513378853,0.21829510157001053,5.701638541909013,45.720670433884656
0,0,-1.064300273405723,32.7425843616989,90.06498748540022,4.081206591570547,1,1,2,0.34715065099311304,-0.42254717800464137,0.37751276326746774,0,75.65133589209347,0,0,-6.31731675085868,5.341754885324177,1,55.309146542300134,8.222977646943923,1,1.9917074585134527,-0.13113267353489244,0,5.16226607518247,30.074400738411807,8.722170454749033,22.576668559133168,60.70170880213788
1,0,1.6569643864445205,60.90546188277994,0.17453801102470523,2.140377832655519,1,0,0,0.6693747146239529,0.7378127187246962,0.5177558726744875,1,21.451477547077022,3,0,2.947782249118898,0.5341991459853674,0,6.461796886853399,0.6344316551060201,2,-1.3520689193367947,0.34448189704325927,4,98.57352875405726,11.677158951491897,-7.511982796682085,0.3971794051817201,65.07997471308425
0,0,1.1105968070313676,24.349306558021986,92.45448208878217,24.771228072177784,0,1,2,0.15301324325909849,-0.6154116137850573,0.6326416693603989,0,79.55250629800169,0,0,0.8492918140305648,1.8837450202541732,1,72.48250654628096,15.253123874918776,1,0.5881678759887364,-0.4600839018135391,0,0.953145279741413,39.61479606370571,9.968034048374733,29.678705681991737,24.196411980846932
0,2,-1.5095282553964962,55.326484930994916,38.787227599131256,1.9159198455784825,1,0,0,0.7987260643881722,-1.1815956441634818,0.470348991456713,1,33.19500728563771,3,1,-7.78816195062525,6.123206799777614,1,19.781588743889543,1.843568510492896,2,0.7291663360198245,0.09057721776960018,0,61.85354653242501,19.377784484979056,-0.013446087581591826,22.254564890693388,65.74208360001457
0,0,0.46124110398502516,37.450112293217614,73.54200720833421,1.4286031143255238,0,1,1,0.27634417269570166,1.0059692808728926,0.4719177580784138,1,34.54230583005259,4,1,-9.037616242311959,2.773096891771279,1,73.27703954193694,3.389475324370943,0,-0.891567086248423,-0.2730594410007534,0,36.13205488760578,8.391704298367952,-0.10007227810329766,33.874739443785174,39.81213845406099
0,0,0.10950230910433904,61.39712586287537,34.78290941041877,2.4454073727453216,1,1,0,0.7781697512090266,0.6206255881727359,0.7797730158080507,0,36.07608047034492,0,0,-5.960818991607459,1.8751108591026673,0,57.23159593429176,2.9221600423577403,0,-0.9756354199216389,0.03681087870072979,0,53.12365411538945,14.020901454976693,5.1032968007151585,3.8598721434550654,24.618639501246754
0,0,0.36480715583162027,35.43560821024053,79.01865158679848,1.7825688467602012,0,0,1,0.24025478259466537,-0.3181591389636097,0.6724473186396703,0,35.4166230634195,1,1,9.674761522487522,1.6807552478975414,0,16.371607033854335,3.0768251562011577,0,-0.7200286406421196,0.3202556779465696,0,43.17448910344943,7.301259733742107,2.139336541277512,26.059910061312696,46.99294588119409
1,1,-0.561878072025158,30.63390513867006,73.44075426497945,2.5230248983857804,0,0,2,0.2889429143825532,0.4174387755068201,0.5495779896901819,1,25.331086850810756,3,0,-0.5470959964969886,3.5387914857121925,1,39.84568995239396,2.4249727759429427,2,0.1396582824841943,-0.6323807956108428,3,24.929338580355616,22.832420907940282,-6.2734555668792655,33.769423592055205,24.25397208661464
0,1,0.17540616385488145,57.543813163676234,71.37876099208323,2.3761951068976708,1,0,0,0.6360594786549137,-0.9798910110142957,0.4812782989377044,1,21.644525024364086,0,0,6.089713170883336,3.776204943469953,0,63.154080894728715,2.474073020918056,0,-0.19981202753230812,-0.9552706468997062,0,48.441636960399784,13.30300941517546,-2.8639988409293355,33.35212602995631,53.39200538676371
1,2,-0.7054277209967447,67.24604916915128,19.814584701250322,1.5651261521472912,1,0,0,0.9775786840373253,2.2759384174657087,0.6819450659553996,1,23.37586914726863,3,0,0.49875052102379236,5.1111179718748305,0,29.59173946072415,1.737176407488921,0,0.33110000803576617,0.1108332097634409,3,75.7718351139667,19.2317877315064,-6.753280357694899,29.07187329927071,48.688581571710785
1,0,-0.28680073716438914,56.90070226720082,4.234105917579551,0.9678478172435554,1,0,0,0.7832412442143621,1.6482652679955894,0.17413464663033446,1,19.39948308352822,2,1,-6.829730166980003,0.6548329002505131,0,79.84197533656966,1.0837202891741538,0,-0.23595372902707112,0.13253665328593772,2,91.55882424314959,10.1347975621307,-5.772382872225546,7.60988611861513,27.56220083714807
1,0,-1.0257891394360996,48.83168560095429,34.92933892722581,1.758023207716231,1,0,0,0.6397221818958867,1.3069325586964895,0.6398393247262804,1,27.241928616734082,2,0,-4.678124194906359,1.2617137237765725,1,67.63676056368493,2.0590567974381875,2,0.4154360480352659,1.2984651685793422,2,79.38632216523101,18.38883824114804,-3.6690793994907462,12.678498132738042,66.19838477044618
0,1,-0.30092144624489503,34.917214539895575,19.38971856482945,2.204877494634132,0,0,0,0.23605695440350716,0.32433947466255114,0.457869779336914,1,23.638987092190472,0,0,2.3608701041302265,3.151920860091774,1,54.19250791393128,1.3070224864701963,0,-0.27507756035986314,0.8362849274550004,1,83.80475170636718,12.725543326337437,-4.5108481909961835,9.724907909286689,38.2277560164791
0,0,-1.3312321889064915,29.619745106127006,88.30372748417741,2.6826701458352957,0,1,2,0.20898959124208188,0.4858635052429803,0.6185526178352866,0,74.91345976603506,0,1,-2.5886438441378505,3.543731920028522,1,28.177273601251585,8.462289527046881,0,0.9045566202018768,-0.36608918396431184,0,6.037254172949136,29.311336329389643,8.950987233675477,17.625970811794286,67.44108184911428
0,0,0.03503507406596263,20.204285711865555,96.61230430782166,32.09806600285295,0,1,2,0.10431248755820666,0.9446637802760723,0.9213100638972858,0,79.87871022199651,1,0,4.415100849684379,4.289571053632322,1,33.61620733310233,19.9781978803077,0,1.6345823839445386,-0.20456681686518546,0,0.4559972100096399,39.981084721594996,9.778303321934018,7.86265942246458,28.941735120258013
1,0,0.133865180243784,22.17949960658224,62.0292033540904,2.3873272565428687,0,0,2,0.13943581700639907,-0.3133944723630464,0.31461601265256456,1,30.843057775872662,1,0,-4.083323603641082,0.9413225519631127,1,10.98552484540203,2.5481839246853317,0,-0.11619569263564176,0.20823400089045466,2,51.15021157855665,18.65117369939568,-4.3881586721508405,32.90124480809783,27.124516383213514
0,2,-1.2693460203106288,29.299918927679805,82.39681177493752,4.530267115867783,0,1,2,0.17682220162122475,-0.2572478984870908,0.09006365818932333,0,59.2390239896762,0,1,-1.471476418060682,6.3855043917477055,1,44.413511139003326,5.370671649368613,1,1.3209462572318313,-0.2869454697193567,1,16.404612735753904,36.023128429003705,4.459062101084781,36.769469903203145,26.893488379602807
1,1,0.6271024761383392,62.259392802259185,38.808972512755055,1.597388150612072,1,1,0,0.8854309676675047,1.0465491455872775,0.4071796909485834,1,25.502194241886365,2,1,-8.930970103709374,2.871845080879096,0,66.3251268450304,2.3364735129366,2,-1.7959586544630406,-0.7187449301156709,4,63.679138925727095,14.10194496248877,-6.33843604238008,38.92181739306936,31.838054421491954
0,2,0.43205942539396536,47.01298009817049,54.857721046128425,4.447629777696926,1,1,0,0.4920618866316201,0.3068067388771138,0.20318083932639408,0,47.726631626237875,1,0,1.3420080613891407,5.503774922725012,1,69.42446584731874,3.6029931795106815,1,-0.8590097818784908,-0.2830200310585795,1,35.85158936751086,19.415845000681564,2.5605768756674046,27.880731027917065,28.43242265778347
0,2,-0.7621366763344886,33.19322607275181,70.1250876572132,3.0652732675881667,0,1,1,0.27563600943156796,-0.3167041389069744,0.4100109028423803,0,35.01982720608816,1,0,3.813782945892603,4.5496447214348885,1,20.428044519468678,3.4040278982592413,1,1.0729933817358208,-0.026100369231992007,0,36.1453609312355,19.751356666967187,1.1351392469930346,17.754290397451303,46.83729872631435
0,1,-1.8097109168168888,30.489027643591655,34.49358932334408,1.8464478174803334,0,1,0,0.2685298019537939,-1.836586846735937,0.0005256040090172442,0,24.038024400798655,1,0,-6.990832355769313,2.254446415646459,1,35.195148286627706,1.686551391348503,0,0.2846857137542932,-0.448817266233313,1,69.04691815308409,17.720398163497478,1.951260935868211,25.95768130583278,43.78891230924232
1,2,0.107172624910159,69.13127561306334,8.307287340945614,1.138446906609206,1,0,0,0.9897974917960651,1.470597651040862,0.5662772145505253,1,35.09729224389501,4,1,-1.7971730107393427,9.393259962207772,0,46.305717552861445,1.0187847452605372,1,-0.265293279648384,-0.7717830723080611,4,88.03399045638567,9.899491680978992,-8.519927910858268,21.92192379419297,59.7471015918887
0,0,0.8323503526273863,19.525193719139608,87.23721726451816,22.7056916696071,0,1,2,0.11691086560191577,0.4826041443394794,0.795393458672444,0,79.94320887261443,0,0,3.301161794183468,0.43589988005715374,0,37.42821724436324,20.61066808076136,0,2.6952853600183944,-1.2988734313308161,0,0.6905632558614594,39.80570981961884,9.942472437181358,28.05944824282585,23.64799164819611
1,1,-0.9268277755090018,41.172966348800344,48.96228758032001,1.0625952050440326,1,0,1,0.48705417610850776,0.1868605038412402,0.41769127776038567,1,17.886284965797408,3,1,-6.820766804282576,2.193377543040065,1,33.672365834367625,1.9658985059357652,0,-0.10223150731573782,-3.4377996755806284,3,62.747228206317565,14.717443740286122,-5.913939644668145,29.79517325673128,58.734988431375015
0,0,-0.24847617308122055,23.91535592503969,87.8666503001575,2.2543510872504147,0,0,2,0.1628892794766803,0.3496973899267654,0.4219695683674194,0,43.534741782547215,1,1,6.96156697506483,2.6364740114025453,1,2.1880859607316028,4.33797768194711,1,-0.07857762824458796,-0.9962875769224713,1,29.181357533179973,13.555961749932155,-0.560238966755044,34.866608814540186,41.36506186705639
1,1,0.38881446420099713,28.375823363441405,21.872747138040626,2.4085679927806485,0,1,1,0.21816675993292778,0.432262801723035,0.011721063883946392,0,19.106496430597918,0,0,0.027890508322842678,3.124940601645389,0,21.83600367795097,2.1457743442563837,0,-0.475701407431772,-0.35012467801401126,2,71.52069463978052,10.436742517213249,-0.7220118195650276,11.880670426236343,20.824918911640047
1,0,0.864309447790923,66.3782504402689,5.334764307668177,1.8721403045252436,1,0,0,0.9044018840128092,-0.011413222831545078,0.7433806900239255,1,20.950283691179425,3,0,-0.5244578716555903,1.6422100327646536,0,41.51498454964348,0.9462997195238066,2,-0.7642834311424496,-0.45466329074698675,3,92.818943632708,15.36136940954092,-7.44966116513144,9.905508178420792,23.696428184969946
0,0,-1.2776471038694948,49.473017947565914,46.20142326632378,1.4252788580540903,1,0,0,0.5979910440777204,-0.9152910691291448,0.5371927519174823,1,20.928717257096668,0,1,7.9204099260678404,1.933195936009847,0,75.28714936331484,1.9233945490158906,0,-0.27415357053187484,1.287862009055067,0,67.21673645105602,11.102302815682652,-2.584180924323876,14.888669964488788,47.26870424393831
0,2,-0.730140431383355,42.99352815933893,94.67221012600973,3.6314858852939715,1,1,2,0.5405928610267404,-0.5090700495040433,0.9978599510728892,0,59.59793649883718,0,0,-6.711174150224906,4.625740287741038,1,18.928022097570818,5.233062769859392,2,0.7103699951128163,0.6009877755980378,0,18.794893922405244,27.089603771475836,0.48682335700753576,22.826764854701235,44.47549213381967
1,0,-0.27914284474844264,42.58332241565846,34.825841014931164,1.9030766458022796,1,0,0,0.547750251425828,0.4893414735292988,0.8629302270392261,1,23.167841144774968,4,0,-1.9376870235579329,1.798201597021397,1,19.079856725147796,2.143383481287419,0,-0.23250060642294215,-1.995626192544142,2,71.19680107850803,7.310621280961942,-3.9012961122448946,4.169175463072676,63.68561450179001
0,1,-1.659101131714588,27.10807562654638,99.54203574423956,37.11405104132297,0,1,2,0.21188744123813802,-2.5643607385418545,0.7742065158359888,0,79.76851886597821,0,0,-6.192138041840778,4.996346686506045,1,74.86434505899415,17.03838777170935,0,3.3458293949402313,-0.21134531892151506,0,0.5746096044485005,39.999261524654685,9.294624932738486,39.13012193312309,41.405874348851
0,1,-1.4255115340898388,33.30232559858912,82.01864302189217,4.1588144083821925,0,0,2,0.2327055086832171,0.2565539492310199,0.45493528761840146,1,40.313648452849726,3,0,8.195902684386784,8.207779150606456,1,1.689610270966062,3.2236281109585514,1,1.0592008914262878,0.41859134172197193,1,37.65417686775193,34.71304178598543,-1.8248333985984324,30.980118668644387,60.56390082660845
0,2,-0.818898485565648,32.0904529931431,68.43131897670882,2.0394497152326694,0,0,1,0.2850749558381189,-0.1809381791858041,0.8032072057157204,1,41.148221448964755,1,0,5.26064536443589,5.557573643856467,1,5.218097718016068,2.4032860201303237,0,0.07602838549756169,-0.01867416001826957,1,51.01222043397069,20.04166066757385,-3.9412066508304857,22.44630743882368,48.294037641375596
0,0,1.0724901984711614,60.855351963346344,15.893976501043806,1.9506759513113037,1,1,0,0.864181628869668,0.1723052975052015,0.2470607260112384,0,24.427437003906242,1,1,-7.626755797336916,1.5649200626020017,0,28.464043468163208,1.475127693270949,0,-1.0403535532106918,-1.1049530884440262,2,78.52593906008858,7.651324192001394,-1.0746049697828894,11.564943464587728,65.77951026472981
0,1,-0.3364896801565316,33.06564131205704,42.752946470797,1.8038031216300117,0,0,1,0.28828641826179857,-1.0287494546953093,0.3649776115137004,0,19.33944826101593,0,1,3.655705895461672,2.7744671847814852,0,0.8266146448231337,2.470203257690831,1,0.04311974129768618,-0.5779475512183647,0,62.18492463098927,12.238587954184537,-0.445202891340017,3.7945461268162495,43.37961194620536
1,0,-0.6256044137676681,65.75380469459108,4.286932620473927,1.44307747233356,1,0,0,0.9565213705243416,-0.46365705695446285,0.000759554120378203,1,25.595705095598586,2,1,-8.747430698407975,1.2962143731075653,1,78.57796054403788,0.8901804481360536,0,0.20169176594403693,-2.007420663201171,2,91.63277790801239,9.77294644598821,-5.120501644918416,34.80503470282622,68.9937158637388
1,2,-0.33297132203873675,60.128803561636275,81.1639162064153,1.7608941663937854,1,1,1,0.861740477671527,1.0331738888583561,0.20962010375554918,0,39.57386172122489,3,0,5.745465727582982,16.922649525763727,1,34.06494617551705,4.524770988772328,2,-0.16808846963742657,-0.18641900810193143,2,35.20107588557261,14.398672864773834,-3.2931169988313913,39.65437223211691,48.59442869548226
1,2,-0.7289034903575409,58.957226546654574,33.81258248860521,1.8046103305006733,1,0,0,0.8353045919768067,1.0026950197144286,0.28068543855983424,1,20.21923766454586,3,0,2.2755002069177,10.119849259918992,1,21.93282000066425,1.733223917234764,1,0.15688164110009264,0.17998743170923998,2,70.2017816174238,11.391905006519744,-4.674004542634433,17.771590455448415,63.981424482442435
0,0,1.2855942121973956,25.34281823259529,99.10159350319667,33.63864824094396,0,1,2,0.17692723044961622,-0.6146380480799528,0.06359632398229564,0,79.99830313071658,0,0,-4.658103867625774,6.601300591270506,1,53.55380898550554,38.455481247326524,0,1.5734467867983124,-0.32570731788344914,0,0.04271801920084917,39.93589605749548,9.986233430760233,39.91633968157652,36.57375407512623
1,0,-0.5870985622681991,64.07433857133486,3.001143747488327,2.298520625884785,1,0,0,0.8948806265419572,1.1661324063111473,0.6360104360136299,1,31.87906776868262,4,0,7.681084631107009,1.236462142823395,1,63.592707235496064,0.8607546688422887,2,0.23212790508152145,0.24010981714172247,4,94.18540195930247,20.33879049585039,-8.287443048497218,11.770816950320151,61.78965549886343
0,1,1.2777623895779013,53.359035039284294,48.335452476853746,1.7307918083684692,0,0,0,0.4916583865165202,1.033972096249418,0.6816670291138984,1,27.499353517583806,2,1,0.38096592934674334,3.48514523467061,0,20.561625164329005,2.4609032733630873,0,-1.2332988470187962,-0.7493041066862934,0,59.052513151544325,18.040633126921822,1.7418586646468714,4.745354803878854,61.806414089281674
0,2,-0.08456207138058654,36.35864690766407,91.8902921750054,6.040084781572778,0,1,1,0.30664728345989234,0.7028655948953503,0.5824999034667383,0,59.55775047063388,1,0,5.539290567273273,6.72769407247216,1,49.545213721451304,4.601473523315602,0,-0.261064382691466,0.02373653451261214,0,15.829136752268653,34.21005433695516,4.223084135595309,28.958095898730217,25.797206154796662
1,0,0.87027609718994,32.78294697465293,52.983067023686594,2.721401765981084,0,1,1,0.3241391112051438,0.6660464350504202,0.5189441815327398,0,27.246200940405387,0,0,-3.4655600165513354,1.9028507265461412,0,38.4943697314385,2.4388405949772074,1,-0.5902473456564251,-0.18835459309947566,1,47.0997949437819,13.480670887044678,0.8013987469542005,19.40094365511156,27.053840132673454
1,0,1.091032076361965,48.81889517621379,3.1555747727561423,1.7986819749023735,1,0,0,0.5665070341334821,0.8687579555973906,0.06463224458515932,1,22.148677928781623,4,1,-1.7405355974748637,1.06535286401733,0,53.888485234088854,1.0503658966890306,2,-1.2469037610765452,-2.256197701914302,2,92.17188671323974,10.660759420988333,-6.840691161721515,14.893542587960438,20.31092258475578
1,1,-0.47959477242181847,52.139406434048716,10.23323141161297,1.861415689260395,1,1,0,0.6591920492822754,0.8771132595475295,0.11288824764607724,1,21.565122832018307,3,0,-2.7047917995787305,1.8773966601742602,1,2.0579395269108325,1.6734834783559096,2,0.043045968211161946,1.2533287908031954,3,79.93861043138405,16.446616516970057,-3.7906826369584214,22.492331996237315,53.011054764148206
0,0,1.313527270990361,67.28057034273571,71.62602363256796,1.7978280770267212,1,1,0,0.9265582325374754,0.5878207330054606,0.5114875137267956,0,57.62814812041539,0,1,-1.215967465385555,2.626676324326149,0,66.5823348229993,5.314666991472397,0,-0.7892326625408664,0.6572832445174396,0,23.569137426526094,10.650110499940366,8.489185715513898,30.230652468255933,64.93882012161731
1,0,-1.2243875131516266,42.69938595710644,31.252470246961717,1.8215468166410558,1,0,0,0.5190247115111399,0.5313948310563209,0.46134276168953076,1,22.709238406865964,0,0,3.4236781885125076,1.4561996986052443,1,64.1102634763484,1.7302560437992194,2,0.5406048452220447,-0.9463222545887592,2,67.57622935724952,14.396751466140735,-3.6320217591256476,13.744437684016885,48.61163513937363
0,0,-1.4973456265183682,18.99493185218936,81.54619964085734,5.115085799457793,0,1,2,0.14734395684270157,-0.3163009236337431,0.3568304415575473,0,76.29542356241116,0,0,-4.947436111416581,1.558380591923333,1,0.6314861192677679,9.902738342035425,0,1.2173018942130285,-0.5669676738627202,0,5.397871634572832,35.92962523294492,9.759444792103928,7.708000350578752,36.63063500115658
1,2,-0.8925515427035982,61.60132229520154,2.8117811810755287,1.8834122812608,1,0,0,0.9124652120545078,1.253342810155238,0.008686610557463004,1,19.85415762090033,2,0,-3.6062778889079947,4.915312547379481,0,27.032871130737597,0.8354663856751839,0,0.1031293149800784,1.2541215054407109,2,94.55125375943976,13.122784828554972,-6.624356806990348,7.830384670113537,34.0092252784423
1,0,-0.2682131321459871,59.77478492902599,3.664690249047209,1.6740229099556156,1,1,0,0.8102954267743947,0.4559290080639579,0.8739619548199233,1,21.224309674666433,2,0,2.967364876114523,0.40169361440916,1,57.663394809887045,0.9891484948057825,2,0.013605050535393778,-0.0553985200383368,3,91.97008870055237,6.6396183522476,-6.352851485065586,7.834398178071584,55.38156602182933
0,2,0.670460520226737,56.86817936344391,69.71643162170041,2.0871721594134516,1,1,1,0.706524979305963,-0.6773495349883621,0.7117010438053053,0,37.06628841742322,0,0,1.5075566635213633,8.173341765173468,0,68.87229155347698,3.53934052609523,1,-0.9339709064026881,-1.1313684908985084,0,35.74774508285673,10.187686461404848,2.5224834453165457,36.24467637616633,35.97312109072343
1,1,-0.13219017373590025,31.53841777472853,61.1935726315091,1.3305540694056524,0,1,1,0.19237829725961897,0.7070752255550236,0.26261756502008,0,33.147055351053154,4,1,9.053087943491626,3.570246474787746,1,14.77614331269578,2.841119046625227,1,-0.6569371933840078,-0.13718794381444763,2,47.059756880747585,9.448953585313909,-1.5910142884002703,31.196301643062476,27.47763614583384
0,2,1.7463897276500737,26.22649219345442,97.9057263162274,22.36274579333739,0,1,2,0.06727804904937168,-1.097668492858848,0.6986645293427385,0,78.56336690124616,1,0,-0.3839058553311343,5.0694054976950245,0,33.39378968559072,12.824266776865294,0,0.7346220255392885,-0.5785746793369176,0,2.0237094781637155,39.501284270660655,8.91603274751765,36.52203548093087,26.175762400777465
0,0,0.5431529856680481,38.63854344990578,50.18460473597246,1.3380137952653173,0,1,1,0.24785011494604875,-1.014375739425315,0.4216795845405843,0,18.8682548460675,3,1,-6.646406807810661,2.244391362501787,0,36.61918464059284,2.4193137740846464,0,-1.0105244207419057,-1.0588264189496486,0,54.459779835268705,16.83569812467574,1.354667031289587,9.18626141473488,34.77308327529296
1,0,0.8940033550297926,45.24631847080238,45.182259528283865,2.1903186992638455,0,0,0,0.360756271672678,1.0891200185163197,0.6246390229669921,1,26.393720680361888,3,0,1.0916995835397216,2.967587713315893,0,11.545348094805984,2.3155742661415406,0,-0.523966001540429,-0.38474425190986117,2,60.08608813781966,12.935463408654241,-5.457253954408384,22.352820085086048,30.809054134119258
0,0,-0.14794970971627364,57.10472082749806,42.81442112865431,1.2670702806910423,1,0,0,0.6450154668834689,0.7885700925837871,0.5269663065874988,1,19.527256236337678,0,1,-2.5734570109089505,4.1100101618696625,1,72.17540581730799,1.877689903177252,0,-0.7718673361880392,-0.9511260424936993,2,64.31587770673711,11.157690041229152,-0.9947420755224243,13.807208660660537,68.14242935571102
0,1,-0.9463007354815225,63.263428812167604,67.46703385271877,1.6698144689190246,1,1,0,0.9160725496638857,-0.6744223002593119,0.8290010201946382,0,30.90197364168306,1,1,-7.7100382953476085,3.6409971121492664,0,32.851931793963345,2.979126031621435,2,0.09309868430411467,-0.12737478119821796,0,44.002957799306316,11.89877669557118,-0.8719719964985924,33.0317618304339,66.35989017084304
0,0,0.303698867832192,18.266544836107336,99.08788303258133,54.598150033144236,0,1,2,0.05986937757867428,-0.09434611366907525,0.9499887413674191,0,79.83825468985667,1,1,-4.562021285944055,1.2112286040736064,1,0.1265444228878998,19.89202219098769,0,2.1251484028006975,0.02642653888377766,0,0.36372778646792114,39.999695783301604,9.179819300223727,34.388948640869614,23.232086256567747
0,1,1.3720260015616406,49.585106143572,58.07467892086653,1.9080043015987127,0,1,1,0.34470315293646525,-0.8668687849249028,0.3959331171621234,0,25.681137683001502,0,0,4.150095101709619,3.0628988417258287,0,66.14453628514059,3.1818312338098593,0,-1.3656622048944662,-1.4743373355345524,0,48.459610095315405,13.043910963227404,2.760153812607671,19.158910986445377,35.80713081908528
0,0,0.9729719557677079,33.39017879310465,69.02398749539901,6.308106681431992,0,1,1,0.20392284449138814,0.6200264508981495,0.37985944596924537,0,60.394277739023835,1,0,-4.517384552702904,2.883703140764308,1,79.62493533494195,4.512885900518945,2,-0.11288478607745844,-0.7024049364398451,1,24.189760948866272,31.384758648926034,4.716832449462981,25.31190203047708,22.849633807156913
0,1,1.2664725520575868,40.15642228409241,87.92127698931296,1.8467947428296974,0,0,1,0.21539218710580332,0.027300697146049647,0.6507927706567234,0,51.359330599414285,1,1,9.427248694662048,3.272867624174879,0,22.474647411128842,3.540262924132891,0,-1.213188134907101,0.679663225344145,0,31.0086539950584,10.523898958727539,0.607806772814488,36.11201229244316,47.94402377509316
1,0,-0.6541324089269338,30.470781097450725,76.34719966280392,3.0394737032407977,0,1,1,0.20609202380467262,0.10002020136241345,0.5439617157279334,0,57.52946392024674,0,0,-7.707603576582559,1.4802858778880759,1,70.25618531293387,4.461664632158747,2,0.7194562034731583,-0.13874235400423798,1,25.32174943789485,24.348702295257954,2.1187505586186983,36.29135334408279,49.05484173058393
1,0,-1.9866676217667756,43.50135489830294,12.244360765966228,1.7886519872011668,1,0,0,0.48563400987693317,-0.7074675735243812,0.4216222806340578,1,21.881323802161923,1,0,-0.9617543786003715,0.9936188317560123,1,32.24047967735082,1.1437978673409734,1,1.0886398704244387,-0.636406461688424,2,84.41790488129223,16.00812895400434,-4.2949319636026315,5.395254146600996,68.1388707962813
0,2,0.596930062422442,26.86685454850348,88.10538778662576,4.805302779344835,0,1,2,0.13329216603075428,-0.6047377875634367,0.5052075060925346,0,63.70054469711089,0,0,9.667056973213906,8.001972042284553,1,22.870671316900992,4.630474892453028,0,0.42384176598989004,-0.7226455146533963,1,16.009886726262724,27.047624625432867,3.214057872700522,35.54074033513078,27.348176828612537
0,0,-1.0363734469405321,26.784842873041228,85.82687223218622,4.380871190347403,0,1,2,0.15217259137809097,-0.7188828373847276,0.16698794323290833,0,77.90331668269198,0,0,7.592407317085229,3.805254245404641,1,35.040945099383734,9.005092989465464,0,1.1989756493791224,0.7501203279538035,0,7.3364596517625005,32.37785108614109,8.98551451238923,25.346712441126478,55.989992982920114
0,0,-0.5328189415266092,45.756642827260734,19.333100789894676,2.2812056235532414,1,0,0,0.5468232001973293,-0.5799130904718067,0.12228514048094524,1,38.88198299790525,2,1,3.8789419513038776,1.7126058739333119,1,78.82947487849742,1.7488967041944028,2,0.0015636206855161134,1.0551170759703035,1,77.88690371537186,16.750272965648378,-1.7622734980592512,9.830082572788214,35.526303491998156
0,0,0.6904346436824025,32.246229634193334,78.45655971718124,3.201993479613999,0,1,2,0.19610858698657674,-0.2658182238655582,0.13128358108585297,0,72.95225472484407,0,1,2.9152364659048313,2.858422040958939,0,56.037106445377994,8.943571337773964,0,-0.27817761561073234,-0.34976310845571607,0,8.48311215314254,16.406684548066394,9.532317834131142,23.44286814317911,48.215926808685126
0,1,1.525342815979775,48.309951524716354,59.31424879439493,2.0042887426479417,0,1,0,0.2816938396110419,-1.2417447029222421,0.02496579644984198,0,59.799788280117205,0,1,1.081715268540906,8.861879719944662,0,32.98639518160499,5.1256726063020634,2,-1.7744806403044915,-0.7040125739661279,0,23.206121380299066,11.79423570651339,8.339574214473778,23.624155088604162,49.19661333083011
1,0,-0.766918388427011,24.679355502852715,34.945303300936544,1.9360564516664545,0,1,1,0.0939745720107602,-0.8482334671552211,0.777305056180623,1,19.404705094603244,0,1,-7.586996669525286,0.8226574867223673,1,47.834597550258465,2.0727809965028174,0,0.06516515794435485,-0.33544765043697117,2,64.31544006065751,16.04443195266746,-3.176405928305293,3.2291079722423954,37.611659838215985
1,1,-3.1406584647997007,34.34615625595966,33.787827298882675,1.0844150427836483,1,0,0,0.6175276873165423,-0.1701050530491014,0.6690194260842768,1,25.83973144288521,0,1,-5.31917374182439,3.2148589528148435,1,28.243665401012336,1.9826496613682665,1,0.9074737487997497,0.3315608636466403,1,66.33021947588847,22.061949392112084,-1.766797260961786,16.77011038342663,67.41493195160186
1,0,0.04408247207200216,36.7575370805703,27.98061863694502,1.9471494897987056,0,0,0,0.23955415984354533,-0.543445169562441,0.47168717629757917,1,33.093247441729375,4,0,5.155626958813135,1.229292139708233,1,53.28873993670443,1.5792074562245302,0,-0.3824845854546728,-0.15427135028196629,3,75.8722378512715,7.927419716692608,-5.607975238518619,6.028768121422221,41.199373028023004
0,0,0.15252112860040556,24.433778812983828,96.19613255394455,27.054239210248337,0,1,2,0.19991595091734898,0.33271244963201035,0.9325119617686286,0,79.99539286434063,0,1,9.64623252554577,4.853690869138783,0,61.09827948542267,34.99515852594561,0,1.6760369874818222,-0.10804225513059638,0,0.05545069634300126,39.9962272835741,9.99257038228713,10.84052799830015,27.543474350200185
0,0,0.526962846334244,61.039422167797014,46.31449372537381,1.4241461450386834,1,0,0,0.8032453693306384,-0.19770778182649448,0.9062760673276361,1,27.45221150967111,0,1,9.973871247337215,2.6175911719027853,0,79.15983899693464,1.7419553936835812,0,-0.5370775083476923,2.112038122914723,2,72.90345239703761,18.13141184367233,-6.0194614445553825,7.361727101696172,24.24337289582065
0,0,0.6131256641246816,48.920891590283546,25.970632073330137,2.597489790315787,1,1,0,0.5080704913162114,0.6715917969185377,0.5137685985096514,1,26.299962226293268,1,1,3.4050557959833903,0.6455500299331517,0,56.82490712363591,1.505006625069134,0,-0.3850773519886434,-1.1769696786303558,0,69.81037255291297,9.244372100705274,1.1460401926478188,11.510718083872792,67.54481256688788
1,0,-1.659826659586484,37.52936760576553,25.09272312953874,1.734577543076523,1,0,0,0.4871625944487822,0.662012438580368,0.6310939107925402,1,31.665278650238022,2,0,2.4077172840145717,1.1156759509863736,1,56.143674213616144,1.6256954729853839,0,0.6581206315596468,1.8764570118117538,2,74.00926000049814,15.559608654492873,-2.931744540585301,3.0898859418562474,46.89506274570072
1,2,-0.39037606749395914,66.40265423397695,53.99743437983621,1.9997067048427124,1,0,0,0.9726196817340107,-0.4329386306771674,0.7363330322333137,1,26.630138673549233,2,0,3.832720903725537,12.102845851054454,1,49.30880630219323,2.154700860688129,0,-0.2958693944875518,-0.2013987367695028,2,60.55015073105117,12.763402721653494,-3.2958412536605515,26.55214864449946,69.84982117581276
1,1,0.3789319531443607,68.65853133505298,39.46820438046682,1.7841747391543825,1,1,0,0.986557247172825,1.4835666693429346,0.2791146180348747,0,43.69183266081734,3,0,9.182531632075026,9.563193972028845,0,28.2336927609716,2.1143964084750686,0,-0.5544190408303151,-0.5051997982991365,1,61.41369391496563,8.08231878110421,-2.080933251866921,33.69066973581126,63.974001451883666
1,1,-0.1859617727968666,68.36574109775377,8.248317185602982,2.046084938962338,1,1,0,0.9856135449274963,2.3627606511789034,0.4640175168181424,1,35.971779633035666,4,1,-4.557894653925817,5.588288512899039,1,64.15801405406332,1.1453311337598975,0,-0.06815003149162355,-0.5807187935334874,4,85.71784933716613,18.69062637423806,-7.169622030327956,27.15680151490735,53.970755291449045
1,1,0.8328604731343369,54.59732636846925,78.07693242346085,2.135800367918095,1,0,0,0.525702956903982,0.2091821237578849,0.36868784348567685,1,33.44155082235594,1,0,-5.11996632218589,3.6270225758420693,0,3.846367645670763,2.8185862833760686,2,-0.5451741468959203,0.10944924083348873,3,41.76514436235333,11.595657120311165,-4.469388341406802,35.564346722227654,48.51759002506526
1,1,0.48678719914748286,40.71817290282504,58.065829735643085,1.9318983030503882,0,1,1,0.3016996174891661,0.1554219922826629,0.1300416511775465,0,23.313202901912746,2,0,-7.790482048524048,5.600835297384492,1,51.558464887710144,2.6486806616113863,0,0.031040270976001785,-2.3842791326255965,1,34.06838013295076,13.733914827841755,-1.540590814901762,32.86093094464164,24.482864781044302
0,0,-2.201549925509231,56.33430238651246,37.987658405086364,1.4956209538477048,1,1,0,0.8057080959031611,0.4401224879258662,0.32747254639834344,0,23.608716378413817,1,0,9.05914126476397,1.2783914933091427,1,20.93828194305463,2.1845873424966262,0,1.455598703790603,-0.3902358348919447,0,60.618160031808685,21.357741588617714,-0.0779515043926775,11.672389686001308,69.99996460570648
0,0,-0.4070883660751852,19.88506645391872,40.851790284154674,1.8448227705031253,0,1,1,0.17249914604671224,-0.2053981858967013,0.3217225146200947,0,21.1672848893056,1,0,8.720283319067011,0.48056052398152393,1,26.879093872638045,2.492415730611416,0,-0.16106108341602446,0.26259103728984196,0,55.821908854757794,13.664436361357648,3.1436984844348785,3.033976901178186,44.49058625076617
0,0,-1.9068377092922717,18.60298506923707,97.08633176183334,45.943280002754264,0,1,2,0.08985647554468634,-0.6005142339298677,0.6420181669108125,0,79.99978883434676,0,0,-2.125074997595693,3.911310549553328,1,58.41766017413378,48.457301902176496,1,2.55020281888673,-1.0600256727400117,0,0.014570529002327914,39.99994739015386,9.999896256806348,6.463731805330624,53.380790435148285
0,0,-0.43228570870806815,39.69010524793278,21.900611933991915,0.7591432007112292,0,1,0,0.36081089041767106,0.027879030447722407,0.008309529019359163,0,18.36127375867894,1,1,-2.1267282983940285,2.7096057975715504,0,62.04413746461199,1.7135332617555141,1,-0.9874818856774269,-0.2510656141433799,0,67.19380105427605,8.454766613453268,3.3515443700001413,11.139476509747679,39.439572380101275
0,0,-1.4791336371737436,35.44805150256339,48.11592071570325,1.9641267334914851,1,1,1,0.41769008105222316,0.011193400452274557,0.13081786411949564,0,22.969648556979898,1,1,-9.25996767215411,1.9143861129384334,0,30.68244516297402,2.4437403465870555,1,0.32421311509537,0.5032914699386842,0,56.075307130485605,17.215891263795275,0.7041991143965642,17.336143836442318,40.485360817731475
0,0,2.107991533846025,54.20815609594116,10.257772756911843,1.4124809776909013,0,1,0,0.42183126483552125,1.551384225013339,0.11234141126990116,0,23.730859364153297,0,1,-3.835379210651693,1.611295256800626,0,31.72777505186968,1.8426453124049762,0,-1.3483295836128293,-0.4159929803405612,1,74.4896744257085,9.060716956053387,2.0162125744935473,3.0751754010734023,53.376673001842235
0,0,0.7827940941188667,54.84071027071296,54.00641335735651,2.134076161882279,1,0,0,0.671755851291742,1.7208995976574464,0.549756140227188,1,26.83206389102533,2,0,2.0246619378343276,4.028119446269345,0,58.79727978461765,2.4959853957969544,0,-0.4101213535098306,0.6817154371727006,1,56.39648102119328,11.828509376500485,-2.434661246916356,18.712632565310273,48.316839997897105
0,1,0.6300974404266434,31.20644188335276,82.18456608675764,2.154667259999547,0,1,2,0.20999711600791215,0.8409341328205322,0.5305990101086949,0,48.44568375363352,0,0,-3.1414321421388696,3.7546397338563318,0,2.1572212946104585,4.536847107543881,0,-0.25879533875579636,-1.109065487555851,0,26.76449796806316,10.638202441858846,4.122452893314186,21.32254638748124,40.86287666867907
0,0,-0.4113953668709659,26.78542379413838,61.60250879518646,1.5954441104502555,0,0,1,0.24883213455284858,-0.13352679194071104,0.5168442173838796,1,24.81118311344033,2,1,1.9548301510305706,1.6228819049060077,1,49.99402902292957,2.142606411858863,0,0.3396568672466748,0.7612903017562946,2,55.891399957867094,15.845460066204094,-2.6307069047644287,17.966076291867914,36.768977237051246
0,0,0.33076388590497224,30.679142927376233,71.93896007995006,2.478887475571135,0,1,1,0.22313963128341607,-0.5317931309654301,0.07524150688177556,0,28.592876517606875,0,0,-5.86935048675965,2.6377684343101717,0,1.0615990824996135,3.1057629904129094,0,-0.022670307910148495,-1.632809243320441,0,35.565177794663526,11.13691765474079,-2.072115920619132,37.275298999744955,40.1213198416894
1,0,0.47463135907428367,44.841193113800344,16.29809898508529,1.982744409702677,0,1,0,0.3835975348241352,1.0795034277933633,0.10963922557008815,0,22.020099026481184,1,0,0.9209896461826474,1.8917213202347067,0,52.70700074533687,1.6635259342918116,1,-0.9890513393479613,-0.9528079436697962,2,78.99457294365997,6.939755843679305,-2.3063958646244487,16.991271702102047,21.48065521723028
1,0,-0.15237387314084794,24.336567717688727,35.39696302371064,1.8073844757188808,0,1,1,0.10397184307039575,0.612722347432626,0.6163263176433348,1,20.357888851676904,2,0,7.093057120244957,0.8640449728103544,0,37.017414449921155,2.2915963560971777,2,-0.14647296454026562,0.9122453182820157,3,63.17427248253357,12.338418400917332,-3.6737678055428082,6.337816159991392,24.279025521058294
0,1,1.0456772797736917,50.39075161022541,70.87120416226725,2.2538867257211472,0,1,0,0.49311373317376056,0.9282655848114437,0.7531854473207069,0,47.32534789911175,0,0,-1.4042576931996695,4.472493291690543,0,59.72683520189605,3.5639300972168315,0,-0.8435056910046277,-0.09829087448538679,0,36.02869143431626,8.360380538795422,1.8001512792711232,21.695965339896368,32.54738464845617
1,0,-0.295653287994127,54.76543373329809,26.718809296249468,2.246606333713039,1,0,0,0.7402194088973603,0.8502660550811996,0.31121676502897766,1,25.130472494240248,2,1,4.973191063856897,2.536080020872657,1,59.75684014068111,1.656129246983899,2,1.0917494184875842,-0.48881782181872235,4,64.86737717784573,9.783579675962832,-8.020990248149337,38.39451258780155,33.48348125556832
0,0,-0.11262441158705037,37.02588713918702,10.818796759969668,2.179485898702536,1,1,0,0.37700756456895373,0.22120703416538168,0.4733839926541817,0,20.1368310734479,2,1,-1.7368651656261758,0.3975336418662721,1,46.39257400799668,1.7043615328907415,0,-0.12751473675987712,1.096169248588846,0,77.91968885953253,14.626268862086157,2.2521468596190495,5.697418799064852,58.21312346854661
1,0,-1.487324988071534,41.089059989311906,16.190193352356975,2.743434277978248,1,0,0,0.5021755073710561,0.6605757674722849,0.426825928834098,1,36.10655281398505,0,0,3.7422474659976537,1.3372889979088933,1,65.91882948085309,1.2781552745426592,1,1.184927575813409,1.3951809866075677,1,84.62075240607601,28.863655508767017,-4.303882971831252,3.0102940762268604,62.545945939849624
0,2,-1.3772545660613726,61.764797881348656,97.9561369607655,2.2541555034307157,1,0,2,0.9293347083909961,0.5479410816396525,0.9999999933187238,1,61.31330513741193,2,0,3.642203943300652,7.390445758480248,1,69.92940150391719,4.476263648771831,1,0.4640679274275251,0.872457426511213,0,16.05291324044285,22.08961714738564,-2.822741695565604,17.42584832513262,55.85749375204077
0,0,1.6517870866425977,50.939387052520985,41.14726402995625,1.7758329537368498,1,0,0,0.4651736847902044,-0.022095152723778478,0.3826784572800839,1,20.099030222312706,1,1,8.33519834685783,2.002073232261065,0,53.76474320229539,1.9657632216005678,0,-1.83499208939157,0.47565608462522974,1,66.99879644743648,10.561301829178458,-2.1323807661231244,8.186648695066852,46.356209339504815
0,0,0.27614429254796447,27.295524713610398,93.0777682428994,9.83765339884031,0,1,2,0.25108169125438873,0.16598532013894288,0.4917767499322004,0,77.25683099867568,1,1,6.457176486676719,4.652003132225644,1,22.838437072302096,10.496469825423459,0,-0.112090603912568,-0.3459743472300016,0,3.84922777504359,37.84302584134875,7.771387250349765,37.45341988314156,36.010314361597764
0,2,0.18199378688874823,64.79292375499429,63.12001324880465,1.6392503083988925,1,1,0,0.9049269250815848,-0.3939131043835763,0.48465134020758194,0,48.59130443731141,0,1,-9.349083410010795,5.122580255483293,0,76.59806301590542,3.909699550138634,0,-0.0652557632017287,1.5921222151978696,0,34.28360784558476,11.032427289886446,5.197441722619223,17.553857946777217,45.284770167191354
0,0,0.4965217784027771,49.44855714006526,31.10481140177529,1.593191298433976,1,1,0,0.468508798502637,-1.9302821120626024,0.1519896185754171,0,21.347745911700933,0,1,3.1415015442501932,2.7882807993890943,0,46.85299974372536,2.39800601182925,0,-0.23233599603391275,0.06311256633538516,0,54.20463382559273,6.764442471973748,4.455311613068682,3.4140878350691928,23.89323679538778
1,2,-0.43031196295200475,64.55819582457409,23.18782861418871,1.7455005268656694,1,0,0,0.9388225517698894,0.3387493750205528,0.6477921377749253,1,21.746511304217947,2,0,-3.815943217536873,6.769879520725433,1,33.923641860708614,1.821816337007223,1,0.18229712941106646,0.17551451465967588,3,76.86505439850575,14.299581542935808,-7.850373548789783,28.21401806598348,60.38436354944302
0,2,0.8692155911948193,44.18501442970479,99.13057316473227,3.212979891155107,1,1,2,0.39390485817349774,0.4679245225506842,0.9401630464411761,0,79.80844867499249,0,1,-7.445677281225953,18.50428077587596,0,3.305693391606215,16.384509382321347,0,-0.46966649405091965,0.14473708704936825,0,0.9726254962317105,14.151572818963885,9.680922084136576,29.35518076784089,60.38327603339276
1,0,0.241583363846998,68.87102602378593,1.4145918095013088,4.675701495789608,1,0,0,0.9801180004184362,1.2559381755142993,0.4243338830694584,1,17.061366672387187,4,0,2.549429151764995,1.7353793672050848,1,68.0091189199451,0.8034693653835495,2,0.9820126050484911,-1.0533044005029306,3,95.2012673329757,21.32784252501336,-8.082813112381704,13.176828243138488,54.02066224653182
0,1,1.1051442138039846,53.55953406983351,78.68935439076856,2.1892748151572334,1,1,1,0.5667108750721245,0.5687633088490666,0.8138046314844734,0,43.515006857495905,0,1,2.9350249269127957,5.9261110577932135,0,36.084579984879,3.454384310043247,0,-0.9716955410706114,-0.348083684904493,0,29.969108571971383,11.30120090093894,2.52125196746295,18.570521992474923,51.45370319882773
1,2,-0.2746163918426371,41.71121258269553,61.80341713781773,3.4799115438724435,1,0,1,0.40804199613613684,-1.6389334261084447,0.11086438333469589,1,20.51354787384139,3,0,-5.495841764249823,6.8022796401807275,1,17.651088135003178,2.5335378654780056,1,0.2563009997403992,1.4676664974988043,1,53.9346496044953,27.264070966921118,-5.958996775728086,36.70731073351635,28.78711101620563
0,1,1.2914689994842727,31.297848140570157,84.72747206500529,4.386503093756379,0,1,2,0.16610600147538812,0.1900743755076062,0.7266702589164814,0,72.11574246114799,0,0,3.532673548827054,5.537754397057392,0,23.887899903714956,6.9770066325100135,0,0.11586407512660865,0.07276593957365579,0,8.810660295452537,15.851943492724608,9.21282584106936,11.24325715072067,31.58050431761431
0,1,4.092722662187734,58.732824139651484,87.54907135129724,9.83395772131039,0,1,1,0.3868160975517524,-0.6849473769007989,0.7357039842297299,0,67.64039157660991,0,0,-7.108007661611091,6.783749379222474,0,65.7925612728186,6.4897458154067404,0,-1.736967086120182,-0.46834505529486437,0,12.765117617482435,17.55202465274657,7.885243584741978,17.017659288789805,22.922999389233627
1,2,-0.4222694752442462,66.8056123021334,16.94456960988967,2.3433026244073476,1,1,0,0.9743633185947489,0.9000531345655646,0.07248907852710695,0,21.913500064745417,1,0,-0.15424494845990822,4.483520680404614,0,77.11497312558392,1.6675133245605946,1,0.3006309796135688,-0.21278912699981123,1,78.61936986532281,14.678835884618602,-2.253898983539271,24.06003263077895,57.403328384479174
0,0,-0.17579356807006882,21.736667180895484,41.997563913138094,5.225505462289123,0,1,1,0.18838955651275557,1.6097076494193865,0.6136108556876677,0,27.423136680369304,1,0,-9.75935775862567,0.8680931746426562,0,64.0733622405373,2.9125114512526595,0,0.7568295627201813,0.41755535800651306,0,44.6292391593471,31.778805008123754,4.256979933188916,0.7512372864685779,25.024196381393054
1,0,0.5864099568420037,34.77450030356482,30.247026481893823,3.3535916627022018,0,0,0,0.28186037137556663,-0.02761796941166492,0.5308040400146862,1,21.919263628403883,2,0,-0.05517552882149346,1.8576059496527086,0,59.61110367248737,1.8954912775004156,2,-2.129201340390433,1.4949263370624504,2,72.09123047299526,19.368448093643405,-1.1104633580508327,3.379671687438246,35.17248036498367
0,0,0.8358759135746997,27.149129292865027,65.49402926611612,5.038763144423523,0,1,1,0.15785864251639026,-0.14622331720361997,0.9164866836221162,0,48.50979609713843,1,0,3.623371108590156,1.7298026930149994,0,43.62109090575021,3.626097955129231,2,-0.6819055097122019,0.8279382656484071,0,30.883278449440066,27.385715742225702,4.206437187052609,3.769813935672075,33.87777799749756
1,2,-0.7599788139295313,56.71012428755859,94.16548442062165,4.455664857951641,1,1,1,0.8160254776463802,0.030833180169207546,0.5585581423412301,0,61.91626621276016,0,1,4.161633792449122,3.9196876590546776,1,58.3263834694333,6.465307955315832,2,0.7044046394932361,-0.09817757932396602,3,13.359288743631181,32.416782653507845,-3.643346085850503,39.999819760018845,42.8978107948723
1,1,0.03283038755830544,49.22499627011774,69.06343722737401,2.53359780243576,1,0,1,0.622143775613188,0.481677198199502,0.6647312528643888,1,29.35635877507261,2,1,-4.05242679555482,4.797705138612904,0,30.00841889930843,2.999183166010641,0,0.49388504299403474,-0.7207182941120457,1,47.99512541495821,10.919705942275733,-3.932654158627966,30.175879140187956,49.442230885100756
1,2,0.4460932129751955,45.669634879350426,22.454607733482984,2.173525667548987,0,0,0,0.4377555977055328,0.15736561276255015,0.36892281221792084,1,17.020109090445516,0,1,7.478730164896959,2.9095219119805598,1,26.317435527946593,1.6037053192692308,2,-0.09295755207160708,-0.3559570171630961,3,76.17604506801088,11.239191353316173,-5.420289189849039,10.889581738813462,33.01846031232343
1,0,1.1464462292806747,36.883904602923025,47.445523488598354,1.8676873855043126,0,0,1,0.3824169063594431,1.579145688566819,0.6104014613841641,1,23.091952096661092,0,0,9.3217992240182,3.02442607128077,1,43.12105994840693,1.5566995828045511,0,-1.5078630385626046,3.0483982884959393,2,69.72992647338448,10.520884154293153,-5.336116379809064,6.396716107334186,42.05522619304493
0,1,-0.0015912215294436875,21.175181379351635,91.97019720651416,13.300758978560278,0,1,2,0.1012129113921792,-0.9089036041312866,0.39339091814825045,0,79.99343945099922,0,1,0.5804685649687009,2.320189402419492,1,19.085576081422317,25.674364071706012,2,1.2072417271066298,0.06253721847060878,0,0.2131432927336252,39.927957715047825,9.994268092433867,19.068442198453624,31.209499007340245
1,0,0.05390279387138712,52.844948541929426,23.781922372886825,0.9230178370653531,1,1,0,0.7106033295226688,0.5911146407623583,0.5323395739639062,0,20.626623334987745,3,1,-6.818514445521954,1.2600641741120837,1,43.2023196075511,2.65745704414305,2,-0.7786922486091681,-0.8140742212579711,2,59.97154711538426,9.819730275023403,-0.01500390538038232,24.719228424444207,43.491609227307904
0,0,-0.043155573327030926,32.58572898845875,80.14269058209243,4.171526522072322,0,1,1,0.20471846578111857,0.8644156906593775,0.6502064906759364,0,37.42965348840534,1,1,3.7481952041919833,1.4690748292310782,1,56.499893609640964,3.3588766253210705,0,-0.3551519939475263,-0.9776284221066347,1,18.80983781952571,28.42450696863363,-1.481840330425097,8.921412316405895,36.50779033816792
0,0,0.1496493909850884,29.70062881551617,75.78577305199732,7.871742325649433,0,1,2,0.2816331907835329,1.0927135835178632,0.23024793726620552,0,55.96818512585479,1,0,2.097636191636841,4.502925043802143,0,29.043636283745315,4.909009272509942,0,0.8571022058456556,-0.6958698119500037,1,30.263712615495464,35.81608680784561,4.028816606286327,28.80314450656264,23.32630662090452
0,2,0.14523028173639604,51.07610595640452,49.80248210641149,2.6641171351650907,1,1,0,0.6891637035763868,1.4220952483488989,0.23923335535618723,0,52.541189237090705,3,0,-3.4759166400286894,4.352516703226216,1,78.15709867439165,3.099357634626347,2,-0.5598029839025985,-0.2192043316697849,0,40.83404036393344,15.966782070515027,0.9222031810033045,23.600780564919866,33.878592044583016
0,1,1.2122035310779817,31.994235295182534,78.50688545573482,3.4664726126828316,0,1,2,0.22653634318896232,-0.2843734783980582,0.6100442232826289,0,41.82140902941994,0,0,1.4992657188075764,4.62689084502386,0,8.503444752962022,3.6324071326609553,0,-0.9303995717456202,-0.16899565234704614,1,34.460256298930695,11.776338405576126,0.008716969780014239,18.619187459400038,27.9908620903646
1,0,-0.41584970952046574,49.78802516924297,12.117378626226277,1.5810737522328593,1,1,0,0.5844583660021523,-1.696814859799584,0.22197437464651737,1,36.28025800460142,3,1,-4.024486554926967,1.8471358209006747,0,34.85066183437381,1.3207518610408644,1,0.23590302851052694,-0.02394989469235017,3,89.49554828173815,4.342014916597822,-5.31710670135153,23.498943228811626,31.68237606279606
1,0,0.6753989726511117,29.355685204182414,53.562968050633785,2.5293571383237774,1,1,1,0.2753758808842375,1.4491515937897126,0.5234040660062976,0,34.63192350630991,3,0,-9.189870361481617,1.9759977858365323,1,63.39291995540034,2.7818304270534586,1,-0.4803415368193602,-0.2726450719960673,3,50.13888653838815,12.615746453795875,-2.973670446321818,16.59893061591371,26.76121641233414
0,1,-0.16020340053842794,67.31538430892492,50.21447951684173,1.2931479615622534,1,0,0,0.9694611304118759,0.5900256816822194,0.3826289043848556,1,19.12363521351589,1,1,-4.292575877111416,1.8045360882058745,0,64.08364279493048,2.1912529296911147,0,-0.3181183308169376,-0.02318367668644412,2,62.45562780524925,11.09377362018392,-3.1318790853389107,38.538212565253374,68.95356895568574
1,1,-0.7439860074391631,64.55882961896562,5.240196225819648,3.0211039340503985,1,0,0,0.919684465084432,1.8241347398254504,0.2254650755326923,1,26.362162119165152,3,0,3.4785383133625842,5.877242194413758,0,51.73000278655225,1.0277914977387386,1,-0.13416618763532817,0.037125713806484606,3,89.12642905601089,25.164953043906635,-7.460445932140881,16.161506638226477,35.84140943558016
1,0,-1.268800340907918,44.5259808349104,1.181390778247765,1.988261744518875,1,0,0,0.5512304515750166,1.5500762920744258,0.5884023760228922,1,27.076728057628856,3,1,4.9410249983315335,1.6083988962357656,0,14.968627581777891,0.6313812714618259,2,0.30159080634610685,-0.6847373185491995,4,97.39335684782195,16.090398801723904,-7.459711145613436,7.513203222453613,32.70515227997768
1,0,-0.6095743062433119,47.03585617012524,21.490495460446514,1.4224675114511895,1,0,0,0.5571132492652366,-0.015038589487133755,0.752641892373443,1,27.298643494442054,2,1,3.5139979550000433,1.346956901209422,0,57.725577620698076,1.4409451125490234,0,-0.0911025039030579,1.182762066863115,2,81.91430861073437,11.22413462783156,-5.054417085078036,3.7507066679583234,41.18460832507657
0,1,-0.293900083246297,42.595873593782265,66.15262351143537,2.452683941468679,0,1,1,0.4052357004839636,-0.4803988549122229,0.7344084886952343,0,29.171038653702208,1,0,1.0604726108841493,3.871331620535044,1,13.36518351431847,3.137959586217,1,0.01263254314513539,2.3909928721494906,1,43.79156606913885,10.690795942402087,5.180956310787588,13.891495549667919,43.307692315282736
0,1,0.7182038644570521,51.534617414785664,61.35532091660465,1.264948070804523,1,1,0,0.5383646629292413,0.8453611380647728,0.5048717336806533,0,50.93483947166532,0,1,-7.34083243607066,1.4231479851266617,0,7.960955933805067,3.632091945188446,0,-1.2669888433787204,0.262314066192898,0,28.619014840902814,14.345895458675976,6.916991593420576,18.21158453467482,69.51185549179075
0,0,-0.4361932882447604,27.883119416808885,54.11131856304865,3.352710482283709,0,1,1,0.17133456519716378,0.6682083461202719,0.25615647234424466,0,31.678113613737633,2,0,-4.436662709282089,2.120647457821558,1,60.80410589720708,2.7873414587943626,0,-0.18315743995437286,0.15955517763226282,0,44.92245649740985,24.704892580473683,3.250881908475712,12.235572777351106,42.09174257971205
1,0,0.30307695974313836,37.1841671089564,87.3844923032828,3.0936357514445927,0,0,2,0.2467402869166893,0.5294290909170328,0.9999997712805013,1,43.59936933893827,1,0,-5.530925093439532,2.3654858043887383,0,5.5778694229178205,3.6275879019367427,1,-0.15447328778856242,-1.591805758700806,3,49.11089578557695,17.007342961453723,-4.489524450844334,6.3983138355151965,50.32902801106054
0,2,-0.7081039811267048,61.543484455881824,47.73093717513767,2.6046601806933642,1,1,0,0.89990841272382,0.02467842227798419,0.1038631516457118,0,19.32948305326672,1,0,4.422106199316671,7.917396888414538,1,70.27142940724262,2.6469936387823516,1,0.6626467653620806,0.8149309311994792,1,49.42954852881101,21.385110345430224,3.12752393851145,39.34364424695878,53.670405469318744
0,0,1.0889389449482942,30.87248310147334,90.38061898821451,6.0129378913669065,1,0,2,0.2992448944585464,0.41099343275421696,0.9991578443207165,0,55.571533677813335,0,1,8.569480891425073,1.4559557964239773,1,44.85027716834783,3.6752854048356873,0,-0.28489386661671084,0.1580253768565618,1,10.414028697190464,27.917427168309892,-3.4173318844055247,18.891973731067242,39.86948311097237
1,0,0.7227990686428507,64.56978051241022,8.218291380333293,2.523935315906118,1,0,0,0.9061656357713319,-0.45172389799858603,0.9270701556578713,1,27.85542157877652,1,1,6.642689312833024,0.5592851472440632,0,46.12758349267516,1.0744287318472312,2,-1.3787639813328711,1.2136790497998569,3,86.02159954536073,10.451688437207498,-2.7563174478939345,3.3529285159172373,69.6618867887828
1,0,-0.6986775367574038,52.42938113836775,17.738742779682866,1.8566311656705778,1,1,0,0.7781334252135848,0.28450630674482325,0.13012891859142994,0,30.70582449456117,0,0,-2.4068740286029646,3.54852063521173,0,52.81919095336029,2.077778294944048,0,0.23886012288939626,-0.12525639072801523,1,74.7230515667571,12.33120854733391,-0.4526674218428859,11.537392389051988,55.68879177666994
1,0,-1.159549003574425,32.104141077843835,36.184587032242355,1.5304003897191447,0,1,1,0.3246631849735313,0.5171635453014058,0.9794832344868248,0,21.92959517193544,2,1,1.3814469074708775,0.912002704964911,1,58.41121383954498,2.1304712251766165,2,0.7902622524021232,-1.5688760213879205,3,62.04571828741585,12.581258102964107,-4.914541359859042,5.3285010175729886,30.71346952553863
0,0,0.23600231143573885,51.50091974659464,24.590668734948128,2.4727181105731773,1,1,0,0.5796293852391242,0.18019694840624315,0.7316924639011414,0,21.968021037208764,3,0,-2.6995218638928042,1.1657988210764385,0,79.64194659606191,1.7668480515489984,0,-0.7711241303100322,3.245827891040348,0,62.327972859229206,13.853113350572432,0.24086151279234258,3.162079151956727,24.933978951845464
0,2,0.17894268611575323,47.94669235922097,87.67026277930303,2.6986488309359364,1,1,2,0.58222692930442,0.34419140050026953,0.3471637024508878,0,56.291610530823704,2,0,1.6718947444084584,8.592567753791199,0,37.88594929228592,4.476052703572427,0,-0.032495911859764276,-0.2178822031014323,0,20.29284882206772,10.916172212689679,4.483565112290528,36.87330432081602,39.44291643420618
0,0,-0.04159408674979343,21.855039024124856,63.13603417446985,2.5669200701660633,0,1,1,0.15122476871869078,0.35105887187446794,0.8561178507959353,0,41.96790896073266,0,0,-3.5085011211464714,3.2220680933640082,0,5.113238479236313,3.419198926070567,0,0.278006913283787,1.2139686453589136,0,37.51895127327873,19.148828185522408,2.778719032319156,13.441613455422367,26.325872192532014
0,1,0.20371602335163516,29.903521107905704,78.49518522033947,4.284741627150193,0,1,2,0.1965424989896089,-0.11103807092276617,0.5650964207623667,0,36.55595682554107,0,1,-6.010523336532396,3.583083887079509,0,12.586031134002589,4.039611590257081,0,-0.1669922061985926,-0.9030163833893512,0,37.231363220391565,25.77030553111544,0.6617810291568009,17.316419061245355,27.53411025121944
0,0,-1.9170499858961583,20.039471005360436,88.07548441641538,9.562161731081149,1,1,2,0.1825109672061912,-0.49976462458547677,0.609472424307461,0,77.62494666499582,0,0,-8.013351763966595,2.1309991791663028,1,43.8565487229176,10.307650265820188,0,2.3922860239889867,-0.5549420785197896,0,4.292939768749809,39.74285028007618,9.72751896611787,6.479117115804442,49.22059437799847
1,0,-0.6367489542512781,59.45431190074599,2.67983634206852,1.899223565417357,1,1,0,0.8622266083050691,-0.4427111534684211,0.026929281055777354,0,26.794003839248273,0,1,-2.9291934070034955,1.566952412611828,0,44.03726811822888,1.0024292781982431,0,-0.3879648359803641,-0.5763807882909094,2,89.3382400265699,7.160471323739306,0.7269165675343654,3.6352231229205145,60.52775261294325
1,1,-0.7787279790016023,68.44000080661063,1.8328356396190293,1.8792748564268682,1,0,0,0.9893567510647386,0.8491510483672969,0.23468088831478368,1,22.390021232167694,4,0,-5.986429938755267,1.933169294616222,1,56.16730928619066,0.7414056885021486,2,0.001180563605579591,0.2769108221269914,4,94.38435420429386,12.471925594422721,-8.15225264604542,31.49469927207619,64.10160291429443
0,1,-1.0668685218383451,44.41199515856542,80.95943975128748,2.3923090918979955,1,1,1,0.4960641128152092,1.3380564876009935,0.45950135625146465,0,44.04647907968212,0,0,3.542599847067587,6.670607360441857,0,47.608199406041436,3.9174416211933663,0,0.6538857490799502,0.17989620541967363,1,30.702778464713944,19.269434563974958,0.030613064258700362,32.40641714887934,35.17761702257699
0,1,0.5556964883382937,43.895790017211056,47.861307255778925,1.6822722937740147,0,0,1,0.3220257762001883,-1.2974643843314566,0.7158757956646808,1,24.335466917502004,0,1,7.780454098919122,2.5687297257036104,1,38.4833386125911,1.699499116637613,1,-0.5744277477249179,2.774499649136983,0,70.14979405364436,9.153033014864974,-5.445129551166572,10.892228317396812,41.43876045267804
1,2,-0.04111940544835445,65.9955922375633,25.030297529809463,1.8344959944407584,1,0,0,0.9319322931730603,0.008049679930649247,0.4487580350753612,1,20.31415895915977,2,0,-9.166392374589758,4.2279841073372335,0,22.200473521002966,1.3995406216265593,2,-0.45994665419471215,-0.06637417342885321,2,78.36692855439586,9.69487915657262,-4.829459711209463,15.512661486876155,58.11174469725881
1,0,0.9230392687224582,53.25821909701488,1.8634734882691184,1.9293935884675548,1,0,0,0.632473423998196,-1.0226543252041431,0.0437040041675863,1,17.541956203000435,4,1,6.538328931221308,3.436342749318259,0,28.71801368136247,0.9281465408892183,2,-0.6726336975035521,0.18998739625927977,3,94.79384957734315,11.172724190217398,-7.921084091789835,2.9120470868169845,43.79696802315725
0,0,1.6601894507775465,27.74021086485647,64.08489659420876,4.543913258950289,0,1,1,0.12558215189259697,-0.9237444228650721,0.9124549956540662,0,22.950108050424145,2,0,5.800937274753251,0.8878496849877122,0,20.633605579707222,2.371770950875897,1,-0.5585543426397788,-1.8282822758965473,0,46.788053273034464,17.83879673233358,-0.6045426726568213,11.647158877137315,22.375325707576074
1,1,-0.8706766304518269,50.998057584956385,67.00998480037529,2.4774714303768266,1,0,1,0.6660273827237502,-0.2599567310693498,0.7246723037447269,1,19.87453712862282,1,0,9.651722962959575,2.7599497368527093,0,58.348867753270845,3.104583925518836,0,0.36923105095141545,-0.5358947452040324,1,47.68042314091345,21.200161404132693,-0.9257083912929396,33.87422659192279,47.063582685831975
1,0,-0.043242009154461795,49.61040603626586,8.977246188101889,1.217563410214727,1,0,0,0.47085268561776156,2.2834041111308943,0.4979930588319105,1,22.50785048350625,3,0,-0.1142474843377066,0.5810184041233768,1,20.899734749055902,1.1137657278226698,1,-0.9710837354884275,-0.9390065890487079,3,89.10127114289882,9.701162176374536,-7.657074078385656,14.198490653513975,64.78394153198371
1,0,-1.0267769611706066,51.074387907760155,32.98603738292304,1.7148873308034238,1,0,0,0.6838880482547688,1.2576547426358191,0.8341732792765744,1,20.949125585587062,1,0,6.939674859609493,2.0303177236830767,0,33.14936033050955,1.9702927396680014,0,0.6789175170007822,-0.6462226047086211,3,68.50132137770352,11.682839013049994,-4.571070828128309,19.659673502254552,47.378783559084056
0,0,1.6378662456774482,26.012417720422825,63.30150341959937,5.952572492689316,1,1,1,0.2728096385675824,-1.719078715225196,0.21595980394099928,0,45.2183485155723,0,0,8.334710430548839,2.924874497931691,0,54.50991409594559,4.144562544085996,0,0.05488561225971272,-0.5149661348543468,1,19.356371546350953,23.851189676160715,5.897648710231508,16.963826253294307,28.947726094501938
1,1,0.6550104158665161,56.36600341053377,15.997850825903798,1.345351927960346,1,0,0,0.8164704577320562,0.39246761059449475,0.53506514640538,1,32.18610091115215,2,1,5.404492026155081,3.7627176449151514,1,37.88945990258026,1.2822751160606394,1,-1.7919483766023825,-0.7334686292219084,2,81.02648401656384,15.242391215621044,-4.583243852261556,5.3349419834848,48.85291121980042
0,0,0.6700809960615538,28.30719489417038,16.100149356973155,2.4401690380689076,0,1,0,0.18104740037565864,-0.05860807201096477,0.09887175876292581,0,22.45148883495485,3,1,0.35162205806290636,0.9721230899099099,0,40.232292557833034,1.5917413387720685,0,-0.5445635361981876,0.21110452174629993,1,78.33720800104878,12.089257519879686,-1.0987983316907464,5.601177539012268,33.62462746700782
0,0,-0.6281723905683554,18.37889592396121,80.66161171410113,17.078738194030503,0,1,2,0.07131830156878838,0.17026082136679216,0.49956419635494426,0,78.70116765047513,1,1,-0.664119554186346,0.7510635350734612,1,8.047043152259903,10.507965896272498,0,1.6519700733426372,-0.6482079641923034,0,5.574822039671629,39.92709073739785,9.64611178729621,6.573811201922513,28.790095264334003
1,0,-0.4889189195844477,48.607213159879954,0.7080856573399019,1.808595483500065,1,0,0,0.4835196115238192,1.3352882734084837,0.20199538289539265,1,23.207537884900926,2,1,2.6832055175467993,0.21554293727458743,1,78.5446814676372,0.689059414634906,1,-0.6953373078972773,0.2212281271569529,2,96.56947935766004,9.98651114690711,-4.921457196089217,1.7147786238316098,49.706610112507676
1,1,0.48392543976993285,45.01261157137614,54.87326122823142,2.028841977846793,0,0,0,0.3370173657034545,0.45406579585324147,0.5429546057650221,1,19.69153958950782,1,0,9.063961478356639,4.010492437692671,0,7.784568176090265,2.103893130849394,1,-0.7475032980396986,0.928245811775783,1,63.311071897808645,5.251231661372273,-4.660841197580801,25.291265774289435,37.81659539268564
1,0,1.501740580845509,36.37616717312666,12.908835342668572,2.2883327341057305,0,0,0,0.24136765794494536,0.6574144257494783,0.22317500360475084,1,19.317502178961682,1,1,-1.2033780592895784,0.7069417382978416,0,0.9963415427129707,1.3624374052888564,2,-1.396783899488996,-1.3829548151067979,3,85.9697546733595,10.399989431243334,-6.453028370018049,16.840605191896497,30.932910436779924
1,2,0.09038308651061927,39.09248060684821,71.33477091078562,1.939903552206109,0,0,1,0.24754170760430577,-0.911842723808769,0.8484609278164807,1,21.64181129528009,3,0,-4.957306608894023,4.744989225271787,1,21.56846886014491,2.496882949888913,1,-0.1422147801973661,-0.5754128368956307,1,49.40121374657826,9.617897712358204,-4.440023251016248,29.904759435887016,26.272590602530254
0,0,-1.0706445839567684,38.30114827643189,67.13674174262877,1.2361851369681196,0,0,1,0.26201087760204556,-0.5645698185381305,0.5736137676980326,1,24.17345355375817,1,1,9.9741234095722,3.604499770949444,1,48.286715888920696,2.41100219930134,0,-0.5170455712665754,2.4421733626955784,0,55.223630273147286,8.553184278128136,-3.39710853838082,17.37261287108754,55.990012805425664
1,1,0.45749685334120266,64.7688648954356,39.2280613623542,2.3265073349321073,1,0,0,0.9375381638775601,-0.3497820768478782,0.23221582200976865,1,27.515702592104752,2,1,-2.678267400459955,4.703065851630386,0,53.91822582760561,1.7886175725803877,1,-1.3731366619376248,0.7791183190006364,2,73.63172147323152,9.662259475139992,-6.643839944504887,37.0742694193863,63.76242612299552
1,0,0.2289193785627112,44.192064598556726,85.42972539926963,1.824758060066808,1,0,1,0.5415755401207153,1.4227282860862225,0.7589712218774882,1,28.75587382459731,3,1,-5.109510319392665,2.2111034048356726,1,6.091224846495327,2.9641021452246754,1,-0.7271074558567047,-1.1100053371775311,3,34.43713608261591,9.11635816238851,-7.627374175683133,39.996989749272615,33.43988739518171
1,0,-0.3434917516747007,46.92739363884298,27.529534414447777,1.4346402726688725,1,0,0,0.5576682251909136,0.006976558846091108,0.04815428163108271,1,27.29373059814773,4,1,-1.8154475153217984,1.3611603464392137,1,56.5349692063449,1.692971400292352,2,-0.31255907546867945,-0.8791419957505383,3,76.5666502399875,8.195483649776083,-7.206300734129244,38.68290765818645,29.286166340991457
1,2,-0.20958450622928823,67.52720972301245,17.290722822224648,1.8351324693082351,1,0,0,0.9627519558833688,1.9238632526729456,0.5754130354765503,1,18.927780645599853,4,0,7.646412958615155,5.821807475723917,0,28.723036736507467,1.6778314770697131,0,0.39243276334619454,-2.977802935275338,3,79.47472756495108,9.709271214693775,-6.440347489036781,19.09120660157226,65.86090824469701
1,1,-1.0813271368622124,37.499194398668756,38.45090698778114,2.0053714709704993,0,0,0,0.32973523076674327,0.046795078329505184,0.3008602200222339,1,24.273232895305867,2,0,-4.437665219063394,2.438071437224937,1,32.94062588030429,1.7473682549858274,1,1.1224396441644018,0.19366109268179552,1,69.77029638862811,18.55712828867572,-6.183921872113588,29.975977948051693,53.10722337318308
1,1,-0.9526267571474956,38.90942033778648,39.01942608374463,1.9840377297095604,1,0,0,0.40360268085005185,-0.057401725046430964,0.7810284408382997,1,22.81130881067209,4,1,2.852106463547992,2.8690779188107123,1,44.971667386897025,1.6859385529554507,2,0.9458964591753319,1.7848607676923367,3,68.27954818310968,18.140018661240337,-7.927113604708551,19.11744068291234,30.932767119593237
1,1,-0.13997691424477465,56.95188638757779,52.22288845792896,2.2714385703462496,1,0,0,0.758128066680692,2.641901564378009,0.9093349361633478,1,26.89190216778012,2,0,-4.593850230923273,1.553886295008945,0,22.121092931485798,2.3281281359855024,0,0.10893545682504452,-0.10748266819589881,3,62.1957502367269,21.44526816679698,-7.227437087962851,39.2969559213537,43.20098861347595
0,1,1.1254187875465322,35.808389681051665,50.67360418220177,1.115405142018291,0,0,1,0.2502583293018218,0.9174492690236357,0.20108573561041132,1,25.468916403951617,0,1,8.28012286545913,4.11659744099763,0,23.276753411357035,1.7668727645531281,0,-1.0148951999839417,1.6910716125893097,0,65.45494202673255,3.7758340290113623,-4.062028755805005,14.422447419522946,31.70108702081155
0,0,0.8216772208049827,20.3734850639308,73.05280364557937,1.5677330797407236,0,0,2,0.1003497566719912,-0.2574413193537502,0.4847733265983726,1,23.291403149985072,1,1,8.556761929515005,0.5314811367577947,1,0.040715848935257704,2.7791685388926357,0,-0.9111863039029768,2.198749644334931,0,50.34658666729012,10.54785304998321,-4.642711383266303,27.781428189213845,52.82265077416033
1,0,0.1111645967554012,43.763156083349585,32.175555236254695,1.8643457303461948,0,0,0,0.28222481397309884,-0.6615792508400109,0.5166380404450571,1,21.165145192522886,4,0,-6.816352999593213,3.1486865532115234,0,44.21892823752694,1.474855636132767,0,-0.49999755650050554,2.112336368504692,3,76.85448112418993,14.116424709969236,-6.644679827486336,12.530511129136643,45.15518441408713
1,0,0.8260822151488859,27.64369764707945,18.86330629894682,1.8872963307882324,0,0,1,0.22136096670711392,-0.22507874520680446,0.6023596940669262,1,21.0651431098012,0,1,7.816260145015612,0.9291750942220278,1,23.71343998727071,1.3002392792278599,1,-0.8478317524648997,-0.2968412299929619,2,84.33899215525662,11.872454275039455,-5.99986013561921,4.051061185420615,34.67100558128684
0,1,1.1054889270183295,34.57185646428418,79.87771446212733,2.9802143663883918,0,1,2,0.2315975975712436,-0.7908154148814663,0.48093654905092936,0,64.69833970768285,0,0,4.6836566980541825,2.0453619968376504,0,13.111105709933678,5.531394334336087,0,-0.571226732164106,-0.4324522389205232,0,14.591896996761339,15.56154956213112,7.571229344461948,27.69587028798776,40.74053787840886
0,0,1.4689072322020917,49.72337368100717,43.43746668824207,2.4269760455846003,0,1,0,0.3801690443431832,0.32916165950941934,0.3732201309207097,0,39.53757668555354,0,0,-4.035291360726352,4.470035905748142,0,18.88576845912087,3.2385663403084064,1,-1.0592201652524846,1.1516417111864352,1,38.46346957293773,9.25624439929657,6.723966110375045,7.9136497079199515,35.37470760737814
0,1,0.7075844630772674,57.396528155766106,60.84508898786907,1.7312209466923276,1,1,0,0.6994855699587814,-1.3462912925879613,0.3786616477202918,0,34.60887645695978,0,0,-3.078586134860922,4.524622540802229,0,79.17434009979443,3.2158225670363736,0,-1.5542497285236476,0.3264913231810439,0,37.78083805859489,8.470086688419382,4.506020819912047,15.733937215932851,47.23471308621072
1,0,1.0077376160125413,55.6331369195582,53.02193749148363,3.0690565851102254,1,1,0,0.6615482850688309,0.8568005313234192,0.9895769706199206,1,23.648178594886645,3,0,-8.203412889775361,3.2434003045320745,1,37.848026889309956,2.3243752854800173,2,-0.7130347265565103,-0.6714295369322035,4,54.53521265209255,14.6575089519719,-7.927974201799062,37.646381298716236,25.70128341078977
1,0,-1.2532002459281126,66.7704499105889,19.39094556082159,1.2838091830526515,1,1,0,0.9906784485002378,0.739611457261478,0.7359670264077923,0,20.936023968146074,4,1,-4.650244650226454,4.143027190017076,0,7.971744297794503,1.8526071968640105,2,0.062204266059145204,1.1724235387438433,1,72.09463128482908,7.43473410060701,-4.980642929311592,15.87828125197211,66.92109239168593
0,2,-0.041321757872385345,58.819801014463536,72.16866434914144,0.9306778163296008,1,0,1,0.7862663379932582,-1.5924801527793353,0.5444960558835465,0,22.700489578688714,2,1,4.810978133150098,4.308425231819246,0,21.722919750265195,2.679861161784239,0,-0.5613870731417311,0.8770293647787653,1,66.95411855427169,11.17603349976509,-2.4691111712837213,36.14117422346152,63.715152858039595
0,2,0.4737335019508755,26.669833224578873,90.14044645992796,11.061794221918936,0,1,2,0.18891858457309618,-0.6728988528916284,0.29484655608437693,0,77.18301496942667,0,1,-3.5241697854983407,3.172098282796619,1,24.179037373718018,8.933896889010065,1,-0.5838512176130217,-0.6540583120607483,0,4.482155354314987,38.43574637855453,9.211841514862538,33.10404951288798,25.180764267615906
1,1,0.3283302941346132,37.67762663205917,50.36986342321078,2.885070236108579,0,0,0,0.2935738644286294,0.22486700577871205,0.6533980231748404,1,20.214550717064313,2,0,-7.884354344116794,4.042286321941577,1,20.4253511165299,2.4504163351958317,2,-0.08237868203159733,0.46427925746054277,3,56.81908426133684,14.252679184177055,-6.683496996163695,28.738980374434576,26.09117675788005
1,0,1.136668031917813,43.08380976667413,19.115681109836924,2.2984878563527107,0,1,0,0.2278809026573787,0.38710178560818187,0.2296852336359213,1,21.782548590899022,2,1,1.60559199234247,1.2446541936164495,0,24.524417663967895,1.678972818735685,1,-0.8632233790776007,-0.020001618500760415,3,75.72337670089999,9.49098277615714,-3.6284120571948764,15.714247599775977,28.273062991260737
1,2,0.8053013816187123,66.33728127165173,24.682992476379674,1.3829580835368087,1,0,0,0.9586278253436697,-0.46865464851423017,0.37756103201914093,1,38.156600177452404,3,1,-8.238585822906966,4.039086405032351,0,64.27115433405311,1.5154517037593087,0,-0.7984377562669801,-0.12399596601336053,2,75.2484634896992,13.457354001150716,-5.761136469198833,30.33400068598432,44.770203803824046
1,0,-3.5827210976411443,48.795926170625535,79.7395531575089,1.8591414118476268,1,0,1,0.8374113603180195,0.0037607935485181212,0.39801123923909476,1,29.24534732213557,3,0,4.769401543119876,3.4307631770725626,1,54.82845415580911,2.410751562239336,0,1.8308443023757286,1.264168992761998,1,46.51674023984968,34.86642324333749,-4.723694870398372,39.55770592506081,64.92055543696517
1,0,0.4883316418139082,33.23685799495126,11.62907143806412,1.8522035848416996,0,0,0,0.3016292633755307,-0.5643539140171946,0.4053173348099113,1,28.91594297092552,2,1,1.0983904343898558,0.6750624214316334,1,0.053788449004246175,1.1162452786263652,0,-0.19165993801084494,-0.29947172081205636,3,87.31451846148113,11.817039782846626,-4.4323751646575555,6.542890527786465,64.0422379149835
0,0,1.0096092406327408,20.70507068853873,46.208600682548365,7.720985995566667,0,1,2,0.15305773466496697,0.6973455137937619,0.20702154606502798,0,46.29081830620081,0,0,6.035635371279831,0.639884386392255,1,42.39390544430265,4.109259816064013,0,0.44589607525077624,0.7074051222851904,1,30.068810906856246,33.25804789924807,6.529030786723801,10.588740740917313,21.23747899322527
0,0,0.6915648165379434,39.12484099193374,37.52666388053855,2.906777155951108,0,0,0,0.357800898207395,-0.9475370995514276,0.5893829829044679,1,19.177171760380396,1,0,9.998196916964204,1.6367875919903294,0,36.1347824009069,1.4032757802761264,0,-0.32167527303241616,4.036736984053812,0,69.85273840991061,18.554385667916314,-3.3085007960821073,5.100721993634312,39.849224832467634
1,2,0.37697617068716344,38.156295873944465,43.10393292643142,2.6424400552365555,0,0,0,0.20485967009361344,-0.4414305906531835,0.6885161118360166,1,21.409388051609533,2,0,2.1305073442603817,2.641431345544189,1,9.878421559363515,1.72913949800011,2,-0.13809217308044067,0.4594396530764969,2,68.22645300106016,8.013724137775107,-6.100898379331914,15.580492094688685,25.21364367271951
1,0,-0.4765298070635136,25.011781380071334,53.161645356745026,1.7239314689203795,0,0,1,0.1502916037140189,-1.337570783857314,0.6150800709376111,1,23.282478115710887,3,0,6.402795190716546,2.018208198468177,1,1.0706947999693428,2.1039269292324128,2,0.37185016453102443,-0.3655635656392592,1,59.36509491828485,12.450821892182775,-4.130139338066259,8.369098519654186,54.678895476734866
1,0,-0.6527724679347789,27.875328833746558,15.915917535041629,2.045504394976224,0,0,0,0.2885438618888331,-2.020410896242633,0.7545036832447063,1,20.609909219422235,0,0,7.8089889125803005,0.9383872287762275,1,14.127886252999504,1.3002073405454517,2,-0.13887516018576862,1.1445988761363095,3,83.78489914457265,13.28918711963703,-3.8110495321209124,2.402904577716274,33.787596361835995
1,0,0.5434013088539119,43.452579566013235,17.665635234279293,2.534538076558714,0,0,0,0.25115485342016464,2.2717754371537606,0.9416776079018341,1,23.876016049282974,4,0,-6.9488228160797245,1.4371319978504764,1,24.458287021675112,1.2610512559052391,1,-1.033199762184173,-0.7839820183696425,4,74.21894749370288,12.724806763463885,-8.997170635981794,18.168606703536334,25.164756102675277
1,1,0.7558594163484929,60.151073722236426,1.312780877336689,2.137982533209592,1,1,0,0.731292770646705,0.7858286301834859,0.0803144940874283,1,21.20762899496323,2,0,-0.7107177447901982,2.2085937523262826,0,37.87171802607641,1.0160807369547407,0,-1.2337489658958507,-0.8591385048916185,3,94.13970266968055,10.96049557163596,-5.187288356438621,5.1127234387432186,30.00209034733904
1,0,0.5801477018343308,36.30993052417457,54.53098189049123,1.4972914579562964,0,0,1,0.23857702482364607,-0.8756274767131236,0.4189490605936119,1,24.99185744931441,2,1,3.0193394909852387,3.441356736003803,1,28.940898103562056,2.2609803528119987,2,-1.1120434277279554,-1.546826260637726,2,55.46822217994109,10.10966211897464,-3.1176642192036264,32.68538198070977,29.108201315191312
1,0,-1.4288849675589461,35.649668865921754,62.4108228314734,1.283010445431763,1,0,1,0.3273499155529731,-3.475538845868348,0.9240915114090081,0,21.57423888715251,3,1,-8.123499641982303,1.8137533303222955,1,63.79734058251002,2.860581599650596,2,0.6347093005106229,0.24807019780397144,2,43.887472454320005,9.55862687180614,-1.678431498570971,12.97905880365061,45.54850323300363
0,1,-0.2569838062926898,40.904194911989435,64.60932655141885,3.777097938751424,0,1,2,0.3337155512670748,-1.3549606807901122,0.7044929697055868,0,28.934826385124083,0,0,-4.798445397874369,2.4138466768929105,0,18.3663786175957,2.9145335929708893,0,-0.03450068642698744,0.833676877149671,1,47.05863389187995,23.561381600698343,-0.2775611595083234,22.57814489298463,49.64001750893279
1,1,1.1826634617846277,53.34991816120511,44.23888982175095,1.5104480173797696,1,0,0,0.5028100870729018,-1.0778951806319954,0.5756779769593741,1,19.015806256703314,1,1,4.357230166888186,2.125952967246809,0,55.94306301216272,1.9923957923083533,0,-1.4092345234135883,1.9471446930521696,2,67.31117710719103,10.53770593964995,-3.8849758266003693,25.87567667952387,27.43768696233559
1,0,0.06254015422535023,56.97806585097008,11.163505347916447,2.2762679782009365,1,1,0,0.6595410204955181,0.47545752335012365,0.2042076977591839,0,21.821988918422747,3,0,5.603360750730591,2.1482861270080007,0,13.784780198055039,1.570189616739212,1,-0.47849233857211926,-0.6486036172729579,2,83.19992346860292,15.698072252204895,-4.313906342404,26.55902748055755,43.586361095067375
0,0,0.6524621365776868,25.645387902192986,67.12537775939452,8.413757497943248,0,1,1,0.09696687294685219,-0.9223879508155389,0.34063683276245593,0,44.390350711414925,0,0,0.0019255654585208504,5.4958803321979754,0,38.378394915912835,4.084342235509372,0,0.31422736141990226,0.05452338373541412,1,31.40978676583417,37.325347527282304,5.15529787616131,2.724485925226836,26.41315185219377
0,2,0.6677705089603996,44.5586088621669,89.33474635106238,3.5812327435894855,1,1,2,0.408196978652252,-0.3093099610996646,0.46583580564180904,0,59.14930326029732,0,1,7.937011450388663,8.429114393498718,0,61.827543530143444,4.947845878100791,0,-0.11649899787500503,-0.06149059822863541,0,7.429968327069419,14.501963321286818,2.732722071897715,31.013386746392385,46.77774368483451
0,0,-0.02998677916143461,23.70494751115292,94.13564224468402,20.787526299581955,1,1,2,0.27973310954529795,-1.5297746764074462,0.31227856622082606,0,79.48929764436578,0,0,4.936281019349519,2.0862203185313675,0,12.978451305025125,14.168520988100967,0,2.213276579854241,-0.36008763989830356,0,1.376474610219658,39.86776531466289,9.789252329366246,30.149385974930638,28.227565209960908
1,1,1.5427745248474904,65.59922704857723,19.161037974616203,1.7875891577208258,1,1,0,0.8246030809167118,-0.1734148322852658,0.367111948726775,0,20.441817906770446,2,1,-4.415033550267377,5.045202892232761,0,14.068414017541553,1.5132025138630685,0,-1.7235444684898487,-0.46284151127221296,0,82.03338312274812,10.78115267613001,-0.22436655401100047,6.893956410469246,45.98544726062988
1,0,-0.25406558620992487,60.98397711955782,7.407500353579288,1.987115273438076,1,0,0,0.8057328322144119,3.7936521143017776,0.5505857914348466,1,24.308058764070807,3,1,-3.371359533365478,1.2779629656154674,1,37.603889703230394,1.073067241316448,1,-0.448745133537674,-0.17866743391782633,4,90.47037010511296,6.873669547267749,-8.64042990345958,26.394618991043934,57.065828282783876
0,0,-0.0984285882381305,49.49366257186065,55.9251674276022,2.8899926080845066,1,0,0,0.5565604365413902,0.38796072181792396,0.7462616326526404,0,21.78058708665209,3,1,2.217711478915483,4.1435377792155785,0,4.282578320146189,2.2557354410259323,2,0.7085277990246638,-1.603609106431958,2,56.95506194963787,18.243164380889844,-0.1731333833547204,12.388960928993216,65.27630137650026
1,1,-0.03654570724308577,38.038630430036775,17.864254935687114,1.5814580937335403,0,0,0,0.311393249790174,1.3430023249459655,0.6813254093907484,1,25.75117980050956,4,1,3.492225994386672,2.1314140013508607,1,54.48744514802952,1.1878528990391841,1,-0.8470940697920645,0.5634510294030638,3,90.38358078535383,10.141095933129666,-8.726106832414235,11.586957287693096,26.662703362008223
1,1,-0.9763696841946883,50.55573111698881,34.98590031372547,1.3510461339837363,1,0,0,0.6636883204775281,-0.45727298396106225,0.6791096157943265,1,18.922614993564522,1,1,9.854768102470935,4.710787521449985,0,12.645544611073657,1.7274331896016764,0,0.1307489342341941,-0.3845674115740299,1,73.02319590270415,7.105994220785701,-4.153365672148803,7.14404265276743,52.67507625133945
0,1,0.8568950393686171,46.82239413564946,53.812381089528884,0.8227577757611386,0,0,0,0.31438633088447665,0.9161093746973605,0.6761142591723691,1,19.854235564143444,0,1,7.930389498814385,2.334028889792616,1,67.36736400249418,1.888343144135422,0,-1.7573691471150088,0.1608596692367211,1,62.55393878264628,11.180898605277134,-3.1906588926197283,16.825883950747354,49.73308358264792
0,2,-1.1284073323194899,50.49461879188405,88.99578446105615,2.107259708450425,1,1,1,0.7533351397624776,-0.11232739288084367,0.8244914717020246,0,55.72257622988498,0,0,2.0452085371217787,10.166696045626194,1,28.365088371165847,4.983873767307104,2,0.32212242702720323,0.12525172408552454,0,17.30022566994498,17.73661850889989,5.301156369451917,35.46284493273432,64.86881980928429
1,2,-0.7339117027510387,48.64694399299721,31.01826436409078,1.8230492850365172,1,0,0,0.7039762323144848,1.5539732103513189,0.29654989815821087,1,30.757925834095666,2,0,-0.6588471175194446,2.479298776477757,1,7.928219722930576,1.3280588578532702,0,0.8945641314457077,1.2129822996744029,1,75.66152099870231,11.774478324585134,-5.135179847014745,19.50562126011635,59.81630956047858
1,0,0.6199626213160978,49.97279680707449,12.016577277043583,0.7613696119573223,1,1,0,0.4766869128553863,-0.6703642042057831,0.7729013803548765,1,23.18807251438529,2,1,-3.749456780996243,0.8465934692695696,0,63.630276799982404,1.5438659060700586,0,-1.3544518515530675,0.15109644798475463,2,81.96032627284944,11.198149995188222,-1.8218685471949385,2.261344788671902,26.023862406604334
0,1,0.3970427101013101,34.17453805215287,82.8809991879759,2.178446341524139,0,1,1,0.1422967504226174,-0.5721186819316127,0.34847350673180455,0,51.9823620874446,0,1,-6.190391235233356,2.079629891886745,0,23.560014498249934,5.31332172928661,1,-0.23926761137817878,-0.4709034685648901,0,20.649853804985145,11.5442400960549,4.557955691991991,36.663822285090276,46.00554625164952
0,0,0.04806897807337047,38.58859353258167,27.791692076066237,2.0994723759602563,0,0,0,0.30787543087042935,-0.34323187495315804,0.8018023138568674,0,28.034777671476256,0,1,4.254916056903326,0.7549458746669803,0,56.344019496350256,1.674240048990738,0,-0.9797720689869396,-0.48474037541723586,1,72.81015601738983,18.220695128777397,-1.8705458949690819,2.8868811798423333,40.69591911985048
1,1,1.3543881579376527,33.75709536510308,39.04012529696416,1.877635752797391,0,0,1,0.3057073495365742,-0.3215018285910235,0.9064714025758694,1,21.582291257622764,1,1,-3.3708882503733806,2.1133245629206563,1,12.314744940920054,2.008809510965973,2,-0.714389041395348,1.1520630893592967,1,68.67509043595145,9.704467882425632,-3.629272214459589,18.87186749511558,46.53915828951468
0,0,-0.6201748994224737,23.0529182191356,80.1128122519989,8.778160153394795,0,1,1,0.15648598461585106,0.3834388596476007,0.7498877606467703,0,66.57349813037467,0,0,-7.136480855567559,3.8295979247689904,1,58.17272440595987,4.942661754891441,0,1.5455644456528068,0.19546152348036586,1,14.6779975900162,38.64320678917659,6.215756897721626,9.212395803644553,29.66620544448084
1,2,-0.36743852106575725,48.468547345145915,58.12452777369889,3.902787417883401,1,0,1,0.6882954550167814,-1.8630509405827516,0.7260372624197157,1,24.093708847574234,3,0,1.3709614372183516,4.563917005635968,1,15.52947380726392,2.5730754112896017,0,0.7736276114173313,0.08490400206378675,1,54.297357354461006,28.5882586330873,-1.5012262996870192,14.90161383826145,48.37258287980903
1,0,-0.7991276970928824,30.04998633942168,54.95186829618846,1.6745932952193219,0,0,1,0.21560263399530555,0.07054981077473503,0.3476832422345415,0,20.35810687681274,3,0,-8.114434590656645,1.9291403101787037,0,6.467083667068603,2.6071237363662223,1,-0.408138570516982,0.5677642972784013,2,53.192934723479745,15.609614133829604,-3.24251464304428,24.31218325262856,32.71552565101257
1,2,0.5861503120023461,69.2677130991422,2.4663939270008206,1.627772935621195,1,0,0,0.9857829873420447,0.45035600956748545,0.3472172698432023,1,31.696891324062634,4,1,7.812127886418807,3.7728782446617477,1,58.88834158932201,1.0534138785767657,2,-1.015807415643629,-0.14583043328192918,4,93.87707244847749,9.024312407990214,-9.104627390396116,35.15886746237446,41.33311061247797
0,0,-1.1185728500077747,23.72072521693623,66.39516910647131,3.0198953645438755,0,1,2,0.15845505986867653,-0.2593531110763334,0.6302372277991307,0,41.37312556935988,0,0,1.013642763245759,0.7292280844435515,0,2.1800071074130445,3.961604142332844,0,0.5172888134820893,-1.6184953919257241,0,31.309935060969817,26.88159269478333,3.375891200995156,11.026336200294901,34.04168263044789
0,0,-0.5734737930958373,27.962409134743762,65.99692790992391,6.948947052322923,0,1,2,0.15665827571214774,0.7828517532986213,0.5630351303927305,0,51.78874318183321,1,0,-9.185925246868223,2.4973082606720065,1,58.58546415934933,4.259041393283821,0,1.4246769182071182,0.2831100275731874,1,29.12085612089618,32.450371960070605,3.9598288263553076,11.158797739323445,34.534363866327155
0,0,-0.9672671765446046,35.40328747680559,65.79648141427971,2.2492259787579956,1,0,1,0.37211816838454354,-0.8451590788856311,0.8088241230379253,1,23.021600105414368,1,0,9.01985527334206,1.8566152167670829,1,70.19171029483994,2.536468479860759,1,0.39202167773673374,1.732047987578568,0,57.259006764093556,20.13552485047601,-3.7313700389773956,13.509287456408847,51.30586181052981
0,2,-1.639744207361158,51.64192097789926,70.25032140650633,1.6222438113468574,1,1,0,0.6056876358386805,0.2977874499101583,0.00253530310947947,0,49.93015209051106,1,0,-0.3888862124228769,3.5546947914011553,1,79.4878104838547,3.7350242457023284,0,0.27647162728750957,0.06259327698900168,0,29.361657211451664,11.989103968334312,5.876671303872216,39.98079500989733,56.020290812531094
0,2,-0.1152870546066076,23.722580429929753,85.92684961986427,4.348221270561174,0,1,2,0.21954199119064488,0.331153207430696,0.15779228183488458,0,67.56549492832602,0,1,-4.188368590054925,8.558971839192147,1,29.007095748751027,6.66648474118284,0,-0.5690614346144381,-0.1437362016342675,0,9.34202418218324,25.056392091465035,5.792042099712962,21.640168342202415,32.016564798128734
1,0,0.14831203233438225,68.04057463573528,37.2877034773222,1.761899571849472,1,0,0,0.9594726899514227,0.8289956800091839,0.8652379775597316,1,19.095468896641275,1,1,-5.132696015502582,3.760500640833514,0,48.890407934080606,1.8018677245178139,0,-0.7493198191141716,0.06559025636240305,1,76.98634525802703,10.975725811073804,0.3885071243555931,18.971652322489753,69.1973414490692
1,1,0.03922093486206756,67.62372790495293,36.73285137307588,3.6154859365339678,1,0,0,0.9688552282627981,0.7148767697047733,0.8680318844270382,1,22.34422871127194,2,0,-3.8375705009978223,5.0634918018341235,0,57.098211403973096,2.2879406150446693,2,0.04942761357271905,-0.30315022788828483,2,67.01224427111414,17.329155457987518,-5.441579524526039,25.83417337666006,62.8265310550778
0,1,0.15876114535864597,59.46392865779177,62.10210526544824,2.2492155942741965,1,0,0,0.7531763794200375,0.26645544743252964,0.7140018872817612,1,27.010284256886415,0,1,-4.695569925920164,6.5497077981235865,0,36.98481573443524,2.479263020828602,0,-0.059900306954270954,-1.6362509548108517,1,50.143202521806565,5.905064131194441,0.4610799690052225,14.086211987260697,20.588439393284034
0,0,-0.8139516008272745,24.74256170781225,71.90377563101998,5.215048060170967,0,1,2,0.16400075428276017,0.524917160730867,0.08070844440120378,0,74.20023974763534,0,0,-6.477409546130902,1.3681523869793677,0,7.502146400726497,8.643601539581397,0,0.05494719714138497,0.8504758411899613,0,8.09542879530229,34.22938925609246,8.847993927158,33.32621909261587,31.01870751541397
0,0,0.6383804911692267,23.069447487588725,45.55701447206986,0.8167631373976383,0,1,1,0.2315920308822958,0.06079353397706384,0.45305374076028576,1,25.852831663627214,3,1,-6.274579630704772,0.5422508791697737,0,24.346179053871793,2.3839103520449654,1,-1.710986412170879,-0.6421919061390673,0,79.62574142769176,12.6533294199287,-0.9876763430936037,15.60050740234908,32.86156211710491
0,2,0.6448013386903206,68.775317791937,49.82598086622828,1.8905157245814856,1,1,0,0.9706727054994815,0.03625002659717471,0.36797498129987516,0,40.76086789435796,0,1,6.542967565446297,3.0566454516711183,0,26.855481068500325,3.1685026961995226,0,-0.6560918345586768,-1.1637970553363775,0,26.30080825064971,10.80606920084188,3.7709380303618865,33.38466836020984,61.66981564032232
0,1,-0.1888764367025224,54.39228172341279,49.31358088390323,2.186360952914573,1,0,0,0.7309562213727832,-1.2784538640585223,0.7671085055329963,1,19.081259903579575,2,0,4.993932109623188,4.210914871678451,0,67.02550480458295,1.7308656619416267,0,-0.5591393692870044,2.134230018419593,2,67.43088355217286,14.257205423653069,-4.920548509406261,15.82148747740128,48.750925057727365
0,1,0.13980634146533322,69.47633797604848,19.047771026394738,1.7792637573264947,1,0,0,0.995851584165676,-1.3384200173895695,0.6948074352732814,1,26.444634446899595,1,0,9.726999758256984,2.6926846844829186,0,76.51602854258813,1.2945915147341942,1,-0.8262186589134068,2.2306800725381706,1,85.79621358793068,13.639268493850405,-5.00585794723229,14.728174325780765,69.98963409320324
1,0,0.2894495450261241,33.18896603679192,47.94894809953071,2.472574627004358,0,0,1,0.10915297035065924,0.6412349270535537,0.45101794731036315,1,26.94756156866697,1,0,-1.6980140040891083,2.123432035109208,0,27.524203304307363,1.7852375569114267,0,-0.43361878222211725,1.2713474870359194,2,68.05563104394699,15.230010470341346,-5.535084201944219,17.061048328961387,24.041259339967414
1,0,1.715074725927279,26.49387417135028,33.15595764420478,2.1880812903683275,0,1,1,0.24084505203613626,1.5945500513306627,0.7488983421678357,0,55.904645989918606,0,0,-2.84626566156059,1.6854231785960152,0,47.208936302819666,2.0575417974026515,0,-1.1890748070562547,0.8011848024319527,1,75.76510339183972,10.443613414132356,-3.0676080340230882,6.820096969745695,42.53501867289231
1,0,-0.5425831266465689,59.335452968257556,2.278426516102583,2.0494789130948106,1,0,0,0.7700204024509592,0.753075834111414,0.8023822640031041,1,20.602691632327822,3,0,4.159753036541181,1.2212875920268993,1,35.20129124152768,0.7451298771860141,1,0.9427278688031234,-2.382426650326829,3,94.91139589083278,15.552669132046898,-7.849929026376531,2.324682503639046,60.754612427839156
1,1,-0.46318655860417773,47.05117674384077,34.12565057934284,1.2268839232300923,1,0,0,0.5887753554678403,-0.6462090922508333,0.18848702759960007,1,20.638814384116202,0,1,5.841014287490909,4.466240101166196,1,67.1810011126791,1.530050660105772,2,-1.3691398018577232,-0.2174886784074747,2,73.55853313174285,12.916071627220598,-5.6503707640097565,18.69552973378899,44.48589631976826
1,0,1.884033008028731,38.61342049978024,36.963347877646335,1.5574539172993522,0,0,0,0.217539342989094,-0.056528467331964954,0.5887534090481886,1,27.07942960083504,0,1,-2.3415624932600725,1.2531266481475525,0,29.640668193192646,2.0328725113032733,1,-1.1537674769431203,-0.616870563912809,2,67.45679777663197,9.094893613504455,-3.3913658813722725,9.10967073795508,32.46524790400353
1,0,0.44240678825471247,38.99700630275114,16.98044714244013,2.130627778970117,0,1,0,0.215513182664344,1.8307224480503448,0.7089421021664875,0,22.613593447265252,4,1,5.631910697763573,1.6969667380662583,1,25.298397084463463,1.7609197276827226,2,-0.2083034262203295,-0.6842126488293069,4,74.12134626090045,11.949383163177352,-7.321294522117132,18.65642865775442,23.76779534749438
1,0,-0.5738560418317136,43.29292732436919,25.73382609426022,1.683115283513174,0,1,0,0.3409436404640332,-1.4306652157022992,0.1256109411139512,0,20.699278850691183,2,1,-2.2439918418997884,2.0813938604974997,1,57.037888616898385,2.068639818630297,2,-0.33893354335975145,-0.44816347352509844,1,71.57795453420404,11.374224320150478,-1.066946559368402,19.64251186464689,44.71822629607718
1,0,-1.581857359926336,25.2625885476683,19.87848121498811,2.4186761757891113,0,0,0,0.2667016323177004,-1.9029657409576248,0.15177767523540908,1,22.97850806356263,1,1,6.069383731680297,0.9490584155413933,1,43.19300534384092,1.4877833135674525,1,1.023902836142038,0.02905838232057402,3,78.92643190085444,21.07883189849612,-5.214713638735027,10.123747209620186,44.7612019575693
1,0,-2.133269428294307,55.184643053773435,31.5416890539997,2.114663054417148,1,0,0,0.8573766364297067,-3.110815792284445,0.4407043347311288,1,21.96104939018456,0,1,9.083494865689204,0.7065744577775995,1,25.219351255421856,1.6268364099162966,0,1.1969283146026524,0.5175418873661783,2,70.89767015790513,22.387696361253987,-2.4785568063330157,15.069749074901704,69.8611240597388
1,2,0.2468188794139205,48.160043407076685,89.63677272064652,3.018917446219898,1,0,1,0.43835257073191763,-0.36169335343634457,0.5955634002094745,1,28.2677902567854,2,1,9.808075461665915,14.310979228024546,0,12.630278616186658,2.7010208582869417,1,-0.5628941299624847,3.9589328361544243,0,41.14670489301971,16.584576358731717,-6.934196043002293,38.23895493033106,30.46236640745181
0,2,-0.5752321217757052,37.38111588561455,82.2988024092025,2.7194799860545817,0,1,1,0.3126390384162703,-0.45681950028050444,0.11752078923420611,0,52.97348493254917,1,0,8.713861163368524,5.934667498192587,1,46.3123353716023,4.751062036304435,0,0.29220509683747553,-0.4942658859046591,0,27.6378375440607,20.424961238564467,5.056894437962679,33.65318811202711,32.032289985947884
1,0,1.6423000244383867,66.87044403808022,2.998901231612694,1.521751002144797,1,0,0,0.8323731145922041,1.622337829361437,0.38915987188575857,1,23.79816477307663,3,1,7.642281038000451,2.1397746467209715,1,53.592493510131824,1.2005467622894954,1,-1.6445196642258106,-0.1962652850910445,3,92.67908368975664,5.053955322844146,-7.51612674096405,17.35157856212301,68.92586607850662
1,0,0.15512765405986437,42.93277444582709,28.503682835759857,2.4319489521459206,1,0,0,0.4217948039275239,-1.2090638898085584,0.361950111823932,1,23.032323431942217,2,1,9.999834709355191,3.419661834481215,0,34.8789047427126,1.4606058440168252,1,-0.44681103843886727,3.1531903078156676,2,81.50390338412912,13.568422284347806,-6.591294685492545,5.341919480908787,43.783298090493204
1,0,-2.04268881173602,59.438925664833576,23.78055531581807,1.808738655371436,1,1,0,0.9448710183966783,2.2035245943870847,0.7056275508081643,0,19.806050759834942,2,1,-3.762492168906279,1.3400046639497378,1,51.195472523907654,1.82513818930861,0,1.542243712559899,-0.7448378154702086,2,72.01731056206931,23.31452297879368,-1.9110256704816475,11.442431761216373,69.69038027829473
1,0,-0.41504696002968117,27.95341578118409,8.034211886456061,1.8958947702126538,0,0,0,0.30370991938485103,-1.1095773740756636,0.1330591771095111,1,23.05932336313824,3,0,8.872683881791165,0.969314460521813,0,13.893938875464977,1.2121890703874825,2,-0.023848842461060827,2.534547892126911,2,86.3400653362691,13.98771184553937,-5.696711031895406,0.573042001002475,36.79596464404436
1,1,-1.2146550050856721,62.17876143506289,9.886675825741714,1.672658480345207,1,1,0,0.9021680164711776,-2.37137334112788,0.04653607382848013,0,24.21820421262357,0,0,-9.403119634732777,3.6671196903001446,0,19.390277582713527,1.5274183063107292,0,0.39775356458318634,-1.0562424852422239,2,82.54648515650148,8.336381985984609,1.4991227642093978,21.077223974848984,47.11336307724907
0,2,-0.18974016131603483,44.93348526874104,74.05416509652012,1.8849235984663018,1,0,1,0.4666771780624308,-3.4217050033961307,0.5719473944360633,0,27.07087536706951,2,0,5.926596784728471,4.749539925574559,0,5.811791816433867,3.027094956285125,0,0.5559616178469958,0.20452784235534754,2,40.96970862992988,10.527710857765385,-1.1874956550689024,29.77371099969069,27.967397186872976
0,1,3.1534595721330927,58.119464404831184,91.78377386165162,5.220617386745524,0,1,1,0.5223617120104267,-0.1567188557530384,0.14214781989178132,0,75.57692917659998,0,0,-9.654482652814687,2.1481054930222063,0,32.76313529424399,8.051958011320222,0,-2.1758989336396195,-1.3039025955834798,0,5.602221504340998,14.695927085804643,8.516521710464652,39.99718224418906,36.2403186688365
1,1,-0.05177213081250251,67.3690485649442,19.824455400671724,2.0900501562044993,1,0,0,0.9710647556490488,0.38071788720758587,0.6792334138426626,1,26.273684386002145,4,0,-7.727863447241372,2.8615812010113064,1,63.07169685607736,1.3228261281348872,1,-1.0340439910942232,0.6538395070846428,1,81.22189113373732,13.132540131752426,-5.673125202413268,19.912528248958,68.13230949381222
0,0,0.02643497668350313,33.02318447991142,92.06406716509665,9.070368836549159,0,1,1,0.2823664778357087,-0.45967938676306247,0.6270857716887068,0,60.112937210503375,1,1,-9.225001482743489,3.159952234628992,0,55.15586913807854,4.405913988890671,1,0.8285321199039032,0.8334466203600641,2,18.720390471849445,37.91248598537139,1.556557291556624,37.655962328460106,28.340837850625753
1,0,-1.7352138620928148,56.38276669373886,13.122052473149726,1.830240356823609,1,0,0,0.8070152835574822,0.17678975084818624,0.825418571282782,1,21.07400912521765,3,0,-3.908328414118114,1.5703229127564569,1,25.379225184246707,1.367579242260526,1,1.2752357853616112,-0.8382837478188447,2,81.33169014876682,22.99450251729216,-6.042662825556886,8.78981621610129,58.53435846453562
1,0,-0.8674906249633386,56.41214165008608,29.058914011166294,2.3183541511051255,1,0,0,0.7999716454508117,0.8205393019329346,0.6127354892401597,1,28.33365526983084,3,0,7.739826831945152,2.2140260195232493,1,67.8918539291389,1.5446202014581676,1,-0.32863056938752394,3.7277963805374417,2,83.63078503660381,15.608861865631273,-8.504958766472626,27.27637437194644,58.88803594365999
1,1,1.2678109460296714,67.71467915988676,3.193588361081856,2.2801247774874667,1,0,0,0.935454284132241,0.6625339527843651,0.5872638943498528,1,27.343275271378474,3,0,-8.676871097181243,4.164172972402789,0,42.27996312073629,0.89883171504848,1,-0.6343070245244318,-1.2098976603397789,3,94.51897062751644,11.475615612237988,-8.755388501899503,10.231847414431087,57.39646267857037
1,0,0.3176208861941219,22.31049944818027,69.04655482898298,12.153683982147594,0,1,2,0.13136200265417042,0.0024769555632412335,0.3854877295198536,0,63.531897030392116,0,0,-4.867437784004961,2.3939223610727423,1,76.14510032480587,5.523269015076904,1,1.9197901889745492,-0.3651099849426117,2,20.688172258724546,39.085012080988754,3.13579059450198,25.311354984000065,25.294749701161724
0,0,0.9770556843050634,37.63086387029611,37.83509769775723,1.5877980715969484,0,0,0,0.2924529248115335,-0.47721182892802805,0.5648467444771305,1,24.65012182486864,2,1,-0.5690062444828481,1.6495092970216512,0,50.79461491365919,1.6241154577953871,0,-0.8779515324511764,-0.1271611330950819,1,84.12421950980472,7.3477766596327925,-3.6099565484906657,6.924538811757079,21.033476162850587
1,1,-0.6660464717378292,48.55872483669094,42.95545903675028,1.4264109387656874,1,1,0,0.6628599498295072,-0.16494870561483163,0.44040314452806834,0,18.880941212060947,2,0,-2.316319379170622,3.288047250864897,0,25.98330573248843,2.9976887726892376,0,-0.2938206403538134,0.8420467118881869,2,55.00020535374133,9.437953388253419,-3.54679511186726,29.47282365491084,28.017933304632564
1,1,0.8326611681309363,54.578631499659615,38.23058182240974,1.9336935159870268,1,0,0,0.5597996824293409,-0.2473543140381394,0.5174147269668233,1,21.71254391987914,4,1,-5.374504597864954,3.762218331022684,0,69.13508765903403,2.09147197402216,0,-0.9565321532990883,-0.034963595069106616,3,65.83939194518757,14.12457125521412,-4.983848736884031,25.458624969962514,29.25158123192063
0,0,1.0391274413176328,36.61014803759022,27.552301134880462,1.9961780163650085,0,0,1,0.2777463810404491,-1.480733662328527,0.283658183845033,1,20.1648137340456,1,0,2.2677015863193954,2.5196706741686072,0,51.446457261374114,1.4535497592060105,1,-0.9251782783019966,0.8886567961319634,0,75.20611582698068,1.447019378331884,-3.834490325860143,1.4235938396059722,24.520178148311317
0,1,-0.41996476888609047,31.6741142989627,98.8469690109791,36.04881883103979,0,1,2,0.18239242899361463,-0.9157657163583768,0.33104110458221525,0,79.99970267028837,0,0,4.025035426074359,4.200279629133386,1,72.29580026745663,46.060755244680195,1,1.224464345310371,-0.0527402380524837,0,0.024748259802198636,39.99805265005779,9.999419420801779,39.87151540946929,41.012769783303
1,1,-0.8599915225786264,56.38445928746327,13.557223697420707,2.768300377056762,1,0,0,0.8547271115518119,3.0575988484484453,0.13474148350237347,1,25.204890506290916,3,1,3.4512224735553403,1.827675898660377,1,50.60896760108734,1.3471922472338405,0,0.6446520346187902,-0.5446060903629891,3,82.51363408590773,13.450389762049909,-7.534284523965385,33.638627915360686,34.102057221320806
0,0,-0.3162474067601526,22.805393893836246,38.30388962749942,1.8238765077051897,0,0,1,0.18186514593772812,-1.8795936467928804,0.3794688438040087,1,35.34055023544888,0,1,4.142500139606739,0.8023489903651989,1,18.694898883454393,1.7316351161525867,0,-0.35193859843538106,-0.7958322367142066,0,55.406289694930024,20.688230373898747,-0.31863870949336004,1.3628058474117721,56.6431803954562
0,1,-1.6675230957463365,26.14879492808005,87.34309101067278,2.0647114157330195,0,1,2,0.17833443499655444,-0.7799650216126724,0.20074792811060754,0,50.201452393895714,1,0,-8.356826226410796,4.290633752821252,1,5.550143474019897,4.923512801974184,2,0.514721291870524,-0.7919987338584141,0,21.937931661481734,20.10728492519747,2.880105370415569,34.84495689677037,54.193857149822804
0,1,-0.329424637137898,58.531827791356264,28.98417949924883,1.8627882146153059,1,1,0,0.686314971817842,0.31634552741947797,0.32052592277177133,0,22.186828046400695,1,0,-7.286324638944825,2.458573382204401,0,22.24870312351925,1.9120434881387913,0,-0.02624763350483166,-0.17257549542151485,0,69.50333202727481,11.534190951027657,0.038686543921746974,10.831995664328073,60.89310806681506
1,1,1.4267253704748366,54.98475576740753,11.295671829841641,1.8731147140997446,0,1,0,0.3915788263905576,-0.7463500004129465,0.27611409845116974,1,19.371919443109398,0,0,-1.5049200300883872,1.7047902525203928,0,46.41412120737571,1.6991981320232648,1,-1.077372384888146,-0.2999582281467726,1,82.5751454525246,10.590412939844033,-1.282859344723061,6.958690236522949,30.618120734106817
0,0,-0.21085151375807815,23.116153695709833,63.55525898413272,4.76100167462407,0,1,1,0.261897710081268,-0.6824288056181165,0.27294349912422433,0,51.72162630642251,0,0,9.308623173871794,2.5981328592341395,1,44.850640813874335,4.757846566761685,0,0.6732612525955991,0.5410447851299143,0,26.264260891910006,22.033917069034864,6.082316580638633,14.775438346837063,25.63753983898363
0,0,1.5502642675776421,18.83199549039059,88.72289413105112,34.4176716533402,0,1,2,0.11531438865840749,0.28231043663357985,0.4071400681026254,0,79.5956891331438,2,0,-3.3420387199210424,0.913989126766532,1,53.26129038433011,17.100116821281222,0,0.9217282189192377,0.8300531592603235,0,1.446074164914346,39.91806424291757,9.898649731621362,20.325167797915157,26.55082953074632
1,0,-1.2482116568336636,36.92465343097905,75.83911091569864,2.467421648874002,1,0,1,0.445522323617876,-1.8682662435720554,0.9995108280515228,1,26.032186879457385,2,1,-2.405866758752559,1.3908742667580865,1,23.89975202695016,2.749288525563341,0,0.8119892156773326,0.847812296207179,0,44.45129832252705,22.580918788558044,-4.1897472748641,9.311687606417598,55.94150883130541
1,2,0.6178950727368168,69.99312237657071,3.8620337061201493,2.1879522736514794,1,0,0,0.999993856806001,1.3696113408661148,0.4229882448734517,1,25.54194066466983,1,0,-2.4295819245157393,10.196176759626097,0,79.99999746010518,0.6533130868916291,1,-0.33436428133349155,0.7377103562120999,3,94.01673519305558,12.788710503691876,-7.246489651441321,23.26043821463675,59.07609390116204
0,0,-0.23408935212105708,21.685949382198217,86.22154150885223,16.912522744289078,0,1,2,0.13721502494051008,-0.49134164742731945,0.5646475274470258,0,79.99612600325807,0,1,-4.1821331026037285,0.9791402402823786,1,75.18177196752586,23.588066509694734,0,2.0395749304737625,-0.2073381110250559,0,0.5193482356605439,39.57040850183331,9.996048171380597,10.657123420007814,30.06307766216749
0,0,-1.0082708046401425,51.22804893328089,35.72440344921248,2.1413077278934343,1,0,0,0.6837062890572486,-0.18868630900712724,0.37259395058174755,1,27.2921861961446,1,0,-8.139242816153176,1.9887988313363427,1,29.68167961709275,1.7403670065134527,2,0.9926207804210022,0.2869041601733927,2,67.57410502333711,16.7658803884878,0.8403390578039769,11.735325973992452,43.99362056397696
0,1,0.28313745008618874,24.772122622697747,86.74307158871748,10.90129103012418,0,1,2,0.20028980331746155,-0.44135730960155767,0.6030374524258514,0,79.25342992767902,0,0,3.232283377252836,1.882484750714761,1,41.274587319367825,13.97585586441178,0,0.2787119466310055,-1.1042519309186016,0,2.7245188683799384,38.62169473240422,9.90109127899228,10.784735639776372,29.253220709596135
1,1,-0.153969533380679,50.635702894312914,31.088861344653807,1.4403517262037413,1,0,0,0.554009271287701,1.737491794370544,0.7829026865764568,1,21.25545069117625,2,1,0.3116556988272645,3.963756502906984,0,4.631932070946592,1.693904467907406,2,0.9654111178352205,-1.4775750153336191,3,58.80544492339336,20.032838928107253,-6.468438928573161,15.55529062075788,26.159851067851747
0,1,1.322598934624097,39.60377672502838,52.86324058465958,2.214762971485164,0,1,0,0.1932465578354427,0.6095509385999816,0.2538216781904391,0,18.78460199680857,2,1,-4.776191544490045,3.0722285209145794,1,65.85426852803164,2.4346868793154894,2,-0.7622712106038121,-0.3224857074414425,1,56.09308443836728,9.91810102007975,-1.5841686040664698,20.557689054346664,26.652788124199482
0,0,0.5144921548237971,19.76542354740011,95.57729316880561,11.933806935001599,0,1,2,0.17051067095696015,-0.9860432277062074,0.2969346217490403,0,79.95432854655441,0,0,-1.9970211914962626,3.466338981967882,1,59.28835952145441,23.331175695650977,0,0.13152429414766473,0.16332386336151347,0,0.3278274080269594,37.78174849744947,9.980494603918938,16.822841643817217,31.278011149402985
1,0,0.650010410436703,57.39885296342696,58.2446427960732,2.903346258367679,1,0,0,0.7355847138089759,-0.35449580619210597,0.6921985302467937,1,23.855119519082884,1,0,-0.07057993083677871,2.236600056383782,0,53.409748404966784,2.195875070814407,1,-0.3317448771738802,-0.44151593824148283,3,53.648545919841304,17.207334217897603,-4.749491726819819,25.201202118440808,44.28009437948988
1,0,-0.10682750939120611,23.757598879839875,55.46159611910555,3.0108827764516612,0,0,1,0.2444070888664805,0.5067418966310517,0.7704665583869262,1,21.864183348451732,2,0,-8.543243972277871,3.051010970627897,1,48.57062492062952,2.5372084819388445,0,0.16791782727689655,-0.24439156190657296,1,77.78230718660744,21.212879368104822,-4.35208457425733,3.670075774823669,21.929321583147534
0,1,1.793158404342211,62.33005612167882,25.479587520911856,1.735160436625651,1,1,0,0.751052929878812,-0.43425732031252945,0.5268090058265796,0,21.733048879426544,0,1,2.858255762455304,4.412698760772304,0,36.656791346252376,1.6977383068167955,1,-1.41145704007799,0.4095482528256963,1,69.24088369884608,10.667177014331703,0.09202366219100355,4.832384863528465,53.8489340717337
1,0,0.265443974470925,39.761517965357775,29.463099599699206,1.6572874335806422,0,0,0,0.2159866566884472,1.206454028700711,0.6258002222327098,0,20.55896750026893,2,1,-0.6628992520822674,1.0064422944638383,0,28.34904778058586,1.7510348560061513,2,-0.7271357773178914,-0.06155015782346879,3,70.51807276628594,8.597126123429861,-4.674622683773237,14.816094845019716,43.95749043943178
1,2,3.054093849679897,69.98655638553532,0.8924759829984308,2.2606751772268034,1,0,0,0.9992671860035092,2.0236671133117077,0.5042932349842764,1,32.8219925385589,4,1,1.2559003658372028,12.740626858819578,0,14.701036505989107,0.7175430836208878,2,-2.23954804653719,0.4274186068500373,4,96.74778610570594,12.019662573518787,-9.621155874221262,31.25451057371448,61.084032798071576
1,1,0.8446325889229545,64.8671503940725,16.4014996818674,1.3653893406094446,1,0,0,0.8903580797264622,1.4948719040052139,0.9596424319606424,1,24.19487565741189,3,1,5.821568875166356,5.355026847513532,0,11.77878437643919,1.2822785649020463,1,-1.32229133351784,0.06668765544215945,3,82.7782508490189,11.639754857517204,-6.852706920190589,28.616277132749257,41.41502163568161
1,1,0.7154588387357361,57.90769555121178,40.58264603729484,1.8185326249985332,1,1,0,0.6668228058592957,0.7421615404448276,0.6801693714011244,0,23.927310320521144,0,1,-1.7976898446891845,3.6009903306924262,0,62.3399152230167,2.261797932250667,1,-0.7314921581351077,-0.26830161468339264,0,60.349935277311126,5.049201517327983,-0.5329423382851957,16.432320857866788,31.02310769058015
1,1,0.04705692698312714,49.718464629588674,72.95914439551791,4.811792113563685,1,1,1,0.505077404681993,1.060906892077931,0.48027330079943803,0,35.15081899241708,2,1,7.211829529696189,5.567692104536757,0,73.0789062868986,3.2231251298525034,1,-0.034218368646397955,0.8972562331946288,1,35.279414250531396,29.585435975077342,-0.7155045383428966,35.72300090748904,19.49154613484569
0,1,0.4397297110937816,26.657417770422445,89.67603473081988,10.443810741266157,0,1,2,0.20067187522904384,0.5715754614658609,0.5036078687151995,0,78.58757239114075,1,1,2.7600406693394177,12.05080906057676,0,20.703130496091646,10.470489813932472,1,0.5676048268434566,-0.2960780015300813,0,3.1047202117313044,33.27751155838392,9.08730251961087,15.236115653480196,24.30655227958141
1,0,0.7388881577319106,40.988445536072376,12.364833815556796,2.107317473675099,0,0,0,0.2782652065120111,0.5090614940933742,0.7026434656559899,1,21.760441980963133,1,1,6.461278484761532,0.8025287253330831,0,23.041233931717496,1.0063222637376863,1,-0.4031440110028061,3.1362340287134836,3,86.76458457127166,10.945750242330996,-8.311743061884986,8.221378508529831,23.552644603985776
0,1,0.1408173965347488,30.228614595357005,76.24252103019916,6.16770155053137,0,1,2,0.22236314083381847,-0.8045438967862436,0.5025954537853804,0,61.69092592640398,1,1,-0.9387941655947305,1.891749493969847,0,30.913928738627057,5.7352933047614645,1,0.19079030034392266,-1.3470108247413473,0,10.955007598758653,33.87231607005668,8.32903238508349,21.771498193899426,24.942338361352242
1,2,-0.9583099585828441,57.33090189598551,42.00418657530698,2.6571594804965217,1,0,0,0.7675706359774777,-0.9507020197708752,0.8532423646797509,1,21.179276634792643,3,1,2.0557138554815637,1.9379759239116157,1,40.87082148674401,2.2583950062749327,2,0.6508948776136726,-1.1378705955341533,2,58.21171149291522,21.782999779699118,-3.3657486782475345,22.417058575869525,53.30475892301964
1,0,0.06391435156760135,67.9685546562922,5.780194463654064,0.9835458482889987,1,0,0,0.9784552608508785,0.19770613830001357,0.817844877913082,1,27.111054749943506,3,1,-2.7972076941278807,2.39046999067929,0,51.89378391100518,0.8467936944835488,2,-1.0978541313875307,3.9131882955299657,3,94.6769995280464,10.217284971596392,-8.524564756627324,16.420085613124915,46.75879184320385
1,2,-0.15729002182914611,35.65853651519097,72.48186613443177,3.19082006172934,0,1,2,0.17336579597410878,-0.13889418521044397,0.34355057739467737,0,38.21555385469337,0,0,-4.7315418483007115,7.130175456267431,1,34.05350960351232,3.6288761239310565,2,0.4694956413750543,-0.6507140899804851,1,31.551230257917652,18.302911072879372,0.8294192026246918,28.63663252869751,29.87625900751158
1,0,0.3641487456138225,19.18317754195647,40.95961619739483,1.933436903023323,0,0,1,0.0815449831928699,0.22051612565647627,0.05132631864205739,1,20.988429848928526,3,0,5.71672358219066,1.6233442862009442,1,11.186067488415041,2.124751859651702,0,-0.31657436189858024,-0.1795217818834758,2,62.07119631748207,9.185686454975272,-3.1303924458410295,18.72283203580989,34.261243188346
0,1,0.9688510092246807,45.6422759522906,86.84104235378798,2.3915951960022412,0,0,1,0.3176449209014864,-1.8268864214688247,0.45247902716674027,1,37.56543223812171,0,0,8.882968931164434,7.638062890058423,0,6.146899379285449,3.810250409939569,0,-1.1636921236416944,-0.8214156849340403,0,32.473019592864894,10.61534972999899,-2.806467000637875,37.25900350517438,49.50556924666907
1,0,-1.291272176511009,49.5244025903482,77.38398534802158,3.281775049478243,1,0,1,0.7528228730189079,-0.09482025450789205,0.71971831873641,1,26.198618265474856,1,1,4.989952143342604,2.672639361671232,1,28.708630242769875,2.3075126219595807,0,1.2298072388952808,-0.768597864951545,1,44.196132561652966,28.192871128798455,-3.2172748544509506,36.403952520404,66.98008596787656
0,0,-1.1010871965467894,18.097398891090712,86.1805716630544,15.650726590512194,0,1,2,0.09262586783883281,0.9461763870835352,0.17847593764515407,0,79.64985634166584,0,1,-3.8332281480423305,1.3284387126473678,1,15.520050759909193,14.488679535163664,0,2.368350023095543,-2.38155723318661,0,2.0118758722054153,39.90163006711442,9.740600101370834,15.790353034213407,42.78196767945198
0,0,-0.5511214102393086,22.54512781030008,66.43049284244229,2.9679316074060114,0,1,2,0.2019964250643973,-0.16853931059522242,0.19362325409883402,0,57.026448182086575,2,0,-4.953416349485497,1.0355166990679934,1,48.195825811083594,5.717731436355761,1,-0.45628944409389494,-0.7780035387700008,0,18.89362517148608,21.846394919468644,8.317995094448925,14.545727554742893,48.774593045067896
1,1,-0.006352848855986323,57.11515896041636,11.07124717605405,2.4461703671028925,1,0,0,0.8233662489648808,1.8468925276582449,0.682833211279647,1,55.825335561374,2,0,-6.3935417381822255,3.3476818253037806,0,17.370384115032547,1.1186928375632896,1,-0.19176892871859466,-0.02293667913246381,3,86.61905494838955,14.200690872799658,-7.5989514328375405,12.591448007385013,35.69463337754022
1,0,0.28339206237699166,56.39465995754602,7.4741988588359956,2.443664389808061,1,1,0,0.7159682544950681,-0.552408689324785,0.4475831421265652,0,19.673690311514026,2,1,-3.150980915681666,1.5265372242787352,0,23.776378370076948,1.4082329668611322,1,0.3769785999340236,-0.041569698694153986,2,83.90976808922049,13.272786480307728,-2.847563191466903,3.393745730333888,43.141984864864355
1,0,-0.08323471385500156,42.475468156954506,16.093543856865633,1.4260780326081464,0,0,0,0.20813991339152765,1.4080898900227756,0.038788832069735935,1,20.548419282428483,2,1,-5.6086287349184705,2.2021152412846714,0,27.473086565379965,1.4416889298051894,0,-0.8639003354129647,-0.1910515130155295,2,79.86048597952112,11.073766486214787,-4.391182149255628,23.716078098464077,37.047647320336196
0,0,1.063926609878563,27.822581818059174,79.90176185881658,10.338594411080116,0,1,2,0.19876701053756884,0.04586581949405165,0.6828598101261938,0,79.18124277775073,0,0,5.00412591334082,1.5317454485496036,0,73.08808192330244,11.555508670735852,0,0.3240025410861755,-0.651529207381466,0,3.152425576808965,35.98281762109537,9.891142426745098,12.311830854625914,30.214889045540914
0,0,1.0462098117134604,39.451800441396514,37.96965802965907,1.70883914730809,0,0,0,0.31384289735460036,-1.3359929680617064,0.073488264638294,1,21.236122400199307,1,1,-5.646284676263711,1.0558330995529903,0,15.3100375281055,2.0289860898409846,0,-1.7088803310242902,-0.7886395407762091,1,67.1882860623716,9.208266593411805,-3.4987770823562503,28.863506704683267,32.53779062596442
0,0,-1.0982525920203006,32.065720799821044,38.79433317895427,1.6350086252230571,0,1,1,0.21179270455159527,-0.6747859121314929,0.7048410067330695,0,19.36957677580962,0,0,9.582460231374306,1.4117327838123168,1,38.77848975554015,2.2104850330239065,0,-0.14107739513960085,-0.7574421426738733,0,63.11272938637356,11.42007057143974,-1.1523498589316166,1.8350502271121916,49.46422951765869
0,2,2.3282514322961543,42.141748112925185,86.50088314404147,2.9358977878417054,0,1,2,0.25590579697570826,-0.03232644404502857,0.7203272742855653,0,63.34944616982053,2,0,4.5742427457049,5.604466269088003,0,5.3601134678057605,4.361128530800009,1,-2.854026553776561,0.0007385316623959896,0,21.94370243580719,10.334574717491925,3.834755973544631,24.161606800028967,37.25074190545217
0,1,-0.14781207900734325,26.343131480124562,75.20603211442669,7.022728693223993,0,1,1,0.18218674078083963,-0.3471797932274547,0.23494989477097233,0,79.21238796731478,0,1,6.593267300106383,6.138946026298101,0,27.95475246804067,12.464619744871356,0,0.6865766819101952,0.8502056147340515,0,2.6790250658461745,29.684208991305645,9.958806437779156,4.698954721414452,23.100380174964137
0,0,1.1322991395576232,18.37006664027142,26.695542829413967,2.6529270469489323,0,1,2,0.03470273441069166,-0.09961038496535207,0.02766389992311774,0,35.74344883146012,0,0,0.5860369511499464,0.3340065438760881,0,0.4332855853086981,2.467411706521917,1,-0.15527584046266185,-0.005665480628955088,0,49.61858640418729,8.754610346430143,5.855067374483106,2.9062319850685725,21.10959140348458
0,0,1.1582144731761363,28.305393252386395,85.10443145768447,5.200139796607859,0,0,2,0.10708990520930389,-1.5270235057749402,0.8130509437099451,0,37.84997610553434,3,0,-1.2802388551181014,1.371412573675537,1,55.091957996854866,2.9803694828933236,0,0.45259502444356736,0.9579503376467134,0,34.00026501417237,36.88047125043993,0.8869221042048672,37.8567167963932,43.35800621931999
0,0,0.8937703598904303,31.794482737545604,55.97890265145195,2.6221249318091946,0,0,1,0.13705393079207756,-2.5496060202312862,0.3919376632332872,1,19.973366568379895,2,1,0.5195980889198957,1.4232632635172866,0,43.96689597021422,2.4883273604180616,2,-0.34657409697672437,-0.10612651837262728,1,58.2145022047576,6.73791860978773,-1.9921882945301377,21.562299738368043,26.29108740883351
1,2,0.45483361882847523,61.95449505035501,39.30503253560996,3.099006774112496,1,0,0,0.7654676206700536,0.5185236598207137,0.26334469693156237,1,20.044911420624373,2,0,-2.6380686396193864,7.632519605562995,0,22.97472305935539,1.9222723955276748,1,1.2215267734392972,1.0963740858950521,1,69.16963252069908,17.004950071704606,-5.625197408662497,34.05581221156684,27.876196076749792
1,0,1.5165392347585622,64.26987944571829,0.6912924109915064,1.2474369296988603,1,0,0,0.7946599264651386,1.0047678728688973,0.21820833967616848,1,22.03141508816612,3,1,2.3696425519046844,2.1198983106132254,0,27.716424867567582,0.718975349553087,2,-1.8487100771898022,-1.1811878384553245,4,95.29646846294514,7.830792461699798,-7.66865965714835,7.177848534479518,42.44181040612477
1,0,-1.0549359210166351,61.95507547983095,18.126823317056832,2.4383732516058165,1,0,0,0.9236693692498776,-0.30504289722374256,0.42276987511950687,1,21.119001954543183,3,0,8.965973383206386,0.7583376928841769,0,64.41828733034359,1.264827958830628,0,1.0136189435055967,-0.5489962955543632,0,85.10408659119119,19.000967652366086,-4.04898873086805,24.389850340589447,63.97785269844207
1,0,0.34974450000030477,58.63395837700183,4.654405372785709,1.6591674114536854,1,0,0,0.7119940245550548,0.014427923652446025,0.234677699589462,1,22.50303710186719,3,1,-2.2471064170047717,1.061426704615261,0,65.97388108223984,1.1734858902300673,0,-0.6789882096243057,-0.25707879960838986,1,89.79514832382314,8.64154328484416,-2.829456841288277,1.88012123763166,60.59348417580263
0,0,0.8949273753867505,22.416985836566994,75.12794494852784,4.440513233642266,0,1,2,0.10132045627098263,-0.8798894348268983,0.8726918746775167,0,63.88282971796499,0,0,0.1588483632613329,0.9341783298091957,0,9.911870244363342,5.9345732043667585,0,0.36601740683258216,-0.20134422247443076,0,16.14996488985554,11.11484533295811,8.53499918947232,2.702395462309979,47.187591364731084
1,2,-0.5800639580228784,63.370659518635634,66.15753191177271,1.02349441514496,1,0,0,0.9269488965372169,-2.8639591769772292,0.7001554770383797,1,25.981094456258642,3,1,-2.842500847759477,10.229985268130573,0,31.402606538802445,2.560476412626515,1,-0.661680140186754,0.14176939835334712,2,47.77313258630581,11.365048895176265,-4.353711013826129,28.08159196058717,48.83644931439853
1,0,1.599368956329932,38.80153811182713,22.91353697177097,1.9754842557011043,0,1,0,0.2551210053032388,0.551372079701591,0.6456134722631833,1,25.4570373082375,2,1,-9.356465141868268,2.228877177570518,0,15.943972460116038,1.8117776210229621,0,-1.288361571809955,-0.9351524545592728,2,71.57342006001707,11.85585110793812,-2.053986758865478,18.2471466265558,49.00817597273618
1,1,-0.45336192511264345,39.53055438683731,42.5364429873086,1.8451031915198925,0,0,1,0.34118950602099263,0.33036972258456326,0.6855330494144743,1,19.715474198433647,3,0,2.747011652403703,3.8253971718420376,1,20.727867769350116,1.948294876293083,1,-0.9291991940231312,0.9038926258154442,2,70.12771212444748,10.356750843196782,-6.798103982170623,13.02151591881977,30.82760972145386
0,1,-0.3915067629400967,48.05623651094401,29.63238873865427,1.8452005833472247,1,0,0,0.5690297997287354,-0.34295479400924483,0.4652102660778132,0,19.286777043719134,1,1,-2.4950661159877585,4.844577015235046,1,59.31712883897815,1.631720216402548,0,-0.5224594152158628,-0.4694708803387055,0,73.2121453592011,10.656222893284266,-3.5422123904843774,6.074399412275648,40.81481667486526
1,0,-2.6028073764581325,48.9203188594673,27.95399059315496,2.122066835072506,1,0,0,0.8322437710422177,-0.5131695136428932,0.5655380252921691,1,29.741057964056683,1,0,4.876157198108441,1.6621466337539497,1,31.38297409219616,1.4502501942852202,1,0.6160690294201506,0.5423107832293156,3,78.5264300459682,24.303926846795324,-3.8078617754424045,16.150515745055944,68.09264571445983
0,0,1.3769284674628979,37.096698866198096,42.83024305771508,2.023223135795023,0,1,1,0.21321999593796737,-1.2694149667567987,0.5601691485847697,0,26.637950388376794,0,1,-8.180804107434588,1.6358625653150387,0,44.66493108681719,2.3894129422465467,0,-0.5229515133351785,-0.18761505691467875,0,54.13884255637995,10.770235475117282,2.3913650629547583,3.4559798967917255,29.115225847029922
1,0,-0.17857282446442085,45.80694991258191,62.7396215407112,1.6651148827531852,1,0,1,0.6167383172880803,-1.350063654092989,0.9854214404817236,1,23.24503108643322,3,1,4.065159838836989,2.914071755807264,0,13.167133504234725,3.066741974583839,2,-0.8888503422196912,0.34297602995628035,1,51.217414114011895,9.21887443930526,1.0447032934486362,5.82736509820675,51.80585969803346
0,1,-0.37470815784978606,54.04194656600126,73.46504198275902,1.9457175713761392,1,1,1,0.7560769694428127,1.0607301980514905,0.5873716605402572,0,36.52486722870802,1,1,4.02541593707795,3.430672347198303,1,62.25407807468741,3.239868466685979,0,0.18239369543267214,-1.1048117963122597,1,37.537656094705525,16.309073968035875,-0.35819901696775247,33.2026008035081,37.266798145486526
0,2,-0.5144900613694281,56.98140964075909,67.9750238534118,1.6255159582102015,1,0,0,0.8334201259216417,-1.2863621799065847,0.42928572958296896,0,19.910110316068447,1,0,9.154555562359768,5.682008264066081,0,52.787914081411614,2.3550907692444207,1,-0.3477706883842588,0.031350287761060566,0,54.1233399141414,13.107588286064654,-1.8462165327088087,29.05915480724491,53.64653651729555
0,2,-1.386331151377023,68.98376250012859,33.060229549721775,1.1004801784469287,1,1,0,0.9981403799207705,-0.7496101153855866,0.3466690130990375,0,20.985028747490183,1,1,-5.551986152591795,5.717299879349452,1,67.59906294300811,1.7164178095185365,2,0.07485395262753418,0.20133402650698587,0,64.57375942212065,10.123127912014166,-0.23714386711923474,31.173605667010698,69.68753782711835
1,2,0.3408625991798272,47.86510442264072,46.26814436871524,3.1126717755524482,1,0,0,0.43178863753576263,-0.6363275258907631,0.6041071215107758,1,20.360055466631724,3,1,-8.615191561653955,7.393726141727089,1,44.112736256969924,2.0961353583747484,2,-0.0747521681031602,0.14069917692844855,1,59.3170985452657,17.594217616222114,-3.066941769984684,11.450281720542224,42.32744864810665
0,0,-0.8205441988301486,20.612142287449682,83.49208122686568,5.610839625103786,0,1,2,0.2066445803773762,0.08963523416372896,0.3416827085465467,0,73.26006081110049,1,1,-0.020539539711867505,2.3744797308881114,0,1.3861010848428101,7.633374750518145,0,1.2424916746687515,-1.0649205758391702,0,8.37503420559575,30.652988691694954,8.132200664094487,18.536207952162847,38.36090732259183
1,2,0.055127673777107394,40.8063342746639,47.63517563053966,1.9614925610513412,0,0,0,0.2918590455487754,-0.5153772949869933,0.40855953299833914,1,26.875858992604357,3,1,-0.200009600895525,3.2233881919697023,1,33.58138083506531,1.8190262358733917,1,0.22731236899099327,0.7573803735534635,2,64.35451978398274,11.56335328154916,-4.770088821409722,25.297334408289828,26.184179024864342
0,0,0.6865573916921214,41.569004777643954,58.54389085659113,6.431519768844438,0,1,1,0.3162156387045479,-0.15089010847415107,0.3409882723879374,0,51.939789861038406,1,0,-0.013274632131434316,2.054149869685389,0,52.11422349720331,5.111201442090142,0,0.04347941006597182,1.2489362948322436,0,21.176115840313063,31.50832715215426,8.875333442495045,3.983808355526357,23.101606718912617
1,0,0.9371820282473511,32.228618653883565,17.117595956660857,1.8787782995670266,0,0,0,0.21551068471163848,0.44859445876302684,0.2211881678041221,1,20.448108248849223,2,1,-7.411491630022886,1.076562946148572,0,28.546655232040017,1.415975794691669,0,-0.8485530812933607,-0.9996428459881709,2,81.2044681053617,7.925198358025412,-4.231898991359097,7.4814616307067965,22.296559389380157
0,1,1.424276383975514,32.23614865012972,61.55308858897859,1.026583958960813,0,0,2,0.23177907545684423,-1.0388832466362081,0.6129893155854893,1,22.483935379734486,2,1,4.703092232214486,3.026260362127109,0,7.6946343774202886,2.025703912789076,0,-1.8165508553528866,4.069608345685324,0,54.6669078833708,12.434600927697106,-1.8260688710917812,10.881955749807513,25.680626121517918
0,0,-1.203751726905214,30.170243396881393,81.16942034527071,1.5696809251776758,0,1,2,0.2882717172065188,0.4805587154728267,0.2079719595320843,0,62.27762490227828,0,1,-7.043530189657334,3.1033969951876164,1,59.35931311707081,4.970350620281073,0,-0.08833255014553909,-0.28803335468753494,0,17.667694289958764,3.9734324508512353,4.583279155213319,34.90725085227395,35.12557591900634
1,1,-1.306837213061577,43.942378324827246,84.61597380020655,1.3469637491365616,0,0,1,0.3595752616016552,-1.091480896614699,0.9991903983131982,1,33.31356249058415,0,0,6.9102190272714665,8.045998882765376,1,24.074838195540362,3.2381644639606395,1,0.18168764188127967,-3.435130832586276,2,37.655328028248576,12.616328652935461,-3.747913948734496,9.442296853310825,54.80093028619408
1,1,0.09671704064888194,45.63729729229301,49.6501317869688,2.2385153069988126,1,0,1,0.44100236210675703,0.07254056633692406,0.5429568476358488,1,23.93942332765713,1,1,-8.994615655534501,5.561583455284276,0,2.2599267995908123,1.924446112507342,0,0.2652878049592565,1.3445389740245262,3,69.66374914014332,7.958686528572425,-6.863191523276678,25.03077697594462,39.1276947111799
0,2,-0.6805025350754592,20.328070439133064,96.74630752951887,10.0866135371014,0,1,2,0.10688454846635348,-0.9439560971958856,0.6675867149499695,0,79.59948563178119,0,0,-4.305020229951852,4.934785151636312,1,0.26272752760092555,14.711079738910653,1,1.4469641321980997,-0.6016469809355354,0,1.3162334255956143,39.44814554257142,9.355003495541752,25.991531259434066,29.874812995860793
1,1,-0.5863058686667011,58.41124158709506,25.462366166671714,2.805383838677176,1,0,0,0.8323162385812168,1.3494956728416476,0.6558770879730287,1,21.603864855592377,3,0,-5.713822947198263,4.2691463861725305,1,76.08027855220169,1.6958932617086269,1,1.3143754582407547,-0.01919437595398785,3,77.46126364918896,16.580458776768953,-5.734787890248459,9.845910449426826,32.26867317768884
1,1,0.043643066649415245,55.566587979982586,59.014491078042276,1.3180555707501054,1,0,0,0.662786861141379,0.13611988485382862,0.49363096986881433,1,21.18100739625325,0,1,-4.218456352720854,6.461994167730865,0,54.840577100511034,3.197953334029705,0,-0.495542247018017,2.714054027932124,2,51.57346231790915,6.240360709253707,-1.844122696549361,30.260902208023374,48.44843476457388
0,0,-0.17538101846709667,34.903188749474346,74.60987445414446,5.006749977599703,0,1,1,0.2888141581602629,0.7282107435667786,0.8334405802100985,0,37.32661314742504,2,1,7.172204357747145,1.6002099931883074,0,34.043851402316186,3.3464260779818544,0,0.3243549132565897,-0.7026291147716011,2,32.199963974177074,32.525571460293534,3.6472463105476507,30.29019957406217,23.954199678610536
0,0,-0.7373173333711807,27.78117970375349,91.30759816836108,8.061826216011433,0,1,2,0.2812938871068944,-1.6312868462098464,0.4625186268522469,0,63.983309079559696,1,0,0.6515837985433333,4.572804954302956,0,12.423867253237795,5.218144247777791,1,1.6674651891958656,-0.08763636434500785,1,16.888538607733377,38.165084930517985,1.4823547913058022,36.949883989973394,35.00043165346175
1,1,0.05311313400419616,50.51503640406677,57.58239443835264,1.2890844975307165,1,1,0,0.5948913991853677,-0.8874296681160274,0.4547152641069952,0,25.828016832702005,1,1,-0.12179095860346223,8.486983725197915,0,49.49324740069946,2.442070248225642,0,-0.8335409279426194,0.5754947945972273,2,50.48398885462145,9.494948394657328,-3.3030519856316563,24.962482837864478,32.293760133289865
0,2,-0.6139377287352428,57.236320340581095,76.25257877917036,2.2295528580843618,1,0,1,0.7133926833512392,0.22844453094157874,0.8946444688887221,0,33.47242198107672,1,1,-1.9927916168274429,9.035978150770745,1,34.87843564647791,3.6393163561747497,0,0.11724080492380508,-0.21682292941786419,1,41.322708022283805,17.674365334157372,-2.149242752832193,16.299824871465873,65.30886191928326
0,0,-0.3239504993909645,39.71908686733933,83.2982757546849,5.254457599554803,0,1,1,0.325448941630597,0.45236471385834953,0.41197608761971716,0,77.95627161522346,0,0,1.2836330023209221,5.700440152288599,0,71.3693215844064,10.305026097910535,0,1.1237926866900518,-1.154046860119524,0,5.393716906252988,33.22640455927381,9.620483880661151,27.254038136710278,34.57446655446614
1,2,0.3343733191069118,55.919250247448474,75.9378023077983,1.7993303098913516,1,1,1,0.6455563127953781,1.3257618859605642,0.29089285461598374,0,47.20359243655767,2,1,-8.645631910121969,6.839491430142271,1,62.97370370848138,3.915203812450638,1,-0.7987930540363293,-0.9319908268420072,0,30.448052026155597,9.273992505151176,-0.7687724527090207,38.86643459073611,55.809416993079545
1,1,0.032250136145226656,69.99520331215427,2.706078648258725,1.3293034079841861,1,0,0,0.9999963136826344,0.6597735501328842,0.8790935434754519,1,21.936160885807116,3,1,-6.210301927571776,4.9961277090573235,0,79.35366693312955,0.8394054556760011,1,-0.9082658785663382,-0.03134589782999625,3,92.21081416340763,10.22093814967246,-6.787958389394468,10.25806026129235,69.89231314775934
1,0,1.1742191412904206,54.59513183675033,6.424951581986182,1.7462864825974054,0,0,0,0.3615527989757194,0.6590894676874534,0.5041866175924682,1,22.15359726181208,3,1,-4.627366306741505,2.6819903057391246,0,47.17197423839616,1.2190876292610613,1,-1.2143648859042684,0.9552919632958746,3,90.57492077704477,6.284426740358075,-4.510007935759157,2.7716915832304623,28.3492032960749
0,1,-0.012824911050929465,30.61818614834239,62.76567814752138,1.9030108898673637,0,1,1,0.19672481014484872,-0.7744680654671767,0.23651702532201574,0,32.972240511551874,0,0,3.715435461986246,3.9477590413909778,1,13.499909700156403,3.52132486263801,2,-0.19495642632807816,0.5077842759730978,1,37.436857545638645,14.972128763947943,3.2555867656696496,14.020533500817274,41.412083509612366
0,1,0.026815527776211115,54.09038807531598,84.60012609241505,4.194187525709875,1,1,1,0.6932574267717566,0.12564009844729657,0.3370763182050124,0,77.93937219499713,0,1,1.7192485074429005,1.7575097844723793,0,28.049166949475485,11.099303312986113,0,0.7938498104480138,-0.29723549863142745,0,3.337135808123104,22.00631995031582,9.793809681502857,39.28470663562078,30.726038922189545
0,1,0.1606905236148937,39.01556246378844,97.69292773229105,9.834840766051032,0,1,2,0.31581192984954076,0.44282925060326034,0.915591941416767,0,77.4542537573315,1,0,-3.9242758382402867,5.984304265783799,0,44.15999260540384,8.39806523830009,0,1.0818866135506258,-1.0157180276648123,0,3.648719655101157,38.73449338907005,7.738806983082654,38.672815174687216,42.63137540946717
1,1,1.2592106033252892,67.06216427259224,12.185834721821537,1.3062696785597105,1,1,0,0.9290358489357204,0.812548059278713,0.3447391042218184,0,26.042325710038764,1,1,-8.176323954102,4.796137775409115,0,74.17805907448877,1.5608694176768283,0,-1.7289550727712626,-1.2891348632915764,3,78.4201959291258,10.47460454610077,0.27073116722415946,14.872021696626877,41.09741672873699
0,0,0.8737903758638309,18.79825322461268,63.281088659895126,2.2940652947657387,0,0,2,0.06605906132985095,-0.7880618735821976,0.3368422927475274,1,18.608552454126325,2,1,2.143046576286487,1.1109941767381282,1,0.41560598169471774,2.5536490312509166,0,-0.6846174059942812,0.7777669142413582,2,52.9244232764522,13.448436325563108,-3.7997293777124685,9.04748794466417,23.447808578073726
1,1,-0.2707757300759674,53.03321565630659,80.67840259007689,1.1636481754243921,1,1,1,0.6823534265675496,-0.30696082742403497,0.744921798184468,0,36.61265859031266,1,1,0.9332165895793914,6.566047318170626,0,4.913164547899314,3.6802807163836513,0,-0.7789534911469836,0.22216023271088312,2,32.73033799122507,8.758644791870632,-4.242667554985218,38.795684594129625,51.74513657371603
1,1,-0.3618101382259759,48.32670655942779,61.031813056787456,1.772759108151785,1,0,1,0.4291355058613172,0.07990506410214324,0.6008142380735141,1,32.20648230181869,1,0,8.626811267918999,3.9052027926524344,0,42.032504036645705,2.4285112988638233,1,0.03769844376097888,0.6675844881328762,2,57.14456261501433,19.375146720465672,-2.704897216323534,25.839302628022743,43.0454304712203
0,2,0.24408825511270837,54.29166625738791,87.75121166174098,2.499425249261556,1,1,1,0.7139544687959023,-0.9822050422499717,0.7266317512338187,0,63.9061404376381,0,1,3.9494793877212846,5.070819882392893,0,43.91133487684,6.67536505770882,0,-0.24954795813303887,-0.6905164739423485,0,13.591291621104151,12.138535421367468,7.188635340327135,36.61950659407046,57.063300633368605
1,0,-0.5122207880775668,54.34051327454218,29.294177365976438,2.4367520922731667,1,0,0,0.7670387111788903,-0.7306208213233687,0.6308172646859272,0,25.724923578768216,0,0,-3.5021164428962877,1.9827135460232015,1,73.27961240276929,1.8301059829073685,0,0.5376317670335375,-0.6631944084427931,2,71.84321133882571,20.337464529557174,-3.564035151380642,12.930495772125152,58.60566333236477
1,0,-0.9011665757542447,34.894948432286725,47.752413504004146,2.2002724877100532,0,1,1,0.3188900486705899,0.19155654548080017,0.4582662491395173,1,27.52924724527896,0,0,6.496222325124382,1.4935826178323819,1,20.502682887952638,2.754502732724914,0,0.4933691611627412,0.8782943147277438,1,58.93309332255321,20.484314828609556,-1.580738253693747,18.177476891892855,57.12243536560143
1,1,-1.5639688484774426,39.99515547295162,3.7612268469389254,1.8396983311463053,1,0,0,0.5929972168556108,-0.3842020632505906,2.1055838390626747e-06,1,22.790981896858824,2,0,-3.242008007088395,2.9248680070809487,1,44.16921556468515,0.917448132404618,1,1.2137224422971475,-0.5197743975968142,3,94.4812548780732,20.283883404892503,-4.043796663631736,15.299810918366292,40.998400667872545
0,0,1.9100480800965018,23.504675185076504,69.95888137890091,5.085469926300988,0,1,2,0.22312064345391813,-1.1875922718763574,0.23067594850068512,0,52.73362706608425,0,1,6.051762807067501,1.2201718082406867,0,13.71496967309426,3.956698850165561,0,-1.5151993729109237,-0.4065614430918927,0,30.099993539061288,12.497169311116949,6.026317077898437,28.89666383331914,33.677631522410465
1,0,-0.07281161422235782,34.455163254858626,39.3248627238033,1.8351453218879048,0,0,1,0.18204969676739485,0.17448898690881862,0.30364702733694227,1,17.752559168967586,2,1,-3.151542562048313,3.779900174236357,1,41.705582242406734,1.9897622440801195,2,-0.5576400708440717,-0.40738632800144375,3,68.51799756424917,8.230781580555655,-5.736954365918252,16.98983811005711,26.81282313409075
0,1,1.4148410685709152,48.65981443983849,86.09981989930316,8.73195041599122,0,1,1,0.3184865726654441,-0.14131113268373888,0.6915541561724925,0,74.39065863217289,1,0,2.6827946988106373,3.3538456436128468,0,48.75664490508878,7.880524479115123,1,0.09395583201404818,-0.027326681129934183,0,7.081785469973411,33.22502369353608,8.357213122442026,32.41795776266356,31.165402715794155
1,1,1.5330644376079758,50.72071290027317,32.66750508599354,2.376106357690537,0,0,0,0.44044765100094163,-0.3065040736299016,0.6766495776435392,1,29.751468697473413,1,1,-9.343384896551294,4.080562404759324,0,54.060291742581484,2.018696773675751,0,0.14988216222838424,-0.0910076665156989,1,67.68367669325788,8.734085663988578,-2.8373189031030357,8.540141843996414,21.337818246160122
1,1,-0.6642823283104008,63.47172592720223,10.98817987198526,1.7908033307603521,1,0,0,0.8903732406949837,-0.025272646597390782,0.4690275404483745,1,19.887163069457046,2,0,2.870568358883446,3.252972339637772,0,79.79350222242905,1.0426039191470742,2,0.1543184436030121,1.5589617723322393,3,90.46592345714333,12.97199471586814,-7.356023252918006,18.815002985817753,30.423137368477057
1,0,0.7758765881899725,28.341894009106834,51.40340317690153,2.7436921013433673,0,0,1,0.18694610192145567,0.3330920210975077,0.5843801554375554,1,30.35122536318073,2,0,-8.879171397235108,2.7116342399903965,1,39.41068646638754,2.3453188161638137,2,-0.6918114852301132,-0.1587021541372766,2,62.4286625981443,17.6777485688049,-2.778424028160136,11.00536373722925,22.857500404575823
1,0,1.2319301881917608,57.797770429141494,25.90749069612902,2.0348569810626276,1,0,0,0.6318399825496861,1.0115274117177935,0.6103702285254572,1,19.355700575647163,2,1,-6.0068979022226054,2.180266137301458,0,21.063781872101977,1.5269287569232648,1,-0.4585508658369716,1.9319214595406058,3,79.69421836254877,16.939380463868886,-7.156774998949444,24.963606742709548,48.54385600120505
1,0,0.7800127466442894,44.10416507309161,68.44522630095634,2.691909782117136,0,0,1,0.3443625939194741,0.1764876415457333,0.21529276301724398,1,40.643881321827664,1,0,2.432812821913231,2.179156752490619,0,60.32591368155504,2.7691113806006453,0,-0.3433727495157812,0.1821737873483765,1,46.18227020689582,11.415751966326049,-2.079022756401619,22.62078131806902,46.54540559843325
0,0,0.8835636902967199,49.14855868429342,35.91299088656877,2.0258196518114957,0,0,0,0.2657702577179927,0.1900309462443616,0.7595864779723707,1,29.13780324686779,1,1,-9.71376446261366,4.001631242142392,0,10.389378621433272,1.7426688676635578,0,-0.6113826614007052,-0.19605747633566345,1,71.08297749637755,8.758134356302751,-1.8809312226009247,2.469035857012416,53.70137809972473
0,2,-0.06365259435358653,56.72214479353502,80.05759360056368,2.377128093324962,1,0,0,0.6616757719875104,0.28903298973026376,0.79099390376012,1,36.853003031675826,0,1,-6.997181788396844,9.58206819710443,1,79.87530943241104,3.331936151889105,0,-0.29285084345656653,0.338399059829879,1,37.17090699633807,12.605517803039984,-0.6567186255472031,27.673890351793954,51.67565962514999
0,2,-1.1093058966743592,24.847655320306814,92.89244370477823,20.43229002683161,0,1,2,0.1633342076945581,0.5566331539880673,0.6643785547664192,0,79.95677443151123,0,0,-6.662324153436996,4.9115353436399625,1,79.22475618534978,20.751493029649485,0,2.414263876504711,1.9196589821312453,0,0.6658612223311433,39.94982107131021,9.988570986433189,8.271880621268927,31.67678334086075
1,2,-0.8731669956011421,62.390683789274334,18.067682996474403,2.714336611406013,1,0,0,0.9496746146818067,0.49270793704429744,0.4556339932538034,1,24.209096482672877,3,1,-9.466745963718111,5.397080882431728,1,70.02080339827603,1.0615984273056245,2,0.4685121386678105,1.2793067940497183,3,82.99717604693473,23.039329145301217,-3.5442067365430905,11.0675870450161,48.267947466656814
1,2,0.5507648454666383,68.5625401465793,0.8205913466131198,2.431445052795882,1,0,0,0.9617109486216202,2.1842243687897516,0.6781876020156649,1,18.460056905643686,4,1,-5.557516948672111,0.9791411582866109,1,61.39540059106811,0.7786305156807333,2,-0.23013974172757498,-0.00844073579765627,4,97.17407505193962,9.670356319378046,-9.57077473386973,33.24553279113756,33.42663914654176
1,2,-0.9124727373180741,69.2402804430605,13.511188373929246,1.9365867130257173,1,0,0,0.9986997742571588,0.7830960394036945,0.8131470375861953,1,20.943568752873503,1,1,-7.869796538474187,4.692372459683695,0,4.533434369832823,1.2545728253396806,1,0.5104840315650782,0.5557125114486121,4,82.72641930628465,13.76717653804863,-5.206756683340815,24.324646689351866,44.63235134878441
1,0,0.20593430785448497,65.82762416711978,0.6789580639179837,3.363143617984255,1,1,0,0.9290813123604811,2.587570460712984,0.40741986948114334,1,44.69555016796469,4,1,3.9492737328930687,1.1006226980012022,1,36.402125711022215,0.8313142714074936,1,0.3420249731723556,-0.3118009502697792,4,93.65476988007171,21.689284821710828,-8.369303875753062,11.678192887308743,60.472356112306386
0,0,0.09634162022873839,26.208853276267476,54.649025352137805,2.3140865765315723,0,0,1,0.16305153844201403,1.1705425576675617,0.5467847868315832,1,35.53150131149831,0,0,-0.156490761390625,1.7988292020652517,1,36.48711680473967,2.6693117055339552,0,-0.23048087105904522,-0.8622760234626081,1,54.17425351964867,11.632373567232875,3.0044061671072964,6.976063791787568,57.0671429280261
0,1,-0.405536469542293,24.818061615374102,73.76849473343717,2.191690463978507,0,0,2,0.12205317247150538,-0.4346976977880887,0.32207613422941983,0,29.854985125719253,1,0,0.202218403063263,3.8733769457386074,1,0.9641935943140734,2.827950017255003,1,0.06409406158950434,-0.20564304799770808,0,39.923742594093476,16.557790513699793,0.47872654205017184,8.869729896100546,42.50713008325337
0,0,-0.14024232734350758,44.916987525349136,75.72854266402145,1.640667074005204,1,0,1,0.43262190078564194,-1.4064499087200002,0.6185894484501713,0,33.25555528227673,2,0,-5.001420711168782,2.0511180162672913,1,35.686264933502045,2.9937013791544844,0,-0.5311552841588331,-1.41012105377665,0,40.28606174172833,13.152582114552933,0.8716862523995239,35.12335404953514,68.69058222926454
0,0,1.4694565001376834,23.689470272274903,50.70686162795304,2.8791692291982542,0,1,1,0.11483013512035295,1.3310364530987728,0.2600759913244255,0,48.69688749059999,0,1,-7.644046004203449,0.621067048172075,0,20.462827753195107,4.3087256900896005,0,-0.8610329704714388,0.3003239907109423,0,27.140920090680627,12.766830214546783,7.666561284738446,8.678459385088637,38.092150680689485
0,0,-1.585675768575688,25.353693721133602,55.55468640401682,1.3288164784228826,0,0,1,0.14515992221011353,0.26797794463790914,0.39756798488233475,1,28.464491655069892,0,1,0.632904353998768,2.2265823991105953,1,14.983320468109742,2.082359676767419,1,0.9908449074915188,0.5442725800539469,0,58.91786708366137,10.127790069675115,-1.6009610622211383,5.616857578576983,37.64636550666728
1,0,-1.275988902019179,69.66554408056568,1.002864087654498,2.206476607657502,1,1,0,0.9981767891243227,2.720942061108037,0.450110408380459,1,19.7477090183285,1,0,-2.5887074429264327,5.699215272695414,0,67.43214571811038,0.8432714861859562,0,0.6291617589956833,-0.5599992231487886,3,93.76878388524203,20.98701680252686,-6.393585035951034,1.7769644353535186,67.82926948068838
0,0,-0.42746608962820276,20.681090493576566,99.42505201821903,35.37144949262515,0,1,2,0.10380690327104192,-0.6003588104453205,0.6213426019022393,0,79.99397857388763,0,1,3.500917395131534,2.5022680119768195,1,25.072196124401962,29.761311879767966,0,1.1187911243108266,-1.9522619320957333,0,0.10356026700032439,39.99552763679506,9.857189677984692,38.98499402611424,34.82081832125655
1,2,-2.4082485595640923,66.03822148179934,18.78475143067653,1.7367085056144236,1,0,0,0.9700590045420288,0.7184602866474329,0.5082133239321298,1,30.413036783354272,3,1,5.497069531892418,5.683917302584146,1,7.031872292951649,1.5347878317713448,2,2.514754578578313,0.16998168679655073,3,79.72484670643519,22.3626156403944,-6.496049766792115,29.722056467256866,68.45010289604357
0,0,0.8400032588706311,38.578467795337204,64.98967864891789,3.9273565377650157,0,1,1,0.21829581260621778,-1.585180296234453,0.4674446549019071,0,32.180982187439355,1,0,-3.5709427579891067,4.79202816834043,0,38.19502140596674,3.113552758192783,0,-0.6590318784568006,-0.2657938638914675,0,40.4447068372277,24.44770617622174,3.0727469798775946,15.055975167704986,36.85057920277178
0,0,0.22269933784748522,23.983635718540224,97.98877874490736,8.596457007530045,0,1,2,0.1349631689250852,-0.9963912122119702,0.6770554675035921,0,79.87024814755844,0,1,-5.549518764466331,1.5604520233149899,1,1.4963625593550844,15.144455221937184,2,0.8823987214513882,1.2707708846115346,0,1.0035142707844669,36.73294091568218,9.110306530153906,39.73937453798095,59.98593978961915
0,1,0.4992729890766714,43.0832451256977,76.59427138502865,1.4857985379303043,0,1,1,0.33670988589205664,-1.154162414783202,0.16698822387554735,0,55.198673797199916,0,1,-7.39093942509502,5.665143002992868,0,32.25395953178915,4.274997057131267,0,-0.21836509610621216,0.5993311884456183,0,25.11844774533619,5.4619188967773376,5.8686028087893085,28.70854399177487,60.65487973853119
0,0,0.23111464701833076,24.189462910170985,65.79680034462221,2.6841996458176864,1,1,1,0.2653805153526752,0.24845070303421685,0.5051943544146233,0,52.99874537937527,0,1,-0.3777077258668644,1.98221589251322,1,11.50216985884776,4.283931912778942,1,0.7905178285833258,-0.7166767122346807,0,10.41161150663157,20.640405337854858,5.840568457480085,6.596062849486318,49.578713454819564
0,0,0.2690897421293281,33.64971248253637,42.96871233068227,2.3335991643642817,0,0,1,0.28127316003046315,-0.01945382568359398,0.18521024720701917,0,24.99170181722004,1,1,8.478691630256954,1.067959889877081,0,7.8468007597360145,1.8446374079175627,0,-0.34885501419664894,0.5811163329008117,1,60.25643376734673,8.418536882250107,-1.410938389216323,18.257522341837507,51.01734850357205
1,0,-0.11237875784361791,65.30067571690799,4.398883751564808,1.866558054828724,1,0,0,0.9344579034215933,-0.2664090637045096,0.40433908658631335,1,20.8949511084783,3,0,-2.2001303446283194,1.1596248857193507,0,69.3260614059384,0.7970731224709717,1,0.32875140969071787,-0.08720700610261878,2,93.00311191437596,9.66656042028674,-6.17877846122357,7.993318971099113,65.26867082343759
1,0,0.17886529377021826,53.723967628943676,4.288701112540638,1.4451157140303081,1,0,0,0.7286895571678516,1.8565692165220473,0.11544764004077651,1,22.198904635729193,3,1,5.6197895156982405,1.588812118209285,0,56.16729453820053,1.0433982219035727,1,-1.0024079492114182,-0.1330636221817239,3,91.49509423783061,12.42231179561351,-6.162868739022943,12.960153863619656,36.537080282167345
0,1,-0.957065202611718,32.787143818866184,60.04645790416504,1.8159090736286307,0,0,1,0.24006934861171692,-0.15851964233886096,0.06403616661802547,1,17.757053046801502,1,0,9.993059775689982,5.750020756073825,1,65.1865993417094,1.7577610280755813,0,1.0329064193158286,2.0917188260150645,0,62.370859585266714,18.39005446248837,-4.739302362518573,23.240616359549165,39.933335407712654
0,0,-0.1297841120472558,25.042423816564806,53.52547908778173,1.4170438718291603,0,0,2,0.1689655446967408,0.2932951624577422,0.4903674714850719,1,25.04707339004095,0,0,9.501404454551153,2.0084482968812023,1,14.342826145583123,2.232187417582556,0,-0.13720448432352655,2.304212955592632,0,61.98254416142463,11.839486620676054,-2.404010040170812,2.3204994756504482,45.19585142129599
0,0,1.01048120401524,25.104107619601304,58.4831472456669,2.015124394553408,0,0,1,0.23195146820990975,-0.15176296581346652,0.4604628312238431,0,22.408867613597828,2,1,2.92454371739308,1.0064471396249637,0,1.3354106461245197,2.2389014233751325,0,-1.1981063726994683,1.455355188998815,1,54.17799689155813,6.8167807732618035,-0.9420257739398199,8.799946412896304,23.098756767678715
0,0,-1.254285632941419,21.540986820494318,71.54565504024902,2.1787173351369855,0,1,2,0.13884661377610158,-0.3130570435744559,0.4361006538467166,0,47.007020166422265,1,0,-6.373767339829074,0.8407723616082634,1,2.754311374973595,3.6429371761335596,0,1.446164921779315,-0.8092060794482205,0,36.25199605866784,19.849180192080848,2.1859549363048902,21.197256052037254,57.41811605970307
1,0,-1.3070668955294835,38.12335971435005,19.752466468461545,1.974361410724402,1,0,0,0.4354659998911585,-0.850850521317982,0.5659719909866736,1,20.129478852281153,0,1,-8.374470025651682,1.8099373351908867,1,29.783949724108865,1.3944189177690232,1,1.0132215170068437,0.6208763712669755,3,83.71970993850472,12.429561399967465,-7.026314066558306,19.850707923089384,49.306553340586774
0,0,1.256779047577996,28.52673697179354,34.534954995400646,2.0585885987237025,0,0,1,0.16968168442389853,-0.16936251774741262,0.38290921285638235,1,20.23600385660302,3,1,0.10369650548046572,1.1510227414456378,0,1.3509977153553443,1.697815261311631,0,-1.3424395697201095,2.3258686350506927,0,73.76965320682724,14.917549877060987,-1.6107901613544744,4.29757759551695,44.34146967209373
1,1,-0.2562088249816371,49.81115372042316,30.633279137411783,1.893909004358865,1,0,0,0.6079692717891216,-0.12898039768773614,0.5625326846981941,1,28.626125555006144,3,1,-6.293589644411636,2.5648870980845295,1,66.86583119953252,1.6407267799925116,0,0.2239872650876643,-0.9093601222789669,3,73.85723749095507,14.465096501079508,-4.500832107298365,17.783382512954,25.632908698017197
0,0,3.769062543387461,54.34401954203187,77.84349767487396,3.445176908888674,0,1,1,0.33193651939973257,-0.5874587102764471,0.42634637677988096,0,51.47010887683548,0,1,-9.087917837517152,2.5853240039492587,0,77.35160046124025,3.430479851111749,0,-2.228671387871536,-0.2447748724982602,0,30.25180328578584,14.867796840830954,3.1161739683156835,37.06750435695152,38.939071587758
1,1,-1.6626162785422869,49.815088676479746,81.62657154888333,1.5858835962494031,1,0,1,0.7432448477494336,-0.8292636932941087,0.7695843994351401,1,29.596423431269937,1,0,9.374238740662094,5.722954184627773,1,41.68071901994484,2.9642261759364668,2,0.6348216347358491,1.8574822641230972,2,44.73974295894166,25.012871318307702,-6.08347271468345,37.673436392896384,58.65007930765673
1,1,2.9940816670945014,67.95055528922211,0.6427762580763996,1.260999817390575,1,0,0,0.8686663720684418,1.5256366791796865,0.45703930692417016,1,23.606829799802888,4,1,-6.849707639864462,2.3597523873572825,0,38.26289676680582,0.72316709709941,2,-2.9846145139377813,-0.4810281063634113,4,95.98909484536883,12.421932655061568,-8.3525560710864,7.016709719352637,25.88400331619751
1,1,-1.9265866831167877,62.89312678630405,10.450722024061776,1.7219773482520062,1,1,0,0.952753221462167,0.8683304800503343,0.6206837673434087,0,27.191025014805213,4,0,6.158953690159603,1.9296045361847023,1,69.96250225199478,1.2990049423238383,2,1.7488719093801748,-0.29981953469820327,3,83.86067788597553,21.05688649706132,-4.19308638367934,8.364332375827805,61.91099710619544
0,1,0.5815393867858155,34.34156098287684,86.8087694726508,6.157076875102049,0,1,2,0.22306145080192985,-0.12132809243188475,0.22613988390053463,0,71.32658921872603,1,0,-5.870878222817714,5.035176942863662,1,68.69838649214071,6.383046467326727,0,0.2453454670772818,-0.46738351852818544,0,25.859276475297765,31.45289929571927,8.514343130638583,28.876410993163077,35.668133643049735
0,1,-0.4710851795029707,38.50809101594843,51.52288158998339,1.6760986746323643,0,0,0,0.340370258296762,-0.5988072330653644,0.9261651702166019,0,22.05744054249412,1,0,2.89853351211657,1.010410948803601,1,72.10011490819363,2.4926784954417496,1,-0.24479570640611156,-0.7573279739874924,1,56.06282765294246,8.355655854962576,-1.7207191276346059,11.727279833008923,34.881648538523216
1,1,0.006281250451529227,44.78701932979627,55.390978278952055,1.9194784740707074,1,0,1,0.49498078182383104,-2.4242731932506945,0.47209086280304763,1,18.695187961317462,0,0,-2.3919705011899666,6.047433418379096,0,21.32183232860622,2.3889151199907266,1,-0.30128137997792936,-0.12651115916710146,1,55.7248065944479,10.97903138228179,-2.966145625034563,25.56385527672617,50.62591239029405
1,2,-0.04550502737100647,67.61955514725359,30.152086090814446,1.8295298757980085,1,0,0,0.986154462556052,0.060248542801169286,0.5370204390690748,1,24.0601182635015,2,1,-9.686997032075537,2.6343225336359617,0,17.940594943339313,1.8028623143002742,2,0.3872715247258751,0.4806053010299895,2,75.9671572652922,9.809492214387824,-6.1914507270921,37.733980570042505,61.11373733900988
0,0,-0.43473695324259376,22.431762826988532,78.46623403380735,9.399265360635109,0,1,2,0.11121079456814958,-0.1299268814617006,0.825200893081827,0,78.03044636397024,0,1,7.256388771372087,2.2685786587528085,1,38.83501192940433,8.16769029214985,1,1.146782528983587,-0.13685169104558798,0,4.439223238017092,37.80960825474889,9.340875103654334,4.652987069372858,24.672473768513292
1,0,-0.09848206655580095,30.873994311852556,32.52072332439106,0.779826206928596,0,0,1,0.15019897360532802,0.45113226135865475,0.4984583334135879,1,25.475209247865898,3,1,-0.6953506187230456,1.0530205219320397,0,39.556688146342054,1.846200312584803,1,-1.7315239763796237,-0.34847382214401446,0,68.96263887442183,18.6257513845736,-3.1174533388350554,6.695936106416795,38.08360067084702
0,1,1.1461722317530048,44.94275905265998,92.58985328044251,13.997692132490082,0,1,2,0.32043929302068375,-1.0904423376601298,0.4964250831439908,0,79.80371434892531,0,0,-4.560138144189087,7.1307196969539355,0,77.5114006800791,20.739140036079398,1,0.30581303742785576,0.36335678734590215,0,0.6273044633698488,38.51851494576028,9.953629629751081,30.139136002984166,39.672801404789055
0,0,1.9052507480057483,49.826424982253094,43.73817803125944,1.3129578387936245,0,1,0,0.3367305253659806,-0.05937444517850884,0.6641984522541438,0,22.821505633593013,1,1,-4.2517349166526515,1.0889718477082992,0,2.86516281098522,2.80580026334993,0,-1.8575594755218046,-0.26946805577639915,0,69.96939294350214,11.024212969117858,1.0610487073783315,15.9203125135441,67.71036075919207
1,1,-0.702222401061841,62.17892614550763,11.499671396870426,2.3464696678238455,1,0,0,0.8909491636899052,0.4008779805030698,0.4876093646717789,1,19.508736791595634,3,1,-7.0626446974494925,3.6979568397714573,1,31.815922870510327,1.1548763646419185,1,0.4504329775269731,0.6088181814912291,2,86.11206050577476,19.973200286512164,-6.45712643013526,11.958865080403962,46.32046478980578
0,1,0.2555480397364107,37.94616546926372,83.68652370954435,13.907046535281934,0,1,2,0.2219483945602082,-0.28126341557469553,0.9247896698855563,0,74.30361244900759,0,0,-0.7770692604392799,3.597308167508803,0,23.50262333282968,8.225246646842658,0,1.6258314129911957,0.05291136594939736,0,8.103144446252392,39.23789627482094,7.7998594245971375,16.592819503610514,20.46034560233802
0,0,0.7373746031128638,39.785026710192426,29.326892976210182,1.4337869679882222,0,1,0,0.3722322348982393,-0.024148066781156097,0.20565038127608615,0,28.131975354590388,2,1,7.126673250348606,1.3634422135795128,0,44.279458777941485,2.2898506525890956,0,-0.6096429572542932,0.021504067821520405,0,62.50025150818803,9.288992718638996,2.015341951703773,5.893410492980089,35.99278550928126
0,0,1.093006981856784,59.154945850872906,35.08672769312536,1.6661977431242418,1,1,0,0.712095562305992,0.2784747760888302,0.17246562365916224,0,25.769082209393133,1,1,4.451580486018571,5.3655971762491905,0,56.85831796659072,2.4133478422194656,2,-1.2268645623305898,-1.1371151715485355,1,60.5640777681227,13.734630676072431,0.3642621030931874,20.85967643592187,30.319403872639626
1,2,-0.24856909293807045,60.04469382116356,11.775910821278297,1.7932012641174098,1,0,0,0.8528059899635906,0.01931415479903693,0.28880218965386495,1,19.293343462173148,0,1,-1.3930269956403443,2.4996798563469644,1,28.54737183354385,1.4519473394145688,1,-0.28194210244220125,0.05456247058164509,2,84.05124934545559,9.173437478280622,-3.1536789867949384,5.777054589390711,64.12254499983581
1,0,0.8176186043103808,48.78274319530982,17.80873299404881,1.7584383130618402,0,0,0,0.4185369950482591,-0.9206475072627465,0.34550574843678433,1,23.493324728537324,3,1,-1.8945749407941914,1.37860820153282,0,25.2112012502758,1.189325515689676,0,-0.7207071959750788,1.2118102661028929,1,85.33379614505563,7.5083329238765,-6.4751044031888005,13.378707275261274,35.42554820612724
1,2,1.7415680422007842,37.87245057136788,90.51906925655427,4.0590896576966315,0,0,1,0.33112601164839606,-0.15081954272665302,0.41386458964323947,1,44.33470186033422,1,1,-1.9788810113851945,7.117979308023486,1,45.25859718439371,4.18400908710122,2,-0.6331030639291613,-0.2390482773600063,3,24.133317671992437,17.666389567351036,-4.1762815247625396,39.876373846683926,57.95287361493902
1,0,0.12170142346039828,45.5328407755953,8.821002735846928,1.9092159946264158,0,1,0,0.37868328536439905,-0.6896597562095972,0.1907805529820954,0,23.94460783903377,1,0,-8.937739477960104,1.1445707415883417,0,47.17457860428959,1.3792181920101252,0,0.6173216037946505,-0.16502076410477687,2,83.82703121546189,8.774915534517993,-0.6813537840684862,4.782806742135419,54.61169021836352
1,1,0.6805678259095137,49.05462521219664,28.762211956140355,1.9196943574434278,1,0,0,0.5226356668060375,-0.5388003967860023,0.25436751562485227,1,21.380138269243034,1,1,3.556055833226562,1.9597715632477843,0,33.40357667293023,1.6253710120553209,2,-1.1680998097900557,-0.9652776255611253,2,73.68002008096201,11.260268535073665,-5.982352280324674,31.842354746880048,27.61978908377789
0,0,-3.2198101933184393,37.5681343021456,40.70438069549009,0.9394748808669706,1,0,0,0.6235238225847408,-0.505060548609238,0.3874926280428751,1,25.21406183263613,1,0,4.906908949598758,1.8938946103828063,1,36.77487846457619,1.8668136569783436,0,1.1357595150445816,0.1142222132812627,0,66.02694751097884,13.80186942217561,-2.9761650841916465,7.513390650748011,68.44309703555084
1,0,-0.21488465302586188,50.07157456654124,14.50249167578575,4.255315974626445,1,1,0,0.6098904473547261,0.5672985571093844,0.46421159396413214,0,21.322244248975704,1,1,-0.41467558428166384,0.7196717271513039,0,55.50119452244865,1.579177449444807,2,0.17424246331780857,0.009198233416121299,2,76.38105547929456,28.189272969543122,-2.6685164804417667,9.047840301685355,32.681172132575114
1,0,0.12101756524866722,60.92771860539064,9.179809285621854,3.3313914034071335,1,0,0,0.7684312725415147,1.2209708370164531,0.13391448876840878,1,24.338152288541387,3,1,-4.8795237931533375,1.2300907677049437,0,35.92284642652611,1.3947803773311698,1,-0.38047016637781655,-0.45845139872644586,2,84.8995457535032,14.533583302627488,-3.8329210999027037,11.082262700618479,56.540473139783394
0,1,-1.0971874211558927,46.63807291089256,42.26196478111538,1.5786363203965434,1,1,0,0.5736551811394018,0.1388860421571181,0.09619685682843165,0,32.764815014902354,0,0,-0.6426667436280233,2.398072225738303,1,36.442150495182695,3.125204379198364,0,0.10144794220989257,-0.7046315922020027,0,36.74189023613951,31.743471825211014,6.968130142358056,20.255053061825468,68.69975497358342
1,0,1.154377617534894,33.69594577807613,40.4589663992828,1.670406007430522,0,1,0,0.14613231734710297,0.07045577044746384,0.5251862192556433,1,20.045927527958778,1,1,2.0381399482346847,1.7593054422368481,0,1.0562461191288142,2.25590079469414,0,-1.7582000537586375,0.60315097882173,3,58.03316545481421,9.565782076371693,-0.25981353304312904,17.454610754719614,26.065058140358076
0,0,-0.22985148341169406,18.385795427529835,89.99678610178381,14.247534655484756,0,1,2,0.06931963704393296,-0.464709033725101,0.7713573934285769,0,77.82306566221226,1,0,1.7015290377360852,1.4809052326390664,1,0.8506809428892526,11.195013546186152,0,1.3748093998759363,-0.3470285343230554,0,3.2637482519082828,39.269913012636906,9.020648812983573,8.795873635361724,25.537522209490206
1,1,-2.9830427970852824,37.89760507834622,37.21830641975703,1.8431480241414566,1,1,0,0.6732929971497063,0.5387735275667124,0.43083486790619735,1,24.114209418491654,3,1,-3.632225689998134,2.375071163316807,1,35.20469573154277,1.862999411399397,1,1.996477025322614,-0.6457385103052581,3,66.38357719965109,29.47433453759249,-4.804208593391883,20.176979446835897,64.53837204178686
1,2,-0.13191806185370333,66.44138111803417,38.143790236587755,2.4096105574896356,1,1,0,0.9388848348499821,-0.020778447332352352,0.024687439322830518,1,18.494579311223823,3,0,-4.888285454069923,5.1452068100853605,1,11.0645481872162,2.3923023759305027,0,0.48003791999733514,0.03222708566742341,1,58.746069075706195,14.98525400975428,-0.41314967755771903,39.77784958369875,49.857513241320916
0,0,0.3055274701557312,44.58645766662825,80.05571822100978,2.1638829829266935,1,1,1,0.48401773765632605,-0.14668751670970653,0.774049836633775,0,44.93008964325397,1,0,1.2323848552323735,3.1413326874917376,1,25.2082563968774,3.3987579093254148,0,0.5360201667750165,0.43852655352420933,1,32.59438010332987,9.120743017087978,-1.165807507296515,30.32958709095249,62.53304842550169
0,2,-0.9079127829935878,34.16458069817632,94.32968688220046,4.453148440094981,0,1,2,0.19596253668399938,0.4813651360953721,0.33618894435993085,0,75.28445387747871,1,0,-1.8421699474147513,3.5142402534666513,1,46.54477908805288,10.26920912446252,0,1.3180169817810325,0.6615180897385297,0,5.766591617695188,31.87145185220121,9.393552388621735,34.66495031612544,59.42323313860993
1,0,0.18975553929917607,57.214286352225486,30.932055855506736,2.1842305411295007,1,1,0,0.636435329529523,1.4320571128716435,0.6857030883583262,1,18.644772129392916,4,0,-7.142984310823893,1.7291385708668099,1,6.367440444918779,2.2426577445903533,1,-0.5351307169580736,-0.44085305854266266,4,67.3609003871117,16.139145535563355,-7.276066710062313,18.86650736458054,52.7021609033425
0,2,2.9367596708218184,65.58482625227069,25.696030770061217,1.3063328819134958,1,0,0,0.6734531270446825,-0.5414021782517425,0.049525889970717274,1,22.824497670562085,1,1,-7.729390578801382,7.366246847063117,0,8.07231267003839,1.6207250404460622,1,-2.960111147687739,-0.25712741126038824,0,75.49525713082048,10.024660915943652,-2.951231736373485,25.8962639621057,39.90540251055914
0,2,1.1361157960042934,49.47489305349364,56.664271893345465,1.3171342216613864,0,1,0,0.35458258011794885,-0.9838304812940007,0.169287208399844,0,22.8332211995776,0,1,-3.2110441101420406,4.709350729858682,0,43.29339311185524,3.0293127842434813,0,-0.4004558644560667,0.03332902302539426,0,45.75743095193967,11.05119836366006,2.180156715892192,16.594034334106297,31.06612769804914
1,1,-0.4794837393676023,38.86060587397088,12.524363973473134,1.6894201546758416,0,1,0,0.2943524977002544,1.3446751676507678,0.06822488358468481,0,28.66884938722533,1,0,2.1708764257470428,2.552165839711092,1,28.752444728365614,1.5342718625344676,0,0.4128235463053457,0.3258431591000624,2,67.31549555481911,8.418597489927981,-4.730966316966869,6.66257498193109,45.69126572726569
1,0,0.17666079374297497,63.6526038404268,12.84187900508844,2.3526911263793173,1,1,0,0.9117086778857113,1.7791637303425818,7.082336091757124e-05,0,25.87557952638699,3,1,9.010067192617836,6.115446067202126,0,34.150409994830184,1.9345060534205125,0,-0.482326691922947,0.026510723272325936,1,70.33039375164672,10.3205722988272,-0.2604539713267062,36.99817448127385,68.09554464933305
0,0,-0.4643980035701766,30.16431210542171,78.66809700767033,2.629724153630736,0,1,2,0.1831904462026197,-1.8370257396884748,0.8167252840731674,0,63.0864563070681,0,1,2.4657573523832035,1.0303569742457512,0,63.103547165707035,5.894717695205449,1,0.03574375992973326,-1.430330769566543,0,18.269202721831974,18.702000036637894,6.831221163935389,16.05798877065448,58.13012721342553
1,1,-1.730080433894987,65.91306013580433,15.065930120552157,2.529715034716325,1,0,0,0.9683869377203045,1.013119201620146,0.487796474644405,1,23.13233242428953,1,0,-2.6180064447711064,1.3355093531628024,1,48.56076304133484,1.4123146496562875,1,1.039359496532456,0.25922283046695116,3,82.81823283658966,28.214823679602837,-4.195032399859457,22.852126259957576,69.99845696640975
1,0,0.033968771527138064,62.32134718731769,13.220543955076591,2.5038933463879665,1,0,0,0.8309548557921367,0.614519368666886,0.6348171817189426,1,25.109033701233994,4,1,6.229076544745208,2.4285737823535976,0,23.78509750667326,1.189991251547925,2,-0.3115485606229008,0.25027427709261874,4,85.31497731310165,14.366952488687142,-7.36362177110421,28.427134032780927,31.18448709945796
0,1,-0.10340968326982979,41.54513541497924,69.86722991650586,2.3017763018296105,0,1,1,0.38718845495197063,-0.3040495951831735,0.10407819388739536,0,73.52207310363373,0,0,-3.6536390956593534,4.238156162237945,1,48.10178677277168,4.912211746080012,0,0.43522109170665835,-0.06173874033830107,0,15.396518622617794,12.667537706744199,8.991700763348788,20.100555907492286,55.12678321311263
1,1,-0.8589753591191328,47.717449292969704,63.84870392394464,2.5434122982772225,1,1,0,0.4758459564606855,1.0647816222700681,0.617791295540168,0,40.83852079216648,1,0,7.824889757328911,2.6626623554690427,1,24.552807109894502,3.4891217572308038,0,0.36750025448951434,-0.20281949708092079,0,40.1828283337464,21.061926319834452,1.3170966099422028,30.92675331964637,54.8130047951466
1,0,-1.467301908579681,22.166568734931694,56.53652331667056,2.5158691208640906,0,1,1,0.11943951669647357,0.26131482114254806,0.4596392464371737,0,23.980671712522515,0,0,2.137044463077448,2.1994314070806342,1,13.392750277089792,3.3018858442264873,1,0.5779355259683374,-0.49790635020905494,1,53.86167871913046,23.75587659147267,-3.235508597645892,13.51237437580425,42.365345719640146
0,2,0.15160984764759905,43.19047048676725,74.37082628780962,2.818373834791721,0,0,1,0.3542351364923958,-1.3243484318075258,0.8933384768914039,1,28.694800882071828,0,0,-5.638697811348521,2.6805498829907712,1,44.66024345657095,2.9803790223621496,0,-0.8120981907339034,0.7921086670216408,0,42.90651651552171,17.280103483021506,-2.6776419918480325,16.734753946196182,29.559792833421728
1,0,0.3977764102992816,48.04762556217564,7.158291857132859,1.6097303818869138,0,0,0,0.4139607161884714,1.262914874072754,0.4447245233507929,1,21.75245192262013,3,1,-5.558800278894003,2.199584857875491,1,44.34996543050889,1.158634577595381,0,-1.1184159953160313,-0.01447167916570232,3,89.02518718753194,5.224905710186986,-8.219978303395958,7.3446730639884406,23.854600355595018
1,2,0.16119037513938034,49.38459782856564,13.894020900152587,2.1574626166627637,1,1,0,0.46796422184201647,0.9831484680897753,0.0008195796247328357,0,33.813011019705655,1,0,3.9713383307134986,11.737719108550998,0,53.893491243400916,1.8140169846365914,1,0.6390635908005515,0.5148090353172565,2,71.63917149274546,5.144778726096111,-0.014632149990642773,10.681966055772625,31.121196522866384
0,1,-0.8801045335498017,50.495870908031414,54.0911680139088,2.141713085425352,1,1,0,0.7415218433600937,0.7697012566044208,0.30276704715609415,0,40.46377808103104,0,0,6.066284638941767,5.218688117168796,0,64.50010937211076,2.796265980660804,1,0.5632676275891231,0.0841421054151433,0,40.039614188255854,13.618144330907093,1.7314761643522338,24.703241176453467,33.16491129152933
1,0,-2.9735815973577577,67.66646115847138,0.4762630389581801,1.778750947603618,1,0,0,0.99750484946923,2.067723495044364,0.029000861556870317,1,21.63513408025939,4,0,-3.403293811929789,3.252704686345937,1,56.49176038256382,0.6644613016640516,1,1.805968920398377,-0.5732699679017772,4,98.21173951363572,26.824637748438636,-7.6216611521038535,12.078829553477973,69.99710993173716
0,2,0.5221476037236302,33.51645142720501,82.53343253832908,4.227710126530439,0,1,2,0.19784915651252877,0.22721304264510378,0.37889415425525785,0,46.28524811266624,0,1,-0.5071432750231448,5.677316962302183,1,32.61149787778825,5.536017652671849,1,0.22314784269125493,-0.18024413984408236,1,23.18586405623508,26.695996636412282,2.899968905801895,33.6062605693344,28.192429648460838
1,0,-0.5277183653298962,60.609424086603,5.1725551994101835,1.997202949424129,1,0,0,0.8551267582257877,1.1248728057120718,0.5227634468004313,1,23.857370799983855,4,0,-4.277997056649053,1.9195171022707105,0,33.71543509673584,1.1428075847938268,2,0.0025825810074037764,0.24299380986560934,3,89.35068963729276,16.984303307859655,-7.738937429040672,12.38019080210439,41.19037599661037
0,2,0.20387069505123542,32.79315957825881,67.15644320469954,2.595945734547453,0,1,1,0.24419560649706418,0.7290866570463529,0.40795026798597356,0,49.678923653856124,1,1,-8.94892612124476,3.8443732707547227,1,62.41817303404929,3.577657236536781,0,-0.5060622505772501,1.7599877769495884,0,28.29563829364949,10.346116598788239,5.76653334928541,16.161957610021584,36.54116759778936
0,2,-0.5871140202649964,54.23925239093482,93.00121879546346,3.6829151362500063,1,0,1,0.6438432806463656,-2.9721869200219317,0.6140981350413239,1,49.32955380748635,0,0,0.7409329002840082,13.587105556967233,1,73.36799765202872,4.5442688996135585,0,0.6988011827120026,0.47061195924685956,0,26.604834575671678,28.603323094595517,2.2817547395087345,37.62213520471822,52.61759088068736
1,0,0.2482613563738808,34.43216410157757,36.35948727052555,2.2363994128885585,0,0,0,0.25158095099057287,-0.5655245259400962,0.6509022352055182,1,23.214810932351533,2,0,-2.203306051851489,0.9394625362416257,0,40.25568539514769,2.0196570578586797,1,-0.9591596334409423,-0.37263066886579005,3,66.13418868350452,12.171962452688003,-3.8910769454876215,23.504929825506025,23.6303212258247
1,1,1.804166783764762,62.711930635584835,31.39597738081156,1.9558646203665384,1,0,0,0.6827830525666476,-0.6418730348597628,0.6638128907688444,1,24.482051999303597,4,1,0.14956125321897495,2.8973173552791853,0,40.92290511172771,1.5375775821462072,2,-1.4551747656377636,-0.6913934371756695,3,78.66454968144177,12.290567559205556,-6.257880857467457,29.905277493622634,37.353429752292314
1,0,-3.5168256358819527,18.2988717402049,74.01331162825693,3.771424301676114,0,0,2,0.09799863207234505,-1.1496012839507213,0.28222663497430156,1,19.04363340227829,1,0,7.852786001206486,0.9466571083284884,1,70.31279020423581,2.9442814451586825,0,2.47277306411439,1.7192487078828242,0,48.85388694894728,38.12662981999904,-4.864334567279036,18.827308692303234,66.81393716870248
0,0,-0.6068174918343657,33.60539242912738,46.908770673786734,1.629291402339059,0,0,0,0.30276735261521553,-0.3278045828499079,0.08076249557445486,1,31.11240886342296,2,0,-2.7564889948337115,2.2220340082716046,1,58.09640364875445,2.0469719056360796,2,0.26117615711722186,-0.17139855953656477,0,63.06275120961213,11.263697343337498,-1.226495991933815,23.553679742058087,43.44583208505881
1,0,0.9591602928258531,58.582396906809606,13.620408371971248,1.3373482355474637,1,1,0,0.555077701021528,0.6617288393424186,0.4442456211347967,0,25.891698695798922,2,1,3.419009494857729,1.0967116299252697,0,79.50983257664785,1.474973225621956,1,-1.2387246821929665,-0.1670086745500366,2,79.48276454158531,10.143084498083791,-2.507035317778459,10.736298630148074,29.0850295447919
0,2,0.45628035044045656,62.389890116411834,70.49567465954274,1.4696445448112048,1,0,0,0.8932493129011514,-1.1530023507449554,0.7196850402882171,1,25.366642891850738,0,1,9.99720406908978,8.517098159328535,0,63.196677009411246,2.3877683036628645,0,-0.19331227788959343,2.639774122032162,1,56.52495069918743,12.17686447952767,-3.7231756594944336,24.854654254258747,62.152769460878915
1,1,0.08624528161562377,68.109840343863,8.331802278989686,2.330745648819711,1,0,0,0.9883689849950534,1.2232986049125425,0.5107657964979806,1,25.65887193671225,2,1,-7.448258712327137,3.404860276093568,0,40.13115062629631,1.274617457031602,1,-0.29476712701867724,-0.19122876418217719,4,88.54198457382829,15.423969412424919,-4.760848913728356,16.31171732168363,62.258592208329496
0,0,-0.9518362590271938,35.23332111519419,50.468544011619045,2.1954537617704624,0,0,1,0.18036739797997886,-0.18506577896307405,0.3980348825488877,0,29.115623253768582,0,1,-9.268794188167899,2.1022153498299323,0,17.384906085755617,2.2445630002132564,0,0.5803936132937374,0.025563539687872866,1,59.34499883378454,17.402659780590334,-4.247924375863647,17.020045232170872,46.3807037220506
1,0,-1.836537907665966,51.01276860542376,6.577619078755081,1.6617092713150354,1,0,0,0.737888040366415,0.9454056090693423,0.3590414509985388,1,23.19896993513894,3,1,0.9661053098528498,1.6997453078300195,1,78.06643029254093,1.0535649449908913,2,1.644396913736773,-2.241416354592511,3,89.2485048800073,17.055265648121356,-7.416494567850118,6.35988743076132,43.81913342245022
0,1,0.48030351191153603,50.53083499260035,71.74851889729112,2.2908990248299657,1,1,1,0.6011237133505921,0.9325902625123007,0.475587079441958,0,55.15584398081511,1,0,-7.472227823215208,2.1217241914558618,0,18.73161677159527,3.4504296913511334,0,-0.500452978942582,-0.6250997376246956,0,34.96431500583294,11.309511018970152,1.3133187748206971,37.40106576461659,48.50159122136179
0,2,-2.2116988645899136,36.658963103114395,49.663559658578635,1.7838165402140458,1,1,1,0.4135554557507434,-0.017645142432046724,0.022167202393056973,0,32.80954781836336,0,0,-8.660292832723066,5.607030738130623,1,8.774469501025056,4.704508634416856,1,1.0785781504679675,-0.33432102902114275,2,18.95292213900811,25.699634643548,2.8749768478111157,25.77969760330662,53.237069099128284
0,0,0.05711298348439545,31.29434058968335,34.884713482461336,2.2878726787400545,0,1,0,0.20702410451889675,0.3265445853081358,0.33933944645685526,0,28.93765556474818,0,0,5.184854061892285,2.057695251611027,0,69.85494537228567,2.2883123780013905,0,-0.049875875033141746,-0.29549224456092205,0,53.93951445872802,16.14930296949283,6.0320001446866485,1.8287698649712048,40.43001237983461
0,1,0.03828185612360045,18.13573568123795,97.72802821798943,48.17917351519122,0,1,2,0.08821671659108965,-0.36133199534769234,0.570691573567182,0,79.87904701279389,0,0,8.82509650182854,7.19840402889597,1,7.785319759648752,17.43671109379499,0,2.908167797627212,-0.6657522123433001,0,0.3639310989689337,39.997813379036714,9.867324385563006,16.622155272192742,20.077342042419314
0,2,-0.6664706570283733,55.65985397940203,92.24544975134316,1.6937978205536186,1,0,1,0.7339427229562896,0.22891745884411893,0.5371617239224756,1,55.873614555256815,1,0,3.7142872165288328,5.228455252777501,1,38.2576032157563,4.52971939958899,0,0.004238945500135412,-0.10173356359812756,0,24.431169465342162,9.63009632942822,-0.5132642297331884,39.724939015024745,68.69591559466596
1,1,0.8505051817926261,32.64063523390517,98.19386656709423,12.942785398678753,0,0,2,0.23842954569004787,0.5934067952525437,0.9999999911984578,1,60.47069187927483,2,0,1.1088038533767275,4.099021470495707,0,6.081226102406436,5.2604074118534845,2,0.5312684885205262,-0.13826692567295826,3,10.691636811867394,39.763383529941066,-6.1818439686990265,21.34546128721267,22.59001488162356
1,0,-0.638078099496809,35.07518189648256,58.89282072524021,2.0528873235229828,0,1,1,0.348410484210689,-3.5403130081231646,0.6434090963845305,1,21.606704051340806,3,0,-4.87488745572718,1.7050958030323875,1,69.32117737123866,2.466352884007025,0,0.3645694435268131,-0.4327658082025288,3,47.98158256943482,13.29563244869288,-3.599577872626143,24.9779041317204,30.42530767103702
1,2,-2.1211705877949742,69.99648039916869,0.04107358977267217,1.7285678640762023,1,1,0,0.9999998215535932,3.8323107160964125,0.4980961037970385,1,35.651609799546875,4,0,6.719778941139012,12.89776853653331,1,70.87000780713625,0.6046845405589113,2,0.8777211710795055,-0.638504798607333,4,98.23738135629384,21.322052605732758,-9.418807783888404,10.652220762087056,69.04566544303586
0,0,-0.7386932637128018,25.023523946138898,20.50334402946121,1.8780251931590397,0,1,0,0.20655657506936914,0.9000290387857467,0.36801505670312995,0,22.03044896954978,0,1,-5.081801363614429,1.237329871699758,1,30.28703558973865,2.1361526511605526,0,-0.10886082517343225,-0.5964068622538475,0,67.97332937867799,12.231316807439603,3.649267883128518,5.215069904526526,37.178885467611714
1,0,-0.6664305140491839,40.01905108412325,31.009789355468875,1.3428576402211703,1,0,0,0.38896975986144466,-0.3672025846700056,0.4812472602460843,1,20.074028147647248,2,1,4.149569425841211,1.7290150319059754,1,12.381819390474163,1.63996127028204,2,-0.2601179360784274,0.27691097027672085,3,73.32558680051342,10.259739052623718,-5.577334095421856,13.338297634850186,64.80364317534573
1,0,-1.385764765144327,55.21227067212927,6.41180486851391,2.2558946357311576,1,0,0,0.8459403228300424,-0.4556170039950196,0.13196792679359565,1,23.350952099753904,1,1,6.756292839452044,2.210678798698136,1,59.892764731961435,1.197632711800901,1,0.597722815661388,-1.1017310039002854,2,86.96016257234679,27.76709242284765,-4.003208283687139,2.953340271899385,58.301304422760474
1,0,-0.06050089580707883,42.426569919226466,29.71614024588034,1.7018696968811615,0,0,0,0.34612689127273677,-1.836754937303229,0.8484534511557305,1,22.004878374990156,2,1,9.819805114189876,0.6528372934330557,0,40.20048370498878,1.5861101028257247,0,-0.9685118389949677,0.06410015298155441,1,70.35669614785024,10.509599892302885,-3.620539018855058,5.029328520532577,27.99047652342344
1,1,-1.227608676189495,56.47931637451092,30.2431064056058,1.7315135390928307,1,1,0,0.7594283844804277,1.5642495766296325,0.6279623222720814,0,26.993942330740595,3,1,6.111237698252424,5.966739854881023,1,27.563668776270596,2.4670617947286373,1,0.6161483633882937,-0.02197531920954337,4,64.47679931825718,15.467760609014949,-6.454528286370465,32.319637143085444,43.15515443766449
1,1,-1.0041519782021797,65.80114003074152,3.199649905081431,2.1302665419344704,1,0,0,0.9582536019940768,0.6571595313856294,0.24764212587812529,1,24.911774524027486,2,1,5.640655024915787,1.8377674461451028,1,17.995046944606123,0.949694356703534,2,0.3397246622709362,0.7612258715462142,2,92.31452374296573,16.90281476295369,-3.03504821266735,5.383711350464515,69.60957414864427
0,2,1.061127541073971,52.50178176282042,76.80641481313708,3.461954601799958,1,0,1,0.4894223810423012,-0.02098869073051661,0.4621071594159696,1,36.32542105095661,0,0,-6.857059160073357,8.598925230647739,0,60.84502929193164,3.3180113861638363,0,-0.5444709396972911,-0.824481386209668,1,39.68140087803677,8.46239760645167,1.1768405653172476,35.671992700014556,25.193142163465367
0,0,-0.8453661195797274,22.383270563331347,84.86924962170693,4.5792550907728575,0,1,2,0.1686383732680174,0.7651427864038246,0.28875475553729246,0,77.43967561344839,0,1,-8.62699789948605,1.7311345300670735,1,30.298675025976387,9.606505422175347,0,0.8977359105748525,-0.45097161598454105,0,5.040820264169405,33.03742655124275,8.977686803071961,19.092479906564765,37.57283758061757
1,1,1.6322754306114562,32.840884327853765,54.763068878594936,2.065394638823741,0,1,1,0.1739063342344354,-0.09884561655366671,0.22829629088351883,0,23.345459661114774,2,1,0.7778402593314802,1.4357331282633714,1,5.7235994964308246,2.3799110894063045,1,-1.491398366447849,1.046793727330855,2,53.001988200584314,11.196892076019267,-2.7140784184930506,32.8983615718398,51.77351769432296
0,2,-2.1618702606802707,41.96428859458328,96.16862148836579,3.6292946647742856,1,1,2,0.4760233393301088,1.0743808270993285,0.4586895396441178,0,73.47058518760838,1,1,2.6344683890132963,4.994524685595956,1,20.00137221531052,7.514174239770132,0,1.8190493403355708,-0.7112990177926011,0,7.430040571418317,32.753859989630065,5.443025151171748,37.35121864585909,49.58850097713744
0,1,0.7609593819640589,29.49159383431733,98.368479675094,16.41544898295224,0,1,2,0.1753601988492784,-0.8035129202402916,0.7630043312281856,0,79.86646184141355,0,1,-2.9217949840600523,6.467294992809732,0,29.122706448203477,19.418187598401868,0,0.36967080394047513,-0.226532210525612,0,0.46548267029256074,39.71044427198762,9.747549108571288,36.33964533187651,38.65004696833437
0,1,0.8086735720250151,26.65280769715636,82.15414620145634,2.9900705589527377,0,1,2,0.1990457265459306,0.7126860035699228,0.38669234843013595,0,63.22355090621756,0,0,-2.1690045105852835,4.263636738180646,0,11.691587425544313,6.149572262017083,1,-0.23576845559361567,0.17668004751053576,0,9.79812703671139,15.066928957205503,5.12072502391559,24.111269669177776,31.378802798100484
0,1,1.2716448721203624,49.20097713518852,46.49991501132026,3.635673492249331,0,1,0,0.35095317794027103,-1.2313391360578663,0.36657577557334403,0,20.816577943307077,0,1,-1.2731442734109972,3.9566347046355967,0,79.02892192977117,2.7911097184278044,1,-0.5582789640043149,-1.173756126439467,1,54.43562972342782,12.532955246202757,2.996637616092938,12.827794449736318,20.218125852650893
1,1,0.9361486148551792,52.67769865893658,34.9585871991185,1.8123426089518948,1,0,0,0.6083125630992128,-0.09699472675766058,0.744150306375608,1,16.897036513762718,3,1,-4.14923409239759,2.8108172804912606,0,44.110763272702904,1.6110133615275695,2,-1.2918906966088288,0.43367909265975546,2,71.98142696641234,8.122470708292152,-5.981600380291779,13.262584257679277,46.20792819801546
0,0,-0.3630444986862654,21.608537529375965,86.99059024312687,7.988840919892571,0,1,2,0.1395906642636135,-0.22487334730139374,0.5651416937372671,0,74.3334117551913,1,0,-1.7202321059209407,3.007839994526624,1,56.036881517203206,8.412159721080759,1,-0.23858121426179807,-0.14065792491668178,0,8.825565033986454,31.714973893094225,7.592719252417268,18.415629344862147,35.50862499890984
1,1,0.26855965419125755,69.19196529650756,26.814954649721418,1.931798585622493,1,0,0,0.9787156630358627,0.6637813344392748,0.6782488889902686,1,19.20428196874053,2,1,-3.0586794053578963,2.574524036104405,0,60.0705523706266,1.827358238159687,2,-0.5341997217595876,-0.3407259592254693,3,73.85734698686434,20.445844271188474,-5.523072230309653,37.787421836899796,57.549040949764304
0,0,0.5202603249371024,42.58217110655336,70.41164440756427,2.282735616890545,0,1,1,0.25894222457757765,0.7578980349943111,0.7696834605316211,0,37.39035060155689,0,1,0.2717723891165207,1.0127039529706319,0,51.53365954095841,3.9735876981388647,0,-0.40688129924338956,0.3501641107636284,1,34.741478382054645,11.9552061025757,4.903384207226843,18.800544082149884,52.64401707855166
0,0,1.283621626053439,36.76617354431629,59.14939328542567,2.594336146472419,0,0,1,0.17402998726455182,-0.041545945077985535,0.5429550543380429,1,21.458588163187777,1,0,7.101186943671646,2.4486232276163684,1,73.89425564142545,2.1117058108105,0,-0.8989432506179568,-0.5144316752936727,1,53.87991250473528,12.685976557228438,-3.6976585969783127,19.59779701306337,33.742377891114444
0,0,1.4568881471248167,32.06705338322557,45.837274971578964,2.5840970588513326,0,1,1,0.19889604367223812,-0.9072425640764008,0.13115658837760108,0,30.98387142675248,0,1,5.341061764935329,1.9289551045645936,0,31.947550218304386,2.743125482796717,0,-0.8845166858000849,-2.2287454323398923,0,47.85213590975955,9.86697660609233,4.262364822761917,8.307988121221854,34.002285805646196
1,1,0.6562717407440901,34.936494699944575,78.38549354713047,4.140261401804565,1,1,1,0.3728245794528669,0.6003033073966187,0.669527672235926,0,38.230002583614244,1,0,1.6295884699262153,5.148376185815393,1,4.74214240619192,4.08292884549093,2,0.8302888493742365,0.5056923542315762,3,32.20274755878645,25.808333987220102,-2.583314211035484,29.58925748835979,47.58009626172074
1,1,0.5401324801786448,31.18939981187831,64.69183966144078,3.163219539286484,0,0,1,0.16963512680617227,-1.7102451242755277,0.7770683304497283,1,33.53694394295927,3,1,-2.1198381278568714,5.414035493301378,0,3.3485930299364863,3.250211956149865,1,-0.4545909211469129,-0.13795099904829614,0,40.31208829449716,17.380925803279553,-1.565482605104263,7.378173146181748,24.480264451674245
0,0,-0.1672055474795089,38.90929767283295,53.47632323245163,2.337067994947969,0,1,1,0.35690245518381564,-1.2423117394536074,0.5609921862036908,0,31.727221887699287,0,0,-0.965140398736235,3.6982797283273374,1,73.94185556312041,2.5444301104598743,0,-0.018714091722157693,0.4705696124081045,0,50.80883506939995,15.62966557273166,1.6079287980421046,5.16245759101645,39.218640780373065
0,0,-0.18765976488171415,35.29246202136254,92.37395723389736,7.41819832362579,0,1,2,0.21000333892164563,-0.0789199925033958,0.4161601445116059,0,67.06064318503691,2,0,-2.5790372039557665,3.691758911816171,0,38.759616975066116,5.31764846337933,0,0.8802549561765379,0.5093848818381073,1,12.031327266171166,38.20356377454022,4.383429846840343,38.984901657221755,26.710121770477393
1,1,-0.3484770763686203,63.66854580322156,13.413878603439588,2.8202022904874813,1,0,0,0.9305446052306752,-0.921329242227307,0.2890502624040205,1,27.72181348835719,0,0,4.868389905378406,4.772378986493217,0,75.36329263107302,1.3219269207152415,0,-0.5163786863668856,-1.433170141116125,3,84.68324195508885,23.406451410298715,-5.444540309743232,9.639581465993334,36.25267535483266
0,1,0.7279900129811248,26.3635691142768,55.76498455351723,2.136161935944238,0,1,2,0.21672295671024394,-0.3859577557754049,0.0001153287632108535,0,63.23979401429416,0,1,-1.3703674418404752,6.40505764924931,1,47.208881029421605,5.904213949416159,0,-0.268222966437167,0.2038184279426984,0,18.433860117501894,13.450672876936773,8.954264476045285,25.23873128658577,29.43013437945177
0,0,-0.5054153486610407,21.840743343176435,86.30023430235092,2.9069787006928647,0,1,2,0.08554885765666959,-0.6515128751961684,0.5768420250396304,0,59.28786192596823,0,0,-4.635003832539997,1.6394785704487844,1,2.322070062235735,4.708328368427241,0,0.3339130993263212,-1.4704705073427873,0,21.127888682244222,26.566814598526438,4.2990471241454316,26.475801248771027,59.76943902714822
0,0,-1.2833616455298056,47.208053455553255,27.72769362142101,1.8951253237036825,1,1,0,0.5809970274287002,-0.09595870086057151,0.368991102949795,0,30.763850784766696,0,1,-6.464299623491151,1.8426637738102711,0,38.9141751891445,2.3275846054954954,2,0.8719786752135178,-0.2670489493209958,0,62.76245228601125,15.420965652784172,5.700613244532297,2.0980910802666286,52.96316562584705
1,1,-0.14943066325967208,67.50445462663436,4.397712651528685,1.916714028680808,1,1,0,0.9613866040533335,2.417146927754914,0.6186756468887733,1,23.095932424465264,3,0,-4.559097651248218,2.237115929416004,0,25.036233545041764,1.048351994297011,0,0.42237751142978835,-0.2047597077683365,4,88.58106901499345,20.86172693037691,-8.113733771699595,25.832418909547698,52.46414883360899
0,1,2.2220371503197036,57.87082068938943,54.792866558381135,2.2818226241469413,0,1,1,0.42408311470590276,-0.5491216936257993,0.5046667931780728,0,22.513732120994288,0,1,-9.84881773415538,2.114814615308484,0,76.83179473326473,2.821385849475966,0,-1.7264491565481475,0.6000349012175943,1,51.930103141979124,10.091665586478795,2.6538519246663856,25.660958832465592,25.340739348460396
0,0,-1.4498759143086617,49.05246645265281,26.904790558101567,2.3399658177293965,1,0,0,0.5444939176701464,0.14355735074535292,0.5819941284225776,0,21.40884644134679,0,0,7.140746581336799,1.6127115252392479,0,75.4485725455696,1.7191265152827917,1,0.9399816544841064,0.3905376118217513,1,75.55173996594058,26.588197605089505,-2.554802504496508,2.4680947837918388,60.77113361123719
0,0,-0.037404670821340774,47.65624594642097,68.36028503146251,3.525322216063722,1,1,1,0.4676522003957999,-0.824065031245624,0.35576404769648506,0,52.86245034598005,1,1,-0.8690380616995839,1.2483103880093775,0,67.50113426607732,4.625761256644011,2,-0.2296129407634166,-0.29933692511119275,0,25.93703068972616,24.55040119295555,5.093799695800245,38.34837196143971,60.43277333139443
0,1,-0.44377125505053744,31.53707624875254,81.41476082954304,6.083345295490605,0,1,2,0.22159470039026785,-0.5189876501826226,0.12503078157099012,0,75.61324636267588,0,0,2.2202822730908363,10.39029336751953,1,62.42735226572654,8.884510391340513,1,2.0222853848469136,-0.021638205155439485,1,6.903451246157627,35.06285236569897,9.44462383224657,30.19036897069951,29.82647258346733
0,0,-1.5640615559297355,21.129856339813163,93.27569133214175,9.41859140249943,0,1,2,0.14147158242629398,-0.2099369596497044,0.8538448216300103,0,78.54388273131462,0,0,-1.397985416859747,2.6217425119867492,1,12.61101589493614,11.394389736160761,1,2.520016906066415,-0.22598414748452603,0,3.977934378489345,39.624452041583616,8.989493871844548,21.134626937829125,44.132812816667155
0,0,-1.779315484393074,64.3305212186828,59.75212337146465,1.2494891138406432,1,1,0,0.9683789727741134,0.09089474861509986,0.15736612393302424,0,31.599768525560417,1,0,0.39456743032563146,1.4964891088559231,1,54.88586109138328,2.6688708113389783,1,-0.45560676839624314,-0.47489353576033533,1,42.27899658033616,10.619247840711083,1.3595289445509842,39.82662845867197,69.5972459624347
0,0,0.7781008741104863,18.926207920786148,99.91793022464255,54.598150033144236,0,1,2,0.13085222834818988,-0.7883042026958447,0.9996379897861505,0,79.99999031811988,1,0,-7.356291639480871,2.6784384342456202,0,21.636995243389315,54.598150033144236,0,3.174090996308467,-0.22681461395071081,0,0.002630819820353958,39.9999999319015,9.991646601565435,36.067072492832686,28.22627438228789
1,1,2.27914573028154,68.81164272130454,10.935403800968102,1.8226494775903996,1,0,0,0.8968432143812394,0.3667371351680194,0.47062727285173794,1,25.335902680253973,1,1,0.6876509337678893,1.7458635183519278,0,41.21062501480563,1.169599261572069,2,-2.134886630105444,-0.13050775232233175,2,85.13406874475888,5.695885882090717,-5.794252174892347,29.137642224351353,58.19149470577528
1,2,0.06275374358641471,67.14706940594556,7.788443911869203,2.1253860863858995,1,0,0,0.9896009248713848,0.730989271689791,0.11629394564423795,1,24.904348778961293,3,1,-9.24560943344187,1.8874362352908314,0,67.77447738188525,1.0957187722378658,1,-0.18163898287601854,-0.060299305631032196,3,90.51635606663294,13.089136297098776,-4.084333515252771,31.87085655163954,28.162096476888085
1,1,-1.1256512225481516,57.87583365473727,6.352589764756855,1.4484829544154827,1,0,0,0.8687096908105482,1.1541488580171189,0.25466918671944244,1,18.13872158328288,3,1,1.8918365132912296,5.795265912261862,1,3.3543794588764397,1.1811557520756173,1,-0.9804070216745063,-0.3102695031930217,4,89.80575366997563,13.464772725796049,-8.125475025215493,8.56203532022011,61.01624473964409
0,0,-0.2711809834632366,35.6740173866926,16.322465315013897,2.2147239579158,0,1,0,0.32856102893419614,-0.3072652977069876,0.08511856153325242,0,20.978369653633866,0,1,8.708672484869247,2.3413705535645697,1,62.9106050540943,1.8398662783724895,0,0.4888835017253982,-0.1844230118186793,1,68.96546680141054,13.742163355089588,1.1561280261063462,2.480296235675006,29.20100147749163
1,0,-1.425931868607805,67.47607821536576,3.3736697302267746,1.9551804499820364,1,1,0,0.9843953513925462,0.6227352170681982,0.5568858418724623,1,19.354671211774637,4,0,-7.286462212083437,2.419107141620322,0,63.810577511676115,1.193974145322463,2,0.6173485169909932,1.8881673474844871,3,90.6674057909687,13.151883902377552,-7.253856040505415,13.891952477560537,56.911886266680604
1,1,-0.43846480306191943,18.664202589803846,79.09233401896891,6.817409763193823,0,1,2,0.08027222356545094,0.4929169727326845,0.40884735590374477,0,44.06886332175152,1,0,-4.09446031659021,2.7153458489074227,1,5.57615155607512,4.029546914745978,0,0.7866736643125616,-0.4537190465233977,2,26.467079234491464,33.03606220277176,-0.009284215262216122,18.883279107330534,31.432120478319703
1,1,-0.003839686702799082,53.65663930722587,51.95127589191332,2.3678152583738443,1,1,0,0.630715669333278,-0.2600762055913791,0.5636157664370322,1,23.861195477354205,3,0,-6.038708412806163,6.359805976759,0,30.766421046490787,2.6221688862490695,0,-0.20731550974351165,-0.5976612042110986,2,51.386322907027136,11.403767342344064,0.9953086883247089,22.354919221044494,46.68379626475166
1,0,1.136661599658095,56.445512213660884,14.308924726068323,4.432304501580871,1,0,0,0.8833348719537695,0.2762865250004702,0.8097509438681576,1,24.069998338726467,2,0,-3.0518506810367407,0.8992095116982386,1,66.12299157454277,1.3923850389935373,2,0.2050277481669022,-0.1846695540506958,4,82.28011623474755,23.312703052115364,-6.554938928665681,11.389516528877861,44.72369218807529
0,0,0.45344655710807663,38.184609344717,21.4894358345061,2.33028070611745,0,1,0,0.3707774593674983,-0.20557063049468724,0.031885922695286784,0,24.573947539839132,0,1,-6.504421221068002,1.85681079064474,0,45.56748919713506,2.7331083577803432,0,-0.728783676894504,0.3848079836485075,0,63.45918700627122,14.061596735121359,6.298824752283849,2.3193315762866384,27.673448008105865
1,2,-1.323832973216,67.71404113213532,30.63619289443108,1.126840219925963,1,1,0,0.9915523727993735,-0.6914094373523566,0.2812058743894698,1,20.303759839821307,1,1,8.036177807374642,4.515120144015511,0,45.26664722202503,1.970350730170598,2,0.5499034249348088,-0.17931874189069855,2,69.06128591111708,11.425476045940881,-5.111509532523549,39.091935827431485,61.98365603544578
0,0,-0.2687926974229815,32.45890950889743,23.761485339261323,4.516118724191397,0,1,1,0.04373444968336343,1.1319785233904092,0.31506268639068535,0,32.36718276066751,0,0,-0.29924943702148354,1.1943369634119174,0,6.355643816444032,3.0969993602979984,1,0.7015943304335855,-1.6811019468158048,0,45.29849482890349,31.836962876814123,6.962535299258747,4.649481294713141,64.97131472367178
1,0,-0.6822666642227598,48.98197348778045,26.612345447628925,1.736240819537148,1,0,0,0.537553777941228,0.28187508882090107,0.7143614513052257,0,22.266964189299657,0,1,-5.5671832357306315,1.4918942752276418,1,27.924278018297215,1.740858408267348,1,0.5984983295071191,-0.35784406964008136,2,70.66739914042803,9.322376132463436,-4.3843474179719575,14.74495471178265,65.85265547186626
1,0,0.35017082037635167,36.89725259434138,48.97674653626503,2.4805324156407864,0,0,1,0.23306775138950148,0.5307993744237292,0.8009019589648949,0,20.461216488944622,2,0,-2.947992195694318,0.6400312484601188,0,49.23457057021585,2.1778065975222627,2,-0.5843856242864868,0.397792525867141,1,58.52837888378546,12.742720885657931,-0.9701313865349572,19.29157197117111,26.85851280917037
0,1,-0.02206860323440656,28.241485343470902,67.37198714703636,7.759726399866981,0,1,1,0.17538713525509347,-0.7573710572378,0.6773539540132726,0,26.69376576932777,2,0,9.05761588755917,2.291572270045849,0,69.27734691098117,2.7027972614599993,0,0.9226730113773042,0.47257444261690434,1,46.549607416234615,36.428612859822096,-0.7833316999441564,14.365515415339651,36.05958835850204
1,0,1.3682238366936068,59.210551986128806,7.75001431531277,3.1694605321226947,1,1,0,0.7274753048796081,-0.19420614596045266,0.3351363809339507,0,23.768369384707775,1,0,-7.817058362063531,0.9956610330334452,0,40.53381171717311,1.186593808090796,1,-0.15290169991594843,-0.575103211582822,2,82.31129147404235,9.355002109410538,-4.030090105926853,5.4928714436483865,40.69336944827948
0,0,-0.0665226467518608,65.70940407413526,23.278836133948154,1.8344416107889137,1,1,0,0.9214589691470079,0.6460957334445279,0.5750188666371248,0,19.885306844654743,0,1,-7.599348708291297,2.9675022099075794,0,64.06013590005898,2.2202944026298126,0,-0.6098203244593496,0.08822837525742694,1,62.37976214124669,4.682833925554943,1.2450315637183067,9.197679200568194,68.95520556676374
0,2,0.5618547572999198,35.01671471039153,86.47955311485684,4.387069515029756,0,1,2,0.3341980540846874,0.3142880125518693,0.7455580250710784,0,74.30730367734387,0,0,-9.970905767650567,3.5864133132389298,1,63.87473022861599,6.70273723446203,0,0.6812789210360426,-0.703510395580349,0,12.615932785987233,17.123453950729505,7.394849608579641,19.018621897102804,43.30745887233092
0,1,-0.3224953325748481,34.15214614668097,97.87255150695636,33.659618394090415,0,1,2,0.14268054053806095,-0.12429546597327923,0.8133412603221659,0,79.99925565359706,0,0,-4.250644418533319,9.355542007156156,0,26.08971312261765,32.034551442959874,0,2.7189416506881483,1.3358436392998667,0,0.0349784999732039,39.99048891536634,9.998895928178836,23.043307783036603,28.050767257868124
0,0,-2.405421558017993,27.39092370108805,51.943770277981905,1.5988098847170789,0,0,1,0.23169485439659082,-0.4448311073730038,0.3080792238744201,0,20.33227568668326,2,0,-9.222662893873494,1.356333708333451,1,54.39138481925454,2.25593085310363,2,0.46641477672198794,0.13019095658762675,0,48.67242278612968,13.631094353280591,-0.9888843275570363,15.760131611831927,58.47994878737492
1,1,1.1229080342302387,63.217194182383864,17.181645506330916,4.9292578516959225,1,0,0,0.8038066596923126,1.1206979404456723,0.48909724836807006,1,19.987726426284418,3,1,-4.234223353709696,3.1672980342948174,0,43.32795652011945,1.3833692603961525,0,-1.6580397927120758,-0.2953376715286611,3,81.05552727438521,24.291873438183003,-6.481443333507095,20.02200103946184,40.21410849891468
0,0,-0.8355480435233086,48.845625417532936,33.174148911696975,2.0906872790339066,1,1,0,0.698854915264635,0.165633686941717,0.3975866321196435,0,34.14656584326951,0,0,4.216300882764317,0.4885129787851036,0,27.504897530038683,3.7062128537450643,0,0.8556494248858941,-0.3176012944765727,0,43.856449799052584,15.28982586477033,7.636098577861851,15.450998453359148,69.85828714761394
1,0,0.019448943826393335,35.83524064585012,37.45994061915508,2.2710784532434007,0,0,0,0.2854479818018965,1.2975861419949513,0.4783747991772216,1,23.285128828688528,3,1,-4.8967369114716135,1.443420621832607,0,39.183113759437354,1.7205568241222593,0,-0.580429449896223,-0.8748313734180455,2,69.62785526378865,13.800615609764169,-4.5391257492438175,15.900447362670608,27.41228368608288
0,2,-0.8066094863352827,52.122538925259704,74.70388907709267,2.2943411263913633,1,1,1,0.6517317255616706,1.2689518706227318,0.6056971000997244,0,45.010474547445526,2,0,1.1423661170499937,6.796831300414026,1,71.6900621613193,2.677135634339631,0,0.5410906673696974,-0.685901521059013,1,39.27891702773844,5.81698872517145,-0.9805099950254323,31.670375239936345,44.16500101640139
1,2,0.9607989775661153,44.643290082459416,48.8089614067983,2.2603337397295,0,1,0,0.3359564009053444,0.813957303744272,0.6149994258031174,0,22.46069770687304,3,0,4.950521898856774,1.8999922021249984,1,49.91056492742119,2.8728254045677293,1,-1.5773628529385681,-0.31356080481701576,3,49.22111819022298,13.375359615214455,-3.0207348376365157,32.07721966134763,24.7482179941222
1,2,0.7232608233383748,48.14760076023139,75.01956433843056,2.5416136217780876,1,0,1,0.4520972729959486,-0.47709184063270393,0.7673515855569386,1,28.263817213475434,2,0,2.3124195733103097,5.958270864957689,0,0.6206704316250988,2.594795945984952,0,-0.5446197863952387,-0.11580124196959046,1,45.16884148491142,9.179420291342408,-4.1764187627727125,34.91961323902213,65.62987500467602
1,1,0.23320162376625236,42.0736300948076,42.675052739297755,2.16101053611112,0,0,0,0.26366956131282004,1.220229463036541,0.5898268253131776,1,24.88501611728445,3,1,-2.083699572933842,1.7586966289476285,1,33.94247701502793,1.8471576206282085,0,-0.48859828007505146,-0.6309991934321,3,66.39936535878202,4.162928450157595,-5.151035471238437,27.942704057208,30.166646572734333
0,2,2.771945694328228,51.70128921058899,79.70747484097413,3.9776277169288567,0,1,1,0.3814986932091215,-1.630783243801451,0.5935085493890657,0,68.55854132902168,0,0,3.4545302580301396,9.474778006210746,0,55.112770931108834,6.972975080555064,1,-0.8969092032436345,1.6268115878111888,0,12.958114501241452,8.802109274256026,8.4656071311557,11.517384517706212,41.5037967497109
0,0,-0.8147408037129166,20.24924949408048,49.109240673812245,2.6333085525761573,0,1,2,0.1470148135017882,0.8324208941786027,0.32797959584417913,0,69.31399212999025,0,0,9.610836686185117,1.0765635006091074,1,70.45205252068824,5.514995781616784,1,-0.17913924101872108,-0.2709264851003787,0,18.406951074009026,23.171967515759345,8.51766845673415,1.821891798852886,37.209364021856175
0,1,0.1954744028209667,24.081028949946056,74.20647460705241,3.935142103548932,0,1,2,0.17875328176373434,0.9368265744832535,0.41222028814082734,0,63.95600496648585,0,0,-7.336872323772941,2.705899270571257,1,23.518036493365546,6.366150912978566,1,0.35290412603902005,-0.7339084275290546,1,15.12262428197132,16.29260447044709,7.878620129309457,14.333259513926864,25.80954795978287
0,2,1.4053575220294316,47.285480689777,56.56498601312918,1.8811452547721945,0,1,0,0.37020890993628675,-0.6504037738850567,0.3911566635133581,0,34.17990460520177,1,1,-2.4129997101155745,3.8583270469885758,0,68.63366189903994,2.9697916594535747,1,-1.4842121806971371,-0.8254274906593175,0,45.78092803460386,9.866778104794962,2.7457604604495778,11.33775376958079,33.77642005436849
0,0,1.2558976735251022,43.79687399004712,28.178425977781696,2.2928333500698974,0,0,0,0.27950737036682816,-1.0398953222429492,0.5477571869106302,1,44.15794603355615,1,0,9.400943374736702,0.8783807623617658,0,9.29166880254316,1.3345316597459647,0,-1.6219470861692862,1.1643673683660647,2,78.57909458200038,11.103232907668609,-5.112954651130874,9.030456188607737,59.04054706470183
1,2,-0.7150490707440905,51.09790485524624,81.38741441112498,1.340851828596679,1,0,1,0.7201415492467018,0.16298602841139737,0.8626274640649798,1,29.239367623217802,1,1,-3.7351093331598406,3.7606506091604284,1,8.663925616483471,3.1385189676808163,0,0.3405813853611683,-0.26536718692475475,1,41.9142005215207,11.511449095561257,-4.508538382610549,36.20919330899725,64.89543740401086
0,2,0.011850503939985975,43.44852867898092,80.26114431001213,5.324687826946907,0,1,1,0.3606684507460257,-1.3460590019754595,0.17927197062855277,0,55.48211004430171,0,0,-8.320940952023696,5.637200344301433,0,62.10803898174106,4.334379484541029,0,0.1780598037306855,-0.1528368944241755,1,21.971724126402652,30.977007929708225,2.897912122908581,35.65070518029457,27.95418590752349
0,0,-0.6825352905233466,40.00948287013685,46.89051138913564,1.6548392838872859,0,0,1,0.3485727393154223,-0.3871995499944755,0.36403669659254817,1,22.17379409368318,1,1,6.620689146764569,1.8246713255522715,1,27.126376627771815,2.045415893941757,1,-0.07832940972265735,-0.33213934912011156,1,68.05494360374372,11.485704668853522,-2.0021687319872052,9.63074481182865,58.39081285331598
1,1,1.726259336356612,68.51947212579744,3.157828287982495,1.8903907188196925,1,0,0,0.9426629018545214,0.9609467866624173,0.25132715689305385,1,18.134116787399158,3,1,-6.525545170360923,3.8160549175541427,0,13.866569150647257,1.1691630991671251,0,-1.1931546742671286,0.6664100071239306,2,86.50294837606384,11.330169252600882,-7.430981982627777,14.126671088340075,50.1176452468436
0,0,0.691357434029696,22.221836105102874,44.23629749256614,2.8710571777873857,0,0,1,0.18072974003825187,-0.10561444265880224,0.46728372947593116,0,23.10024645888859,0,0,6.628882966512396,0.8109837151537382,1,63.07045983468643,2.1731847978673904,0,-0.8013533973855174,0.19203465004678624,1,67.74292350745552,12.057652261592464,1.0865283877616285,3.7710127776624924,28.2904392505853
1,0,0.7191164455060886,33.85915790058477,14.76366757307806,1.851800367249728,0,1,0,0.23968518878035977,1.8713580846723232,0.3508956703030444,0,18.896589340422718,0,1,1.0372405148495432,0.5427258544071909,1,66.87581629408739,1.7953818718805559,1,-0.4852887936222159,-0.39345385653142867,2,64.58303889392751,10.614149105996418,2.4481260571985572,4.25807052076067,38.6075492981895
0,0,-0.6492149404064519,20.740371237066526,75.97464253231753,4.790274543936793,0,1,2,0.12924438938716787,0.4798666427217401,0.9425595322301786,0,70.40108362633961,0,1,3.7385814023788235,1.3863638434216934,1,28.11910685372648,7.437189987472552,1,1.3633470627439195,0.006242952694301829,0,11.478616896290667,27.118416655097775,8.108853437442619,0.8381017662239665,47.967100877642636
0,0,-0.30243882004879435,31.641399606057252,59.49744830270659,3.035331035852226,0,0,1,0.22227643384328133,-0.11568043210915206,0.7882720862421297,1,26.52851628175099,1,0,-6.468413544467913,3.2022776907906176,1,14.298823676432825,2.4263933472553387,0,1.1651334180489166,-0.34020930497923085,0,59.81092518264487,21.23489282084513,-2.517438232410896,4.976805511319364,57.44308088754493
0,2,-1.1531360689406813,30.299630155779997,99.19371634949637,24.211640468745703,0,1,2,0.2657576688288249,-0.2052535796332628,0.6186431222462653,0,79.92330873680784,1,0,8.69088024294729,20.161038715422446,1,29.76983511051317,21.83733487235879,1,2.705644946554134,0.8936304780845213,0,0.8521886822976443,39.99470246066683,9.737911609951809,38.65227859814989,24.67787240265657
0,1,0.29184918957135997,19.37901952398883,87.74866657306713,13.858552432391583,0,1,2,0.1438824414828676,-2.5316829969086445,0.4271759972326139,0,76.06866898986041,0,0,-4.771247010088651,2.881555640368931,1,7.501178529297219,8.660851093522764,0,1.3838758042447186,-0.07376047299903445,0,6.193601644693886,38.453058656837946,8.959965287364337,6.440548171838292,24.817614449655018
0,1,-0.3750103533571811,31.723462948560353,70.58341710010974,1.587732453899598,0,1,1,0.15720182581384934,-0.293075184288946,0.6134027520117968,0,52.737609678898814,0,1,-4.821428082237302,1.4416500630507487,1,34.318867172625865,3.6840993530386044,1,0.23945014902249473,0.514595479123995,0,34.22431699069388,8.351063788818394,4.5019496911621655,21.452832871297083,44.333715135288045
1,1,0.7140407689043878,52.41447451460577,99.8220862500163,49.09504287959941,1,1,2,0.5561441611444222,0.5467001150002673,0.9590064520870338,0,78.18313792595785,2,1,-4.090982617537511,2.829631746461296,1,59.35900342973281,9.52483194628153,0,1.7679692087919996,-1.5613611870051476,3,2.400507362350096,39.99675946620289,-4.846581804810386,39.99999999994803,20.69941490136582
1,2,1.099232485014264,39.18917480679637,67.23601122230374,2.678626256516646,0,0,1,0.3206681611621944,0.6099711723083964,0.7260269249137683,1,35.987746166249536,1,0,1.7982080082950684,4.162742992376534,0,3.3268160604351937,2.8297334918364396,0,0.060767925652786714,-2.1342886433592425,2,47.27820145766712,5.765693991486405,-2.299638445224099,22.360599436308675,30.17065229299959
0,2,0.5783693028678262,48.23248516472935,42.663641819284614,2.161401383297982,1,0,0,0.4627009451445825,-3.3495603740749558,0.4660151659575941,1,32.41729220841633,0,0,7.839709623811842,4.6888960964532655,1,64.24206470609985,1.6948915327721388,2,-1.3900328985444521,1.402319401168904,2,65.90655150324112,20.576283596970132,-2.271533523403293,9.474957013725067,35.65672957282082
1,1,-0.48047619928510676,46.56988437223474,40.83136803303164,2.0246273749892656,1,0,0,0.46519899372150486,-0.6702805593363316,0.08055905926774315,1,17.66393327262296,3,0,5.795861071314095,5.222619860707491,1,15.40912316648226,1.7168656750623985,1,0.03449703792755253,2.2625414332583746,1,70.90641787347552,11.495965475297423,-4.9309674325377255,22.22454923085194,60.979549422010074
0,1,1.1418963633157286,26.97896560279113,77.02787380531161,5.124089098580925,0,1,2,0.22413474378600728,-0.4339559230543016,0.1948350480118759,0,77.77303669161476,0,0,-9.444276481566249,2.0732688581495586,0,7.131378757837821,8.373075442569133,0,-0.5178572491114715,-1.532803770058671,0,6.6152958518284235,26.604398207519186,9.398417586545559,33.15660981736237,22.95859508628064
0,1,-0.8211727090978014,49.84283127510605,36.29670260600925,1.9051963416750568,1,1,0,0.6502020521083076,0.7217258278733704,0.1958365928195645,0,24.527786658014428,0,1,4.862150365064304,3.1378909397037975,1,12.978491054098221,2.9916524344461197,0,-0.03641711213096252,-0.5082785869008573,1,47.886346200348804,15.748747320911693,4.836927419019688,14.878049745075693,68.5425475361065
1,0,-0.5552531323741706,44.624851746001596,50.0604078972653,1.7602597081152083,0,0,1,0.39947826214487453,0.037998277607690915,0.45194449885605636,1,21.045845736287035,3,0,-1.4926687415218822,3.704283346204004,1,57.78099920363501,2.3049197083514334,2,0.2271074399155721,0.07928824045809243,2,59.63594180070283,15.319854337981296,-4.060891601125951,25.206734874475522,32.17373633320092
0,1,0.533806796401729,37.57027597278551,67.81216925934011,2.198463405061479,0,1,1,0.2005521088769866,-1.0188453563779911,0.4564105919267385,0,28.833072256832942,0,1,-2.14424870693645,3.128785361888865,1,12.705799933802338,3.500458808834355,1,-0.9329914741527925,-1.2783215244479067,0,39.29873039775469,9.935107932358541,3.2528480686148686,15.075313817406888,63.496533264768665
0,0,-2.89807516972432,37.63267636306679,20.588811145928375,1.805604246920393,1,0,0,0.5183289716661675,-0.9507780318738016,0.48568444111754105,0,27.7327615195211,1,1,-0.4754259662131748,1.6908629195834015,1,33.34310017333785,1.475627991444932,1,1.8837939596325852,-0.38465488424542393,1,83.46271653565111,27.3984711875565,-0.7963922284017926,4.7542314814718845,68.37742165018095
0,0,-1.1786810207960077,38.74181379364868,93.9301871873909,1.6045839445851213,1,1,2,0.44198025172903294,-0.7822373952130595,0.7920693813729229,0,58.94435490490566,0,0,8.209909581329889,3.6393467358798097,1,35.912429702384955,4.751448994364807,2,0.027570744861875267,-0.8778851290620854,1,17.27194372564682,14.846030526417199,-2.0740721484613385,39.26586093154064,62.50516749343813
0,0,-0.20241652457231385,40.702465132107044,36.28750578792741,2.307566303007304,1,1,1,0.45093020525013167,-0.05867964795533425,0.08951722249416894,0,37.258474381827035,0,0,-3.2390662364415324,1.030106871646562,1,65.52021075918964,3.5781096409749265,0,-0.13259210244193054,-0.23340835502366816,0,41.592791958232276,15.651457039077282,6.735552030238342,10.12059425747723,64.19578305877383
0,0,0.1730012981641903,19.242095691506872,94.95083553207138,16.960211264995415,0,1,2,0.14420984841584245,0.23394487095466543,0.5903335496935557,0,79.65990269085734,0,1,-7.442316813413891,2.1249969196992677,1,1.086785634270342,17.207776545651928,0,0.8799187870623287,-0.5243481199648753,0,0.9519224623926126,39.709566689884255,9.684434047956529,34.42286454743751,28.075215070837476
1,2,0.8578092589813372,68.46196082342654,42.79691459902461,2.445196692421878,1,0,0,0.9728304649968113,1.8092857197206422,0.41134825512407686,1,32.63688923929869,2,0,-6.809911595783898,2.952870298775444,0,43.98072136782589,1.4995077083745394,2,-0.5795540249138944,1.3227927261242791,2,69.35574900490177,9.160029739107355,-7.351405908295527,39.74249091863723,62.47988645801312
1,0,-1.3316826493490925,49.312748340050234,17.021600883281028,1.8656829526622325,1,0,0,0.6699034498887467,-0.3392569186784729,0.14546133311493692,1,22.958732047103773,0,0,6.057056728426232,3.4796851714185637,1,73.46156456852108,1.4695786411712364,2,0.7651635607034465,0.6160125719570597,2,81.59655073462176,15.097795805728314,-2.4187734986941116,7.343565009052904,50.94687966779765
1,0,0.806210733724697,28.057666342478946,48.39881540659008,2.7575509836635366,0,0,1,0.16812482367404546,-0.4487209526485479,0.4964890465262985,1,22.33252471792806,2,0,0.8891720134956707,3.7504354113357334,0,24.517402961324535,2.045502262080296,2,-0.816657145966737,0.5398832803613478,3,59.41696733079588,13.746510665436386,-5.527199121857333,32.196231331205645,48.3782540286252
1,1,-0.2409048129299924,66.97681035658212,29.131006937805104,2.4509810667815195,1,0,0,0.9343436998511999,1.629779426650213,0.874157901959421,1,22.02811611813874,3,0,1.811403366957304,3.2127970515512274,1,38.8130059261175,1.5506466989543783,1,-0.11157322587125591,0.9853919654868436,3,73.26954316400862,19.53774919546404,-7.218982539831986,33.30974915557854,68.54741008307599
0,0,1.382899023546809,22.540800695328013,67.15900467707255,10.378727014073247,0,1,2,0.12743220807417371,-0.08348466605050141,0.7540279045713572,0,71.52995525883875,0,0,-9.99165939818237,1.2811182715134737,0,45.80300974908297,6.227635834773278,0,0.4562727032540635,-0.3673412441114233,0,32.307748410910555,30.764434215049,8.379011707207987,3.6173205988433366,20.530459620041103
0,1,0.829463673903648,58.032345615390895,76.3500700084344,1.8763151913533314,1,1,0,0.6828096996960965,-0.3544376202310039,0.48173436370967715,0,67.98412499954885,0,1,-9.340657636667327,5.331781958160045,0,50.20897322080893,5.866003685844714,0,0.7605007672136834,0.3961756620489822,0,33.29959390014064,10.490409004391758,8.824946457641776,10.989904365207813,69.42651682623122
0,0,-1.021725163508411,28.022875568756174,57.24514148599403,3.9948856883281407,0,1,1,0.17498826902399467,0.4020678874692992,0.4936835990680767,0,30.272748524955475,2,1,-4.3747574638009326,1.1478212365755303,0,67.64418851915042,3.3948203366035625,0,1.18398010436172,-0.041658817675770274,1,41.22386443062839,33.11763008259716,3.390363894489745,2.4977437143186676,33.48643684020288
0,1,-0.6935896652469541,28.839209225120943,41.901297001574825,1.6358075070857467,0,1,1,0.09427379778055783,-0.8327681438580109,0.1354624082923509,0,29.392698037971073,0,0,-2.370294887565664,4.9381360281480475,1,33.13701549221409,3.372394535823272,2,0.039973718402315166,0.1957404739690978,1,45.07219776395146,8.713110841457256,2.7480391515053615,3.7546697884286373,32.66115841207581
0,1,-0.040643397705133755,36.1861816181883,87.92922152364623,9.779220568933656,0,1,2,0.18483807910490146,-1.918148662161687,0.689830817487288,0,66.87466343725234,1,0,-6.035924683961006,7.426535742896288,1,61.08173593220408,6.375851304981674,0,0.8119139278801119,-0.4773702373150627,0,15.43627818821699,38.906960326461096,5.23706377383165,19.4986862845684,35.7385757442227
0,2,-0.2969092463937111,46.0323588289658,70.26704767593557,3.854915372095218,1,1,1,0.4925315679799828,1.1131025311368201,0.3507700457052004,0,76.92574191936002,0,1,-3.0058196384603972,4.51153885160143,0,54.18280020985342,9.173909580658249,2,-0.033112868229195756,-0.10191574154975805,0,6.868605735301503,28.06586240959448,9.68951142489821,20.175459797534373,46.22947497130426
0,1,0.46561154438417174,52.58501016557221,44.73503732992373,1.9055093363330322,1,1,0,0.664979284830662,-0.007385889354699008,0.6582619195196782,0,20.932998181399185,0,0,-3.826645641511739,3.1200702582009434,0,28.870743560023257,2.497922811104037,1,-0.18996873395384267,-0.05006537255654861,1,33.49924818850772,9.683495497710021,-2.094240977003632,12.843551890313535,41.72604639703367
1,2,-0.2448789251942219,39.728006006389265,54.4190678134015,1.4675139522476939,0,0,1,0.309529595536306,-0.05501200805561598,0.15801245065356728,1,17.501943586918998,2,1,-2.1348296991546345,7.368403655677907,1,13.567440996700505,2.1451242179798027,0,0.1834090329045657,0.117447529834944,3,61.63249609721556,10.60647446648266,-7.004358407250556,36.296465719016965,27.797010815654033
1,1,0.5123715259533295,69.62066483920468,0.600624935265659,1.4799104720813763,1,1,0,0.9958477345814347,0.8255832916776541,0.21893814040455056,0,26.343794244223776,4,1,4.182759258121163,1.8533922718846438,0,17.711874955414004,0.7875756546319377,2,-0.6013889673059738,-0.2526898827046083,4,96.07346604811697,11.607758235276153,-6.588676182772174,15.26224764338817,49.76564281115475
0,0,0.9916663666981557,35.88279317670208,74.72386677999214,2.152566904949925,0,1,1,0.2330077399573583,0.2715189712905078,0.6428327337028319,0,38.65902825196927,2,1,-0.28592711488668243,1.3769172845521156,1,21.014963133676517,3.693880380739516,0,-0.8143888022592111,-0.33226414753195566,0,34.347939060625386,9.848748875251507,4.966614659817898,15.13342029687583,31.860972269971725
0,0,-0.3012220728537093,27.116394364194868,85.1897026636294,3.211080581284659,0,1,2,0.1243877895573613,-0.3381627784737165,0.7650371191144973,0,47.7633333822351,0,0,-8.948523129672422,2.6039702004234413,1,30.624336688069732,4.330343866721589,0,0.009433967431808245,-1.294339835786048,0,29.636310688283686,22.251401017022058,2.197655509833961,19.898254540048104,39.46879031014917
1,0,-0.5457448078919057,49.01973137812345,55.06660584476787,1.8076615731810042,1,0,1,0.6645615692403258,-2.4878962284985118,0.16872145366027047,0,21.44431335860365,2,0,6.08555780122331,1.5182144778538615,0,8.563439964475315,2.438196052517285,0,0.14159024646767526,0.5818213204320604,1,53.86655546220034,14.77650596188069,-3.36363471789094,38.782094825336976,30.077481943756446
0,0,1.135634292153595,47.73399876777343,62.28010680192227,1.9985564949019574,0,1,0,0.4433891174100406,-0.41169453648822246,0.45004685275947653,0,37.304838820094886,0,0,1.3536788175722556,4.308606590300118,0,52.86221886392557,3.053199111376207,0,-0.4089829825170029,0.11897016639376048,0,40.17941770346651,10.132933717801766,3.9833209973091694,13.41735915167844,50.60819832744175
1,2,1.070309569282433,53.35669236592237,28.413361144389054,2.3378868675558313,1,0,0,0.6401916880819635,1.742888569573365,0.4071426372966045,1,28.980719496921218,4,1,1.0621602256672844,5.944348420074736,0,22.60617862596158,1.6548683011468395,0,-0.6814278451416702,-0.6062416663880651,4,73.61777399918388,11.54720815878758,-6.711527485517004,25.33863705441896,23.392956991568916
1,1,0.05113195823975207,52.379920452993,49.057140660488294,1.5434198583089187,1,0,0,0.5610132215097782,0.49270316336209485,0.5625559442876802,1,26.66496728258916,1,1,-4.4827557236168625,1.6570655611723815,1,70.9854535667776,2.0907236604152666,0,-1.4615144282730659,-0.14616328778211182,1,60.99610418496872,12.57930985217951,-1.2188576143294991,29.338325733235486,40.723648118031704
0,0,1.0041733449583095,26.144231187691876,87.0176135078971,5.121877311564823,0,1,2,0.13676467439951767,0.11423649258105614,0.6163793153233275,0,63.9764905383319,0,0,-6.460688131638404,1.4806455396278648,1,21.948071379723714,5.343412174937851,1,-0.3877347277763254,-0.3731168417193461,1,17.179907538224544,22.54076540820629,2.502069519353306,37.101696130196224,37.2033871190621
0,0,-0.6895298663789843,32.67994254103988,61.065041767282125,2.112566983990284,0,1,2,0.3508239151416995,-2.095641797960917,0.61584542670389,0,51.32862849197749,0,1,-0.6219054599565581,1.0760324438943594,0,53.088221521544696,4.295943035922781,2,0.5441246612009213,0.7524840516456497,0,27.849820680081617,16.512087879869515,8.15580605039954,4.314854163511422,52.55279016001929
0,0,-0.6823339093943055,40.22379564323058,48.43377656746422,1.588072748373143,1,1,0,0.42420155114240066,1.4582946805786132,0.6410389513872075,1,25.652795786641917,0,0,-7.2899869445927195,1.1288339099277356,1,27.533008730895048,2.5971235569298674,0,0.024017344103552305,0.10044487789377017,1,57.29403050789143,6.787883386948426,-2.038227711435595,26.872329608016663,63.575726455882055
0,2,0.9414477104156742,53.85599120725984,60.67068278037143,2.272121866657221,1,1,0,0.6955599081132438,0.44695930353725916,0.14771655570655312,0,45.2201776929951,0,1,-2.568812047618456,9.841199444478976,0,50.46272666159272,4.160936711582211,1,-0.6279965656429274,0.6574453125643368,0,28.256928585471776,9.83682610999923,7.874610964653904,19.01811201555578,49.239117543168554
1,2,0.9189296123654924,54.46084381397026,31.984385450629155,1.9090390091774152,1,1,0,0.59701998085553,-0.1955566104398311,0.12211275237932762,0,25.876143985662754,0,1,-1.539695715942651,4.99354623532598,0,58.60390743181731,2.076187494898513,1,-1.298314446619834,0.2561592781218909,2,61.724682355326706,15.105358657625123,1.7190507085591022,8.762914387302953,37.063449947286564
1,1,1.270328177807693,41.364746896636184,37.38025053418901,1.3089670846580053,0,0,0,0.20350683257958085,0.06484555769137808,0.41779754024729215,1,20.925300129356582,1,1,2.305263446105119,2.5046184857641185,0,49.28626747038406,1.8466809541600315,0,-1.7308904417434174,-1.748733160658157,1,70.6887991201672,9.633589627694803,-4.206673173867483,11.26224331000448,30.651061053796518
1,2,-0.8119841504113904,66.02166266920636,4.910831374667424,2.471780255910264,1,1,0,0.9230439652273879,0.44185944901944874,0.40189692910209945,1,20.430654598442594,3,0,-2.307775279201283,2.7340463192393765,1,71.29926388855195,1.1923568712038577,1,0.8453047477265911,-0.41878511328486584,3,88.79675080716707,18.292023624408845,-6.5538539719865945,10.733895028656715,53.50843385570768
1,2,1.846058293822236,29.903429310796536,89.38557361785118,7.340057352330144,0,0,2,0.20995658684640528,-0.09340617768774477,0.5983408830671876,1,46.04816586846014,2,0,0.6434229227415784,3.2906718972163924,0,25.776588183839063,3.620598558805412,0,-0.028694522617751697,-1.7877374458828081,1,30.19292525951569,25.42736556413526,-1.5561589267686031,39.62973309119267,29.596060109152774
0,1,-2.5017133683272297,53.760935927654664,71.41773115011434,1.7236979514454802,1,1,1,0.8670242558119823,-0.4600535617195974,0.6102306070511617,0,36.88920218824856,0,1,-5.381662394338376,2.5523317046796836,1,76.34432018839162,3.332875155092691,2,1.2715610927705792,-0.7518752130109132,0,37.10827682363043,21.440848727706964,-0.7967324437834264,8.028999553886514,67.76291903657277
1,0,0.7985249792666028,22.405346037537683,24.478623980200403,5.522962557891237,0,0,1,0.21055280964999507,-0.32589084966699916,0.5024157049251232,1,30.352755802134745,2,1,-5.481487865751237,0.7599610790222407,1,57.34262714333771,1.3388865679375155,0,0.1313080465444542,0.38418929782519573,2,77.87540834441744,26.47869451769374,-4.9182467436152555,1.0120747404583463,19.618153935781123
0,2,1.3318870429433145,34.63466964046194,66.04546238298622,1.582483185021196,0,1,1,0.23628267682197363,0.1448957121789151,0.4765551743153463,0,40.835652803176856,0,1,1.130070801380846,6.7940955472753854,1,32.74544377816262,4.0367813578270715,1,-1.475141780922951,-0.32355378611833613,0,31.063640083249044,9.980381654739979,3.3810309734023303,10.890135159375484,33.24756425718357
0,0,0.5194012845628692,24.15740001029639,55.07789125070547,3.6163388663733813,0,1,1,0.24028964407523035,-0.19663290473737183,0.3970034257363905,0,38.064914875712276,0,1,-1.4903499987567734,1.347436051159749,0,56.285542956362384,3.4492563769331466,0,1.0585844384299155,-0.9217044882316836,0,38.56482336258842,26.270753590200883,6.048256363730591,1.951687539791156,38.726551203034724
0,0,-0.14979796197780304,29.788423433144317,78.82279172926596,4.4244170471691815,0,1,2,0.2102469735170322,-0.6888078087542601,0.652335697238194,0,60.853406174314046,0,0,-4.708028190187427,2.9562046648210907,1,54.282057993896125,4.510070971532189,0,0.7817808389838233,0.937057540952163,0,18.629610956416137,31.011073847239004,5.485071517483036,14.435325967075862,44.32380162305124
0,2,0.70781317077374,57.76921116600132,32.86648960631331,2.225853962822763,1,1,0,0.6336451518348349,-0.42949149790619595,0.2498189453281467,0,39.32090212262159,0,0,3.8429289426904667,7.286182672388433,0,47.515704023906615,3.1397964739039996,1,-0.6551569011992727,0.05289017737913997,0,39.97445729734418,7.600575062419834,7.171283633378778,31.87710378514689,43.151929131719086
1,0,-0.663157237196558,35.279120533545026,3.8215537061261964,2.309003062217594,0,1,0,0.20397666337345116,-0.14200854751293104,0.00023782351553497394,0,28.80078537604151,0,0,-2.7868503224364254,2.1519997136958464,1,37.55279849282719,1.5688512521465954,2,0.46084476503213034,-0.5317514221453298,2,84.91419043194522,24.36392990274655,2.131825187493453,2.897387307720265,30.055432750953486
0,1,1.2708273177533767,25.04419386254155,93.32090286865838,10.352347549262129,0,1,2,0.15460619952994786,0.4197135183941139,0.7683343914743382,0,79.14110177548336,0,0,-5.761662202418952,2.7993697183084953,1,25.296572162628568,10.58076064949262,0,-0.0012283882612792844,0.7814276624954337,0,1.7801297666093174,36.29961249704977,9.051244411138086,22.0510540765757,30.347056524589114
0,1,0.5677625722441777,33.49671354861109,69.64694081404404,3.9745724189023672,0,1,1,0.1462586267184277,-0.15230082760784514,0.9632166244876827,0,33.53247770705336,1,0,4.054467840489009,2.952336071839759,0,11.254446665723892,3.52310326554073,0,-0.020298988332539736,0.14563716272790664,0,36.87315849981789,25.998382921168854,3.4504242940105136,1.6621361436988957,22.665634364330984
1,2,0.39126322562401283,68.38331255755242,18.768946354107356,1.8330768203308765,1,0,0,0.9705036052819129,0.9524063136157863,0.7148532087920151,1,22.641962421104765,2,1,-8.07305095301378,6.604788601525078,0,6.609738812415822,1.6716051618744467,2,-0.1767052589425007,-0.7980785781811258,3,67.50365538066984,5.441777976664892,-6.4430472655516144,25.39718658507384,57.65672577417737
1,1,-0.32852960387711677,58.25924168937986,55.25371808771901,1.0799063911798759,1,0,0,0.7427457674756323,-0.012823767212950078,0.518463705817435,1,22.81946132905538,2,1,-8.35730200374902,5.259995565664162,1,23.252596125866162,2.1414820561222165,2,-1.2877501478691165,-0.5252632300371233,3,34.533498077939086,11.089201751748462,-6.605026843029257,38.7816608086214,57.922869132636215
0,1,1.5235685099959244,25.995483351081074,93.15703854150067,11.692041023543947,0,1,2,0.24034082807231438,-0.4912401081544733,0.21550313485814937,0,77.27633390408208,1,0,6.74093224615169,7.067385846432146,1,19.284534182898106,8.86520902537008,0,0.45203295933799803,0.35466636542345864,0,6.390985297350859,36.001770859539974,7.973564133112141,29.19085906917651,28.674774196691157
1,1,-0.23971303325501883,69.45812650187534,9.161591732627183,1.5764014902517631,1,1,0,0.9935141018107674,0.036052996328623195,0.8514027564961474,1,22.915466537300237,3,1,-1.9912167834660615,2.8715182514035,0,21.9707081381039,1.3235346371480672,2,-0.6842825686040381,0.8971067235010416,3,84.60776548761243,8.747657792261021,-5.49413780383289,20.8544085547493,69.91927865479198
1,1,-0.7176090273483055,31.461982794097104,28.265197167720846,2.130760194974301,0,0,0,0.34428937161977247,0.046613651340517245,0.0418098124472181,1,23.71705386237119,2,1,2.7584962165909204,4.8256569920249115,1,29.038642918494023,1.4666358360781155,1,0.3692606475850558,0.8662298159660691,2,74.14537511058245,16.287049428360064,-4.787251382635249,10.042988416913726,35.59952291469931
0,0,-0.1222934898458721,43.330013834502765,28.271578902777406,2.007201123172835,1,0,0,0.441844959382622,-0.21015345724519166,0.2931764069541367,1,21.08385921971067,3,0,-3.7486220059763102,1.5903015261981832,0,33.63282111859239,1.810797345460836,2,0.07112010775233375,-1.4845673857616721,0,71.16834783675449,13.99723777363224,-2.311280902349976,8.22316206166196,57.30379781210624
1,0,-0.3582692553979778,31.444004232207426,33.45940186095907,1.470691214410939,0,0,1,0.25481205449728483,0.47012890205053737,0.8557999228883144,1,31.65502420095538,3,1,3.6716978091776546,2.9609417473422157,0,16.46142579641079,1.6846696281530018,1,-0.5192847671648555,0.7277820619313071,3,68.80576955324142,7.1777732542002575,-6.323995911184536,4.650311933321443,22.029560762409414
1,2,-0.24936370730025678,55.87227819682363,75.04217398747232,2.0970676116406257,1,0,1,0.8480236894000931,0.8437226954186279,0.9820701730725883,1,39.005185173040985,3,1,-1.3437501845812747,3.963874480966846,1,56.47717574069971,2.4922348307709954,1,0.06919188421239753,-0.6445490660093725,3,53.08507179906174,11.2841627497532,-4.742061242193626,37.30646648289256,29.24367282423972
0,1,1.3197046217942978,55.42624153417285,75.90262131131666,1.6694417027777961,1,1,1,0.7163662607013015,0.5223660169927197,0.31106557356596465,0,37.8022081264852,1,1,1.4545031706395868,1.9709016460972901,0,12.729233332396802,3.228013420149945,0,-1.808451185512834,-0.3612842618503858,0,35.368845929672524,11.254939017015264,1.69778818957613,36.570185919395215,52.27184537539491
1,0,0.2575756738928823,38.2468792872708,11.29277259912711,1.581949244572934,0,1,0,0.2546014761517338,-0.9565008393614661,0.20533270741822196,1,35.679541107535286,1,1,1.7954548181344414,1.1778603486388963,0,42.90359540103584,1.2431734943659425,0,-0.4844520580769485,0.34014811517371174,3,80.61341082760285,10.467198103133391,-3.5060280676694564,7.107854115991277,22.31569074469961
1,1,1.1157161558823692,65.1050163203727,5.756433491800039,1.756052855530955,1,0,0,0.8791108056232806,2.4760335843471806,0.026345267759199376,1,21.568732200476447,2,1,1.192601347436952,3.820587338783217,0,79.56514543124572,0.94585542643018,1,-1.3495533133613593,-0.2664963121110308,2,89.78539118161113,12.69376737940279,-6.195936644726402,18.817563567829446,33.59902497347697
1,2,-1.643421104352314,58.31374387764307,33.89712482476327,2.3003740518299205,1,0,0,0.8889667307092616,0.8714098258836362,0.786571923018056,1,24.482290254356144,1,0,3.112230801732384,2.759206600427391,1,33.65916877973209,1.7454772796780558,2,0.9580705201588839,-1.9131210035694353,3,72.17378631145228,29.571157054600366,-6.614088523855617,26.609078553795644,50.78604512600272
1,1,2.0714559349696953,67.975131395397,12.151130641580227,1.6025040172783667,1,0,0,0.9403669680325768,-0.1670256089920086,0.006006902040484208,1,23.159766760683752,0,1,5.902800528025548,1.823551348595419,0,79.99946773579353,1.4229930176024121,0,-1.5415648891650917,-0.5886172159634127,1,84.79904323491937,15.863891904661624,-3.5181119174580218,19.542697539037448,28.693127785503414
1,0,-0.46344972282422997,40.910330545244534,55.74903251592791,3.2475181999820646,0,0,0,0.32922358453915834,-0.8914731212567611,0.6155588281499343,1,23.18710659841683,3,0,-1.6710263533608227,0.7026485141523576,1,76.40527657845394,2.0688251454579523,1,0.13534344913962107,-0.21081141220752164,4,62.17627632286119,22.749576713660524,-5.293048366781454,37.938037893815356,23.807288827226163
0,0,-0.40110239274977383,53.40663946245395,47.11195553926537,1.3435704024196933,1,1,0,0.880551289651028,-1.3088916204152263,0.32188406953926696,0,35.6545045811213,0,1,-9.39841296792035,1.7441383436104145,0,74.7581501111743,3.2587068210008656,2,-0.2417419547624262,-0.8695005478512682,0,40.51342238487997,9.70025916327224,8.175080573912744,8.112385060663064,67.52195680729562
1,1,4.580259225341884,58.69882004383875,24.542687004107822,1.7869044222106176,0,0,0,0.4976985921582522,0.25681832719008696,0.6220534992805975,0,19.76991210936589,1,1,8.235789309970343,6.604720002003012,0,7.9518249945932595,2.0238671784096036,0,-5.122904853641725,-0.9007851482757561,2,73.09968147178654,7.774851937825331,-3.3294260101708257,2.38545412439799,27.106833049947475
0,1,0.4248878940637447,65.54093835558446,12.040715384689854,1.374491323925348,1,0,0,0.9121627791169689,-0.7306650379426968,0.09677069856896825,1,21.25881012695972,1,1,-3.7958480522575266,5.755278382840773,0,3.2099022037369807,1.436976811723958,0,-0.759961488756745,-0.011421023786809746,1,82.85051055628058,10.229062742254015,1.8316748876686777,5.60086100488687,69.90821491737097
0,1,-0.19132494315612522,29.34146295082526,89.88575586929643,2.7938555903283957,0,1,2,0.22650075947994658,-0.8206332082062846,0.7674701614736817,0,57.52612379935624,2,0,-8.60998023877983,2.4623376576271148,1,10.463155454568,3.900143492603547,1,0.7540510373429465,-0.41113031358851615,0,24.562220621510722,16.890489992079548,4.535595059139283,25.440491084405316,64.6333390531338
1,2,-1.8021279540354758,39.43652776113345,58.686646690084274,1.6621622174969763,1,0,1,0.4978266254971919,0.0021308487241194314,0.4565934586437593,0,18.995642099899854,0,1,-6.049533337049113,6.990742061387242,1,46.95611176881628,2.587253140876056,2,0.5216144835276825,0.13769207323976057,2,50.26029307766522,11.85932275305732,-2.4873471301703107,22.59978997385167,47.48322076010206
0,0,0.17753924454200748,19.199691679519518,97.77280110453324,48.475096605154825,0,1,2,0.10630679171619356,-0.3028886913346621,0.4808454983094995,0,79.99998073083307,0,0,-8.0169863972312,0.5173865481874055,1,41.062370094288354,54.598150033144236,1,2.0896707845125,-0.26736614544702825,0,0.0033438027029819573,39.997688274349876,9.999928245356447,36.10410059285159,41.601769129851846
1,0,3.5058170908457598,49.26022347098017,27.20800034328097,2.3905188978231,0,1,0,0.293575949078022,-0.5820530382944844,0.17267588721614946,0,25.198241032527292,0,1,2.4899234988105707,3.5413541796812837,0,40.645051365041354,1.85695278984319,1,-2.3466666593595344,0.008680607732686488,2,65.5005893071547,10.494417942656046,-0.45855360858004524,17.599199847069485,21.819691271135845
1,0,-1.8497100863557527,27.24004427073194,16.780151558237677,2.0025569517543866,0,0,1,0.09398395371832952,0.234547554729914,0.3711007520182459,1,21.809306599451325,2,1,2.5376674923232763,1.5631126668037019,1,11.967457528470575,1.3569431575763276,1,0.7706272675969491,-0.4265050167207312,1,81.08639531540159,21.82801610252273,-3.0683996430776386,1.700933550199819,48.38016750621253
1,0,0.8026129684085501,35.88800045470855,88.76778306784783,7.88577546975279,0,1,2,0.23243730382848632,0.09897023278587413,0.529579618616451,1,49.747704630969054,2,1,8.659497513220899,1.9349124020298663,0,51.60883570082632,4.279495096081976,0,0.06466190768088974,-0.8496883010560484,2,25.938496992473503,32.26760928558363,-2.04408856268366,39.928023722486074,24.408930536181032
0,1,-0.04699186669057052,30.79141577383509,87.36101789224891,2.1973293794366633,1,0,2,0.3339416442810502,-0.35532220188717645,0.5388009699538675,1,30.53645244689241,1,0,9.9999044870168,6.512741165516874,0,5.587749317305075,3.0271800591273528,0,-0.31425999414942046,2.6003344065284564,1,39.230057031672224,13.28212952114352,-1.9038285535265764,23.324037055730905,54.49600432857577
0,0,-0.04808849155666031,44.54159290514066,50.68303706944197,1.6508715756815355,1,1,0,0.445127797779357,-1.5385375455854027,0.5813513596777066,0,20.745613168829152,1,1,8.646716892233243,2.0234541527540846,1,50.658126825776776,2.7397346946340133,1,-0.17536175461344133,-0.2441213149363878,0,55.62620553200782,9.061064062584904,0.1861928592119888,9.717041622775955,66.21659293513889
1,2,0.7367090810610316,64.73382931676434,19.550373965617005,2.901433179650909,1,1,0,0.861787181807917,0.1738325225608582,0.18162867538280103,0,23.589005113150165,0,1,3.045603435256732,3.1407181047545145,0,70.56298237901512,1.8255439094205588,2,-0.7535726520588034,-0.6840317526868368,2,64.82840667787421,11.642587634685677,3.433112001586732,31.043317996002983,33.97089532881641
1,0,0.191953834858593,43.83144327363381,39.339553708682196,2.031540687985359,0,0,0,0.3981844255548148,0.04863169023738887,0.8091154558169751,1,22.493566290209145,1,0,9.18859840511842,2.238071378175392,0,21.455111756371743,1.8859547242414911,1,-0.25200582859338033,0.3259377946198194,2,65.210648408053,12.206755304913784,-4.7551952180312735,7.107258001495698,27.775063658445013
1,0,1.6876569585059185,19.05226863078933,30.03730453377059,1.9253860591896772,0,0,1,0.07276822433781527,0.7296425601367161,0.33805521419768686,0,20.703128972150495,0,1,0.8572396541646459,1.2933466203166117,1,1.0975431636942634,1.7695297966968193,1,-1.4577794014425114,-1.0485916788005274,2,67.93046515911115,10.16722718185282,-3.3147966739348327,0.5854994870517616,24.5503724038521
1,1,-0.20235263653684277,56.79698239956573,34.910347036743495,1.405185097163285,1,0,0,0.7622182927561956,-0.49757232695718284,0.694737670960398,1,26.900239822424656,1,1,-6.697801281283855,2.64720279331107,0,37.72560818062887,1.6788357834002192,0,-0.42727106750129545,0.9525364668908453,1,73.33333253169312,7.741907095322828,-5.000495666917523,12.521327507910671,44.848807942208545
1,0,0.27140361606217067,35.58157597279287,58.7902394246064,1.2659522687416416,0,0,1,0.2378087969896961,0.16587900758627094,0.5887104091976423,1,24.03392162766761,1,1,-5.15844625418512,3.3547371724023503,1,44.231397481066054,2.712994891311918,0,-2.040165690409438,-0.1979260108696049,3,48.73819226693423,7.0690763448106475,-3.384337746339579,23.25877657015709,43.96806722430953
1,1,0.19321317688497563,33.669293451886304,84.19113230583119,3.1067619835371323,0,0,1,0.2899772070140486,-0.37608111741289246,0.8745758586203327,1,26.404596704698406,3,0,8.510874515165202,4.611045775485219,1,13.718553020939556,3.048627093732243,1,-0.17753163763223279,0.8569244544979625,2,41.87377034153621,17.9551975890351,-6.508962059338442,27.55663407406631,26.091135692582682
1,1,-0.3199938383286831,65.986785587659,53.79962156563563,2.251793980172928,1,0,0,0.9438520049057181,-0.4521768376706352,0.616547554140731,1,21.946662916397127,0,0,-5.684614240779483,2.5730433399464467,0,71.1409630609692,1.9524161972327643,1,0.4137702658182306,-0.09442008918350042,1,58.370314581078595,30.568984993179676,-1.3924358584904475,37.599659981079085,55.75552684461712
1,2,-1.1640206810096978,68.62264404715299,22.45348982592821,2.143145640925221,1,1,0,0.9922453643535865,0.8048951328429865,0.4722027335181716,1,19.21568760870027,2,0,-2.813139094374848,7.866203182808197,1,12.8276774437049,1.8704907540742282,0,0.2917101542449576,0.1195414228073831,3,75.82334489153124,20.844151423041346,-6.999790372900541,37.43285096535077,69.42663960408093
1,0,-0.023937295599316417,34.44206695114032,27.269233894626332,2.093606213285627,0,1,0,0.24869017134054067,-0.8736133956871288,0.5033461948618021,0,27.35308992197367,0,0,2.798558345111733,0.6935352364159529,1,75.17092103626456,1.8872230645955026,0,-1.1220735684059227,-0.23014748386322206,2,74.68415566119056,9.478259607191822,-1.2547296875011593,11.364858057193903,41.879956617104355
1,0,-0.9441093377693263,53.934047641544765,57.80369381145412,2.090616641897947,1,0,0,0.7886383988794288,0.4179036944421112,0.3180157455566681,1,24.02889837259895,0,0,8.753728125881782,1.981038909793438,0,70.70180571082786,2.27827737613965,1,0.10508760946646063,0.4102068588271774,1,58.558684675244535,16.092390876659024,-5.70778063790155,38.732752179753014,30.76930706988318
1,0,-0.01270622920282326,44.38486422976371,43.34326763585134,1.3528826127185383,1,0,0,0.5872657867955507,0.03320165954584139,0.6100587585048686,1,29.192650336201346,2,1,6.764884809343354,1.7220973384483138,0,43.44006284708384,1.9656648815575457,1,-1.838289944272623,0.6793304489675823,2,42.22117765877809,7.127269381455347,-4.682819370946816,22.422789681256525,20.83085740520892
1,1,-1.8490586143415313,30.85605360364941,56.859155445268804,1.4466857577026484,0,0,1,0.3215590964681185,-0.4923018088385871,0.6287612782670827,1,24.172343017260147,0,0,-0.24889765598780933,2.452827417640511,1,31.751829465997467,2.3680666922232234,0,0.5334288967920908,-0.3799202952468217,2,54.75845460153753,16.586570394542786,-4.778738049276726,20.5301652682642,52.511929467187876
0,1,-0.0033482955442269945,49.40328950069258,77.6054458368709,1.9990731962657797,1,1,1,0.6633176953391153,-0.980405681168067,0.6205285115494524,0,39.34435697830059,0,0,-7.774400353011326,4.53936067292225,0,33.69423215989784,3.2175352964315134,0,-0.43373488954012496,0.03615568818288303,0,29.75909967558251,6.378747768652655,2.2132783972136814,27.1166876990112,59.07758673146915
1,1,0.8901204473763058,45.34941091006795,74.24071669628069,1.9621003241307593,0,0,1,0.3173550436666184,0.30507745589885066,0.7697206528242417,1,19.249262882385203,0,0,8.891388716545812,4.680987689547357,0,48.785035868905425,2.446182926066376,1,-0.6489203629359463,1.911836783942504,1,50.969831677681334,9.267992936091481,-4.674009328664212,26.131915904370654,24.363518954573806
1,1,-0.12679945884860816,65.15348154361558,54.412579366782744,1.4737446318898717,1,0,0,0.8925359344994461,-0.02933749978529257,0.6479506742631763,1,20.75149931404381,1,1,6.852236178615108,3.35640606852726,0,69.00768342797168,2.3360229274962068,1,-0.6805470288588917,1.6734971847629436,2,62.09757507604341,12.338223707677503,-4.472431564114306,33.93476115263206,36.6379503696906
0,0,0.3407646239940651,36.54975170434747,70.12911531133557,4.910611120414105,0,1,1,0.3147356769821964,-0.052348561565556055,0.19282460362725795,0,56.73751742173144,0,0,2.4284004215943717,6.39196967779077,1,75.95578964282078,4.2649587081422515,0,0.13852474346428878,0.51595296415916,0,21.323185482178985,30.73285402473523,3.7997551714370417,28.325299479383013,28.757506615826422
0,0,-0.8377127505680864,21.70706136482361,81.29477098988764,2.143748164317911,0,0,2,0.12920671089903368,-0.668567001733464,0.22734754897790427,1,26.098997835038602,0,1,9.990216226012471,2.3558894072427092,1,1.90290817802111,2.8402491780764785,1,0.3477710055160884,2.4361337862831616,1,34.037205403084705,21.890843469394632,-3.0714259227687197,33.07365411596997,53.275631506548315
0,1,-1.4346905453518342,27.059308903913333,73.7341810106876,1.6323719181862746,0,1,2,0.290323829834614,-0.2559110931044921,0.6971109237023052,0,41.12026369348884,1,0,-1.8981498022915986,3.025424332375661,1,35.10720851700188,3.1819056298554576,0,1.540697382267564,-0.3056368566811998,0,36.64060465927847,23.52723451634299,0.8555333557106408,11.516449365424952,61.995893596742434
1,0,-0.5184260779539457,23.695964871082356,41.931366728895206,3.4679957155069405,0,0,1,0.15598140748110673,0.6565284229040451,0.7860495697217975,1,19.18227121874832,1,0,-6.501483734249867,1.432476585613117,1,69.85807251461785,1.9772309438414177,2,1.15234736852658,0.562317671875197,1,65.41711554200846,30.706986771448097,-5.371989132312583,5.265782842094984,35.185624784313944
1,2,-0.008695619167677813,52.22511508795062,51.15289202162494,1.5434910140914193,1,1,0,0.7153715939948949,0.5098067310758833,0.710606948256958,1,26.175952568925936,3,1,-2.9322017197006804,6.596485807677054,0,18.484378876807828,2.3254975314473856,2,-0.8333222263404105,0.5899181644911112,2,55.71291999865278,10.515554005842427,-6.127901162171491,28.427815973633255,22.64896079979264
0,0,0.46589787124246124,23.476716138917922,37.460468305784225,1.624173168892922,1,1,1,0.2430564164028065,1.3146527947863271,9.043893624161026e-05,0,32.16841995979982,1,1,1.5983243179922688,1.9702680788585096,1,38.70429239431729,3.106659247246221,0,-1.1598965976028526,0.23259487395585293,0,42.77892459551653,12.600026128157204,7.0412628048688255,26.266060777673577,43.475510902525855
1,0,1.3304087187571862,50.92914019840838,17.359904244394276,5.691810004374879,1,1,0,0.4830674037069542,-0.8584944523519615,0.4481693281563677,1,19.97229526152898,1,0,-8.183312220447547,1.4839809874206005,0,39.170708941861264,1.5612802790257447,2,-0.5304674734135152,-0.15450853054956995,2,79.64403503795285,21.714005594239666,-4.243707920680235,11.715353723773381,34.178108237356795
0,1,0.5812077997119542,31.67111004351856,87.07942537817506,9.301895164619589,0,1,2,0.15974049496817117,-0.1458648412118584,0.592107521983096,0,78.06851237600617,0,0,-8.051620035894727,1.6338879844800283,1,60.18212317550181,8.773911164357083,1,0.7352820997377968,-1.0824606576801261,0,4.12053199433513,36.23757825636616,9.24315719777637,36.31378496268791,31.34713770406461
0,0,0.734309586054673,40.97008734287763,41.78525968098014,3.5956818686430805,0,1,0,0.27199707075558727,-0.9066544421543035,0.3522337235774946,1,25.84378194418873,0,1,6.199311399452835,2.21274981928402,0,73.62904399663098,2.1306775317421573,0,-1.0390101072536073,-0.20755339787278354,0,67.56561089729274,20.956867233045454,-1.4312891302976443,13.714023817647764,20.880295903859707
1,0,-3.300143047109059,56.18011073608966,36.74861553369519,2.3386777875670486,1,0,0,0.9500629200601909,1.3040588017334513,0.48689080042361355,1,18.65869604628319,3,0,-6.6992227791320165,2.0976484811601326,1,24.210641306840316,1.5407499306963353,1,1.9491817941118526,-0.8530647729627973,2,62.77282394080049,33.930044488416044,-4.49310412472797,29.112884267248035,67.55837990724542
1,0,-0.6903517286998271,37.45716213211845,39.93399236307912,2.3681020721748736,1,0,1,0.42953464537366287,0.9590860897462642,0.14905226908797842,1,23.351745224624167,2,1,7.459565887261057,2.376987925745666,1,76.68733194701537,1.7346161869094998,2,0.5955146565018294,1.3760603683551942,3,72.92975199016225,20.724841873783262,-6.496254187998569,23.06508836595208,30.994553817615763
0,0,-0.8043177616058136,31.279567595248203,29.851561714363694,1.6659198372045816,0,0,0,0.2343749117700114,-0.596613264872161,0.4604426929371586,1,20.828219362128443,1,0,7.94134077279314,1.0116540291610387,1,51.0447344004855,1.548070829884466,0,0.045527083217973656,1.3272115209655857,1,77.5636838455952,11.167783270891647,-1.7458961068792362,3.468681440112078,37.06779900842072
1,0,-0.3660502143087147,39.09519821658375,57.247508523721436,2.169929896356148,0,0,1,0.37655307612437233,0.04151566480021962,0.721299578861039,1,26.118836552695463,3,0,-1.9862471764317213,1.8473919033593798,1,25.745159780203096,2.439560863627666,2,-0.29260254228698024,-0.49140812110656723,3,55.98187045844383,16.31182288837101,-7.213304435317052,32.15564581094915,25.29955687258359
1,1,0.5098736500981689,53.228696630658476,35.36373436409504,1.9655710785103795,1,0,0,0.5915229522303523,-0.3632964430494602,0.31001654347665775,1,20.032121612437596,1,1,3.894240191224057,5.940408268916775,0,26.152070282331465,1.4917532199714074,1,-0.7525343060145934,-0.11845944448716003,1,71.69213054473516,8.50712751817813,-5.061691286039222,14.46100702779264,40.873008650582456
0,1,0.9248255993787096,47.216095631864334,76.00073708986406,1.932508605143583,0,0,1,0.4362959009111761,0.5753813178058098,0.749929330096306,1,25.045947097852,0,1,9.86494691333419,4.769257360777339,0,14.942362389101884,2.762248527965905,0,-0.8020796745404808,2.142287778576483,1,50.39111706092526,11.836005138154192,-2.4881165513059216,21.665143711660747,39.40830374786569
0,2,0.23170757201237943,28.40761224613127,94.07864341655859,2.5806569303518745,0,1,2,0.20190876950865544,0.04182828937670864,0.64477662208141,0,68.90244471490811,0,1,-9.859182672250634,7.745681804414778,1,0.5109824976763555,5.74548716649513,0,0.6322441057395296,-0.3443131666108566,0,14.589699305865794,19.617108322330946,0.6136061979322172,36.779882592984265,40.637298979503996
1,0,-2.145050042971473,68.76428935117258,0.31482680715440026,1.7970638517734552,1,0,0,0.9979119915168755,0.30443268538337015,0.007919660886210322,1,19.854920826492975,4,0,2.8199391032135956,3.51943352397998,1,44.988730428202885,0.6453899635672231,2,0.8402555648708928,0.9028029795818387,4,92.42447375067941,22.887382471169218,-9.238214762526827,32.42591512920034,65.78758227713722
1,2,-0.3392359586369335,59.56897807403354,57.58180273917063,1.897635394582502,1,0,0,0.758922927094666,-0.8117270879110373,0.5847880139633798,0,29.44146184720786,3,0,-1.391487065201705,5.680615883491298,1,27.520450271948306,2.6285402861261984,2,-0.035040130065432114,-0.07787272405019001,2,54.6537186254318,20.676188280809967,-2.5384176946431536,32.60785077512498,66.58374091960401
0,0,2.92052857463753,32.04977632334072,92.80165312841275,10.59770324563185,0,1,2,0.2207170267037611,-1.7191263940365973,0.9503924539738873,0,79.6860894811085,0,1,-6.191337929719527,1.0067811915506204,0,16.523690109268706,16.402959308056726,0,-0.7958449946903988,-0.15768214909325703,0,0.726398645467391,37.15600886020427,9.974862472383684,15.222467792215085,42.04151088780402
1,0,-0.2756579909194305,42.64816590237851,30.31690604592674,1.7398960309896014,0,0,0,0.4018019361327788,0.39396403795279794,0.6320704242742201,1,20.354018013572123,4,1,2.812807761481297,1.5766101444151073,1,23.911101166872932,1.6307067003695144,1,-0.2962793586760713,-1.05308917470522,3,72.16384776244841,10.020783753887677,-7.1857633161492345,30.306326800777008,35.48797220842411
0,0,-0.7236441856102289,33.59299593910471,68.6902683144859,2.801632220453513,0,1,1,0.23163640930850032,-0.6418874574077713,0.5469364031817378,0,48.008934583264,0,0,-8.132207060631183,1.8391843728974546,1,79.03954267713844,4.212946031111756,0,0.49358269888156725,-0.0477688091002897,0,26.003112974482246,22.62580883186898,6.187736090201724,11.6283371012575,57.379054079652214
0,1,-0.31615860078035046,37.34307584931521,74.89688458349309,2.4330749838709687,0,1,1,0.2258560915718873,-1.0384560012273387,0.4955176900095822,0,46.491328564015475,0,1,6.078277559020247,3.8307614180009564,0,31.803381070396888,4.5888310493392295,0,0.21769637274275766,1.1277849948856649,0,28.06555206295154,18.145781881262053,3.513130740749606,17.40010502357455,46.004546052725914
1,1,-0.629955240212758,36.59459158462192,21.08800376205439,1.5308263540820186,0,0,0,0.31517764468958565,-0.962268772169161,0.2980047871194954,1,20.052218467972423,2,1,-2.6840500484080483,2.5193455529781787,1,22.128184599591457,1.4589023363645603,0,-0.3258954407275362,-1.395049382578652,3,82.17262755639571,12.734839076471275,-4.842647852176828,10.032003782689182,39.55869013614606
0,1,0.4856344507025269,60.35817902004194,54.92486516628501,1.5676522609586214,1,0,0,0.764956502904229,-1.042540457451311,0.45569830251885657,1,24.378081866688213,1,0,9.295888153751154,4.7874500662332125,0,40.0582309205526,1.911948601621147,2,0.5876492247104088,2.3424509961348807,1,62.87649638837871,9.17435577707706,-1.7718315765934083,25.703043821239913,58.30649690845133
1,2,-0.11865475100227227,67.1230385147312,16.602549370084834,1.8971831595881539,1,1,0,0.9642312088170675,0.400438459729992,0.45538636225683315,1,19.695319930110102,4,0,-2.2356164509517873,4.377188695610167,1,30.807662796890458,1.6333063866189674,1,-0.36957305740719304,-0.4429686108627285,4,75.25174265770167,12.690270884582514,-6.495372506542449,32.919880906552066,52.803905592302826
1,0,2.378486319969404,68.2407271012024,27.79560068184003,1.3435505894018285,1,0,0,0.8980475738598352,0.5142112976580554,0.7525044837452433,1,28.071999841295714,1,1,2.01085878546132,3.698416064905783,0,73.61164395510522,1.7420897452297344,2,-2.2164217221485654,0.1905199610504714,2,73.1421191802183,15.0344698411347,-3.003507706437963,23.973492065212326,56.64369159441225
0,1,-0.03235399224297059,22.71896147093643,92.14760485536306,11.347528522780777,0,1,2,0.1535192863531611,0.4457068362286904,0.9440423039477837,0,71.4016724480163,2,0,-6.617378545387249,5.397690922312248,1,23.269984246654868,7.0154086067532635,0,1.4767403643207244,0.480566534430793,0,8.412609041430464,38.602841390062245,7.100822163760604,5.031679209093072,47.825859398038865
1,1,0.565287763811769,69.21992456464702,2.67045277003507,2.0982540338170965,1,0,0,0.9928636357166905,2.7889011734503115,0.6886046451413486,1,21.372060572294433,3,0,5.413335876420934,4.414915310622216,1,41.36477525391183,0.9565431360944765,0,-0.970834624983453,-0.06279698831596967,4,93.37378643303953,8.844128995639842,-8.327593609489375,10.278277835856557,66.46441241171782
1,1,0.2237089229858458,31.878050580849035,54.23093245345086,2.319554127759246,0,0,1,0.27304488937458976,1.8642871512912742,0.5535375939742057,1,28.778303577453393,2,1,6.252864781801414,5.674757276046928,1,4.037830331671417,2.144852934050721,0,-0.14854320559146297,-0.15348925574384154,3,60.78189687567708,10.532148707504504,-7.257409179626163,28.834866091490706,28.2108354115795
0,1,0.49920293159545276,51.987784789022356,73.45818276125567,1.717538336209438,0,1,1,0.4836389383171473,0.8568124738420256,0.628014314307074,0,41.052683818810024,0,1,-9.464850679912825,6.6342065248185795,0,38.505888661612474,3.619032216969618,0,-0.5888358642854152,0.6389638352220873,1,35.9248902795147,7.190306079460564,1.3876953629014963,27.19648894741909,38.39738761516118
0,0,0.5931871636853956,26.9785270951215,84.34185002868968,1.728600284928992,0,1,2,0.20813857942840253,0.5154179783869443,0.7458755482805097,0,66.37331750092683,1,1,0.0523493734283349,1.292466727012757,0,0.5911270688454895,3.788588804115009,0,-0.5240550579995829,1.0976170852996758,0,29.863603881572836,9.445494246859356,2.2968416539575855,28.983046424536994,38.062691189518645
1,0,-0.33255696121074685,27.062164022516278,46.86330326270842,1.8114299157720648,0,1,1,0.14110469029974554,-0.13650727330792028,0.8205885740117503,0,32.30334407564109,2,1,0.9403767406594259,2.130093476709854,1,40.667576273453356,2.054089625121884,1,-0.1654494465564791,0.5415781335351272,2,58.23584624361254,10.822352611461437,-4.225522806236772,5.3637493604482955,36.812895716331326
0,0,-0.013827482707788356,29.53558490800803,47.36012506206967,1.515112419849049,0,0,1,0.16120848214475286,-1.6462830850699413,0.36381577439025126,0,27.146323176319285,1,1,2.0153464644083563,2.2372578335588384,1,25.377502536092244,2.0513504624475205,0,-0.35857628529466823,-0.22971285444971118,2,61.691725472952996,8.392633195560757,-3.3970913125144193,9.221964374594453,44.52385787176017
1,1,0.29714162028249036,56.83255084844983,18.85406188808676,1.7094826875896854,1,0,0,0.7606056960789218,-1.7935808265577657,0.4648506808734265,1,28.375736480751815,2,1,3.7839617588917225,2.6051236704846343,1,74.42307852440935,1.5075397299838793,2,-0.6216662811873951,0.05947561075813156,3,78.75912958008304,12.363336155110488,-6.014091349475156,14.68918522147347,31.089731504973617
0,0,0.1515846477554488,53.96954699996331,47.958530786593656,1.5458692162860066,1,1,0,0.7025830599861178,-1.2947255799838666,0.2587903168612561,0,26.771631377958123,0,1,2.8608056702184896,3.1076775255745144,0,66.38801116403495,3.1226902050062955,0,-0.35690972048605657,-1.0692546499636488,0,47.342922381843515,10.162865879295984,4.404366102415686,14.708019839911866,68.65135110428679
1,1,0.06874602120608893,69.69911629841238,0.43845142285356964,1.892309354549074,1,0,0,0.9967789609735688,2.1001900598515233,0.3741292604603382,1,22.935911999733854,4,0,-4.472400958294795,3.6988571422925016,0,75.09417076477703,0.5788099362094765,1,-0.36415516590913455,-0.057425031590999785,3,98.57235584535823,7.289244474628336,-8.807329438520263,31.015094080963866,58.77635742022312
0,0,-0.5757847759663001,43.781248998790055,51.52821316861199,0.8936543404426643,0,0,1,0.41438051420284394,-0.15067745583807243,0.2877431598001231,1,21.914537709679998,1,1,9.870323787531884,1.0828675182038034,1,67.93971611727657,1.7588030375902848,2,-0.5827819433547822,2.6096294268316726,1,71.76388641051167,8.952474155328181,-4.087266478104148,34.143401183939,45.53204327510715
1,2,-0.2102471116737337,23.803176199392826,97.33808940937118,7.791215367729965,0,1,2,0.11771481236431569,0.5673583853577464,0.9717302011582674,0,73.07462475701405,1,0,5.520887323135856,3.5356422634651894,1,3.8476532811255337,6.2488211569766925,0,1.485589225200801,-0.4631368577635076,1,8.206608989159609,37.23080562225037,0.6408150912867789,36.159757316668674,64.57835708190368
0,0,0.11662041168953532,47.22025452063424,43.410503157091064,1.6777891686451505,1,0,0,0.5221549321808238,0.6200555575329796,0.6676335210063334,0,19.888912276486067,2,1,-4.08677215812073,4.378853334174789,1,67.54457172128193,2.379911387052193,0,-1.0468230456942222,-1.1071174811974935,1,49.10334145397686,9.555172731979866,-0.7764620894124654,9.90300122689899,34.16767712582001
1,0,-0.9966554495216549,50.55184328793589,28.933885604458332,2.549239422616637,1,1,0,0.6832838166859717,1.1870617559071093,0.2887514922269283,0,17.42897411503965,1,0,-7.378292915021206,0.44281901984282285,1,55.961924083234315,2.30398885598458,0,0.5317507864237451,-1.2459174558072286,0,63.54089554112872,19.57894177967771,1.9866261115897679,30.93730287808306,66.5551718150547
1,0,-0.2295696501217261,54.86475899493525,15.787370888337227,2.2974687384788837,1,0,0,0.7405718190117727,2.267274831869809,0.3163194804851869,0,19.604865353265456,3,0,6.147625635558622,1.4360162631897706,1,43.78971817989553,1.5263211933581775,0,0.14915654151803004,-0.7864439848623516,2,78.85324475925081,13.3878875367691,-3.6799479319939525,20.89275603877561,57.35314545222681
1,1,-0.40201377344806477,35.39344649100136,32.37022434724137,1.8523685019711384,0,1,1,0.3560830812872701,0.5146553100745934,0.3979830014788204,0,26.589941880638133,3,1,-2.8493536436220968,4.765270924490674,1,39.4444335849243,2.142245873574245,0,0.33022808014501753,-0.590233049494526,1,65.64121335911204,12.284139887401084,-0.4010472996797816,22.649243402294296,26.598250582068307
1,1,-0.988497305110188,61.09096165485372,27.92215152352323,1.3397341072855746,1,0,0,0.9216173994210917,0.8046500183457111,0.49958308668601853,1,29.37205370023439,2,1,6.104335896319135,2.3558787233430905,0,55.72524002933035,1.5755333668016887,1,0.6454807676094411,-0.11531242104478712,1,75.46940870368557,10.33421164548142,-3.5379573195683323,23.776294035179824,51.56082038613407
0,0,-0.23655467165697514,25.131462878575185,40.65377655132837,1.4966046594536757,0,0,1,0.13115364145911307,0.25220061360157914,0.22415804924648725,0,20.304595865953658,0,1,5.7038151931271095,1.0730101702621613,1,29.614302073167433,2.0077275837087143,0,-0.7656214858233577,-0.09561568933710624,0,65.93270929544634,11.496076206730198,-0.12427476920231406,7.871799965935857,64.74110895625368
1,2,-1.2745744860261683,69.57840461564257,4.814695668591668,2.1047849908317664,1,0,0,0.998411280183704,1.743038939069638,0.837296364373324,1,25.534850199349197,3,0,-8.097752572880033,9.07007401180273,1,48.079466824039315,0.8999609071211064,2,1.081390046146955,0.09341597062483328,4,95.3102020671064,10.984929991537207,-9.274817043601447,19.219800703380972,61.18863079704962
0,1,0.6610013816995256,53.66552212202886,69.1840484159004,1.8088457442245631,1,0,0,0.6417127899918048,0.42603324120955915,0.5892837578290393,1,18.47037994094866,0,0,-5.709110314538613,3.0164654543595257,0,43.15419633188239,2.2598945847189404,0,-0.9406982131496391,0.9449902822072647,1,49.099662139613045,10.271028435684046,-3.5696522266975066,33.99687237467738,56.03420939716843
0,0,-0.34032916012124825,37.21496095896092,79.946581030568,2.7730413425682605,0,1,1,0.18733952033619128,0.9738103818008418,0.49885087233721986,0,44.052364406139844,1,0,2.4165753367290392,3.7509603560460367,0,18.775815512660493,3.4159029437822954,0,0.8142753996316644,-0.02680687529854372,0,25.061634592923504,18.82436864464036,0.5212663984866968,33.21382391768217,32.966127432976855
1,2,1.0156986204183795,45.13915650277455,71.6326106499239,1.680786950477209,0,0,1,0.2303138776387379,-0.48756915597935835,0.4128474865392694,0,30.873028243276668,0,1,-0.9614353195038401,6.016303107172193,0,40.27186289274247,3.372467154339299,0,-1.0551682947894436,-0.9064864001708155,2,67.29644862008774,6.58842993268445,-2.4184022378184267,28.974349933966195,28.252219837426374
0,0,-0.16473326512551298,29.966305163146373,37.29389592718175,2.896676103180031,0,0,1,0.24005722669305446,-1.0040825393311,0.8265110459104918,0,27.013307227494373,2,0,5.516747362731637,0.7550416694970427,0,63.89958580657505,1.8669597210714217,0,0.049125095010465,0.09382536388454059,1,52.0818991174145,21.726892799543478,-1.498229072526712,1.2384569089047193,33.06758460422536
1,2,-0.5837859135882413,57.63779327759302,44.69621013508211,1.1102976387535182,1,0,0,0.7674918789087883,-0.22093183584806336,0.5036361344005249,1,25.18798362256451,0,1,4.261313421146236,7.155379934668312,1,3.870607740428249,1.8695145663277422,1,-0.20158114799770677,0.218113579839976,1,53.09612347841773,10.298086860268025,-3.7091374948892364,20.396232175437824,62.8548830015781
1,2,-0.9749128338803776,66.98237560205062,4.30759259370439,2.0409460354661775,1,1,0,0.9921718558000348,0.23936832667630656,0.7761414981828038,1,23.244851827581954,4,0,-9.294141188190691,4.239149294775184,0,20.239919966835078,1.2339374821845106,2,-0.0018919071133117389,-0.1881205276829515,4,89.59714652542675,18.419531387841733,-8.932693867271725,21.582495792957722,32.21607533960295
0,1,1.0463123574135493,35.31925243853634,66.97962131072408,2.99523683585893,0,1,1,0.22291301445960565,-1.160445996747543,0.058520822763639346,0,47.10408186049304,0,0,7.247506065443957,6.3054265555026685,0,34.225679450531615,4.072338485358494,0,-1.0679807903064489,-0.014972761145899,0,14.69019989031421,11.945009199796477,5.539600304455865,18.927857251314933,30.70377105427842
0,0,-0.5556714194884097,27.427590738450938,96.2305193906111,23.728268126496303,0,1,2,0.166581409702167,-1.3549348541748405,0.7893568226508554,0,79.77179334070307,0,0,-1.16855401060387,1.9665598162676257,0,23.45527442978797,12.557139577947545,0,1.8729091571081988,-0.8377888857101191,0,2.1950534816479905,39.95268195863445,9.091793974808866,36.402047865995904,23.63992000746289
0,0,-0.7396543544090307,56.05749111140872,18.718330989137087,2.1177660138242476,1,0,0,0.9039563759540614,-0.37445749762155833,0.48696395513542917,1,28.5312203518307,1,0,-4.373606591017449,2.1671186199407635,1,72.95953430267562,1.413443072662144,2,0.1245172747957483,-0.6624908234793371,0,79.80853339370293,14.405046923892124,-3.118490523533933,3.7950872807942337,67.65501016981716
0,0,0.9940268969803315,19.317017879032637,30.809225639386263,2.0001703247316813,1,1,1,0.1623961189535958,-0.8981804659541727,0.3192292912830278,0,32.70418569331413,1,1,-0.6579244299647105,0.4691448417350791,0,4.868920063023352,1.8005606882844694,2,-2.2023261657648177,0.050044335023066044,0,66.58183096674395,10.179738410087143,-0.0201178722616131,1.0900512444492172,23.169168863143966
1,0,-0.7470937277454629,21.07616844308072,78.98637090712381,6.781856701415963,0,1,2,0.13055044634212765,1.3594104449682627,0.4505839687244786,0,53.7060834333774,1,0,-1.4087280464922127,1.3704363741187824,1,39.72713806834217,4.581002798103687,0,1.1451282847399875,-0.07948855232890584,1,23.504622330314852,34.134003760738175,0.9701203292921114,32.39716134835752,26.080307705019756
0,1,-0.08051190609563062,60.25242750594124,39.380390394495,2.1993062153893415,1,1,0,0.7867373331932986,-0.9160997681750236,0.47243851639844076,1,28.411993833799908,2,0,-1.9510304609135787,2.3432641540483523,1,12.008036549612573,2.583803588543715,0,-0.8649218541204173,-0.5146949031525228,2,64.44935879813048,11.187593293388968,-1.5441931667118851,22.809869256169833,62.778491248991436
0,0,-1.9770133859129153,32.60398869015103,69.86100616532784,1.7952480399315145,0,0,1,0.32212215230693986,-0.15810940924545178,0.5696918784038495,1,20.70931147271996,2,0,6.132741405567735,1.8788258059209169,1,47.0647452688437,2.5101337501359615,0,1.059148245211273,2.112170663025083,1,52.567817945640726,17.68576251606365,-3.7368004907206895,29.236757606338696,44.16010285229834
1,0,-0.5307093904756669,32.530678371647106,30.480680078141692,3.124381517286082,0,1,0,0.23704304236080703,-2.6535917359966517,0.7732960757663692,0,20.840079360210268,3,1,1.50651529118878,1.2655496793785355,0,48.304424454744705,1.8441430561249845,0,0.5762282567789483,0.6906789285703359,2,70.17881822920299,29.12001510528091,-4.88261020302609,4.957809897867804,33.416391900985765
1,0,1.3139420217144155,34.97698280864188,31.401632589931094,1.8534965890059272,1,0,0,0.36177752533138674,0.4148321155757579,0.5494635755372029,1,25.50728986906251,3,1,-0.21479626975254007,1.554601188015972,1,1.5513869403621872,1.4226239044248834,2,-1.2784596460404944,1.752066752603788,2,77.07900777295427,10.168130514170626,-6.88170562327177,16.12553695323202,40.752993254556415
0,1,-1.7549542397803437,35.62638462947859,55.608190032702176,2.8755066901928874,1,0,0,0.593105837849513,-0.6478137633138312,0.05597061672657311,1,26.137364135581773,2,0,-1.1396850478885305,4.133702038297415,1,46.59559555560408,1.954931556858226,1,0.18957891465589669,-0.37699708526932607,1,58.786412781356255,26.68027190563884,-2.850465193637829,29.424853623253114,37.0717788605929
1,1,-0.35791753638358287,39.31895664441106,53.364350089309234,2.936284587263061,0,0,1,0.29113136390960426,-0.19216415347827978,0.5336653781986295,1,21.48404180526507,0,0,-5.421167724586091,2.9507452434449184,1,7.903676946978888,2.402348715906664,1,0.3090891607705745,-0.683925356819901,3,64.98493955870644,17.878210588865734,-7.257798229637461,28.484952195782718,44.03491909834677
0,2,-0.40370753505539836,62.33276742440292,90.49792090816074,2.0027577875223637,1,1,1,0.9166461796493377,-1.0860346864700567,0.8148607749407747,0,61.09743778580441,0,1,-6.741262015044822,12.853254901882266,0,56.04522216078112,5.709084877202793,1,-0.06023949407188619,-0.2845091680180542,0,13.013104418976823,17.38603223177828,6.284279007304999,32.37698438403092,48.11603846756413
0,0,0.3544209132969899,22.437523784947935,89.68935665337655,10.939060912902782,0,1,2,0.13462305123835533,-0.24896551027389888,0.48238236018713515,0,79.17935550354066,0,0,9.01484006140872,1.5168311333004525,0,37.036525010284834,12.12657294939415,0,1.513049611907579,-0.9515199492822263,0,2.125528717829167,39.3741018458093,9.874616685797342,16.238019892274323,45.25587164279841
0,0,-0.7962634462108978,40.23243432999756,66.15780718298767,1.6496217533235389,1,1,1,0.4801457285022001,-1.9154521635914739,0.633436838808498,0,31.53222342844778,1,1,9.214891320596877,1.9811597023021288,1,25.366060096791266,3.4040561050700835,0,0.5361907289108481,1.5075785474478418,1,48.74614977130835,11.211301497319962,0.448573724027197,24.12483422094429,66.44716218130414
0,0,-0.31645301056224806,25.992489171304193,78.53826105153135,5.2398383628042025,0,1,2,0.18188420993070648,0.02887528978099113,0.6100848570247227,0,52.63259474774152,1,1,8.9708517993611,2.3217365186100394,1,27.241935555499346,4.010516613656471,1,1.3011547836531083,-1.3717585014249714,0,25.690793661656407,33.54634471733679,1.7472681789580324,22.094752168700293,37.06720340526968
0,2,-1.9344253905067543,46.75601245658619,69.77415071157546,2.3710619175102408,1,1,1,0.7105481608635167,-0.22939204810080846,0.35157720932536934,0,34.02842088440443,0,0,-1.215657293137168,8.028050899735675,1,36.19679917678897,2.793300994413048,0,-0.5023804166927047,-0.8812256282500093,0,41.214491712848265,25.713329218528788,3.2999128860699933,25.791458512463702,66.33961460023646
0,0,0.8877256289136094,19.68619151288799,75.79882181068325,5.906695322392378,0,1,2,0.08810135446571166,-0.09427943700345102,0.5882055487186972,0,72.13938872947557,0,0,-2.6568457577348283,1.6878473580820317,1,11.183289980453054,6.875486919132678,2,0.0571672436060142,-0.3845324191417948,0,8.80017372791349,25.155804155118293,8.689174991280815,9.604467123454008,23.800796807631443
1,2,-0.24483995955207966,68.6677977490276,12.54262303905479,2.795515296891124,1,1,0,0.9821516858676517,0.3829095387720861,0.3327655959183594,0,23.300198981082374,1,0,3.4047711342310407,5.151806653371623,0,40.5030191777631,1.5499062596105728,0,0.15693198920983462,-1.6869412497707306,2,77.7789410692793,17.688871795751805,-2.9339773745719375,21.10310896589727,65.79292599982011
0,1,0.16831154695974848,31.219999858680378,53.08466084843091,5.084061342434964,0,1,1,0.1983792571573283,0.42425962842913556,0.7108382956234365,0,48.55007632148455,0,1,3.626920527688707,1.4369419221819502,1,22.172476562332406,3.774497573366553,0,0.46794469934115424,1.4994700158057457,1,24.078350453409296,31.32119072598286,3.657673836800912,5.575203568118918,31.670517321017496
0,0,1.9816987323386441,32.38210788922001,63.263774655218896,3.863823078407515,0,1,1,0.2626493070866509,0.21549539813045568,0.6363884181883412,0,57.08033177280061,0,0,4.785782147422918,3.2493616718898766,0,36.45764228014369,4.645243291312707,1,-1.161657172314807,-1.246156437827003,1,23.877196188524707,11.10605600060918,6.608608234756005,7.086250686706903,24.493403145244628
0,0,0.8259647356019841,22.9425503354545,79.7791389928941,8.677436778695784,0,1,2,0.146032866378003,-0.24002683189127216,0.23600391873468185,0,63.45920869345646,2,0,0.6433678651447057,0.45972794172237647,0,51.963506413755844,5.009713899628547,2,0.24759667499908408,-1.5006172963066464,0,16.922851147544897,35.85108374249356,6.0179828106804045,38.39065260582332,42.77380907500756
0,1,0.8716863778084192,29.50563953240674,76.46652870126464,6.283423351271001,0,1,2,0.25001302552374693,0.015151050549790204,0.7229814474885228,0,52.833671597053986,1,0,-9.232803362764903,1.9306738340794194,0,23.884440854393056,3.879976950315663,0,0.006184068143819026,-0.3674204003186839,1,25.649786358591854,32.968326260036925,2.268868055897215,17.003889192932952,21.596997710730726
0,1,0.8523400081906864,30.7489487864206,98.76010490320462,19.29553502685779,1,1,2,0.31329189894652854,-0.44173874009101555,0.5338133186111399,0,79.98968631021499,0,0,-7.562533595647193,5.199525056780158,1,43.450469804293945,25.180111709775954,1,0.5885784845217252,-1.748391672652024,0,0.17884594026703615,39.35764236890358,9.819875283354161,39.79113614162394,33.84506174303658
0,2,0.1465774901159994,50.28454981621103,95.89340425982098,1.9344989085894708,1,0,1,0.5314701268783066,-0.79203163676709,0.9995819735596969,1,58.51170829580721,0,1,6.560170326243657,4.761158423855942,1,1.7074328795903249,4.667950376695765,0,-0.10804189187760484,-0.1815987871367348,2,22.962843042813287,10.349154703157907,-2.0558118387163704,30.785883636146902,68.34826445810133
0,0,-0.5397565118037425,18.762099582167554,89.3844926160868,15.028266272314777,0,1,2,0.10533973905849225,-0.028855840137324708,0.37239383559608075,0,79.50473254300675,0,1,-2.203468202146384,1.68138755536871,1,48.732914331451916,13.554860956404955,0,1.6922536376877275,0.5920277834005868,0,2.1174392316707813,39.179116464271615,9.909793722561684,9.37625501786328,32.22830507783459
0,0,0.6435646284760136,29.325832713576162,97.03972866653191,9.892389574022374,0,0,2,0.2326902629704113,-1.0005194555307417,0.9957561270203539,1,57.74089679569231,1,1,-1.3419730146934832,4.600418957306557,1,18.9259502017697,4.726434302190371,0,2.034542348648808,0.6350693727010343,2,16.000572929974144,36.00807264436035,-0.6388056509810767,30.635911808730214,31.24567087274069
0,0,1.0077997781550057,25.946087945333872,28.445316901214625,1.4477745069229038,0,0,1,0.21454266984423492,-1.140925561826338,0.26709044622771966,1,19.72342656454872,3,1,-6.749868916638083,1.3685823445409235,0,13.461723236406762,1.5532943578406027,0,-1.7696637304981644,-0.019703462854610027,0,72.55578306125726,11.144493464127114,-1.5239768888553815,6.21672314683968,29.679817879025066
1,2,-1.113660183483887,69.82052273113214,0.6759247514671052,2.7235385171524933,1,0,0,0.999871106497838,0.25541575930817284,0.04093873328085745,1,16.942179502647456,3,0,-0.9614948526552833,8.680922290411928,0,28.510064905887766,0.5783097577369527,2,1.1248260171044109,-0.17859513701991278,4,98.00509590963097,28.877905722926357,-8.867987383696118,26.24248537619318,58.59480007748699
1,1,-0.9177861826905119,60.39899011705263,32.03622046636596,0.8995324710009468,1,0,0,0.9225422888226029,0.9092296411853364,0.6410192006603138,1,20.50861943729327,1,1,1.4786986558560162,4.448937055158981,0,32.72900845994672,2.1397804581287065,1,-0.013914257621143296,-0.1197400627334229,3,68.73660927388282,12.718757787551532,-3.939230882440734,16.576114854489212,34.815528024015435
0,0,-0.40783391636551547,30.71990219366693,46.684999797034436,1.050635970399546,0,1,1,0.1680670354979915,-1.3446190894427774,0.6672008536886381,0,26.37945755634279,0,1,-2.7940926701483697,0.8064584794852475,0,47.71707341651052,3.0074505336370256,2,-0.7808433909014117,-0.44762088111321846,0,46.16796584194331,8.95350336608094,2.8550813879794283,4.641101258084448,34.23872750805058
0,1,-2.1834673641720364,33.471372264443566,59.0715148381643,2.3839597677260533,1,0,1,0.5286163484948179,-0.7638517200316047,0.2135720342552181,0,17.816318414888713,2,0,-7.215229023048728,4.751031274555207,1,53.307196419253586,2.6382635782103727,2,1.097481207111127,0.9431581486100005,1,44.91515214786139,27.059504155988847,-0.7771076975453468,21.546734988242072,41.330116936337916
1,1,-0.286785918602406,43.81252901255785,37.29779973211759,2.087666413668486,0,0,0,0.4024046903537336,2.218985524565755,0.12590115677635833,1,25.946538196558375,3,1,-0.1294513156316448,5.219838309008916,1,2.1163477164630473,2.0944368501033765,0,-0.4044688745279192,1.0274563272344666,4,66.06579102459469,19.97818247475177,-7.570620070330213,38.943362713011155,28.462163696717372
0,1,-0.5066300728757405,55.273648296572404,26.42607934084873,2.0485526420298026,1,1,0,0.7636856978368473,1.5194258599573838,0.29502778901439675,0,19.27891664104351,2,0,-8.100851595833372,2.286024316226762,1,79.0185261182223,2.448911852116618,1,-0.44189368861700246,0.39733674330667174,0,66.94544482291062,6.628417674602538,-0.7960363582295642,13.552098731399454,39.37975544785249
0,1,-0.12208609623266332,28.215044649013734,94.45222331788014,48.227925245195514,0,1,2,0.19294132590714524,-1.6118989488114595,0.43056218591782347,0,79.99775861414253,0,1,-4.493227225798421,4.289555915492664,0,77.86335355508521,28.299465663277243,2,2.4823680387779246,-0.676840294228046,0,0.09379963208000497,39.99906272746501,9.998170925483993,26.618971901892515,22.118427064294046
1,0,0.1760111864010939,44.87546483253122,27.909223553913797,1.342139106149148,1,0,0,0.4576143670934251,-0.5438961761677622,0.3420876906364695,0,31.97096038587634,3,1,1.0473239810620036,1.5192610957083084,0,64.85248769254765,1.831143663201724,2,-0.23477558008599406,-0.3117103962573502,2,72.25696926008457,2.8476009093547305,-3.586274732746771,20.499084848406085,26.544127547330397
0,2,1.4855470640570936,51.28108883786586,92.5579504970955,5.581658821320798,0,1,1,0.3592738099275046,0.43460287266630265,0.5353621852592857,0,76.56949232400663,0,0,-8.379351196708791,5.968886454153511,0,73.87798695318503,7.708617884841204,0,-0.6179790985431096,-1.212605330716913,0,6.548742522392937,30.741475498389114,7.930944402551496,38.06074808819946,45.615125056240146
1,0,0.03854221187979153,31.769875219496228,24.72484130873723,1.7062140449900813,0,0,0,0.26135775978605513,-0.7274301789760658,0.5568354972593599,1,17.922984831987435,0,1,-3.3278548919365623,3.7139335499727286,0,40.013075993651924,1.2835223423307986,0,-0.43828405875043897,1.9213638383946898,2,80.52555080728045,9.026089249438662,-6.235338590703735,3.0452670618205713,40.87738339668215
1,0,0.3191742117346071,37.46156353486698,46.61007650122032,2.086414782287526,0,1,0,0.25942351493112303,-0.32184268112457565,0.38367410048422745,0,21.46695079815028,1,0,9.464398645733784,2.078756949560976,0,35.984795802650765,2.125832221677776,0,0.12357430310983868,0.4014123864000369,1,58.36445034782803,11.349459740250914,-3.00920922184397,22.13306167213648,29.374085258329174
0,1,-1.827283621771402,51.22524549049429,14.937649085051309,1.7094291852168206,1,1,0,0.7707113395846117,-0.27506601265379255,0.004514716729111967,0,21.8557511525144,0,1,-1.1057155187350904,2.231283647466574,1,57.43388298741253,2.84675113454086,1,0.5712103433859431,1.6947175274830244,0,52.14656969292526,16.05948346565098,8.863875884980537,9.92097249356732,69.84681152520542
1,0,-0.9703948703677322,30.42054149439067,38.74600210878584,2.3198691973424457,0,0,1,0.2014907696413044,0.6708129341860706,0.49299835454790897,1,18.455564305631587,2,0,4.640933095541488,2.6441830502054238,1,44.67371373166565,2.0176581645758724,1,0.5352924054434556,0.6854147514483493,2,64.20162005610118,19.895794463814536,-3.9170410365373334,6.89173065992297,43.24834015907041
0,0,-1.6094609593526361,19.221063854810325,53.67076279529515,2.1734031809295455,0,1,2,0.0840958154328953,1.2496598545261939,0.4431946290679136,0,32.78379887636178,0,0,1.355714446469678,0.9560602865126893,1,8.670960328211518,3.5011707455098975,0,0.7057153855116775,-0.2299850302936035,0,43.21834779002996,20.466849297012146,3.7364630832900954,2.986885446271663,58.7508120941966
0,1,-0.13541095916314919,30.13381698621052,63.162922065748674,1.4188021758743288,0,0,1,0.2113939962549785,-0.22047878002095836,0.6220885836718041,1,37.81307251058183,1,1,-2.6880835027868013,4.151479149531058,1,30.62528004153001,2.4971377307800315,2,-0.489134043355688,0.16465326531384145,1,54.92113416652112,5.2449869890843654,-2.99600977905256,11.185103264428129,29.466010907927526
0,1,1.0558728041843801,33.26678004797418,47.98470893541149,1.3074542904664905,0,1,1,0.3119370191417847,-1.2905488621335894,0.1321709386340421,0,24.478715388237582,1,1,6.122442733674816,2.82471358926082,0,25.97807913557328,2.2108113001019203,1,-1.3454992302190896,-1.2910412210218583,0,52.94238715431858,14.205876355113585,0.42968008193124874,11.677113884630863,22.70430040547597
1,1,-1.1902600596071384,33.61107532921404,97.82824765801483,8.656897684940477,0,1,2,0.25353725218224854,0.9106738855829957,0.5922880569769458,0,77.98556344085306,2,0,-7.281959714670202,3.715159701331527,1,22.077175359831102,9.835334490959747,1,1.8190002942761745,-0.4949449720701034,0,4.0223591371740754,39.02414020504167,4.052494150069466,39.984698970755765,40.25378128317183
1,0,-0.36780931894338936,51.23363895831551,3.357178452871884,1.7827987374967926,1,1,0,0.5805416547245021,-0.2829847559774345,0.16244065750709374,1,22.102689093248003,1,0,-1.7328326656420288,0.9100451385209525,0,58.398346043665384,1.2156335125774618,0,-0.8222225679805972,0.4133789440048917,2,91.40590402448021,12.722253937606226,-2.2415662491797086,1.9854419902307496,59.302903076445524
0,1,-0.6441926104385872,23.191621000309222,97.26711590237859,21.022638723159503,0,1,2,0.09412096516554003,-1.010291798081427,0.667308919925798,0,78.61916168474649,1,0,-0.3636637771964182,4.471053245675845,1,18.096247333952856,10.78036033808112,0,1.9044414610888787,0.8356955294128976,0,3.098979217472164,39.95549619771973,8.164668174141909,34.44550702849815,32.950305708388505
1,0,0.24401642410912955,19.10829254991691,56.965159049899185,12.62975724395025,0,1,1,0.1387982196138296,-0.4392691015781892,0.3877592102674392,0,37.26723163820236,0,0,-2.5816957247934695,5.459548678859221,1,55.38776567002009,3.4999333144889198,1,1.5498483247642167,-0.019508882956953848,2,35.72180667485383,36.397944042680706,-0.04530241275666036,12.261940715555589,31.77041986438322
1,0,0.6601760345054408,53.1248049312654,45.83323528718503,2.732848009552671,1,0,0,0.6413127465627454,-0.849064342735174,0.7877242894759543,1,18.579199328602435,0,0,2.193887082282366,1.6553614579857936,0,40.22763971501516,2.0051797512884,2,-0.9333630601504854,0.43465710078079495,1,59.124550524364686,12.712255809795124,-2.770314940285777,21.839305261237165,40.709074514411725
1,2,0.7722549019067031,69.72450590455222,17.7180543695158,1.9292643240779874,1,0,0,0.9969719992266768,0.5309486222677323,0.6868755303878783,1,20.634463459019532,4,0,-2.0614198660738676,5.303503080794574,0,39.23912155072814,1.1837710870845106,2,-0.6525531187570838,-0.7892445520891711,3,82.45633741277885,7.828582351171405,-7.269734405716784,37.53318806398414,62.894860869980775
1,0,-0.27737903819787346,51.216716649405946,5.509376914610492,2.071727231125681,1,1,0,0.6311154313604201,0.6502888015812318,0.3027410003392925,0,19.039418657714933,1,1,-5.85845267420417,2.3640331078946013,1,48.728722738003334,1.202093404192269,2,0.41454344625318634,0.49192528969646787,2,90.43646365491121,12.57072541978727,-2.984033710116588,18.657450763131788,54.242776318229105
0,1,0.5099198972799462,59.95756096498525,26.906015780811654,2.243067060170206,1,0,0,0.7172833225404249,-1.240354896876908,0.2426374498134145,1,20.89522678745364,0,1,-3.792907799530968,4.029799355549045,0,60.3190163702316,1.743670025118403,0,-1.0243442656157566,-0.5441348810639938,1,70.13506656217835,9.251311730116589,-0.9015616289620212,10.431592607040711,52.69562404180534
1,0,-0.2852430349151416,39.839071168541025,11.449707402339094,1.7427653033424333,0,0,0,0.31275599857779135,-0.5767213936308856,0.3975407707611416,1,20.311002410409724,2,0,-4.381400308543599,2.035019445675184,1,15.76193103671966,1.2653510004738826,1,-0.6350213177314292,-1.4145630224428252,4,79.25150838263289,8.465636882722219,-7.379261802877995,6.452569250150766,25.277598368055592
1,1,-0.8509010508638708,57.127275624426034,7.210534068212116,2.0033849375795105,1,0,0,0.8260190223506052,1.7378671326922757,0.3669329508159242,1,22.782173876557835,4,1,2.0085846558865725,1.5093293636799407,1,67.45436163975623,1.0508716569926122,1,0.0627641048510291,1.5126071739783704,4,87.2714673918199,18.958984509178528,-6.558858527114799,21.183291427591765,22.92472368558564
1,2,1.0726904148586298,49.85080711527581,38.48414370304541,1.0590254939931691,0,1,0,0.4329382067640301,0.2709082195182939,0.3632512523657765,0,28.279398315824274,3,1,2.7429388333211655,12.247164296613594,1,68.31930462871105,2.0066644858412412,0,-1.9991388001345622,-3.8276573276383905,1,61.916829235920815,16.148315559582645,-1.6695032724693188,9.20795940399169,24.871155440949728
0,0,-0.7938226449370027,37.49792650310644,60.109695734679136,1.7701755053305244,0,1,1,0.2791528482803981,-1.350125542805017,0.016912452043230164,0,22.264316760145768,0,1,-3.1481749513116863,1.7144228368909449,1,64.98841003409521,2.967219469249618,1,-0.018623534573281246,-0.4000988141480703,1,47.43379696801897,11.999718829756628,3.7693342967638657,11.877347623373776,62.9588916286098
1,0,-1.0540271424237124,59.7242906021262,19.730401457154056,2.111530071715853,1,0,0,0.8568890741139792,-1.9329124473898611,0.6835491386227808,1,23.265909444646034,2,0,7.037624703527751,1.816420583091242,0,73.62084701096771,1.2046669664331413,2,0.432353480082884,1.9493981764041226,1,84.17975031870353,18.941890384663388,-5.757639770605808,8.000714644554172,58.05640331629833
1,1,-0.6865422187165999,37.09317115199272,35.09776689748758,5.570503928632487,0,1,0,0.29662842780476384,0.8196671377692402,0.318514565397076,1,22.033091912971567,4,1,-8.839234995582636,3.697881102518222,1,14.314322334245674,1.8218968623025513,0,0.8060166712634492,-1.5527057168076137,3,67.65608509238388,36.68739393816495,-3.1298221128242716,15.5103917886803,24.879864247146443
0,0,-0.9968209903162285,47.74092364392628,75.3223289861323,2.7193785032336293,1,1,1,0.5056784711223649,-0.25384377338117875,0.4851738490062317,0,54.28046576571749,1,0,6.315629406349654,0.7139761021652554,0,78.38421472308033,4.083060445585537,1,1.1941337294782877,1.904737556855714,0,18.99436575547451,27.888528228935296,6.576153989217367,29.324733801879255,54.76152374844032
0,1,0.6199739294040274,38.13837303605527,34.34254019592721,2.466913156625054,0,0,1,0.2599133619902442,-0.6194247546019808,0.2550823878181454,1,24.48800418390956,1,0,9.342405063287714,2.020710571119377,1,67.88162982890861,1.8177570583269582,0,0.06092082512645995,0.5972344200006201,0,70.41571561972862,12.015563606827214,0.5745757104947238,5.543484962612424,40.02318280230684
0,0,-0.4475204183236162,19.067341827571855,94.35427935587938,16.4061477859352,0,1,2,0.1436371156840739,-1.0280207985254182,0.2553844264977532,0,78.89398213035297,1,1,-7.317273819787874,2.8219008785571105,1,37.36672816017531,13.40045152914792,0,2.067907859814522,0.058604862587579035,0,2.715089792810077,39.815154036824765,9.478803806470474,32.65616440491061,28.234918892751473
1,1,0.826424314045046,51.2406223288498,6.4792558507518745,2.054910050949307,1,0,0,0.5600200122230379,1.2054412576953857,0.49429726955482867,1,20.51748682272427,3,0,5.999671314739722,3.76166427025247,1,25.21939762397107,1.0955736723443301,2,-0.8441670195883468,-0.9469178603225381,3,88.0109333980197,15.172902160469521,-7.661722301965473,2.761535007414291,33.45784892653362
0,1,0.8278447024054055,53.08148831165673,84.24945459787916,2.066960518751244,1,0,1,0.49895188496830994,0.16801452186445376,0.8636842055164184,1,36.570901719749294,0,0,9.86626855792015,3.395796115091133,0,48.81858438465607,3.202460944527629,1,-0.7883279000675932,0.6109673425834728,2,36.51788896557201,9.036504714402142,-3.168294348463946,34.52687561125671,38.88014775731306
0,0,0.24441809201243092,55.40984992902751,52.32963798749599,2.1842572981296025,1,1,1,0.6803662224223426,0.7545615348379399,0.3119291298786975,0,21.458018878328673,0,0,-8.814582351839633,4.151805377633582,0,46.548883498584885,2.627226509997313,0,-0.04807562277705348,-0.8553306609372531,1,49.138220417003694,12.545406908284251,-0.12826306019963063,24.48479439019678,43.57109300521461
0,1,-0.900243394051078,59.1442761139548,79.34407981435989,3.092001582322788,1,1,0,0.8771423588736182,0.09552417743251047,0.6913081337881211,0,36.21155925326414,0,1,6.268507549823614,4.5496130032533335,1,36.28871895067442,3.8157621694954535,0,1.044191353939037,0.4983273607884085,1,40.11843780092079,19.286548810470215,0.44691744767667885,36.99756343980726,69.17396254173369
0,2,-2.168055030857352,64.99862507046453,27.07670180764109,2.467417672748883,1,1,0,0.9784318432288817,-0.5005584502149631,0.17073856286394834,0,18.338775668925805,0,1,-5.939402971553868,5.892925592940736,1,79.80073879546745,2.1486301229835885,0,0.5036240218606193,0.020135489533723988,2,68.12382365042666,27.602246525505496,-0.40003253902635727,12.599769368906927,64.88171837539454
1,2,0.36768121072020526,67.44858187699546,15.731952144583495,1.9816995647803453,1,0,0,0.9666440839811055,-0.17282561479562816,0.4138330483330667,1,27.73381537120676,2,0,2.7697812323857374,8.292979003036379,1,28.840635044593217,1.2673082548979577,0,-0.4560640260902943,0.5170906412074828,2,87.21604219644551,13.271067459297157,-6.376137818203617,21.675320521213166,66.42320419254591
1,0,0.11515671978210633,30.264225019364474,93.66329446962804,9.40412286278279,0,1,2,0.16535945507374655,0.6112507214623455,0.9508474996227173,0,77.51184548255821,0,1,3.9954978956395735,1.4005665236213454,1,58.169980495562484,9.44738498153696,2,1.4440112884374512,-0.5465327298537226,1,5.716988917615956,37.69736726929426,7.084039069917701,20.91609240666017,32.371345813963025
1,2,-0.11988021612512542,64.32733977096942,6.812695304902105,1.7588731219383125,1,0,0,0.8299032285760068,1.445101255388225,0.7741326249077789,1,23.450389363870755,4,1,-5.602757404474941,6.707962224303864,0,15.980624121440087,1.1468961465511964,2,0.4501169907204612,-0.45822039242618623,4,91.35463665138961,10.868123533595764,-8.855253720526822,11.59743547791014,23.737483714250672
0,2,-0.603479103059703,34.93828635099745,92.40553909573944,1.740493062171459,1,1,2,0.3937031618316278,-1.1900520432778088,0.2309806850013148,0,55.624449460606904,0,1,-2.572549942080988,3.4706671355972203,1,13.243566992882325,4.597132585464006,2,0.4365603215787436,-0.837287762152969,1,20.779015649476495,10.930579806871608,1.9510771089935712,39.927577029016675,48.38812816674771
1,2,1.6324981101314895,47.06204149330344,86.44243517214377,1.934517985220656,0,1,2,0.31573637747635613,-0.9279085213417115,0.47012182667482005,0,50.10084268768634,0,1,-0.41589892310778964,7.327028110005696,0,1.5445731083274117,3.992010826866416,0,-0.5907113071392371,-0.031610477449131355,2,27.840494635076485,2.5902992009021553,2.1514840901427146,39.69850893763015,48.611043829808466
1,0,-0.26928484386864027,59.26462987148954,6.170441578982699,1.989149388147804,1,1,0,0.8169944731854542,1.2997702041212276,0.30475500337000583,0,21.2269320890434,3,0,-1.9536455284295915,4.020822638096655,0,33.151890851132165,1.132183996781919,2,-0.28632520557114366,-0.4752139663116885,4,87.59714254920156,11.864591796594697,-5.2545328498594825,7.3214335500910295,25.234086692579535
1,1,-0.3870487422338132,36.87809930427877,61.93654133114615,2.0027728288514104,0,0,1,0.288401084027759,-2.40843516038862,0.4644083832586558,0,20.407812125878078,2,0,0.8643348386537859,2.895934777601988,1,13.930510119496994,2.706124907141648,1,0.019996314887548113,-0.1360041113176048,1,54.19266444058872,12.083305973524688,-4.041803968035293,30.254574461436956,34.750438452082854
1,2,-0.47645462398680627,66.59668352032645,79.73108507522417,3.584952741524187,1,1,0,0.9654079783884506,0.7453379400413258,0.6642836456297219,1,44.71855126774399,0,1,5.257850331822489,6.777987191754253,1,71.1854616723209,2.9437908182567636,2,0.508510107796922,0.7640753494797315,3,27.0482354759758,29.223265397650906,-5.393218815211239,39.97299909371101,56.53552278681285
1,1,0.5644590908560294,53.53426021802608,41.1954141392639,1.331123770593366,1,0,0,0.5267653091512577,-1.4005184843349106,0.38715715603764106,1,22.279953877045756,2,1,3.8413639603438554,6.986533880287787,0,64.81835012113532,2.186186411590985,0,-1.267198433152784,0.8785602015077576,1,65.41412099701923,12.256153472317934,-2.899409560471396,12.566273046903618,25.234716889730404
0,0,-0.09725609798566753,27.63654152531313,64.1899393019239,1.8030462110479335,0,0,1,0.19506363716742858,-0.21308938228375976,0.4439439577186516,0,28.43726906161402,1,1,9.891228805961966,2.1087260114308752,1,41.784451282764465,2.3718054554128303,0,0.20177246146696023,1.9519144721224024,0,58.18011519056475,8.404568294052968,0.6482982193231237,5.558194640349166,55.63467818551488
0,0,-0.6161515418388787,34.58023718701427,43.82457311056575,1.7640597725875484,1,1,0,0.3771190609467102,-0.9312527939674096,0.4074868076461171,0,20.33521844807156,1,0,-3.480776158342101,1.5389988198550753,1,53.62942826246904,1.8751058741286017,1,0.009230657210266748,-0.025758677644625347,1,60.30840941958465,6.319618467751669,-0.5905281476684738,15.443718892424576,48.13935143928784
1,0,0.7636027446045106,50.9453895592386,4.406607021605291,2.3291683159213026,1,0,0,0.46850746899283685,1.6528735890909416,0.2673335834965125,1,23.579844262853506,3,1,-1.105562554705628,2.090577812330069,0,21.31079100503851,1.0943481032252442,2,-0.886965183124902,0.08306309469818411,3,93.53699446308666,9.804295324005539,-7.246243127534101,1.7514879984599774,51.023414023494745
0,2,-0.9455113782608581,53.573164906879676,85.09552554754222,2.1593499243817114,1,0,1,0.7318168763091792,-0.571728265668967,0.6851241592147855,1,41.72125352300454,1,0,4.7879154389741565,7.960474331715846,0,31.175550935173725,3.7015444682805225,2,0.3995027030809068,0.6728135548249727,0,31.13470511988181,13.24065120400129,-0.5391412983912911,35.758957212438325,42.50981070257804
0,0,-0.3095060109829437,29.03522732687628,80.04266134414746,3.535623922425626,0,1,2,0.17962270078666898,-0.10164488095838758,0.8304078229022844,0,53.447520311624075,0,0,-3.243665063137911,2.8152686105272196,1,46.66226500591012,4.647274493215978,0,0.647658681424974,0.11607038588366224,0,27.235367820014922,26.12628365759739,4.027885706020113,12.235676191671615,37.64947301233265
0,1,-0.16641718763234484,32.33739211004767,51.64735636065119,1.1519449362846965,0,1,1,0.2211779347286592,-0.41096347968754326,0.09115370247089927,0,23.214264951892417,0,1,4.777934475086294,5.130413839586544,1,42.67068446426657,2.3749339143752204,2,-0.46484880770444426,0.01135585862349338,1,51.88449559423722,7.5540356890437526,1.07015211017905,18.19990196993541,36.4860753154489
1,1,0.10065149906197776,67.23568773585353,4.964942040057673,1.8704758331502433,1,0,0,0.95375407936237,1.6116413948277133,0.4835581841749435,1,23.751643602581876,4,1,-5.515455988811697,2.2730600713393194,0,59.111499058523265,0.979399264703812,0,-0.03960396331180576,-0.5341175794870539,4,92.04125889327678,26.271259106922642,-7.474362771533341,16.142435882477532,50.36693639804636
0,2,0.30883117576987223,44.02575412523863,80.33155642214325,2.075018386161361,0,1,1,0.3939023118408998,-0.6731656917294184,0.35396742270579357,0,51.83474015694516,1,1,-9.664338611308487,9.600550969541056,0,13.10023202412431,3.4056686367683207,2,-0.9967540765101283,-0.638112411702057,1,32.615149891668416,10.687101412274803,1.1523570417437927,32.55311194075797,45.08810833002181
0,0,-0.1191695472051934,18.902693644456686,87.63772039463666,13.530160513673762,0,1,2,0.07587013850625207,0.0973643155760827,0.2699759197955679,0,79.50162211872825,0,0,-3.3940282289839114,3.2949562125620333,1,39.10729357996267,12.910696441520948,0,1.0782025296581759,1.4698481550609988,0,2.7322273485267443,39.2563201679545,9.669077388504444,16.438727099542042,29.40361360367353
1,1,0.08865034687517245,63.433420913149774,18.52689465869457,1.98916505857653,1,0,0,0.8633910832502754,-1.4114085289953104,0.29120884333052255,1,33.8479275701488,3,1,-4.332828733952936,3.1380749907970222,0,62.701846355698834,1.380122002707708,0,-0.2339588913732697,-0.32396718117365014,3,79.00563245633292,9.147718212700916,-6.842305303628629,30.451882913198645,39.020723653436114
1,1,1.3916547135547126,42.29572261672495,59.24873497863703,1.6684290405009132,0,0,1,0.24007765336733328,-0.4511683129925081,0.5587172189650226,1,26.380279395160784,1,1,9.286204266026488,4.074585158369565,1,57.64627193749109,1.7306933809560423,1,-1.510338529772473,3.459503406955131,3,62.33228747820236,9.927220277275188,-5.717984947894043,24.183179921030874,25.96439042151533
0,1,-0.3467811745155818,20.61764084610069,96.49882785425096,15.205191907912486,0,1,2,0.0700152988965087,-2.3134891534514894,0.7441480769428577,0,76.22497974694444,0,1,7.3368997513558405,8.912939973809259,1,13.2060649148425,8.32633330624409,0,1.1133903728682282,-0.19633079615066293,0,5.0159962938253315,39.64809805530138,6.292135115503321,16.091817667316477,23.699283241109708
0,0,0.18890483644838366,25.145307374210216,90.98236591447188,7.0896887115302905,0,1,2,0.1882733319055684,-1.8329539576509268,0.5911553324578083,0,79.21983401668781,0,1,5.703920135122807,2.1350021969156954,1,62.234762929937936,12.658474751695735,0,0.6801687502298349,-1.8546251239139702,0,3.549138103995669,34.4010324058603,9.94769986895431,13.295799047358186,56.36674592922234
1,0,0.08667856337852489,50.05655410509827,41.92431146807192,1.9072901833639773,1,0,0,0.47292442300325815,1.6636652055303656,0.8590900327821076,1,24.061138736015053,1,0,-1.8076467757762575,2.0708995055185557,0,27.620905467860744,1.9544292205732245,1,-0.47851266455369834,1.9229400812815698,4,66.28512854348908,9.876260824479239,-7.37559074466421,33.29285974500341,29.5458296902792
1,0,1.0700017584855541,61.14530033235571,6.1268181880187065,1.951260456710721,1,0,0,0.763987841035239,-0.47880653925118327,0.6646166434161098,1,30.78080834339644,2,1,2.7342533626259815,0.4176919545813933,0,29.251203399219957,1.098928958274826,2,-1.0004722380520774,-0.06881146768085343,4,89.09072406969804,8.216874695052379,-7.511226608986393,23.673583728808968,35.35502401358491
1,1,-0.061064624411695925,38.71685351912997,77.72743113502891,2.366094580516222,0,1,1,0.3160165631326949,0.30049234482716597,0.9455133404017716,0,45.096013114719455,0,1,6.533915106902452,3.1430141260817077,1,48.056882495093475,3.5696070615292372,0,0.3439433781553209,-1.3884953888815366,2,35.318159651974455,31.813507544792024,-1.908767647496795,19.189862494440156,36.184225302720236
0,2,-0.7519079398855095,39.69815799490965,83.52325116689177,1.8861236739872878,1,1,1,0.4769931398864745,0.4463586708271989,0.7757344216272859,0,72.35643635837563,0,0,3.379765209700585,5.228921471185163,1,12.5666827980778,6.184121516992577,0,0.11385973225916594,-0.28011512793218574,0,12.518441900575011,10.844226277196803,7.38068917062219,19.31886804300483,52.00349833662931
1,1,-1.565770343252405,41.93824621919052,58.17835490819735,4.02658426756404,1,0,0,0.5346391140774537,0.8969759429964691,0.9192379174979217,1,24.403179910245424,3,0,-7.467898061041518,2.511581199434673,1,57.033240494470945,2.739958831298945,1,1.3515624267103779,-1.6744798993443915,2,47.825265577522316,32.91732745000293,-4.5470915874084366,17.727061671076388,50.269032512525754
1,1,0.609092193685353,69.88171156383646,15.61484606775418,1.6960723738112682,1,0,0,0.9986506635450678,-0.22713666974358734,0.4749780066077336,1,22.613065047571798,3,1,2.258958384502174,7.294119611779602,0,47.998467679384206,1.2630811232193433,0,-0.8053206412919786,1.1755765593407472,2,86.09344224867142,9.442285491569987,-4.381467327112459,19.683826668592598,69.99794680874865
1,1,-0.4175878437937086,38.21505124438339,58.86159070859689,1.5519332359915978,0,0,1,0.3248561965878329,-1.0704243012813655,0.4223800438414384,1,25.11388553310446,1,1,0.6901887072530251,3.3301019257476794,1,47.36498957953156,2.452756146917919,2,0.04387390905339983,0.06584424210002855,1,54.72119292432281,8.784795541017317,-2.2372242721072784,24.32963849269906,40.569317178597466
0,0,-0.6731751258272297,28.55251880506345,61.15766090080638,2.212979502531234,0,1,1,0.2964937767283073,-1.398031933654187,0.4260572388288766,0,35.54177780454561,1,1,-1.8050134540828662,1.3974404226015238,1,19.348970672025544,2.850247479911815,1,-0.04023009809102035,-1.0357828472309356,0,42.132919269015076,15.304045699356204,3.5693120894826063,13.018253110221334,58.67525124436921
0,1,1.2449530096732215,34.267803201420946,64.01493102229767,3.3594932707348844,0,1,1,0.2895506181258256,-0.10274265135810426,0.49388317728703574,0,60.06872810496183,0,1,0.40014927301545455,4.827059569553437,0,0.5215503443125069,4.928578258247498,0,-1.6265486736211248,-0.4734269164937468,0,30.26841672909979,13.577305421243192,8.350594770114924,4.723763988837042,22.65143927028094
1,2,0.7208237061417567,62.360630003285245,17.30567055849235,2.470991321359103,1,0,0,0.8568828494116176,0.47296082650298127,0.2877864935757922,1,18.93580035012086,3,0,1.9006994287860834,2.781216390290862,0,22.247496594298664,1.4379626721524466,2,0.11527896424938214,0.06531250925670892,1,83.3517555074657,4.497753828535833,-6.389502311599924,23.646515868141996,58.34477742184851
1,0,0.2987683194684043,67.98196790250287,0.30336165629489265,2.514517235847767,1,0,0,0.9701877288855107,1.37686157628012,0.6160301296827358,1,23.102211945091398,4,1,7.018472485082171,0.4081936747354733,0,27.763879630107773,0.5611720727789644,1,-0.21150850832258725,1.5005121443069627,4,98.35692400158611,16.790718152244473,-8.968293434482797,11.100179145571477,49.972036105158494
0,2,-0.00874081953993462,42.226786780761906,91.97891073339345,14.010673716289705,0,1,2,0.3471627843409568,1.3293960554863367,0.23257705615495328,0,79.47552226421946,0,0,-0.5015734433775201,9.238103560205111,1,65.68757582475796,15.60205507595632,0,1.3314028795161421,-0.9221713155733567,0,2.5443598138214174,39.673476507577995,9.640945117172713,23.514815132890703,28.680533308139566
0,1,-0.6944797149086741,40.69944045224892,85.94840699955802,3.769117572047914,1,1,1,0.4249292600241887,1.4465857582219925,0.7530431662072141,0,67.8926584966601,0,0,3.623335756249407,5.081139260601915,1,37.01948856283555,5.888323289676909,0,0.009268559402686656,-0.2640422360139763,0,12.308620067930843,30.448602605438673,4.977203059799859,32.24579028913598,32.04299786097086
1,1,2.3237079354251864,58.61744414825721,41.749663476017005,2.9013620032252403,1,0,0,0.6658680186662015,-0.7632988961686326,0.6790350197339465,1,22.055557748000965,2,0,1.40230671726213,11.164310595591587,0,62.49382502744231,2.032528407260022,0,-1.2824747714769587,1.09685638302459,0,67.86068726449372,8.95483208688262,-5.761614901514166,10.029277103582274,38.02697011279528
1,0,0.0515617574136766,39.10838968696682,41.30099412271508,5.144058167678616,0,1,0,0.19713848640179016,0.5130049487758375,0.7662173716483993,0,22.193979820197892,0,1,-6.871620799921904,1.2686086728024208,0,69.33963777318924,2.1796530282574356,0,0.15567746163762244,-0.7938588461539182,1,62.23973654200169,36.11378413367457,-3.016484944038604,12.143827930744207,26.017565326715406
1,2,-0.8710491353163244,53.27386237032492,34.065611623202784,2.061319918290867,1,0,0,0.6719030866685891,-0.8905631679459407,0.48167802355842565,1,26.113224894506786,0,0,0.07078626563045987,2.582357618814191,1,48.688578906812296,1.941203198781402,0,0.3409490053345512,0.010855083658030769,1,70.41218172349721,16.505348102240855,-4.223464467272754,16.696024120397954,56.57511571986983
1,1,0.060913056498283734,42.03313038495767,35.431093480189325,2.5765721216626574,1,0,1,0.4141732021283267,0.0057692161794597,0.04398933241926467,1,17.304880476430267,1,0,9.714178233211733,2.805224110315218,1,16.41410674319168,1.5741692623360493,2,-0.674302976529989,2.609984837875152,3,73.72802076046104,20.25249692961408,-4.9066322706051295,36.552493838557965,48.83171639197316
0,0,-1.1130174286139465,31.00801546253954,63.303730391865706,2.243623617201229,0,1,1,0.2310267450674242,0.37124397255327113,0.223124620787015,0,30.279820914350765,1,1,-5.469215069232182,4.607615281625905,1,73.73849699614689,3.264159416736994,0,1.0707619639434625,-0.8906970441200749,0,42.70707427623993,21.661590842452163,2.330391400263455,20.40974731154776,43.65789596583869
1,1,-0.45438463246644495,69.62923100824348,2.5510172931738184,1.563067975997679,1,1,0,0.9968559038329152,0.7662365118195451,0.3193779915918013,1,18.215593459253135,3,1,-2.986511103930109,3.7830459758821964,0,38.65964224891232,1.0063082932780791,1,0.30280369826103376,-0.352932976943539,3,91.77446620066463,14.114515226377922,-4.249837325176051,18.768680998715126,69.17203641044605
1,1,1.3768402291457982,69.22374126958738,35.19893151003971,1.8610865661326041,1,0,0,0.9920520466669558,0.5871751857012157,0.4824110408601255,1,25.962879264076847,2,1,-6.108059572742891,5.677464441174322,0,77.57214040695092,1.7645805488272883,1,-1.185119128340949,-0.5078275575463118,3,70.09540344354973,14.47619121647496,-6.875661558235509,39.54332825176444,46.75525623053062
0,1,0.6013637545134952,58.024872503099274,82.61465645130228,1.4337158728747204,1,1,1,0.6115803400651495,0.45271979460479833,0.7186895782982994,1,50.25635748914876,0,1,-1.7646646696009824,2.7016092773595743,0,36.46451214773031,3.587057986218261,0,-1.7136482445850265,-0.25362402039645093,1,31.87779102078142,13.188717432778851,-1.8693717170754276,21.135624533479263,65.92731430601248
0,1,-1.753475195651241,32.52408285109862,92.51010316180445,1.599389447491007,1,1,2,0.4108634058163265,-1.8862887511538684,0.3139777475665977,0,60.19677596298042,0,1,-4.512121772134215,2.8567603713565624,1,55.2251233011462,5.411103796236601,0,0.8737789708454907,-0.6994268047174166,0,17.00098265664402,14.615944483422009,4.062812232738192,36.59169983634142,69.27438131179144
1,2,-1.8162088451106906,63.07263162936306,46.807942335761865,1.6915335254534158,1,0,0,0.9414506124469938,0.6615696300362052,0.6409623462511751,1,28.763581326343555,2,1,9.055503425270217,5.59445284799251,1,51.803694385500094,2.041269488251591,2,0.9759549742458086,-0.3864992615567479,2,60.00465837779463,11.528694616976301,-3.313156135177964,30.34669900995633,60.649164653873584
1,1,0.014251941973230327,44.91709746256905,14.663727322241698,1.783751258771652,0,0,0,0.3841675461301588,-1.531889557240526,0.1448227151151807,0,24.633494160736653,0,1,-0.35225362930253645,1.6595964590018792,0,57.697881259320766,1.3556928321593529,1,-0.3181580419887736,-0.9257936968274192,2,93.75985597117194,6.510614905921828,-5.055424853898616,8.551554402969174,22.942519352863563
1,1,-0.5248320542160142,40.321605907862555,33.31503420821929,1.8443983102450145,1,0,0,0.4496184578268114,-1.447733133236618,0.6148124478263053,1,23.57608415146587,1,0,-0.7869046539291418,6.150219077506672,1,60.530777320319196,1.6515627996076645,0,0.44639858553986933,-0.31145891125872904,2,71.14853370186076,14.109052709767303,-3.9317975591561645,19.56815399838758,25.616619028327197
0,0,-0.7563987677409633,18.775306497765804,37.62423511226015,1.7962064246046197,0,1,1,0.14461498571728137,0.4369606643686568,0.003211290001971401,0,46.79466974284034,0,0,-1.9214589788066494,0.9304161407226899,1,10.663673449103786,4.264692713943103,0,-0.2718395420872847,0.43670166364431445,0,32.75695887744767,9.15111564565506,8.339049834472622,3.9830584838791805,62.29067049674455
0,2,-1.3381184600593312,36.084269759237245,56.00339840680003,1.019075887233518,0,1,1,0.3025392076095649,-0.5798638409160504,0.19606023387116295,0,23.474116205173186,0,1,7.237882366451746,4.938220887130877,1,16.25115018103791,2.578751585308729,2,0.37626128041160095,0.3237843979300053,1,48.46075832032153,8.676583149624914,4.037730277020742,24.00548180941392,56.68064286166116
1,2,0.006330754584269153,62.20521905689739,61.283921114946935,1.5680655559569112,1,0,0,0.8391790682617284,0.7508574296654158,0.8218976991106491,1,30.838361702196345,2,1,2.2459457892264005,4.010559486288413,0,57.89558090264719,2.5947224616745577,0,-1.2356610892155846,-0.14793735268957836,2,52.98571529361029,12.901606775473864,-3.920057455552919,27.00096041517149,49.864851447141405
0,0,-0.29035007742672553,37.909156603054754,28.90927581221099,3.489597490774275,0,1,1,0.2796017810614264,-0.8769202753679656,0.040321979798366436,0,23.873621571452688,1,0,2.9410046814478807,3.0258570637568405,0,8.268607634286393,1.9872127031993296,0,0.5529728402887869,-0.7511854418715813,0,61.50324007596603,26.643850543890043,1.1070987520882873,3.162164472052438,39.42973568239891
0,0,-0.3762947308640803,62.30527335464849,4.69891213781628,1.813960575331131,1,1,0,0.8512497585775669,-0.18879080249173094,0.12714343637610837,0,22.7541539540552,0,1,3.859704050594761,0.8359043657181333,1,26.57293626994054,1.254595267281525,0,0.0010154831377500264,-0.6929239911710606,1,86.64241383025693,5.969434935524962,-0.035520327917961225,4.468477997184717,49.38839484763779
0,0,0.44141136534387254,55.60971979480442,6.500640618169928,2.0825992954373627,1,0,0,0.6261012384765107,0.940508567158857,0.3322517430622084,1,22.567018105321218,1,0,4.656187867351502,0.4322041312027021,1,70.14170759022488,1.274435889844033,0,-0.520082406831636,-0.014526076663085514,1,89.21056532007458,9.724457320420273,-0.627720340474232,4.183330786084321,68.13813291637426
1,1,-1.8488281099595165,64.84052541994762,21.343312526515433,2.2405552269214923,1,0,0,0.9669297059927155,0.46297353735680674,0.33231548879080974,1,23.70564056487476,2,0,8.943548969061315,12.790912035350894,1,55.08536653465053,1.3608411268396416,0,1.1804484318818345,-0.6854015247621765,2,76.20955937166576,16.559434814907316,-4.635349685183763,21.834293649321637,69.67945473148151
1,0,2.4988758156074096,69.95959330238952,1.080693582104475,1.4079641791234059,1,0,0,0.9972016750008712,1.0826826366829823,0.372442393449122,1,26.367490932282216,4,1,-9.915859397640691,3.6426612561235827,0,67.28661296390848,0.6752690173954792,0,-3.837765290635722,1.8912572234866165,3,97.59310376610337,11.358641984781475,-7.829881068021875,12.266964193692292,69.87924073876243
0,1,0.29405934836591147,44.62634768610745,83.56974573992338,2.4703519399471126,0,1,1,0.42606523184829226,1.523857832718278,0.3773149288518398,0,55.8358702424988,0,0,-0.04443238285264428,8.265460096114234,1,48.276063112165374,4.328815369443778,0,-0.11044374942409499,-0.8658441671730219,1,21.90651581819344,14.972372174279542,0.5333776150334053,36.20505645213613,35.717415946454736
0,1,-0.262266197082831,21.65888480950151,84.46098897704401,6.093640922450513,0,1,2,0.08436165804702667,-1.2539641112879127,0.23949063414257588,0,72.43823964352043,1,0,-0.603111083881652,1.6159719055699617,1,46.167162380169735,8.633285638112818,1,0.8148814805147455,-1.5864504107667823,0,4.261471893461061,35.623287933347314,8.749525327850478,29.01598973409969,31.80915399199352
1,2,-0.37333055073777616,59.24238704993291,74.35780077537122,2.3944727685569878,1,0,1,0.8203986909769174,-1.4367905594614163,0.5415855081505146,1,25.365963216999994,1,0,5.8132725951121085,5.655438330918435,1,61.51289206678932,2.4386181849773085,0,-0.0892959552986954,1.7539693806661432,2,46.67693040957212,19.128558410728317,-4.249894279394493,39.37731527314442,45.04530043021745
1,1,-0.7851212219908604,63.54254847880989,34.167656634133095,1.538953090835241,1,0,0,0.9478908212713131,0.8720360397543043,0.5417750508626379,1,21.65649704971284,1,1,-3.1535363768704077,4.21001831177618,0,10.627211004072086,1.4927950330747293,2,-0.17953749753850878,1.0480717259356545,3,84.44540367520024,6.273334737812089,-6.601437103668538,27.567672452923727,53.89525391646511
0,0,-1.1860095943366469,24.471714935624735,73.83507875141717,2.4742754513965837,0,1,2,0.1598113942095935,-1.0657063387744765,0.6190110480463156,0,40.52729385737464,0,1,8.260378381727392,2.6726138651661535,1,13.181899048329054,4.075022106214493,0,1.1617300280664342,-0.24521560297309422,0,31.042448676495336,27.186599026420396,4.3782465098867736,5.9785890369325685,44.22796466712846
1,1,-2.0072089836808553,50.79105202221356,2.9182950644106533,2.2042973331864824,1,0,0,0.7506004254319005,1.9010305161992835,0.22329179225662626,1,22.056174457071442,1,1,8.070771483302174,1.218927274122696,1,59.15856352924172,1.016957791070811,0,1.6528036116881326,0.14047829597877018,2,92.21994366889776,21.483123714140575,-5.303608033972566,2.788523271639911,40.466459821807796
1,1,-0.03498716348685345,60.341296517355,23.621557855664356,0.842370247976289,1,1,0,0.7025573669655854,2.9127905648430685,0.4259552955462457,0,29.106367948802276,2,1,-6.133992047551972,5.118310337343561,0,51.276624454730694,1.6939137279236074,0,-0.709503845116513,-1.439695538356029,2,70.18968349863265,7.981396466323087,-3.655401116072724,15.100163929673439,46.59339875600072
1,0,1.3352245037664139,43.93335579503919,37.14113195076067,1.2226532845207587,0,0,0,0.35315044286298647,0.2539247385935134,0.7317929477432109,1,25.656333996813665,4,1,-1.8890537295818781,2.314298642334353,0,7.291398615455904,1.9246662190265473,1,-1.3500165440245744,-0.08437296657729335,2,67.88866507565831,11.494960097700764,-5.023630540774948,23.336517318709383,41.38266370305228
1,0,-0.7681775794061316,55.727861285601094,65.4411100955269,2.5908097640349617,1,0,0,0.8206102455113626,0.5873377042949429,0.3502876229780931,0,32.90254366943035,1,0,-1.943271192683314,3.5358558933164734,1,72.26519604296391,2.3439177547475873,0,0.057943248442714,0.0992181115595772,2,50.31235563463689,24.811874205447964,-2.7046098980364706,37.3446853049434,63.83271583722698
1,2,1.4185451390963744,67.74987457766755,44.59465759975115,1.9374304903303743,1,0,0,0.9117217899684473,1.9257287389682038,0.5024833806967216,1,19.502300059182218,3,1,5.398629454775852,18.537102572161373,0,59.710292862348496,2.167171191581511,1,-0.08177461368312613,-0.5359419888140513,3,60.87522674870658,4.727326035356548,-5.799541703231941,35.252941762834986,32.13662166283207
1,2,-1.0697281079902918,64.6603338616874,4.0097424556791665,2.348193039196499,1,0,0,0.9187949615674837,0.8808494629784611,0.37680348954592957,1,31.352755439147984,4,1,4.715656937393307,6.302033712607619,1,43.08273177717485,1.1937954293997277,1,-0.1988058528000621,0.6381580872368535,4,92.21189991819007,21.314013607785185,-9.13420428389147,15.970185686361326,37.853591417572
0,0,0.3115063145057484,22.524284432653563,68.15338409741099,4.964322960349108,0,1,1,0.12193411953482436,0.3333575676305114,0.08687217224972343,0,60.88167708144525,0,0,-2.5606959426523552,0.6891080040104341,1,52.79185751698971,5.143770912254843,0,-0.23841100611477667,-0.140467601805008,1,24.34094078377801,28.57646029861705,6.225924974831358,37.351720937951995,28.270811160559802
0,1,-0.36424177896080834,30.940717502680045,78.54428525217266,6.452958321174035,0,1,2,0.18760452352579698,0.5068444454778525,0.7745743761452912,0,54.61226363854081,1,0,-8.020450399033296,4.6642596755269965,1,74.31779188190046,3.7872489138484244,0,0.7712116602969596,-0.7471955741928216,0,26.13935842915258,35.17762438268535,4.545161205414164,9.87482218300114,28.136932648328546
1,0,-0.4226362771315833,62.8304178063812,17.945515871638378,2.051541209648618,1,0,0,0.8664847967138419,-0.4036114699413932,0.4932680740546977,1,27.9185931705063,1,0,4.397958367436228,0.9157764511524249,0,24.962650507899724,1.523477431495212,1,0.012536190882119961,-1.9397977914409323,2,86.0942115950482,14.06762541356726,-2.2603379648919253,20.546012080603585,69.7784011593833
1,1,-2.0720059956514407,69.60505240800939,13.166425445443192,1.895612979760796,1,0,0,0.9990801330268837,-0.2977906221060775,0.2743899511116441,1,26.702486450449854,1,0,2.4037137110743103,2.553546954689355,0,79.17330246391725,1.3666883159362149,0,1.5699703851050106,3.0579487388954787,1,83.13974337173077,12.794857706552175,-3.7548860659868932,30.055965795355284,69.63922289972095
0,0,-0.3194103784042675,61.54705132900662,18.37297290307428,2.529782940063779,1,1,0,0.8194912289887736,0.15336537690378818,0.24725423061447088,0,23.289009487125085,0,0,5.0510331162812285,2.2540883222336245,0,72.66556810390415,2.083532390033722,0,0.394845334412998,-1.1986296534638654,0,57.3349438118355,22.62993497785399,5.924436770182879,3.8269423619238685,61.421379820299926
0,0,-0.435673201231535,37.736497947202544,23.851733629794687,2.3521425172086765,0,1,0,0.45659701414386333,-0.40924025864270364,0.3926226272108545,0,32.93028742773943,1,0,-6.58248377982706,1.2551230051467643,1,77.73279485578962,1.7755062128223957,1,0.27527791606388513,0.25302878194790074,1,74.32248462803156,14.602353613924945,-2.079728208058161,2.9715593121714567,58.20597315589418
1,0,1.6896933581633418,56.85687330817736,33.26452994094262,3.0119297037234483,1,1,0,0.5371648237900465,0.4998924758881275,0.7882064711397779,1,20.607942565241714,2,0,0.13286268883348562,1.257990529822912,0,57.04654331771727,1.8589557434946085,1,-0.5119243926437317,-0.18027107479848956,1,67.26613848314358,18.223721344868707,-2.482659201553913,19.49172279987291,28.763929335267584
0,1,0.3775569144452392,22.271644653182932,79.94017179263473,8.303685989587473,0,1,2,0.1282368438971488,-0.39527040103758454,0.5620394203379566,0,71.54192356196552,0,0,-4.144635683889555,1.846646768878638,1,57.919168437528924,6.634451497693752,1,0.6936777211208888,-0.12320749528394932,0,13.045622572002035,32.62776075421873,7.759419164770218,18.86109642648264,26.758466075820593
1,1,1.872935876120331,60.93719233562296,51.041949606961154,2.7588574993419095,1,0,0,0.6632706426942178,0.7853105771911375,0.32043152263518804,1,25.034932550002583,2,0,-7.914874930133435,4.944716687205066,0,23.270634351826033,1.917853306297163,0,-1.2483825400507051,0.03300349472222237,1,61.572050759521815,13.704049035448715,-1.0323528286460188,6.460793954078765,65.93094398602395
0,0,-0.2509740527990205,49.038230842484026,90.81561586226621,2.15586529314427,1,0,2,0.6542838184554225,0.08985212852159694,0.6752695852045673,1,49.80290436518339,1,1,4.804870231688291,2.2711962652896367,0,64.4348125295613,4.540592262136395,0,-0.0582739781055295,-0.4286425721578105,0,25.751438360342828,14.01193160791221,1.6626702249320395,11.475078784765849,67.76033581075554
0,2,-1.117301339217822,29.2060920331379,97.16842960125575,9.552037727024864,0,1,2,0.20919360608812426,-0.8056127606987511,0.807379635686758,0,79.70487804268758,0,0,-1.9908368567861299,5.532073480790345,1,13.887755997808418,15.595192245773333,1,1.253013613765015,-0.7294646671203259,0,0.8983439910078439,39.32713005958434,9.670186492725058,31.3822960364463,53.78945172730802
1,2,1.6086623108695686,69.38879766392625,60.47479970213008,2.355987821559278,1,1,0,0.978557009350582,-1.5811080248595655,0.8949279563219001,0,25.642199710142393,2,0,1.0123572835829115,5.443766637890748,0,71.64441428199146,2.8121272882677713,1,-1.0259265086880454,-0.7313273206093779,2,50.71085144671733,9.83233095292064,-1.1191484872411834,39.18027032248873,34.96876088850708
1,1,-1.3802855860119898,62.4469380374065,40.47872077930894,1.937486920323214,1,1,0,0.9450936196561252,1.513030818766887,0.3088924540517843,0,19.938194191595144,3,1,-2.982321805249626,7.388968457299663,1,75.26913223498838,2.1748809210638584,2,0.6727268793270056,-0.9556038967248354,3,54.89421321815151,18.58788531723214,-4.055190574138553,18.381752402085343,53.80312116868694
0,1,-0.15360608589780483,28.44964079380606,98.83231619193232,12.756814286438187,0,1,2,0.2729482613027772,0.040208105198098115,0.7070521377819765,0,79.89124164689075,0,0,-1.4728108827792212,3.0811488915531084,0,2.7043433536846084,19.900469134778355,0,1.344281831562899,0.1410252469242488,0,0.3723094608483135,38.73565636983978,9.620217340614737,39.89932559608951,31.282353249102833
0,0,-0.13356287163068273,18.774229146497795,70.75553021078304,13.51499423265073,0,1,2,0.10623858787091212,-0.1210834457401653,0.12409627947631147,0,70.38840151039786,1,1,2.3941013821892767,3.5326825922149685,0,26.898751012229667,6.839662702599509,1,1.3946124359308971,0.8717923522512248,0,11.12952137881617,39.6408865056335,8.929741083701952,9.32521107483177,28.234111866689677
1,1,0.06679754488401744,65.42374656563473,3.7383598973615815,2.4084329658037755,1,0,0,0.8840871886017403,2.242848874931118,0.5211220840541356,1,20.726045901104687,4,1,-6.718796245481298,4.786505319978899,0,43.30203071822989,0.9584826175041877,2,0.20891150463166566,-0.5778989828117529,4,91.78360968302148,14.561152868399764,-8.482074764072564,19.438065250505012,28.043127740357647
1,1,0.06018284666778751,57.00087112116795,62.4100375178814,2.3458780995654527,1,0,0,0.7524412802292478,0.4854845248904854,0.9754398777140343,0,24.42660561365264,0,1,3.7111911236517354,3.01782659722242,1,49.55454235685621,2.9491445046194444,0,0.29784559215461553,-0.10668167656244582,0,50.899213474828606,12.733887880342728,-1.6243269738063955,15.508171057061544,59.636700547480004
1,1,1.8116923073726647,67.69364842927828,23.811883825351497,2.546916114167881,1,1,0,0.9000153336497383,-0.6029642490181837,0.6858182360388951,1,23.723452444134704,1,1,-0.4820030867773646,2.394539066837507,0,58.55523724838907,1.736498717411823,2,-0.3596194875615584,0.1178708800820978,3,89.00740760442642,7.978338851285973,-3.536581497827993,29.31292088174488,48.521143261236645
1,0,-0.49445715674458046,64.67751256118083,2.1119386978180055,1.635054201173768,1,0,0,0.9090808837212343,0.9296078622418987,0.0355053750931536,1,26.623880961330638,2,1,-7.918597854181007,1.5509295041145084,0,36.02729436754244,0.944567874234891,0,0.22421617283945366,0.2758534549596477,2,92.32803109677621,11.155874387412403,-6.1857254837559825,13.904605385721737,67.88594498245823
1,0,0.8440793951069986,56.22393159106642,5.075361084304037,2.3105813827548363,1,1,0,0.5827133688957208,1.0687187010006716,0.478362084338037,1,23.61981427952366,1,0,-0.6381696361548368,1.12913056348243,1,24.454167841503036,1.1676579728073866,1,-1.1331249753471602,0.5137197967674574,3,89.01660838209315,13.242598331430472,-2.650206317934485,4.826140192722923,66.05662532285622
0,1,1.6466444417194093,58.41113709235359,41.036387482743955,1.6361822205656513,1,0,0,0.6350387770555832,-0.3279441083666273,0.6625572737542111,1,23.97841615063985,1,1,6.009193245592389,2.279545418545866,0,77.49091663225771,2.004809470212389,1,-1.6787943870348931,0.18793403595910388,0,64.63385649897143,7.146590449526567,-0.37919343676660944,15.609527671752781,43.35789219629919
1,0,0.2647796040291021,50.63580425974963,11.788387717625143,1.6470925327927524,1,0,0,0.5874451608263784,0.39501256230721093,0.6726114436478821,1,17.59915299753329,3,0,-0.9442847856099448,1.2505101662755893,0,38.391189344032036,1.2951965498957254,0,-0.45251500227985025,-2.082282951248503,2,84.9953477842019,17.328791232479123,-4.781273735724616,3.1879604788940563,57.72588223579486
1,1,0.7930380316248037,45.36624468380433,48.65181724657501,1.5722791223858712,0,1,1,0.35276381996190687,1.3902900047220776,0.20643373606684723,1,26.378207355070717,3,1,0.23950777490319197,5.103808811662702,1,62.84243992694853,2.364248146959184,0,-0.686916468821792,-0.023699267685320716,2,55.94066216953225,5.368870791922258,-2.843642333975655,30.721293821254527,29.59257210668474
1,2,-1.5130679498030324,68.83715481278658,23.60348007614816,1.5065357571563551,1,0,0,0.992855810620606,1.3822863584434424,0.8064499765975544,1,20.280739022962415,2,0,5.7477563926442965,3.929426358133974,1,67.18490345349069,1.5062802916671252,1,0.1497543394669063,0.1861220318709189,3,78.34578116892544,11.199274970555951,-7.395692944308503,29.581375930231886,69.4598612701074
1,0,0.764395112066218,44.904738548943655,1.3458390009018495,1.2195318544545328,0,0,0,0.3102880137796774,0.7930761841774863,0.0006552372875903156,1,23.07889137383659,3,1,7.83134658401336,0.8096536121183401,0,16.740712676715866,0.7903250180886023,0,-2.112186230064777,-0.8938196426194184,2,94.82279056599371,11.498073951745038,-3.4801156035775715,16.484668585527086,25.463835807663855
1,1,1.6042574651321202,28.815577452958493,85.66636028004974,8.78540316556925,0,0,2,0.19816454473423223,-0.989608742005247,0.6409641831749623,1,37.76574916307229,3,1,2.0424963477648177,5.112836732722836,0,15.556605474113304,3.4339598746998834,1,0.1414912562317853,0.6025446059617101,1,31.169363343986078,29.488383766147717,-2.1177228145878946,29.111506474457546,35.452991665654935
1,2,0.44056227142519816,62.51695505511296,73.02823344108332,2.2547399574391385,1,1,0,0.8723992362760216,2.1065819423574723,0.37368043686397134,1,32.41513908080806,1,0,-7.966293484296715,17.25940270409518,1,42.50954533635908,3.4701292535193664,0,-0.42631194270439465,-0.2787313646875838,2,40.36261988987497,12.87639720629755,-2.411652377668231,39.63157285136549,39.948175750826195
0,1,-0.19935625072953703,42.012647236998575,74.90537164270404,2.3337744686649255,0,0,1,0.36613090021575534,0.18276348290473846,0.9004898073091843,1,22.204938152992067,1,0,9.958889602674926,4.33580246639662,1,71.88648924632736,2.585014338861645,0,-0.1941941497524524,0.3798747182839215,0,45.08339613682522,14.767596305977444,-1.6918648747268108,14.841810139563272,31.45587325299998
0,0,0.5357819295235219,31.261230091071937,48.26441903650983,3.07277233663601,0,1,1,0.2502684931803881,-0.5404651274777276,0.3076285231310877,0,26.187999774852727,0,0,-9.593325116087918,2.4333395929327897,1,38.93353725189806,3.0585292032845666,1,-0.8909946509009247,-0.1584645794542471,0,49.12299918863473,17.87944941623553,1.48633756862381,10.415869363737668,41.34425700307435
1,1,-0.15552802122123763,49.670645385300936,53.57548554557815,2.20046324933686,1,1,1,0.6618222676694906,-1.514954728780595,0.7401797278015438,1,27.871914701305087,1,1,9.026354702939038,3.510587936186122,0,48.33164132499873,2.5255360541285903,0,-0.027129129126015027,0.2486527728602706,1,50.7244606882236,15.746464108377955,-1.1708529119168993,17.488147497112745,36.83009500781601
0,1,0.3928068742308908,59.0416054842343,84.96937157109147,1.7303533877705246,1,1,1,0.8096533760972817,1.3376224230406044,0.5152446007428941,0,44.294332610594715,1,1,0.9054317900231279,9.345652005928027,0,36.08888248308976,3.723149148946547,0,-0.8305382974758372,0.9118570501914931,0,27.93824902509047,13.610646704483337,-1.2847834701193008,36.54934857765698,61.28087212811113
0,0,0.3806583486645624,19.919321469080362,79.1665837250828,9.248514779035972,0,1,2,0.12768616317311293,0.2615453310660679,0.39367135563346295,0,77.12681292098853,0,0,-3.78464433607774,1.1467489109183617,1,25.225362528351255,10.211317698769935,0,-0.29541715009127106,-0.4698102870239682,0,4.6172881345456,34.66426840482868,9.616240684855654,11.699723279933442,25.765839616129867
0,0,0.42089321640684674,46.99191760992819,54.22465653913567,2.2624730826227832,1,0,0,0.5096739896417545,-1.321891252767655,0.6864872474997912,1,24.1570317285956,2,0,0.8413946202045466,3.395243921979642,0,13.843156338682201,2.4402328405515137,0,0.034506103809573044,-0.40142361464227116,0,55.5308816186323,11.841471061628681,-1.934780230046787,11.82108640448214,59.53356595617292
1,0,0.11749000527866278,53.52770534630189,0.12991873244864727,1.3926817805712717,1,1,0,0.6923429615810655,-0.010217525501744932,2.1795165970339703e-06,1,24.392709957684957,2,1,-1.8051935668289172,0.6779920856155527,0,77.13987421189611,0.6407299970496332,1,-0.518566838486822,0.4322661566489492,1,98.2992065605523,7.024169711010759,-4.185218281071011,5.3174386185597715,47.648258841094076
1,2,1.431311251677237,57.11471171203563,16.685172897179278,1.6364122078223557,0,0,0,0.5351204828607924,1.16634654271817,0.10636927742647195,1,23.816107948102527,2,1,-2.2996967442078065,8.901141273441192,0,36.21955665652263,1.1805993459858912,1,-1.1507067273902243,1.6394231075097587,3,88.84734448801504,9.957961587167015,-8.375086495006126,19.8584185622708,23.03887699799729
0,1,-0.9380812016819522,31.974231902161435,93.12399673181258,5.076925517866054,0,1,2,0.24431377539102644,-0.29912664893172064,0.646760269935814,0,63.04072155525829,2,0,-4.405759928128658,9.40774176803188,1,69.76635492758463,5.4287131589048805,0,1.217873637782669,-0.930107017323693,0,11.064453312804234,35.003954991161116,4.085037084783231,27.886291442500813,31.351320696746296
1,1,1.3922468020324008,61.99123647674675,48.41307988212052,1.7395157506013121,1,1,0,0.7522803309131005,0.02200536552137947,0.5992057308024562,0,26.186139281839793,4,1,8.740374460751895,2.2174168190042236,0,41.486335494229714,3.059388568587579,1,-1.2120307933488297,-0.5469134818928122,1,49.44484914381842,11.351293276803336,-1.280440899018327,17.94835545377657,51.85476491509317
1,0,-0.5888390516432999,34.402073425871926,27.70787667633936,1.6727098805418485,0,0,0,0.23547194118778103,0.9945839258586504,0.597183941605313,1,23.574749449980366,4,1,-1.184546538560019,2.523310849099478,1,19.245738535499232,1.5791435925745099,2,1.6044398531681374,-0.46142830446322985,3,74.54587959325505,13.128255956224946,-4.082968156239261,11.352186744956017,32.03361987810954
1,2,0.6595809617251701,43.992657406002195,69.78407260853776,1.1751761541096348,1,0,1,0.4002009036889188,-0.21279686401958764,0.8693617188068601,1,19.924581079774903,0,1,1.1793146618138834,4.937384114035523,0,18.79707579468434,2.8796414002234583,1,-1.748341402455639,0.2043376232504791,1,49.25648634188547,10.63751930250425,-4.674646976798263,17.659647965944306,25.67440281685876
0,0,-2.3092664815557327,19.537533738118363,55.45288200144728,0.9344709318999574,0,1,2,0.1325481510998765,0.9628429351026687,0.2055970595135585,0,36.83300531640726,0,1,9.62431123389716,0.769740398297663,1,3.4715629047997076,2.409247181106117,0,0.4013967361173143,-0.4008973372079175,1,50.29298581467974,17.411340435583305,1.7203700821308665,6.633587656700762,50.69572896300769
0,1,0.5586262744921269,32.47442959091431,91.26422353649323,14.512679029280564,0,1,2,0.21595968251547876,-0.5507514482107542,0.5555727878457608,0,79.58108113452352,1,0,3.654349094994698,2.2277101463111175,0,51.12318978427167,12.312021400902818,1,0.1241997403403136,0.15132530122314924,0,2.10801809507839,39.280224923335076,9.757096210915087,30.070324609106628,37.911912679553566
1,2,0.8171454264310267,59.79871432734715,72.74500381518268,2.162559485515561,1,0,0,0.6717088815670678,-0.4944656904159377,0.6317061796749552,1,26.26679429633135,2,0,-8.433933708467361,9.797855072369533,1,77.2153197524246,2.3307494366108044,2,-1.121670512511259,0.3231676844594813,3,48.71663836868982,9.94187786911677,-6.570227299032911,37.829175026875255,22.145955852662457
0,1,-0.8347612723571224,25.946663958666633,87.19397839865218,3.5571543005572366,0,1,2,0.1648002266344913,-0.37283325170000314,0.7849744308437345,0,61.11365616505316,0,1,-8.055955896496075,2.389886567564803,1,25.023358182456683,4.596269741746721,1,1.8746952036731197,-1.0362388803748261,0,11.227122969463649,26.921984208160985,4.63704979137705,14.126766380403355,42.42396024621111
1,0,0.9530796135221892,54.91815204347986,21.17867599671851,1.760221287568629,1,0,0,0.5546326132604089,0.7612473592703066,0.8836767816381121,1,18.028358396253882,3,1,9.379837253839455,1.3829568905628822,0,76.76171815810028,1.2429974369175207,0,-0.2767287834986961,1.4164167701253618,2,84.28184097260917,12.465735939080215,-6.727998830478664,4.666957493417499,26.597435818000683
0,0,0.43781959666282366,20.08526230720426,77.67561767779368,7.5134961749483935,0,1,2,0.15753549893762697,0.36166135894523305,0.1453030046989751,0,79.12829424467618,0,0,-2.840892552394215,0.9076810336855775,0,36.129896057351175,15.251106098853137,0,0.16605287418050854,0.16906152041179642,0,2.177539257092531,35.3159136288828,9.983214143880137,7.320893276608505,40.79882819164733
1,0,0.4694532993330331,26.887785073367723,50.004128230020015,1.628219428574441,0,0,1,0.2188822129247563,-0.45010344491306753,0.4420988762459627,0,21.25684507055003,1,1,1.2278714638174453,1.1833228405780098,0,27.801039664867886,2.155928451301456,0,-1.205461017050741,0.5638409873834554,2,59.77721026145526,9.692965228376707,-2.4987633550002544,19.01211359360247,29.74717331111961
0,0,-0.5882505225976123,42.531729730374465,73.34134787976119,1.746830756352098,1,0,1,0.39067209313784834,-2.0599548218737525,0.6206783721461743,1,20.1546335711635,3,1,9.95497817550671,2.470230337086034,1,55.528939288681784,2.6299863815678464,0,1.4228972056371014,2.4521504669632277,0,49.81752126814552,11.253403219439136,-3.6414789609974356,27.437044068984818,69.74282355008856
0,0,-0.9657743270913947,49.977554994783986,55.591546814317184,2.3267732226060684,1,0,0,0.6234471677570481,0.9388990272034452,0.5950880603870453,0,19.697021116365015,3,0,7.889540611621445,2.6278859813201425,0,20.19072821611115,2.097045967488371,1,0.6774779688779664,1.3954057435222311,1,59.003297644140964,24.343175132387596,-2.8999961136162025,18.636906604803652,67.92969798847172
1,1,-1.9207485927972565,40.11720202536303,42.354770221335755,2.206313272396181,1,0,1,0.549023505251727,-1.6261696070684197,0.5236001849707399,1,20.752878622217995,1,0,2.8205267884001515,3.01938996747095,1,24.47904216145914,1.629502208360403,1,1.1633469213809244,2.1375340607697364,0,71.39466664961883,19.61997972036484,-5.682713248763013,11.67693998265795,56.369599101676485
1,2,0.5713410648008397,42.1851363824016,77.75272482168963,1.952058959481543,0,0,1,0.24386333924124282,0.6338125208856069,0.9587274334215634,1,33.13036087115867,2,1,0.46778916157248673,5.812397928205276,1,15.855460936362942,3.2635031631030187,0,-0.7313978165072725,0.6504397203059653,2,36.670651929880584,13.817059564958615,-4.050730223963404,15.647186805573332,32.20112794999379
0,1,1.305901169946773,45.26345418250838,55.13012755182138,2.4743953082487584,0,1,1,0.33903466614593486,-0.6739681137746938,0.2957688916951521,0,34.77681147900134,0,1,-1.260263536851511,3.2124884739131843,1,57.42122180115716,2.719533491541813,1,-0.9460709172171755,-0.3771360565420955,1,48.25642800195759,12.300723518214038,-0.22363871339619124,21.035859167559146,62.611290252818144
0,0,-0.2594276701437995,33.72483763955065,73.11085481317092,2.6903825738091767,0,1,1,0.18874238537366383,1.022641371396196,0.7653402859814413,0,36.4230862237273,2,0,-2.027963316059081,1.7744869297346362,1,61.27586659594938,3.129805171172593,0,-0.03374705777225297,-0.03455621329159238,1,40.133682463434305,19.272794463423114,-0.9825828489182538,24.505345332666955,49.7544417285505
0,0,-0.6408333884322015,39.16476323612194,33.79626937699353,1.9332928819975743,1,1,0,0.4825866705254189,-0.5621732319051108,0.25843025628514366,0,22.565594138073337,1,0,-7.919986932064003,0.7183878724807996,0,71.47748567756742,2.5721674457044528,0,0.5034888940920392,-0.08498220838665184,0,51.535462627671194,13.562602437506946,3.9419867612255466,15.485680935615235,40.09118125285326
1,1,-0.8165681577197501,59.515368749418414,97.21966676562806,4.532763799775916,1,0,1,0.8321534523370915,0.058372518333864976,0.7072926740643123,1,57.46175916642619,2,0,-7.080646712411507,1.4116565675502246,0,54.08554462390559,4.372614373618648,0,0.778160010007812,0.1180650561039651,2,17.612087219160777,29.31440177622679,-2.5895665820236458,39.99857865924881,61.883584323479056
1,0,-0.6450637733538507,45.94832281328775,18.001889194849053,2.236076388214778,1,0,0,0.5820083083079397,1.3490403287021329,0.39960860450873203,1,32.475516626702344,3,0,-2.731783326574017,2.247395883802798,1,26.163625484738347,1.3309909374018085,2,0.49340617987790075,-0.8774779721669737,3,84.19967838559396,18.51821844513549,-5.944897422153291,11.849320455592146,52.09717265029515
0,0,-1.791800910816959,39.42150924201427,29.13866013778414,5.087086595906828,1,1,0,0.417166754015343,0.7419625893825738,0.6811796986787906,0,29.70201823455911,1,1,4.925038518667865,0.861279699232794,1,59.27134035279242,2.261104767453987,0,1.5540722623831031,0.5866860119864047,0,63.0811160825123,36.56277591144643,1.8114981515560746,12.19466718153162,68.43225152983783
0,0,-0.6661930726416331,57.049863409694204,34.62937454564828,2.428731183071842,1,0,0,0.8182350494949044,-0.31946503926773395,0.356207083308627,1,53.07417119956164,2,1,9.850941711854539,2.993361372081784,0,74.36693939325644,1.7286680523382274,0,-0.007503913354960695,1.7043059578722661,0,76.54665951541591,19.90785908964236,0.8134654553886094,8.698579946195368,63.28772864591579
0,1,0.11329923950721796,41.71476900322635,90.37000399100845,3.6985087577193023,0,1,1,0.36291111430472556,-1.4724966977329996,0.5950931941966,0,62.39688576082956,0,0,-9.205290903512184,7.515162883764516,0,14.381336685260155,5.943340777931263,0,0.1050990402385632,-0.13404436264331585,0,14.661887971121512,23.078841615936717,6.627043946180624,26.216810359291287,50.90648971965641
0,0,-1.4993576528730397,41.293296446697326,22.53641124579001,2.420211691404468,1,1,0,0.5360981128042045,-0.7209551704618927,0.046452412864853077,0,23.347216205734004,1,0,6.392075686313223,1.3896713461725096,0,59.996574238891824,2.3894170081538064,0,1.5909034694021675,0.41314298194665733,0,35.53084580145474,29.44984115947871,4.877604363070043,9.492387728161734,66.2993023387431
1,0,0.6527181565051289,41.64442002294223,14.142541162070954,1.6204067901500325,0,0,0,0.25814479493367404,-0.630624052977098,0.08676653899254672,1,22.50971290961811,1,1,5.294759199114463,2.680651059680059,1,48.98150901527128,1.200679477911649,0,-1.0445527279988034,0.0690060439991238,1,83.47107547251026,9.993382036874932,-2.7079776563675315,3.174866217574852,37.98017971579538
0,0,-0.927200886246401,35.248746183148754,65.24426976289442,2.607675300092414,0,0,1,0.3123015294114574,-0.3297219006284594,0.7014334343523672,1,23.9555038684996,2,0,9.696638705861176,0.9773236271514103,0,8.521001505923671,2.184752728431927,1,1.5013295913092033,3.2389217730325464,1,58.1476741054536,22.295302589591795,-0.7435973547508681,20.218216439975052,48.151395647163206
1,0,-1.0844791514436944,21.97274912720749,47.650125109667584,1.4404472575687077,0,0,2,0.11992417690927637,-1.3870468345959528,0.6244699840507019,1,28.775814127808033,2,0,7.201095056458886,1.1642348721055829,1,2.3596322161588157,2.2525040985015568,0,-0.9340314835705271,-0.4359940056924704,3,60.78509992244949,10.070054664209739,-4.775489578753539,20.453690296879344,42.35974333909367
0,0,-0.10099705042783849,20.229201307301725,75.67005707919586,25.935146889068314,0,1,2,0.0956147550307806,0.1179742008491584,0.8626627977980247,0,77.52691759773178,0,0,-8.784140752052185,1.5296248982964638,1,63.102183161480625,11.464956861581674,0,2.0462598072432763,-0.07482099284184429,0,0.931489088267462,39.92589277356808,9.60001418334701,2.904833927328516,21.179684448099373
1,1,-0.48043750153197445,41.634349364214614,47.66469578393238,2.2387484618188758,1,0,0,0.4579845884400565,0.867122533272266,0.7853203162485747,1,23.198678650873845,1,0,-6.030673464851266,1.8189839045151348,1,31.04229411393165,1.9927611238865324,1,-0.19625337392417508,-0.7189369368386862,2,61.23311576686296,10.025510616254959,-4.916966117529171,20.140044838903517,52.87700810298557
0,0,-2.282188907266057,29.738455965790788,56.85937874154489,2.307824757583322,0,0,1,0.276649639848347,-3.0571040861164236,0.5235064137529627,1,19.38031034910608,0,0,7.102848477105631,2.1253581526245635,0,38.23323862845913,1.8391269035250726,0,0.726622137943014,0.8783686250147885,1,59.679216437049135,16.334415844772515,-2.8507838358936795,5.937757199352123,57.05037400566236
0,1,0.14884133306169836,29.63711623795755,79.51030963771248,5.382025115681277,0,1,2,0.2291414199116305,-1.0798096927704757,0.5921971642345969,0,60.69714605741342,0,1,9.164676181982685,7.35039732395311,0,17.45730982429162,5.123559629822387,0,0.5043524185195205,-0.22219250142662733,0,23.73400059819115,32.606995907681274,3.0194082815847025,12.422916152387021,23.35512709124867
1,0,-0.3031917114676132,50.905145611938636,26.079767750940807,1.583140329067143,1,1,0,0.555408329855002,0.3505901242026095,0.45431071099449954,1,24.521267372267186,1,0,0.8128618977396442,1.7151194691693967,0,72.29446823710242,1.9630966226348878,2,-0.1860668788618141,0.07711503271939583,2,66.36910749061923,18.92268140518672,-2.947773833087285,20.249667345614473,24.637513868733215
1,0,-0.4558271521235209,23.951613876842927,38.90309367656324,1.2866433656932506,0,0,1,0.15398838847679708,0.2116353935706329,0.29497994221028556,1,23.737721695525966,2,1,2.105680686296097,1.1548761313059464,1,70.54917985053504,1.5617205356727497,2,-0.19524273616808496,1.4828777824815562,1,68.18262436126089,6.792773987488263,-3.846851247451517,14.7479726665651,45.17186992782934
0,0,0.8060823850364698,53.223288328252025,23.59785900329488,1.9854643538259131,0,1,0,0.4977340692045891,0.06137321170109105,0.3698062649260252,1,39.324755205145536,1,1,7.105360685400882,1.8549050462267043,1,70.0502239515287,1.895346219929697,1,-1.0392573437341641,-0.1915749192962968,1,71.06789984216914,7.7417234567556825,-0.2885969374542956,8.93352272786274,36.83838933695963
1,1,0.1005870689397356,66.48073704413981,17.915560621456507,1.5603535373147963,1,0,0,0.9404387318264575,-0.034432792948432156,0.5440191616694307,1,20.05701107287471,4,1,-0.29055307201400105,2.6195049449412924,0,46.81454397013149,1.5233687229230157,2,0.02477684941231349,-0.9744231725368551,3,78.72106448589248,9.858095325248769,-6.799794517883174,33.86639737832429,40.1048763182398
1,0,-0.2473187285794193,32.78426719267169,24.02004769763447,1.8693751285519555,0,0,1,0.21707537924256898,1.1385024647587427,0.4983348878164526,1,27.436248164078634,2,0,-2.78758259160222,1.1019688723328103,1,1.8904154064697698,1.4957630058283804,0,-0.44010315104195796,-0.35971008397963083,2,76.6933875968052,9.477741002373119,-7.22776662578698,17.077180568492768,39.55460564814805
1,0,0.2510008983455327,45.85145283906653,62.281608355246945,1.687573621854811,1,0,1,0.48436190460295436,0.793993866164542,0.643839738263659,1,23.52176353796885,4,1,7.84188448109148,1.4912205534247818,1,70.97005612118421,2.331922335475114,2,-1.5858210297387776,-1.11698258712698,2,51.4886718762669,11.980189879502204,-5.581531993339,38.52648665820909,27.494383420578593
1,2,-0.7144628350615454,64.86845146545926,5.024526777573701,2.546211788572184,1,0,0,0.9463167479110606,-0.03766068321410967,0.4937738963013327,1,19.684933666285733,3,1,2.7386486011200457,7.525204054079708,1,66.27374071166525,1.0664499261737748,2,0.6593221426378588,1.980385863955108,4,91.98257295258105,20.620792463947325,-7.673003103124151,30.117617949754028,29.458656790688504
1,2,-1.2112252986306782,67.07086046775149,7.598031184930271,2.4685912865062973,1,1,0,0.9813123013475232,-1.1407303687005939,0.14417706445127387,0,21.372694305099678,0,1,5.302477233938918,8.36144148214194,1,58.221177615482496,1.2734933484985693,1,0.6281793815814731,1.0093829277962714,2,84.52936844493003,19.657880970729018,-1.1927225555046377,24.277536768380557,69.74408643514455
1,2,-0.6669635004868838,41.097077428308864,53.296794096508805,1.7897687442392713,0,0,1,0.2976955508608261,0.9135376544905469,0.30157506938572914,1,27.035432468318948,1,1,-9.570077261489821,5.410104886742544,1,50.482894851542255,1.9260824820334976,0,0.05233922643094637,0.2870957131984906,1,41.297419067054584,8.207935099757824,-4.205235893367314,26.28909532397595,40.091337392734474
0,1,0.2487631189946133,31.721896838654313,78.24442370776943,2.5426692891428226,0,0,1,0.19932583861346043,-0.2848651378108015,0.7160902854972062,1,30.145196635152487,0,1,7.188273110485774,2.9462914341063486,0,12.766963057408898,2.8206087889294227,1,0.1748292768776193,0.831250668671167,2,41.950660321354064,7.327823367300887,-3.0336531159783338,23.181264718387347,33.63141148764574
1,0,-1.148174121523998,42.20274192477448,42.43789848389791,1.8259546685811794,1,1,0,0.5969543596654446,-0.6035317231999734,0.5479418998369168,1,30.744389822921796,2,1,-4.532626219823838,7.850188756757895,1,9.268095453242884,2.280254598907806,1,0.6214684745092017,-0.08672903505582706,2,59.71729467037318,17.323931186005986,-4.782959672683619,11.61206423569082,65.50117774524588
0,0,0.40067313966118445,45.98644939574748,86.71747714229268,12.078708563469656,0,1,1,0.2838597546501872,-0.16853290875769955,0.6605605949856094,0,68.72112652356186,1,0,-7.528507930491397,1.622670938496964,0,78.82443027988481,7.616122792538522,0,1.0852322708188986,0.42459207187367654,0,15.730752778591922,38.93043118461863,7.139267824614258,37.11958267739458,23.03547152921245
0,0,-0.33228870890539086,51.31828070810084,42.58694731198608,2.3132326076480574,1,0,0,0.6358020654025642,-2.9550212989203377,0.5917756151014041,0,22.74338147794003,0,1,4.4669953831910885,2.949615094258981,1,30.247930792049928,2.1974757844354493,0,0.04380014749696167,0.009324087822150013,1,60.47268953049875,13.729383615749384,-2.137878397023041,10.397431201761558,63.58095021050011
1,1,0.7040755540481831,51.50261589433152,37.98581156141021,1.4153713200944913,1,0,0,0.5835644454660233,-0.369526984997435,0.6143539750479469,1,19.43618763176495,1,1,-0.6822848218476842,5.286420608081661,0,58.45818646640503,1.7546322357816482,0,-1.4374982131276102,0.6495466880364583,2,71.74035289612625,20.09966092713254,-6.130471405155715,11.395942315543252,29.100612252579158
1,2,0.7890325747927522,68.25768549210042,19.72304994702218,1.9571095520736275,1,0,0,0.9600383755957096,0.46442915382874755,0.8767107725143413,1,21.670101524472514,0,1,-6.907959218630748,8.714598726071078,0,66.42447445473734,1.0833023443255096,2,-0.8843579533685304,3.0348769136875062,3,86.95550657798,9.934298755257156,-8.691479690231857,38.78199698875402,23.222733533129976
1,0,-0.7436100240047293,30.093396110579796,8.84648096148099,1.7489717088734267,0,0,0,0.14604859636724915,-0.4435992055803547,0.05724010470288898,1,20.651936837406257,3,1,-5.384033060836607,0.8170868296528158,1,35.2919786195834,1.2294315833031924,0,0.5641574808411081,0.23504496584769627,2,88.7047990701892,11.885859811676344,-5.191038393723488,2.3236052167289434,40.61778936137591
1,2,0.05660267747919361,67.95632323286058,26.631423151983025,2.217615041588223,1,0,0,0.9760556104771896,1.3766239204577124,0.7836264851886481,0,21.942542376788843,3,1,-5.249966543122417,2.8031272907577307,0,19.418330515302262,1.8233048358773982,0,-0.16331861204401937,-0.5937089690595218,3,63.903156936406916,12.664099979374129,-4.229801416463603,26.088210824688108,33.84296279883224
1,1,1.9308334699071301,64.81036100729847,5.8882332249885705,4.535560139965744,1,0,0,0.7824954677580028,-0.13333934909298223,0.2124282070550953,1,19.05192125663625,2,0,2.860645624918213,4.05135955438489,0,17.68971034155196,1.0226286776616134,2,-0.3302193125027892,0.04842021656727525,3,90.02873607849706,17.051411614691173,-6.64750768648662,16.154876965239083,55.235944884764415
0,1,-0.08006561764743586,39.20367317668335,77.88567937700145,1.863796182733559,0,1,1,0.22513356968059345,-3.0627872310039472,0.13980862120356813,0,65.26391973620483,0,0,8.192919556744648,6.559531517516907,0,27.536302420508036,5.576032946737185,0,-0.3406623670961164,0.6088600715211897,0,16.77144617651894,11.336971107706946,8.567780669923547,20.49782061028443,56.48051312046562
0,0,-1.2750840349962054,28.6169607491455,91.38610503146191,7.1568179307392334,0,1,2,0.24429332611104843,0.19443795131464506,0.8849557154737168,0,75.28622215110714,0,1,-8.399085416970049,1.7787093159892051,1,56.61617668506853,8.90276860463512,0,1.2800066969353263,-0.7787897054959813,0,7.159191842254326,36.849829734214026,7.696980343843279,25.432955009755073,48.34145792006623
0,1,-0.7308860228871413,32.30956628818889,36.892469863032986,1.3004140773366397,0,0,0,0.1699998506285001,-0.49584820312826927,0.17231407675401295,0,16.067404182289202,1,1,6.193569698231165,1.2465137391785468,1,68.3441864483697,1.9314482510494964,2,-0.2996469062197934,0.7864943114853534,0,66.9870040465906,17.783558799465457,-2.5404093331552646,16.874514834206025,38.54533058921984
1,2,0.6082996091378562,56.54329531904936,51.526782163345395,2.162068249373977,1,0,0,0.5885011230250702,1.371875885227942,0.4288021334260145,1,33.37375365513341,2,1,0.659394244995795,3.5962893494197496,1,65.11816856080337,2.526868408003997,0,-0.570216812746934,-1.2358093587035193,1,56.41455516278873,14.943515157832937,-2.6437151325675963,29.867067919237805,44.12005045797943
1,2,2.5672432151002456,60.77134034582608,28.475281011048292,1.516615232121218,0,0,0,0.572901264591371,-0.2287832601400311,0.30337770606218706,0,22.196082628173226,2,1,-5.575288056663748,5.985918290103326,0,30.6285716652671,2.0389411114155,0,-3.155058843908776,-0.7425268832514713,2,70.81392374943238,17.82534569654061,-1.783334009091341,15.913441482294417,25.280488567505717
0,1,1.3409339517057797,53.15069293739132,61.8508245254817,0.9365806835866171,0,1,1,0.44478174938126813,-0.5581121217316976,0.3056494694445955,0,30.435479324925467,1,1,-2.171255655804525,3.279556786438734,0,30.6438889019388,2.4227945527604993,1,-0.9113211175072651,0.002441394579895875,0,53.45225032005788,7.081587457595601,2.928468967389936,16.290033374104894,68.09307965691198
1,0,-1.1092869843928288,64.23242380635016,1.6383398202344523,1.7650325676702432,1,0,0,0.9345669302480807,-0.5108214003867149,0.061789080137834795,1,26.383649640718126,3,0,-7.67642263111508,1.2665360839985103,1,46.20143369417533,0.851066071860741,0,0.327268387320984,-0.06239870953528203,3,93.96581868882694,7.827129482660187,-5.05539695937258,7.682843677653118,58.87633620531111
1,1,0.4658783487751022,35.73503418090939,73.07709837393398,1.3622270883435643,0,0,1,0.29164251841636246,0.6793907412365412,0.8359193319831048,1,41.74059497664204,1,1,-8.471475310545815,3.7286114863578397,1,17.95133643572473,3.175669727500005,2,-1.636138106912402,-0.6745801722882876,1,43.09901192582188,10.628179328662522,-3.6655821691645576,17.581664541636457,36.85136020067469
1,0,-0.24005311458696402,24.66609932149271,27.910364469005454,1.728006878409687,0,1,0,0.17255729963123145,-0.5887901075968504,0.14820385722512835,0,20.95585640246389,1,0,-2.2302297785535465,2.4399960450200515,1,47.93679706203644,2.261731456176238,0,0.02410048463522438,0.512024237068918,2,62.70459122257436,8.22365443476806,-1.3233645198775754,6.93818116159197,32.38542406624724
1,2,0.7122829036106013,51.831180747025655,89.56914568263741,2.4031461245087717,0,0,1,0.4484891132314758,-0.45750449184890674,0.9991112054554891,1,42.080803979439835,2,1,5.780286761122806,16.46348945810609,0,4.970117319199487,3.524847191243818,2,-0.5005924401834516,-0.964592099757556,0,31.45351896775358,12.679573213925583,-4.00159665752049,10.544631609796305,51.504732936661576
0,1,-1.0214682963540185,28.892425595580974,84.22568704589008,6.187824036681633,0,1,2,0.22493976033245616,-0.28261053377961887,0.526876758398215,0,63.74575492380002,2,1,2.3514095955322247,3.2683513286819634,1,62.65094585904177,6.263895814537741,1,1.2292647817060345,1.7790307318510306,0,13.699708744640226,38.77591929159932,7.317443500485616,19.248221209819583,35.84851552134668
0,0,0.16971490155600477,23.89537053433525,60.185240051462976,2.2201504060343393,0,1,1,0.14346789449214736,0.8757234122116714,0.4782269746248768,0,53.093284907224614,0,1,6.680804197646012,1.2259184630142654,1,25.891072053106726,5.162092111234262,0,-0.3955443663206785,-0.8704109185021286,0,30.171316121665914,13.950611906690828,7.051893233568176,8.10994326140703,33.70668737275085
0,1,1.3606156565814673,24.67369452175994,91.77410915897597,15.675517837172682,0,1,2,0.13246338156882703,0.3459413970362106,0.6107590449036588,0,77.84005654029164,3,0,-0.5078159244783738,2.8773519032809562,0,73.40388352999219,11.729821378248193,0,0.5062271580856267,-0.28136116454322985,0,3.5509463138980015,39.34562516736921,9.251316320746259,24.05404974044432,44.05949388646274
1,1,0.5399780244258955,55.88940854537745,88.22844759590973,2.895103518086375,1,1,1,0.671883375609498,-0.9403189737388329,0.3685074673287244,0,54.91168426425237,2,0,-7.152955954431269,6.189731642285602,0,22.152671804369493,4.846338538923441,0,-0.5246921830914283,-2.556588934282259,0,23.30288330961133,17.305993414685062,-1.3194496350808134,39.9542872868002,59.51948321522547
1,0,-0.03561600951416348,20.54703762710538,95.51431376182633,24.422212849612556,0,1,2,0.15229229051233578,0.15983959883597237,0.6347748153931839,0,78.08873838255927,1,0,-8.952578150575278,2.1260037464041432,1,34.289417771598536,9.86855811971188,0,1.6190180880965914,0.08506870045312678,1,3.7051163877911963,39.952045314948464,6.273470178846523,38.76682588984206,28.975165154073217
0,2,2.04325861544359,59.68478469229518,82.99836296493798,4.527308585855207,1,1,0,0.6314993863606272,0.262950252279018,0.8663909555994398,0,57.945287395740294,0,0,-3.6001474892236196,4.493472639004608,0,14.20690192969765,5.770410558986508,0,-1.5541037840678085,0.7668053398328505,0,22.399391208725334,19.64032805840169,3.795976284035973,34.02832902108177,48.552985780289106
0,1,0.5214509359048229,25.92919977628072,91.26328825352054,9.703038052440192,0,1,2,0.14843757657497036,0.20369678604675368,0.4068605235858366,0,72.83545990437644,1,1,-9.267147938927673,2.521476639239549,1,23.95158528086761,7.320963920306365,0,0.38053122662913313,1.3075637647917826,1,9.984484598852989,37.11305273736969,6.116521152905271,38.76918716839657,25.538030792634327
1,1,0.25931878764916894,38.54857963268057,62.16907449811879,2.299154657159031,0,1,1,0.24265742523114658,0.4196521811727536,0.6303690724012994,0,27.82011992229109,1,0,-3.5265470413067064,5.891034386952952,1,9.936944616022526,2.916458673892484,1,-0.5224098081862045,0.22226054977827128,2,43.21654599874762,15.068764225049724,-5.682074281042569,33.848567688115395,30.857722710013253
0,0,0.5874743545768875,27.941984102941582,31.651483354125,3.644813693172453,0,1,1,0.20643136913451426,-0.596215038518765,0.2723326955314317,0,31.442877275209945,0,0,-6.630701418308069,1.5915441619466795,0,22.786062165933487,3.5041319437094787,1,-0.7894968000389831,-0.043194729824334845,0,49.69994136466843,11.547353833187927,4.995571717641456,3.187545627972239,34.68175898101053
0,0,-0.04946637687375401,28.32942835749798,75.46288584114859,3.1804380409891286,0,1,1,0.16102195161610017,-0.25404498770153555,0.27340573759776715,0,67.51301025877655,0,0,3.315176273700949,7.0448363774101015,0,10.955255834296942,6.279699257979772,0,0.4054343552466117,-0.5341725102072343,0,15.089790502046462,20.806211969271814,6.546290726724955,21.230167602693758,38.11399367569369
1,0,0.38161090776071216,67.21041017119379,8.349793896714552,1.8443620802399334,1,1,0,0.9651344798676698,1.3133190530383405,0.33515246137255383,0,23.361181596204172,4,1,5.623745516296916,2.1362275132250406,0,43.25854305105328,1.453021835649046,1,-0.5750401809537349,-0.21762343246015642,4,79.21035474028734,8.924044092878098,-6.768752371695276,35.54309215220418,44.66349352310853
1,0,-1.1498924448820715,47.90483254798318,8.982175724300406,2.5236166477482613,1,0,0,0.528900284643886,-0.9778544945653098,0.0059654451294468,1,22.47455560609034,2,0,6.755283424054493,5.378317835528113,1,38.78570268011243,1.151925218917213,0,0.8270883001533529,-0.04291384883071758,3,89.28040377804567,25.857074129765664,-6.265800414495065,13.095191157922077,64.03367577510005
0,0,0.4735263588451115,19.751618500205065,97.33438898197973,45.47063829070645,0,1,2,0.07866345488853299,0.1364368493604865,0.9499799982478192,0,79.9899725385491,0,1,-8.480458348325973,2.877948521407651,1,5.482692809214038,24.046444414590557,0,1.8761031928795697,-0.34083064718752487,0,0.23178138170446005,39.99458643574276,9.923683069599004,19.2330010886245,20.332213464987113
0,0,1.5717582443122118,54.77600915410835,26.339632835538218,3.151984364330114,1,1,0,0.6043415923965153,-1.9219119271108216,0.5049406495222597,0,20.705064838476005,0,0,-5.592177323285718,1.3887025595901707,0,50.618935993211416,1.8452147359845004,0,-0.9045938313313765,1.8439432571704106,2,83.24714089704825,5.9043136829626715,-1.00097224885881,14.59624956327385,44.933186726295936
1,0,-0.6827265547910959,26.512000797107007,39.09133032233784,1.4406092232067649,0,1,1,0.13945226990432869,-1.1959847969491169,0.9239955952061771,0,22.72797332922867,3,1,-7.759755891466337,0.7191587030461274,1,33.56975714286381,2.118200745692209,0,-0.5513387715343123,-0.15155342945728406,1,62.85991990688292,10.475492182447743,-2.4112953985218963,1.8587563467988866,50.593189433663575
0,0,1.1310978152221642,43.110941713649396,52.18161929294928,1.2926565157824113,0,0,1,0.3118912815843635,0.0802958104514138,0.2265942894122202,1,22.57415869404186,1,1,-2.0574150509333275,2.731091418182855,0,46.53941853915437,2.183573087936528,0,-1.457081623236214,-0.04478184974249862,0,60.05323618534671,10.529378810548128,-2.3490954484065085,22.122869109935728,55.518994712137484
1,0,-0.26865721861757036,29.19645332281267,27.32740347982755,1.9617836199800855,0,1,0,0.2053768335391311,0.8593317739484231,0.5490417182561191,1,22.012566410932592,2,1,-6.219958478805367,0.987611289737929,1,73.06787948404303,1.8760605971397342,1,-0.07798428240943414,-0.37449246518296614,1,68.87671521468803,11.890406273271065,-0.37614387359287527,2.5216436203721493,39.30480570077444
0,0,-0.4803621875220047,32.76688759038,57.070303753282644,1.8185441762042867,0,1,1,0.18099700266107055,-0.3566896912863286,0.6693958530977211,0,34.9525524835916,1,1,-8.496423463516718,0.7972772507138602,1,13.986171903907767,2.672724394891586,1,-0.28784980900453155,-0.4956518410668534,0,45.735528857352115,9.217043277329896,2.897523802026754,9.649210033231332,65.86455083548427
1,1,-0.6632609209431298,41.12427179064747,71.80226755440135,2.187451468230672,1,1,1,0.3615760013158602,0.8622597560034313,0.8865281178662443,1,27.24751398678597,1,0,-1.077651966608915,7.235470290949999,1,44.10102123049932,3.179315423488345,0,-0.6264450727897273,-0.24575354196255142,2,41.104121698796256,16.74080598629927,-3.329424956189108,12.186978286117633,30.069483500536947
0,1,-0.09581101389214546,19.81316105277184,90.12668532904642,19.389052781047628,0,1,2,0.14575314552408525,-0.7170481814558194,0.23993660223600854,0,79.99031795794507,0,0,-6.612092813226339,1.848399843726282,0,4.691038241192147,28.647177040393323,1,2.583922271819952,-0.3150022931385442,0,0.16406845192791786,39.87240054958027,9.99958958622042,16.722426837344234,24.606113561131117
0,2,-0.2079171966624543,55.92077383766426,71.51095300554205,3.7879374214428703,1,0,0,0.6833648084116954,-1.182018186106011,0.699729636582771,1,25.488384688905306,1,0,4.424866278344197,5.737117385666578,1,79.95805979158146,2.9425874411310415,1,0.7965185908696848,1.4025168751278814,2,47.753957321139154,28.752576867000936,-2.4462891013049015,32.85536969462164,26.62139500200037
1,1,-0.16884632700693625,68.31940045527695,0.28314202355624873,1.4144538516139242,1,0,0,0.974288570105148,1.5938880731509466,0.6908097990057636,1,21.037950810163977,4,1,-2.2720960510419825,3.1461059846089494,0,36.52723453854724,0.6114106987238916,1,-0.16981901309891975,-0.24326665835621403,4,93.82975146944361,10.221480113461112,-9.155216823846862,11.545712498448824,27.058531914792134
1,1,-0.4853699675241427,58.08890472996526,55.049461456180246,1.8903353323530736,1,1,0,0.7922531339984928,0.17938760853317767,0.8217281174736091,1,20.333840046634197,1,0,3.417320734013618,4.326949358826942,0,52.38804294198929,2.415337208970069,2,-0.0004977952920835869,-0.09609383799321043,3,39.478068540293656,9.98099984867002,-5.667431771813186,34.17851142442041,32.86556618874101
1,1,0.13361936879002123,65.29284276283518,1.1908177755028615,1.2362915391479155,1,1,0,0.9429381212169454,3.882743748336659,0.5573967200832793,1,27.246037789393007,4,1,-2.019365205393493,2.749721765040781,1,33.61951060866544,0.7770957207195693,1,0.41825927240318667,-1.077449183025279,4,94.35706661526206,12.138074525029074,-9.178101031933895,15.771635337590011,30.671176171480177
1,2,0.9869898398922784,66.4970718116155,27.203903052802925,1.6763736755517595,1,1,0,0.9051302954989189,0.5046704381508709,0.66950332094928,0,20.382853539571045,0,1,-1.4689352803054554,6.165735456263844,0,5.086655367038833,1.595288238093886,0,-0.609734445659584,-0.5956811420288632,2,70.96172207919423,7.061101838892987,-1.6697398820082139,12.554244944570723,53.998571057943266
0,1,-0.7708424655224746,36.889668593253376,60.9006981491927,1.8536364421950469,1,1,1,0.3614615201198025,0.4619189575126048,0.4331142196059982,0,35.63274026700243,0,0,-0.5685435708000295,1.8837601911621897,1,34.032731720203984,3.0610281428482993,0,0.5839808623750515,-1.4076443339215343,0,41.75171107766138,15.065008260549387,3.4403209406058615,11.27301574753654,69.06775662701091
1,1,2.7115982267418093,62.39918115980216,29.435368877422363,2.775290253424308,1,0,0,0.6760650114099389,0.4376863649842541,0.7900585555162138,1,20.39592060675008,2,1,2.791134915922161,2.3439638769784055,0,32.080660869642536,1.4666990897121164,0,-2.0230338281860765,1.7852445489183244,1,79.63485389804941,10.264036038982614,-5.791508514701331,14.889399361436906,45.3897047007007
0,2,-1.1365189776331337,63.600587446670275,27.737049787422634,2.475970099397578,1,1,0,0.9505704232980091,0.9608192565707092,0.5062788434178268,0,33.79424121553357,0,1,6.9238216322182,2.125439957883755,0,69.47741938099168,2.163833384676746,0,1.5034058369795253,-0.8015786511583174,1,60.5362850336128,24.401015788222473,2.5325416147368287,12.039559261363369,44.66130467392041
1,0,1.0966036353333988,36.666219667805265,38.99269022418348,2.2338645292002837,0,0,0,0.29600120469238467,0.7031402757474368,0.5368905438575896,1,22.495961200841748,0,0,-4.726911489305365,1.9999132301086882,0,56.2543476398659,2.2267884845473778,0,-0.7220783672828234,0.26959689647770874,3,66.06476945073602,22.59534755754106,-4.107955560092712,10.730367559037113,28.147569565429002
0,0,-0.49230550531884576,33.48159633657886,59.93641526756595,2.060728527016272,0,1,1,0.2788770236304013,-1.3418812963407827,0.2425139153678202,0,33.92028757761993,0,0,-3.043290959802281,3.219296658245967,0,25.50085764857474,2.859572812471231,1,0.5566829153841083,-0.050507807340639393,0,40.37325399382953,18.14722561990296,3.9489557060855436,11.80143958145935,38.77249877849874
0,0,1.8143035766002968,28.266117362212576,84.70865277275766,7.100964435391495,0,1,2,0.2067795730395045,-0.1391975684296839,0.7539098858038407,0,65.20259979485292,1,1,5.451334693831216,1.262943787181258,0,47.39822531698786,5.277700037042189,0,-0.3291442241761842,-0.33016766414381077,0,17.48014169995989,23.71398179319631,4.702399671527946,28.502573373105577,35.89008406514397
0,0,-0.5364545079282683,29.658115378879216,77.76718855381668,13.031273968786163,0,1,2,0.28613697586826214,-1.1170162245637067,0.4942407787324304,0,78.67730839122424,0,0,2.600700890441665,5.063566423031967,1,74.29313182371948,10.883656746378538,2,1.6611586327907297,0.24420793071269176,0,4.6185571653241055,39.603845144993436,9.89342287521509,9.875232966969126,27.736139405857145
0,0,-0.6158650664846639,18.630559548451764,87.53359277694075,11.003923850999687,0,1,2,0.15038863649794965,0.31058197280563077,0.3786577701908379,0,67.92546412323176,1,0,-8.31883300359548,0.9625669611636858,1,3.9459915482557983,7.293457913690075,0,0.9793232394565458,-1.0008965010284632,1,10.823810999842099,39.125085807475905,6.952147330661173,26.495766944422485,33.17831839513737
0,0,-0.12371820470490444,49.63996059530362,69.18691583540965,3.6641277533878935,1,1,1,0.6202852288212145,-0.21049897562190803,0.48853648351033796,0,59.6290722656913,0,0,-9.726764643613732,1.5809109919698885,0,21.563484272466916,5.1295219251764825,0,0.22374011165001817,-0.44549258975731376,0,18.239733634836607,18.6293176992517,8.176795436819472,35.43504673434403,58.325765186347205
0,1,0.6071555921113645,22.959503464316292,72.44897567535388,8.575894618961266,0,1,2,0.16459623522238037,-0.11567455200021085,0.30439598171732807,0,70.41342326436867,0,1,1.6195643381426876,4.540458969850324,1,50.30974487741326,5.287339371217711,0,1.2254762629788143,-0.3744016740848241,1,20.439783948949685,35.42251087825111,6.09735930119643,10.152882136089406,23.078613315728607
0,0,0.514701991670734,33.945579303604006,52.483561661400046,4.488302671212428,0,1,1,0.30539660582382566,-0.5739365846998131,0.42895854838646585,0,34.72536818057756,2,1,7.968984435708016,2.393156851786901,0,34.94094074779583,2.8227571809398104,1,0.26363278178669275,-2.274786013327219,0,45.33328268284275,26.597772235363813,3.127415522120831,13.754081534583635,32.062454325048776
0,1,-0.453854262068922,32.01070254230433,92.9342411522002,8.017031907486148,0,1,2,0.2301468524159686,-0.7758045377125524,0.8941060823107448,0,76.20589583336402,0,1,6.57236370953035,3.238988808031838,0,46.12374745919941,9.173605029675613,0,1.3518209259798522,-0.8365854779299722,0,4.656836730242608,37.56563284179005,8.719826958821244,24.491881354511975,36.03690544753872
1,0,-0.2777995647323222,61.96444222541583,8.999242584246907,2.254980316010126,1,0,0,0.845025600754651,0.2918377612409131,0.6147639730488239,1,19.782377163844288,2,0,1.6342862777923095,2.01291786673825,0,79.57744797960429,1.1155400620818448,1,0.4242050380910531,0.18976422600093154,3,96.2498410126859,15.866505540039563,-6.817679607172313,12.544605087053917,29.830707199545927
1,0,0.7767028048892456,32.35465202824163,52.02320648281715,1.2992840033598587,0,0,1,0.20645532774053288,0.28805454744257564,0.2561355233523651,1,22.61872539835327,0,1,-8.16191969738731,2.173318442172313,1,42.67362968989779,2.3653028460930634,0,-0.7380374914822605,-0.39554872123165924,2,60.211828553018975,10.9496224626475,-4.662227324494829,28.017601003527723,31.183893322563996
0,0,0.8812464203708564,36.34244408671447,70.87156685746282,3.9288092999799193,0,1,1,0.14586280287086817,-0.33368390841200485,0.3314814201444203,0,34.99674507787099,1,0,-5.490542208067055,1.8077184919941995,0,45.71996380786591,3.168248821358195,1,-0.9427020202686067,0.10148227132558618,0,37.0950636218752,22.973851090651344,0.4443390926677253,34.15106031784218,33.8494613282391
0,1,-0.0027689401538890674,25.35729033427961,91.33849989328498,15.979176049955965,0,1,2,0.1473883655673317,0.09285833574133871,0.4266445151459432,0,79.7566089069955,0,0,-3.470013744416285,4.712101783929633,1,37.139987689138515,15.405484926235768,0,0.7104761098592535,-0.04867783477532813,0,1.143364635125771,39.711643783227416,9.766637709745972,28.54515075396477,24.108691590267657
0,1,1.5066670972006906,40.12458614144201,89.6533865035061,9.53382924240038,0,1,2,0.31236496062474056,0.9447635437012473,0.5883365559154579,0,78.21489805473897,0,0,-3.8028390108639734,5.3039647982186215,0,22.461377247383997,9.15140229372056,0,0.0423034842200964,-0.43143725197125105,0,0.7465436242160672,33.92457567958621,9.28239333730663,32.65438470620596,30.807382977145345
0,0,0.9042004380772896,26.318710337746644,50.43454338009291,4.708266075759789,0,1,1,0.19151391539747697,1.1976979487850965,0.3727585473570906,0,58.876888203351626,1,0,3.4559576824573917,2.4079405570446797,0,36.24722713887984,5.660421738939718,0,-0.25306413121968385,3.5369258752812294,0,27.98658946800715,19.218191965667938,7.12853992185704,4.014305621245238,21.55383192209588
1,2,1.019670616187274,62.77701512527361,20.64787838670338,2.3690849485986916,1,1,0,0.7932282970578786,-1.8660857677119345,0.36936431002380066,1,23.199037234682738,0,0,-4.769030355734842,9.200905685220478,0,29.59585709082217,2.169664807642074,2,0.17346838740336698,0.06553606017720065,3,74.37548900455478,10.041111153058978,-0.7961770398711057,11.164176188492746,28.0699022259337
0,2,-0.6306122126932581,39.27846119468822,88.87072128552305,4.384197223873523,0,1,1,0.3687790096169682,-0.19757681815739506,0.2285468224219222,0,78.25825068411245,0,0,-4.749195325345434,9.113563878499633,1,45.19619070084005,8.871425288565035,0,0.873212233835865,-0.47224858821171584,0,4.450593576605427,32.448636386263885,9.158415817169065,37.55226611467422,41.80508313167101
0,0,-0.0928334859691113,27.008433256397936,64.9355434981322,2.6029185688836183,0,1,1,0.18453307785839262,-1.762308990110082,0.6774144167899638,0,28.25112786722828,1,1,0.515190692397212,1.2324436153600502,1,45.26136407231977,2.6956416727189696,1,-0.11320071796441175,-0.12926194954837733,0,42.57461170200681,16.41223710276992,2.1489845678222785,7.087562899971158,44.71384547794027
0,0,-0.690407809937139,29.374697953813033,62.14699055084427,2.060044246957091,0,1,1,0.15676041966806303,-2.0496613753705493,0.7698310343357997,0,31.537437034766146,1,0,-7.608336379494918,0.9161292598780753,1,22.250791693829512,2.4433424982757654,0,-0.1569349034083337,-0.5869327618055967,0,48.31163673001648,10.797832121850583,-0.8055395082305079,9.125154644616792,62.792973036966075
0,0,-0.13580009606047802,21.884122770207334,76.77507215568966,8.241371650440792,0,1,2,0.0904926171509653,-0.7684318785875895,0.307686023230722,0,61.05492184139992,0,0,5.382470769518353,4.872353654036943,1,37.233265342390354,5.8197464245002895,1,0.9653287969208048,0.2536731708639536,2,19.125886295331096,35.92888585552854,6.986465644243442,19.57052839450946,25.650384928266085
0,2,-0.8940103973498209,58.93234268102661,71.45554257556614,2.1413867770860606,1,0,0,0.7379233031579344,-1.23056790421879,0.5583176155288221,1,29.790106197561013,1,0,1.9105290760010796,10.462242741594961,1,79.41233594052687,2.760240758452114,0,0.40209064973549796,0.5780460648229937,0,42.42662926946168,11.216868996156258,-0.7329753457695265,23.47118431290744,49.436862191094136
1,0,0.5629110926447747,28.060277063778297,59.85315328396608,3.612041640325572,0,0,1,0.12291060779637614,-1.3989756257016266,0.8142859711372302,0,19.647885880330634,1,0,-7.216343376121845,1.9896935846259969,0,24.2559479518492,2.5248756085428408,0,-0.6424522254259687,-0.023127972870612353,0,53.03006011562943,20.86716119759631,-2.6013179445878176,7.4896905368725015,27.72936029443691
0,0,0.9601592627753623,56.422021070643865,24.20369194038204,1.5590732042189004,1,1,0,0.6732892305598241,-1.1441763394275866,0.3172026586545263,0,34.78157030741552,0,1,-3.6960050059015703,2.1690767619055658,1,68.49206072905596,1.653587056984882,0,0.05523695403947789,-0.20556649756854564,0,72.0611268560089,10.342127529419901,-1.8175108692127981,8.081904707234386,69.7772971427107
0,0,0.49235480914345753,38.89760160222659,54.302436559076796,1.8557298090008494,0,1,1,0.3298336185865882,-0.40113187212733015,0.17438387728740834,0,22.038231858951004,1,0,0.8552840853229959,1.2314872378855464,0,20.52621458399999,2.908725364121046,2,-1.1367547235610167,-0.8982386104668963,0,52.945880245844776,9.228410963104658,0.26449203500913754,29.365353755029275,51.249809563677964
1,0,-0.9574642694203059,53.64992367995811,1.6057424231235962,1.6597947126010657,1,0,0,0.814232908966088,0.3442605321620901,0.36828753611723386,1,26.512829880141652,3,1,-9.547834980026433,0.9907330909269108,0,38.839429766371474,0.7107300246767935,1,1.1406234336277972,-0.28625252096003106,3,95.37777270973848,10.096701899089135,-7.272087520895907,3.274374890249594,49.150016573245246
0,1,-1.1652338071833257,41.17643159596874,83.63840769983398,2.911110055102509,1,1,1,0.3949025968421543,-0.19457948432807337,0.8401808182111523,0,66.29629214632703,0,0,1.2587009904001256,1.0089549098111075,0,42.5452643499277,5.878412139405951,1,1.1090134149276,-0.3366280601668698,0,15.825006426058795,12.692966962761819,7.457551108098535,28.043962900099775,53.52584353438272
0,1,0.32161410640001553,45.784626431026375,42.82181591012239,2.7867141237532334,1,1,0,0.5382416042183211,-0.6954231041047932,0.7827111758066123,0,33.4967569093898,0,0,-3.2659396303431247,1.3722362287785113,0,46.67586560846131,3.3767697496030973,0,-0.5777703121602372,-0.3609749323987989,0,41.565375300646494,15.251313826495895,4.331944156693474,10.867707807435057,40.683176500183635
1,2,-0.2463002915346247,40.49779285886528,50.28718839730612,3.397233863253456,0,0,1,0.3694274866430837,0.48880166436020506,0.5248789009213652,1,26.76159415441459,3,1,5.903551786622536,6.123309751584637,0,4.618465003225771,2.331735953376373,1,-0.5137925392034209,0.007996474150852417,1,38.359952261933095,30.009602300451807,-5.417454147561469,16.781509114950275,24.67501214190304
0,2,-0.08311478579295664,63.650809121987876,74.74458287785728,1.3076389984295094,1,0,0,0.9483894054793109,-1.225150904205198,0.8868788784601425,1,32.34142253228065,1,1,4.599135386191085,6.282548110395671,1,24.80107389122056,2.5253179856006427,0,-0.4458164599512695,-0.5517981340691633,0,47.79572397041572,6.478606232891659,-0.5488654829030999,19.327204081856568,63.349283392351126
1,0,-0.1660741681490026,23.579508488057325,34.1527772119171,2.037392994534117,0,0,1,0.1366605477597555,-0.9504358141805112,0.3919438410028875,0,21.26030660687502,1,0,-7.648391007761405,0.46539885873591474,0,32.68617109865294,1.9691479994999008,1,-0.21120124174803717,-0.926920700866135,2,66.59378225512336,15.5444088917712,-1.6036512790433193,10.332050538962068,20.217718190449535
0,0,-1.4887318530905174,20.27035169590011,97.06130938648998,21.267013206785112,0,1,2,0.12860915681901314,0.8103634470860589,0.4656169578316205,0,79.99491753283488,0,0,7.1591062652839845,2.1445300455132643,1,67.54337912035211,29.06653238091969,0,2.0330190702559876,-2.2011085978379707,0,0.09961608398355581,39.98465105446717,9.995122789125716,25.30809831727695,40.45000127827946
1,0,-0.5630591013976736,68.76115720686886,2.3085405541025783,1.9569634311051962,1,0,0,0.9967064437803301,2.6188390656331593,0.5622318357309688,1,22.9920305441781,3,1,2.218335077378219,2.441110260003633,1,39.95623872246963,0.9378974980262931,0,0.18323061194390713,0.7241871250500033,3,95.77901044996004,8.478074714772717,-8.501103010031565,6.45520571662926,65.27342997722465
1,0,0.33314822417530654,55.06227226408439,3.664846521028542,2.10670777097027,1,0,0,0.6483759380048345,2.0990767741484735,0.33159327629682445,1,22.61333839637004,2,0,3.5593353156058,1.5148227885382979,0,68.85340795449251,0.8634992599085092,0,-0.8408559191020532,-1.5408747502182134,3,92.53979999279261,12.307674598444049,-6.2447097052898615,2.1676906533848284,35.85935207162882
0,0,-0.7582122308812079,31.51724059866551,70.53862131497671,1.394454659425801,0,1,1,0.2174169689930936,0.21430644494471335,0.522322147599382,0,27.502949296140542,0,1,-9.207763688015609,3.3965603984372246,1,34.5936511658737,3.5409302455125284,0,-0.12464283144037468,1.6577635510570494,1,39.668317307508126,9.122981896489687,3.3209655965638074,14.717569475139653,54.919094907693236
0,0,3.4820196594098602,60.90607775517616,40.512422842506766,1.8337863348977042,0,1,0,0.4476568067747522,-1.2498769916962942,0.64845264582627,0,26.674222894856968,0,1,1.9538248959433346,0.7607350297821042,0,61.88380525451535,2.143618073737839,1,-3.8447864174931037,-1.723760083822452,0,57.79427937240781,11.665290466822142,4.870133032545411,14.29915549944072,49.53484004666204
1,1,0.29504616144566276,62.455043056301236,26.613645839249216,2.9250447969199973,1,0,0,0.8654258206366994,0.8104527200433544,0.5473155460291808,1,39.36993209007615,3,0,-4.216516522336167,3.850357211753626,0,70.5415634861497,1.3495598441009764,1,-0.13763406424257674,1.5725938439416831,1,79.8022604565463,16.23279317261876,-7.021060610690601,23.08296945259535,41.12043240297102
1,1,0.28096785977476596,60.10020354865173,27.07197551843618,2.0845431832150663,1,0,0,0.8380800860620605,0.0019256316317396004,0.3754751207751068,0,19.629373931452314,0,1,4.544623648114584,2.8961542972117624,1,49.659014551698135,1.8997631165242725,0,-0.903504405360788,1.6589158119576755,2,68.9458507198387,10.518605879276727,-4.956730154770954,24.967148370461384,53.06382690888802
1,0,-1.171808080238578,55.34743980967171,18.261789496620896,2.171981952952873,1,0,0,0.7841278664935869,-0.17060736835753457,0.3555810275267359,1,20.49977517487971,3,0,2.5997823892625824,2.404936327559156,0,28.09350297082963,1.3934559583828898,2,0.5902514219198692,-0.3858969879055322,3,82.21338002877235,21.182462599669527,-6.9491668473066355,23.446107305043814,48.520262972446744
1,0,-0.8464437283164113,41.19589591269531,14.10731863081119,2.0001111068744444,0,0,0,0.3236795953597813,0.7698670437924593,0.44273086863425765,1,22.064525007165273,1,0,2.24342535439863,0.8856272255911581,1,38.289047740774286,1.1109203952289022,1,0.16052505527248712,1.468433221565295,3,86.18379140156476,16.398047639187784,-7.409917444424471,15.33789019194298,37.177301946046626
1,1,-0.5848612503479083,28.605241616175967,55.08255212200734,1.8116002244293963,0,0,1,0.29479321134472114,1.4714000156829288,0.6381102050568725,1,21.879323727534164,2,0,-0.8697937094187491,4.853925060412316,1,3.7389307286907014,2.4105563840306243,0,0.3012864081536523,-0.6650578971978368,3,56.04047851285527,9.65667339067065,-4.982895658048907,18.788018456905988,25.832065342491816
0,1,-0.407962366800297,62.49457644323489,63.48120798727335,1.9399370991302227,1,1,0,0.8033335133307917,0.09151596453081028,0.6562866582794459,0,24.084649693047496,3,0,-0.6722866970688859,6.022160688544779,0,50.37038985912923,2.740570488489165,1,0.1204712194682682,-0.13510879042986873,1,48.515415957635845,15.211624536309571,0.057571740451338727,31.58222697761491,67.14716656538329
1,0,0.7588492869871448,67.93731252572265,18.08385492279002,1.9960593749473046,1,0,0,0.9475493081726822,-1.8514491314597363,0.6291553261855458,1,20.80563032956782,3,1,0.18460222991428132,3.5044815738838153,0,68.7008465234028,1.2400755813162803,2,-0.30025543406786787,-1.2276282356989332,3,84.94921128132562,2.6675479819831405,-4.977214132969046,24.92653730708309,27.34819798930789
1,0,1.18769766498673,49.64985068614106,14.34488287636871,2.1073686609332283,1,0,0,0.5538305577270695,-0.08615852086402703,0.3909678571938443,0,24.88593334449974,1,1,-6.428532030129682,1.8730240834712173,0,11.77940592107403,1.5595122935290409,0,-0.3477316580896276,-2.0808583744746167,2,80.67915625384079,10.65581390264197,-2.9205294890268796,8.117620335874875,46.98532869485131
1,0,1.67052834714818,25.778183998465625,7.124559957710935,2.8609258377864144,0,0,0,0.19979217137373656,-0.26445500945117345,0.5258037761438683,1,32.08193122018672,1,0,3.931573110442077,0.4575674040166915,0,13.675392792720773,1.0763515630505287,2,-1.0654837037973692,1.4014711537059596,3,91.92565779995002,9.836135466318048,-5.383034974166377,0.4118112131892415,39.64889376490332
0,0,0.02919962168154087,18.506355479009457,66.8960410551335,5.692183254801835,0,1,2,0.11764371104384097,-0.9558122669704662,0.07279229518749358,0,52.91247307178358,0,1,7.02023747638388,0.9776130452284401,1,32.23395923009326,5.032170896325189,0,0.8367157992860663,0.9805662270669951,0,20.12742568983582,31.57948976205276,7.262496858907191,10.210390093641129,22.627583468257896
0,0,-0.10000672316025862,18.351270004846743,41.272196266847125,9.764597575712738,0,1,2,0.08403310819670418,0.8444293189268737,0.08952043170729324,0,66.86410009190422,1,0,7.989946735764683,0.9733680077990912,1,72.38381793961436,4.777732525520777,1,0.7602893029187435,-0.9945767817434485,1,28.325385010084492,38.51149466911511,8.34798367572878,3.4743169464791213,31.668403165972958
0,2,-1.3700486684209485,39.99678269690275,78.25215330856135,1.8318457942538482,1,1,1,0.44595529472480333,-0.2636322925499702,0.4842887743431328,0,56.35118265491435,0,0,-1.7403147061461137,11.845628087400824,1,54.48218545427275,5.177196323665237,0,0.5019252281986042,-2.653850392732273,0,22.925351565690143,15.346512184044618,5.299344279420474,15.167178938571386,50.80463159534167
1,1,-0.7659166787383432,47.83573452885473,36.77987573530732,1.8153181569070669,1,0,0,0.6147523740149509,1.0102485068346703,0.42170960694252524,1,22.674279460500628,2,1,8.841668764059438,2.9849111653769635,1,74.08801512031968,1.7166655175693144,1,0.17560978977033978,1.289827092455356,1,74.39075575212428,16.03643695210185,-5.326312235802123,23.52457772970524,39.889392215637926
0,1,-0.8116559038754223,40.43259289728161,78.48103739889225,2.413520965541238,1,1,2,0.4008842993937104,-1.0090813863283161,0.6984519961940779,0,35.29916159119455,1,0,5.924783120552446,4.2863628087592485,1,39.39287140620636,3.444885971317732,1,0.6918292778831766,-0.2653777469917623,1,36.724027315585,22.817152720903387,-0.46347971096935225,29.793714915573712,47.00335201106575
0,2,0.2642113299367106,41.63026265646306,90.146109395381,4.278267709428734,0,1,2,0.34901101671554213,-1.496854920554288,0.5622177762111634,0,53.88781057445285,0,0,-7.69324193401972,5.333677592279903,0,25.028395472993967,4.317481451680563,0,0.4995474310875028,0.03101514229401566,0,21.393699864567274,28.779812569557464,1.6914706749794757,37.239667931732725,29.301337265979296
1,0,-1.9457844383282543,63.189501792796165,28.571184421657332,1.9395015236743405,1,0,0,0.980792281110531,-0.4220832826198862,0.26028093929303403,1,17.502784307740654,1,0,9.9819310331766,5.304221154584225,1,70.92558189380027,1.7852816746772924,0,1.3865582082370596,1.0447379318036052,2,75.82075870006959,22.002630950667243,-4.807120862368776,24.518883071126556,59.78501033019446
0,0,0.7777611669891165,58.160586727296895,18.15911003132517,2.285195964720173,1,1,0,0.6091868446629434,-0.8957080635579043,0.33972084125739077,0,21.895335428956926,1,0,8.315870103455062,3.0515587002947897,0,58.05532017317997,1.3827401586895778,1,-0.8726505341260401,-0.5088507205704498,1,78.37224517291614,8.407435970821513,0.4317211465176225,7.700099383726277,46.9593315090547
0,0,0.7483285915747229,52.84003368683147,83.70612241690381,2.4785792084700256,1,0,1,0.5113578368957241,-0.6928063931396488,0.4581974291683454,1,40.3802338094187,0,1,5.6727658961779355,5.161848461052487,0,42.9500939340674,3.468146822471739,0,-0.6221593863758768,0.8085207874811106,0,35.37449854818156,12.523239619208805,-2.245974174434413,37.4021525152537,49.68785695471652
0,1,0.5424650022957743,20.466125343513667,98.3351759425783,19.473596959970926,0,1,2,0.09735773466218928,0.3211617282604176,0.9397586751176491,0,79.91106611301294,0,0,-8.286889381246125,3.0082833022578237,1,9.009011906473617,20.94463694992169,0,0.9504209973401261,-0.10025974696907969,0,0.08737233621559648,39.511083059707296,9.789031990379765,18.367790287179858,26.369696377237144
0,1,-0.5283906565996952,39.50183543793838,59.43942325130168,1.9036957289934324,0,1,0,0.3288604417900084,-1.083688012156032,0.5187489371786866,0,28.81043805318436,1,0,-3.4766931883179106,3.598496834783104,0,22.62383158667675,2.5185973115076905,2,0.07224167631395802,0.8506731421383168,1,32.91312836408314,12.481430600853457,0.12790252849384487,22.23618861466068,42.70014123945434
0,0,0.3105487892445704,27.530595471851036,76.21576871431422,6.61201786175899,0,1,2,0.17029416405171005,-1.9296556796191182,0.6354162651880927,0,66.57255998078217,0,0,3.675969597056561,1.838627856791115,0,59.25117998453838,5.789358906861926,0,0.6890172851099848,-0.23464689773184957,0,17.051862012633652,32.99134781052403,8.56842504220555,12.820779426800662,23.86271695108518
0,0,-0.03755174955846765,39.36960853709231,38.94620489344269,1.6946580474704982,0,0,0,0.3177473610340234,0.1654243220232416,0.5230038184509473,1,23.508797699554673,1,1,9.988779667142843,1.1646009227891907,0,50.91655883381676,1.6079645410549348,1,-0.6149740075971153,2.2371886981984215,0,74.60852491871375,13.192144581408748,-4.296046510311316,8.591798446695037,37.23169545669278
1,0,0.7917758729548603,26.757444451325398,22.834899434298823,1.3632055169483988,0,0,0,0.1976469779040747,0.7617400612408171,0.6513388638743618,1,34.66707796249282,1,1,9.759189112777364,0.7650391870765229,1,49.262097894461675,1.2313510342545695,0,-1.5519282020762848,2.476344725758633,1,80.14748317996265,11.02187108563337,-4.706256589736968,1.4454366436454547,23.62565521492548
0,1,-0.9274510862532737,30.815390968336814,83.52912353857408,3.0016509180517144,0,1,2,0.26485218073837635,-3.701581734063224,0.5421217700975413,0,49.530290880742825,2,0,-9.124167571631213,6.932136391673242,1,71.06839487586191,4.8843530121733325,1,0.4220163555271965,-0.40408333681355285,1,27.420999004795444,21.017074165712287,0.7047407576855935,18.223701230226546,68.90740694133903
1,0,0.1798061355605907,41.892172178160095,43.58524086126945,1.793019207634354,0,0,0,0.34569264983486436,0.40078181775667415,0.45173123109216157,1,26.221279449852766,3,1,-1.530627470163843,3.6190917169225294,1,45.35343839287853,2.1170752345607227,1,-0.08500184080335194,0.12752324263899312,3,75.11975919367893,11.989472445846253,-3.171041867319861,12.807196021582051,52.580928743992246
1,0,0.08277671444242488,30.08073295712454,36.987463070783775,1.7174786811223024,0,0,1,0.16626677137973234,1.1871862604964087,0.26820379610931594,1,20.51408825130641,3,1,9.461995540072266,0.9443928054754223,1,65.75670947171041,1.8422241672366881,1,-1.6810987064520264,-0.19841961563127472,3,69.35308049409295,10.847863315229883,-4.9518829099976225,30.454073359226506,21.8128728763756
1,2,0.4288342059221395,46.31890953580589,47.48251591397528,2.7503336663843148,1,1,0,0.46248403233275714,-0.9784943765433064,0.6491510680725564,0,26.032489763064007,1,0,-1.1269440398197546,5.863865840729567,1,9.632498401837353,2.665392333115906,2,-0.5596691937335663,-0.28778803991591323,3,54.16052033412947,21.769807346120125,-1.8485169300092572,10.659918380892911,43.79820978901334
0,0,1.7236877807845197,29.755515872561592,78.00133997007347,9.560285429868808,0,1,1,0.19607851498727452,-1.0460144733661276,0.8065722454521573,0,35.74821167664922,2,0,-7.485924469817615,1.134673789968383,1,77.82380385393336,3.6504557981071555,0,0.18731770531817032,0.9597006558170644,1,34.07233990745162,30.63624735171503,0.6394492736669992,21.586846583780552,22.002184242512445
1,0,1.3167230930386842,33.383352508741865,19.704322033395005,2.3449632535387948,0,0,0,0.2095623614411406,1.7066592330593096,0.5979627081282416,1,21.68334975167495,2,1,7.483754832967122,0.6098504225559973,0,6.058843348226057,1.7668553589709604,0,-0.7395961835093977,0.16721613676815414,4,78.0486118883528,8.427573165183036,-2.509089918790986,27.37741335936871,23.77631602304283
1,1,-0.20301296854711226,48.80422860705464,11.324236881099331,1.9889753655481295,1,0,0,0.5147090877363871,2.2655609718532235,0.4762321221100678,1,18.897229051663892,3,0,5.257691241022901,3.063985251985466,1,60.79306756319545,1.12972533807693,1,-0.9243191127593783,0.5014028486211246,3,89.25048662367915,8.853494745449186,-8.614467969639064,36.86722864850039,24.985913041132545
1,2,0.919562499189897,56.79973820000292,85.00051884048453,2.333593807876998,1,0,1,0.6852132805578206,1.8001577083207494,0.5484684289848158,1,50.92121086328588,3,0,7.190287161327518,6.829119729848055,0,41.91092878654566,3.304802237774074,0,-0.8645777469268853,0.3165785400700114,2,39.00833254198427,10.504363853449203,-3.768342787840126,39.8090107799511,38.66883216701039
1,1,-0.33282081857566226,64.03635512175572,6.579879073753547,1.2330527235458104,1,0,0,0.889114998676835,2.104139930113308,0.41649812853855045,1,21.356316613364392,4,1,5.208136336753579,3.5904548425614227,0,45.59867360170679,0.8781746479808947,1,-0.2610716076070194,-0.05801584014543323,4,92.11386027479905,6.821240053808168,-7.629590909966787,11.560191863391886,37.72969769740785
0,0,-0.9673382554274574,33.187894579713806,60.019479773001386,2.71647710190831,0,1,1,0.14675429590257366,0.2941322880563335,0.5055268901819274,0,22.12577340873083,2,0,5.310720147422657,3.823933775641918,0,40.166374665599484,2.8665469766257603,0,-0.27126611234487086,-0.05547109164804605,0,52.48070534983093,25.46841657053249,-0.22746805428270456,11.764504482769773,35.63683610646797
0,1,0.049977456648508445,24.80150975132522,95.430881901187,12.32187589730613,0,1,2,0.14667830216284428,-1.5749539269806851,0.6536005274181073,0,76.9009806637398,0,0,3.0404521973297687,3.0235295412886667,1,9.431445930599489,9.718619850282051,0,1.5511809406644688,-0.7458519163850799,1,3.7833653873266595,38.48823889546499,7.569666661608231,35.7732636233315,27.674294085801904
1,0,0.008575276967597752,37.148454938010566,67.64863435274687,2.4602291271599186,0,1,1,0.2591303420044556,-2.8892793943021413,0.3617206331252486,0,38.26343743979143,1,1,-0.1875665113100542,1.0943545449668166,1,38.27877596179236,3.185686806975418,1,-1.8675914767660937,-0.31931398653395154,1,40.14673448420023,14.762903016229297,-2.26905304989403,38.37696998948157,51.45667646154018
1,1,0.4258836437217726,50.30301343800121,77.87463530211811,1.2680511384915576,0,1,0,0.48670312031762414,0.7032515487682196,0.7453953948073302,0,36.99728017183364,2,1,-4.73622371355359,3.9455898929637554,1,56.76317344671686,3.7361572515329056,0,-0.9183249254938236,-0.2221775968602082,2,31.26733215047921,8.9931991771806,-0.13087299318673118,36.59228948487691,54.10103704782701
0,0,-0.3187141062222155,42.29737017084149,62.87622718986579,2.162875795683394,0,1,1,0.3499442661444452,1.160934571082675,0.08881311417231502,0,28.879586515924423,1,1,-5.678566929449799,2.443388296368601,0,30.28323439422217,3.054399068842523,0,-0.013257470368960765,-0.20526242804573017,0,48.62462116217123,18.968481947741545,2.25045110294446,32.399446801423025,57.793706005636274
1,2,1.5128072066250027,65.14497205191518,56.72341653728,1.6930263123249512,1,0,0,0.8832717500931428,-0.8424859226778852,0.4390045922238616,1,28.948704722172298,2,1,7.521551078069013,8.188256255911716,0,7.040916271116124,2.0822242549909413,1,-1.76708575035902,0.9976935952021693,1,65.2546330475777,6.335487190716265,-2.106877203973183,36.06320886660528,41.06877788785991
1,0,-1.496753444614455,60.05217317066631,14.606384395135985,2.015782254654383,1,0,0,0.8806562482607283,-1.365717033231778,0.6493436962670964,1,18.87113259271167,0,1,2.0764006321105803,0.8033381301596906,1,78.96795846160929,1.4777054925393815,0,1.240501806941165,-0.5275600358068409,3,81.04039241921194,18.884467012540117,-2.069777150723853,16.151664157310222,60.98444051438767
1,0,0.12438080084695531,41.30325441830331,44.261728538192365,2.0922726917570014,0,0,1,0.2788480688528087,1.5002043570637997,0.5540508298314236,1,29.68864618206981,1,0,7.081808816080034,0.9940984647486153,1,37.99143475876231,1.9108617760717928,0,-1.354246444549211,-1.3508084613645597,2,62.79796798524402,12.694675862126426,-3.0631183914922735,18.758925526319942,57.1806632462825
0,1,0.6279188440178932,60.72286301820499,88.42007688470068,1.9075991512749606,1,1,1,0.7398824286477113,0.010786720821715598,0.34631830472942554,0,61.68899921420085,0,0,5.171243314158932,3.7898952508087818,0,77.51710748546319,4.916884960089709,0,-0.909303967639341,-0.19312071894631155,0,17.659959403582082,1.9784157480528575,4.491863798130989,39.91709621301505,56.92675702607353
0,2,-0.605988591049888,58.46617253922438,61.743264968233966,1.663268118837487,1,0,1,0.8306875705123802,-0.6204079440943343,0.025328022918253312,1,21.080154620354683,1,1,9.567655819058455,8.56377727143901,0,52.235084962623546,2.4947829778929798,0,0.4343159717894321,1.0846515892235535,1,56.86124019358453,10.106869147930876,-2.2207243068906903,38.45891469867056,38.71870427784721
0,1,-1.0417793613891755,59.37308638169862,52.66123867809658,1.3831338303854837,1,1,0,0.8758202483956488,-0.03691283678269605,0.5964502984052821,0,19.121530988226883,0,1,-9.08272548337393,3.246440212875833,1,61.93050536731752,2.459781507852676,1,0.41670261939967157,-0.47089136266570386,0,51.619394922362474,8.529897658705767,2.8251347077719586,17.22282934221998,63.074278807751924
1,2,-1.0942675536367648,68.02373709503712,23.068726884116536,2.4501568102158418,1,1,0,0.9931771165101224,-0.4315353864531523,0.3579719109908994,1,23.846279899490497,1,0,-1.3999717331728334,8.363192284606765,1,71.87119429544734,1.8219458020775703,2,0.68825175851542,-0.7561941745958779,1,70.89300840317918,19.503317957801997,-2.799424711170804,20.885749457507323,67.10822097246674
1,2,1.5923540093135067,61.73202853339575,78.3601930063057,3.450553899338981,1,0,0,0.6803939599927157,0.21644218801664156,0.8926144828104272,1,25.35743037992363,1,1,-6.840593404338476,10.54264072586662,0,56.22090782017155,2.6748055689151897,0,-0.796015080413247,1.366213383968567,2,42.547367939837315,8.01800943431883,-1.7728772889214337,33.42588944333205,20.137720386356243
1,2,-1.8554277867995554,52.32124179469253,58.26376680933222,2.0618083169371415,1,0,1,0.7578863193835474,0.33769011802532445,0.24716696886290163,1,28.25444520209961,0,0,-9.727177775164048,17.749057131473002,1,18.49397659893824,2.3519749535221086,1,0.49431368062833414,0.24132573155670567,3,52.28225151063882,25.805964404639283,-4.644993024998869,27.559523084032776,49.19944893586897
0,1,0.36654366440598496,32.71271325351558,97.07084249138829,29.648890993503557,0,1,2,0.23539216506183147,-0.19970984523344754,0.5209995388074331,0,77.56620131912956,2,1,-2.851289568336661,1.6287661520152028,1,52.16714383727789,9.063041554407407,0,0.9986137524319335,0.015193133049891977,0,4.303120466287519,39.93159372453054,6.3460123413792004,39.9697359978855,45.95967701699786
1,2,-1.028767221819055,60.98147989211786,42.29043712650901,1.6712558485048468,1,0,0,0.9039381551836676,0.08185840809120412,0.3563715530339907,1,24.238912202511386,2,1,-6.345566706673846,9.995437761342268,0,26.033665995685578,2.163162847324199,2,0.07966261665979774,-0.13491238105959405,2,62.80293589431787,14.034789921467844,-4.387519479828004,25.565499316367898,46.66697305080934
1,1,-0.8594312123023867,46.61664559467037,41.983343312050586,1.9862641459072585,1,0,0,0.6075336670722704,-0.49690732469091414,0.26017476938350637,1,26.197385066317924,2,0,1.9988753975569011,1.989423019161457,1,6.386843864784804,2.2541986218900227,0,0.4707244895434183,0.0003302233923518988,3,61.992968368132864,13.844473285411338,-3.6781743156099793,25.81497213102102,49.1345694011289
1,1,-0.016923804356436877,49.35557387809349,30.490469551058087,1.6544956479932795,1,0,0,0.4863325660530743,1.9804640161533225,0.3752588176470517,1,25.073103234371764,1,1,5.081766075181186,1.9907249639185984,0,56.14045825464841,1.8660966601025417,1,-0.32349648622999133,0.367793967589753,1,75.17628581965641,9.610706421002462,-4.78906024712621,19.277491442154254,23.722035594062
1,1,2.0638462041509054,69.71247694494312,50.89138138699031,1.9767914565957652,1,0,0,0.9917791075793163,0.5103475514152802,0.9999995650208306,1,18.168137760039063,3,1,-7.4227532981954125,6.51161642043265,0,40.70554460885202,1.906191406223178,1,-0.32509089066834534,0.7866431032867405,2,66.06128735027879,14.086239355012179,-7.075906238343196,16.81511315446761,64.30798031587062
0,0,-1.5859409884412097,22.248427345279026,70.87435872242183,3.472721523873417,0,1,2,0.13013511919222892,-0.17426525878349172,0.5321866808227312,0,35.478921405670015,1,0,-9.44954586034305,2.2704354818192387,1,0.38851567443292545,3.2392836593764605,0,1.3386319054364841,-0.1762927121261658,0,39.21039129350133,31.24397705207409,0.5011591146208954,9.708036060828228,51.59426101790264
1,0,0.2955581284391754,48.283402609829395,53.20365685544372,1.834967191027346,1,1,0,0.44512932399947824,0.2580725664391645,0.7760625628988351,1,29.33673730137818,1,0,-1.8635873170400998,0.7285804840867625,1,50.68371941897442,2.6254308749856046,2,-0.511830383756839,-0.9758643759702298,2,49.5760410106675,3.539513589061254,-3.413442980027245,9.856462072352926,47.776989495505575
1,0,-0.8262567205343428,40.33710684845274,28.038674214451408,2.120676071471278,1,0,0,0.47358662410855046,1.9409146646793602,0.7417749670591045,1,25.0238381181483,4,0,-1.709452066179722,1.454751995715408,1,2.553195959414274,1.4115621372318041,1,0.6348709266706984,-0.4540376825346183,4,74.78520089777292,10.009597358478462,-9.081042994272522,26.149625563731995,27.472066249291306
0,1,0.7901439086901632,51.55554960109553,61.7170339932999,2.233489916460369,1,1,0,0.4696471138507834,-1.4286710441307422,0.13681651836637282,0,28.55394796486099,0,0,2.712077502805961,5.0140256089624335,0,52.16371861966236,3.2168365499860228,1,-0.6133665331076921,1.2260759470075793,2,45.90915160517463,8.610388521278034,-1.4564269226506692,36.915701644543184,22.428612562340845
0,2,0.30257730224197454,29.428345333626645,92.78320446433183,14.029275087510198,0,1,2,0.2356515440460244,-1.1235343339895911,0.36912624387260606,0,79.94656412484976,0,0,4.108656847574522,6.366449116644043,0,29.46211396757723,18.28930507460259,1,1.0069400778866193,-0.23316715657857504,0,0.7962165611977823,38.71546307826637,9.91310016475672,29.37904484726213,24.704869771316524
0,2,-0.7247711314695623,63.001977369661894,86.15609499755358,1.978118001754171,1,0,0,0.901002687385515,-0.40510817050479764,0.5898514192009251,0,62.03792159082349,0,0,2.7992688686568847,12.161183146647987,0,52.113509499561985,3.2955119896806475,0,0.4285550549093936,0.7937713101042679,0,30.991715504310026,12.854036974243508,-1.6145350861274768,36.4020457978842,55.60893536498637
0,0,0.14317629397072487,69.15421556778628,17.565055927281993,0.7805942990276296,1,0,0,0.9984456788321323,-0.6565478245332158,0.7835385959387877,0,19.6145096484737,0,1,-2.4437399991742,1.5761274140150854,0,78.330290403013,1.5473767173627313,0,-1.3734806185063946,-1.0446616021083908,0,77.75991459104765,11.577190865823152,-0.9045975961327954,8.155763068727474,69.36337911388588
1,2,-0.6361951626050002,53.4761397149974,60.72295572820138,2.2968640282552784,1,0,0,0.7002462941283012,0.33912084773298273,0.22111912402356348,1,21.530900159574244,3,1,-0.7279693861033909,4.340181873178199,1,46.521545491141254,2.518708715989185,1,0.9079613155258266,-0.38298708025926415,2,76.86983399632477,19.29655142041989,-2.6048490595952236,15.689123198126477,41.64405614709341
1,0,4.053072954643712,66.80667185910669,2.460633638713933,2.644087014217636,1,1,0,0.6649431101208111,0.03483233822408409,0.6785006692123153,1,23.239700913603222,1,1,-5.567641071362562,0.4595969606361649,0,38.82961925128032,1.1276744203694604,2,-1.7684139728578994,-0.18430835652884095,0,91.6673556205905,11.12975470474867,-1.4210841761236583,3.3627097603869105,22.80145117998771
1,0,0.1677884254081506,50.865771846112416,8.04805682819908,1.9939676815184684,1,1,0,0.5311775094234203,0.5807665309406145,0.2901473353152513,1,42.431090389576134,3,0,1.4775601645836964,2.565491339109082,1,47.87970870301702,1.3464658254726565,1,-0.15656752058430942,-0.14706968431708392,3,81.63337135584095,9.495505664756497,-5.6729110591837495,5.647954621179196,46.95492874535537
1,1,-1.2220913196091705,59.63752153447486,9.263113119915428,1.4591891259277154,1,0,0,0.8351125753035029,0.9216327011661608,0.24605852776257647,1,19.958439721630175,3,0,1.921917586382298,2.2869513761140374,0,50.656759922917104,1.1954443070603384,1,0.23404751463636478,-0.5486477775407633,3,85.23710634936367,13.229571414126156,-2.9450769151868457,16.951565056246885,39.99178223402372
1,0,1.1627429795236703,36.77387047089227,38.893443922201484,1.063962708488428,1,1,1,0.3572000039548231,-0.04750893602728266,0.19998114922667037,0,29.730364668970033,0,1,0.6654944104222693,3.0536696828413143,0,14.869279642247811,2.959049478539322,1,-1.603014642458353,0.41785470796073526,1,53.29712244646571,21.98236307663851,2.178847501114909,13.328237200736064,26.59219735358122
1,1,0.7447896323985067,46.83909655136709,25.627651970092323,2.1088086177440672,1,0,0,0.42803276087015585,0.27617301638747094,0.5888648368342257,1,25.010168715497805,1,0,3.5650660717757283,2.12955086769966,1,14.37049459730597,1.4418416097319797,2,-0.8127349384406771,-0.0882701342964265,2,76.1014911165627,10.33961520990266,-3.5675391156676195,8.738150065392848,51.20656021761057
0,0,0.2226647493215727,33.37368690380387,36.037289556513684,1.7150583431563668,0,1,1,0.20112933935337213,0.5659272863327073,0.1386307254189768,0,46.852356640267615,0,0,-2.039617407119981,0.8947653695692711,1,24.768670868813174,4.727435974796515,0,-1.7934682000530242,-0.5922820011149414,0,31.897066417245945,10.072089763743662,9.002391011988163,3.2904639747249753,39.45704197775861
1,2,-1.1299814919131368,50.08997680381825,65.78315134565702,1.945994034067362,1,0,1,0.6877185699693629,0.6366629697638697,0.46827225590380034,1,26.14320915725589,1,1,2.456557729848228,3.5072056293120633,1,52.53164488422886,2.4689852963583254,2,1.2769742702554476,-0.23642813443387112,1,28.45538651582237,16.30727713180528,-4.4369471443274575,38.52939211913813,50.16154191268953
1,0,-0.763088628623687,54.345698954711274,6.732014060399505,2.1837869341689027,1,0,0,0.6976616054755148,2.3600574920639716,0.4772420102199901,1,25.031456263600028,4,1,-5.264360890156761,2.670516204024829,1,21.70943036044127,1.079985208530418,1,0.2583912828815743,-0.2856812655813214,4,87.8007139482377,14.490238634011359,-7.011583291298135,13.72383074527582,60.7513155900146
1,2,-1.6913765886525494,52.92403852312174,62.558308771049965,2.091200393047084,1,1,0,0.7566173379554808,-1.4184294761487626,0.1938097521904592,0,26.315007549060894,0,0,-0.8783733805636995,5.128966092177104,1,8.428206717363619,3.039987935143584,2,0.9842866731591419,-0.6495058946678742,1,46.67225741354177,19.635139306815855,-2.1390851156298467,36.126411839944495,57.80114429104815
0,0,0.8093749375107445,49.921342969974035,33.99837844051244,1.2028886503629626,0,0,0,0.4417451747076232,-0.21630273648097081,0.20422222810051477,1,26.036295613985317,1,1,9.868151137521867,1.4440235370133876,0,7.0152788570983216,1.4308753016471454,0,-2.0125995312260905,2.011761027102472,0,76.37934503423074,10.661219801215488,-1.3466736963339923,14.799747559362174,69.07491797602162
1,2,0.3913375704182008,53.60522791502775,34.919032965928096,1.77854333266793,1,1,0,0.513477368946837,1.9695790059975602,0.042798720929903444,1,19.094240727079203,2,1,1.5303098531592312,14.53428246993866,0,47.27704847470881,2.229825835537437,0,-0.46874891705352767,0.2858243742035109,2,65.49565421022372,10.968496959594507,-2.842136007878498,25.214597059060342,25.544992550842977
0,0,-4.621854065158333,38.275789292217695,7.2497253938342885,2.129257671100102,1,1,0,0.6961265364809859,-0.4126223116840461,3.61343229417499e-05,0,17.1049934980082,0,0,1.8319173676082414,1.5496753696151233,1,9.63302399012333,2.26077719503543,2,3.315612315905732,-0.5161820763493765,1,61.739101187688895,35.90607494072506,6.3541311424414175,15.794953672142977,69.97035869000891
1,1,0.3697047469069237,35.55721068157034,75.5301732821102,6.563354217380198,0,1,1,0.24670818107591325,0.5820290880921738,0.3678303288036981,0,48.628115806379775,0,1,-9.78345610482261,2.6745682198705247,0,51.81095530837873,4.206107376215371,1,0.20033284735354207,0.6292849236934784,1,27.757523786975323,32.795942340919154,0.9011246898894125,16.50844081117623,21.137726523310977
1,0,-0.7467031669015061,51.3290320493118,16.549953533208157,2.045016718511685,1,0,0,0.6195353000989527,-0.2167194073447772,0.5254790467462226,1,18.416968226623887,3,0,5.991837036184101,1.4958934491121993,1,32.245972741944215,1.4400661118790201,2,-0.1320150250927906,0.1118715789464465,3,83.98929128253772,15.294486144560544,-7.135522309447961,17.363007912356956,57.35151907326435
0,2,0.051400677677057985,57.48026810033433,92.61315428665135,2.761567593797215,1,1,1,0.7862948881897415,-0.8849394487409266,0.13322646869313493,0,68.71982348042363,0,1,-9.389061224446145,7.845959300455637,0,33.618087025621726,6.150474469463765,1,0.646972901994548,-0.5809536216724024,1,15.15176004097254,10.26461138206523,2.527469954957544,39.982170367773186,37.71672297844073
0,0,1.2782342524376786,22.760803622220873,67.16162435850903,1.8968230674349091,0,0,2,0.15121373261661047,-0.5353915434387725,0.4883203057508922,1,36.164032162032555,0,0,-8.39137452348752,1.8962320054668145,1,2.6575809438481324,2.928427565908865,2,-1.5556666500318594,-0.18351549840833303,1,46.654900276506545,11.632422605476922,0.5006388472524108,4.3352801508031575,40.735788882344984
0,1,-0.09700768988624846,29.542843348355085,65.38237461533942,1.567388985296999,0,0,1,0.23716907969624274,-0.39832713532407277,0.4854839846442083,1,21.677480559886966,3,1,2.8040886444676225,4.707952602439279,1,18.61012918423387,2.719308827460782,1,-0.9288282512413607,0.5086836026045248,2,51.01057433199577,9.361010347328477,-2.210444340052593,10.572049447905014,38.08751630666771
0,2,-1.1902481543795096,48.935825476473376,97.13773707954687,5.723192843551103,1,1,2,0.6748142359358273,0.8083305384168601,0.41869900686396727,0,77.21652991282707,0,0,-7.110861219329786,13.329971930538344,1,50.482923937224705,9.595424129617742,0,1.4750330908308604,0.6525550256691625,1,4.766242513955637,37.082726446133535,6.502231038402492,39.944863900395795,47.703107255664534
1,2,-0.7796869139439034,37.555570439330225,74.60597784623938,1.8051020097151793,1,0,1,0.39373672914581803,0.5214592736376332,0.2493293749624188,1,25.603637292489516,2,1,-9.23063707086918,5.291213009098541,1,46.52612628490593,2.8387247329963965,0,1.1042951775962597,-0.2814690787133162,1,46.028870763595805,11.733395722610691,-2.908217624835241,37.148841639145346,27.71149698828708
0,0,0.2351379203487228,32.48680521513496,44.29486260336126,2.742513889449944,0,0,1,0.23083265333471542,-0.5169458115801077,0.540058340809712,1,19.541745262290004,1,0,6.597972225331709,2.1088959709722777,0,19.83687381896045,2.030399138094451,0,-0.8736283845845719,-0.1354611980016643,1,67.32223341573237,17.404120305728156,-3.3177921523265184,4.752426596842023,25.866212342520637
1,1,0.26484064999943674,50.002276332204175,23.299390803823712,1.5793863011732143,1,0,0,0.6347780560813606,0.29217375580160626,0.43632765280409047,1,30.78078436918572,3,1,-6.35777968283773,2.1532011226760166,1,35.083188404035006,1.4307533460063175,2,-0.26706789100368183,-1.814163235872615,2,76.9932926564983,9.50319631794443,-4.25632795819229,8.820018113351448,46.121932883578154
0,0,-0.24606084553803942,42.78720855322095,53.07614291145713,1.873797053299177,1,1,0,0.47434092663294236,1.387194550994339,0.4619670806826034,0,48.65794189655698,2,0,-3.0126065984712618,1.9473155663645814,0,35.54999812169641,3.8792265601955345,1,-0.5787035587519817,-0.5812456538620934,0,36.39132906280196,9.5603548960566,5.766287717123394,9.269371994209347,62.21868652795187
1,2,0.8884444226510114,69.79375405585269,2.334679163183928,2.2708093461463688,1,0,0,0.9987670482209985,1.7685287886590746,0.3586852594587504,1,27.085763321691594,4,0,-1.8786102931480109,5.275989257547269,1,59.157929675374234,0.6801170248632276,2,-0.7128329284593726,0.5307163070748651,4,97.02232835321789,10.011958401913335,-8.099901395820845,33.29440983404982,63.673346707059466
0,1,-0.45747174358283327,23.314532038809645,97.4001248437228,9.309968181977634,0,1,2,0.1537616132530848,2.329473158697994,0.9927803532401545,0,78.45813035019629,0,0,1.9162780775823318,3.235791032754652,1,30.877914436399394,9.399548521281698,0,0.9818062280802844,-0.258896158334472,0,3.116421204561959,36.58924524731176,7.364016300834262,23.28057633277532,40.64684965671904
1,1,0.6639912197027182,34.5273816417436,62.82830940821835,2.4476068357271004,0,1,1,0.1858430071734179,0.6247955242546039,0.3495714609575483,0,29.526247187409254,0,0,-8.477608362082652,3.6475656121885116,1,38.08212892281115,2.5220460021416735,2,-1.1832636991883825,-0.14381820549048224,2,45.33565338992274,11.577436494929561,-4.491068849976257,34.4057040652267,28.49380287324943
1,0,-1.483648455112721,33.32047652568893,72.16648463090738,1.3687342532163436,1,0,1,0.36336879481185025,-0.05029176607970401,0.8945532042742825,1,26.8118362730573,3,0,7.646781248163222,1.2405971393850048,1,47.22121731899514,2.4085856557283045,1,0.6241136832595577,2.318447971177481,2,56.89503403886253,11.366984836976911,-5.366468475234437,28.978077792456475,52.08010100234634
0,1,0.10586158753715899,32.80643796002355,40.77973779918726,2.40045914301431,0,1,1,0.21219048640208216,-0.44448924742516643,0.40690936999623284,0,18.529406546283724,0,1,-3.833136866946047,2.647105183149848,1,53.03605604328957,1.8600710551078565,1,-0.5005067578139449,-0.31935079400291316,1,60.78322690441603,17.527013715638276,-0.4556734508855307,4.241043989808329,43.555087483709784
1,1,-1.1183465642913246,29.889472883763595,15.460832899171011,1.8438034739837021,0,0,0,0.2526668783135193,2.051181989699341,0.33338797190247443,1,26.134090328088853,2,1,0.1822107355866347,2.7214804228338765,1,34.250090541162436,1.413670867233618,1,0.45048716060568517,-0.010380237893496146,3,80.8961308270709,16.862110096835934,-5.171895881198378,3.179636570753961,56.588448814729254
0,0,0.2994765227392125,38.705521544300794,50.00364893367352,2.8498101981863067,0,0,1,0.3989010979492501,-0.034504963853774794,0.46909336087938036,1,25.230327439268045,1,1,-7.792278506346605,4.392073611596242,0,13.669028246034213,2.0352403769339507,0,-0.5560938719220798,0.10460312775210513,0,59.16610959410266,12.351678912197613,-2.051119669316666,9.949723147709113,30.37676517111238
0,2,-0.0754248418296802,53.8361630726313,54.162525840606705,1.6783898650092992,1,0,0,0.7362979077238697,-2.1189697581930256,0.12267442181947996,0,24.679427289109746,3,1,-8.537532865190045,4.792022818733328,0,21.92473986210927,2.833133588671072,0,-0.5173148309820695,0.22263157408892026,0,55.86252116758289,12.226972804601601,0.5151222637702517,21.660044629443117,52.056851191252655
0,1,0.005642294181033608,44.17417118370811,66.33911178744243,1.0678876538716533,1,0,1,0.5113203995132666,0.4157330173246176,0.11968411881134006,1,20.25220081250027,1,1,3.986153198879796,7.29524327747419,0,51.67898522219451,2.3883758515162463,1,-0.870412701243997,1.2191976346813236,1,49.32363691354013,8.808530951311173,-2.8192472067372156,30.934604249439897,20.027730615210356
1,2,-0.07497230581865755,36.34041046901544,35.360102418861885,1.9803859333002944,0,1,1,0.29832699251712064,-0.4862288454411244,0.36318447224844047,0,20.61123329063559,3,1,-5.076499928221706,2.9975187377146626,1,31.7711931874165,2.264344460855062,0,0.0915412246490033,0.536403455542725,2,56.7806239725791,9.36797160652138,-3.069205990691348,10.869961127047997,39.46917670406807
1,2,0.40523622003925436,64.97570588556871,46.52104102106557,2.025504788837013,1,0,0,0.8907839816622936,-0.827942891322348,0.1614297649166575,1,21.164283545824425,3,0,6.604271097421808,8.989850448146965,0,60.65328010394104,2.272276559026515,0,-0.48996870269331433,-0.36122641208154865,2,64.53243773153511,11.437781554811776,-6.086557255208227,38.533445130045266,29.199889776280827
1,1,1.5290571497828622,44.66019274454188,15.534129501193139,1.7190554883385119,0,0,0,0.21093326380864674,0.11777507282345234,0.12401446780137049,1,24.95429941343997,1,1,-9.488395565450068,2.450255619426173,0,21.336028773681186,1.5789361755198466,2,-0.956024769717663,-0.9500389362865738,2,88.45561926954589,10.872317730782587,-4.442309374696415,6.884538961767754,20.252588989442565
1,1,0.38712782661588546,27.05265851200523,78.93390418352612,5.594277737512593,0,1,2,0.10053966072092502,0.3885419163941974,0.4084912016761948,0,50.99394211472968,1,0,-0.8964274823522516,4.32200413676255,1,20.86584097084042,4.466941784876638,1,0.1904147209718348,-0.04458635275986466,2,23.629617761427234,29.472480400762247,2.2044231638770952,33.34461481670353,22.20354229216106
1,0,-0.22033871096009058,50.52943518580915,15.764245544556305,2.720762651530689,1,0,0,0.6373884299992328,0.20478179591746917,0.6791366706531368,1,18.950501902702932,3,1,-0.8562600549737791,2.114995542247062,0,24.417417656757607,1.4990827891439749,2,0.2883855414473108,0.41350867477033965,3,82.4877404225637,15.206848000214233,-6.14707385253641,4.578562792995296,50.30084638059388
0,0,0.2273428666761284,26.599720898103072,71.4094043749955,4.475250564659067,0,1,1,0.20532305203633222,-0.41562192935741554,0.20901245803372037,0,79.90417385331278,0,1,4.820459407066473,1.6278774397972076,1,75.49911001708934,18.96116841760938,0,0.07318595815487336,-0.3139647667176427,0,0.7867706031448207,31.604022372350418,9.99997249263814,2.5050900490361583,57.09640838429377
1,1,-0.3636197826700962,63.98450565623582,22.980738413402126,1.8264138371597392,1,1,0,0.9091572009041218,-0.18400098833644113,0.3796616285284823,0,18.271731413130414,3,1,-3.653192335958087,2.8291418129925887,1,4.48098555557896,1.8736089053658722,2,-0.5121019069050206,-3.580514252676553,3,73.36101968599463,10.151742300563114,-6.129452705192601,34.77112403217617,30.168673096915548
0,1,-0.3500461517305622,37.27495532389814,27.173715022104766,2.197993697245286,0,0,0,0.3221464075731585,-0.04807035457314558,0.029592894011589654,0,26.440819094505148,1,0,2.913972645540479,3.8806082306894587,1,32.028282549839425,1.575921700198581,0,0.8103308325677817,0.6832749989198735,1,76.39837779775269,10.64155829896421,-3.3050759425047715,12.376545879606045,45.54996331830018
1,1,0.33020536673689366,68.81292423247612,2.2013409425327146,1.7579315659505543,1,1,0,0.9704756605235305,2.06747887583604,0.7087121558248571,1,27.773725192368666,4,1,2.30026033537653,4.144951506115635,0,16.661763672326405,1.0578574126503755,1,-0.9034247298049258,-0.8631790595547438,4,90.47083156884565,10.018006288749364,-6.538544689305938,4.840241666657372,38.13668127293153
0,1,0.15974821571231368,43.75346703163314,99.95650766759647,54.598150033144236,1,1,2,0.4565373882263307,-2.8328697002556273,0.9999999990021515,0,79.94943076540861,0,0,0.9273628603597412,7.683573483657643,0,24.00096192166489,17.32814173191414,2,2.29458466475309,-0.09697549968732244,0,0.30788528661851444,39.99981445995815,7.118088132323788,34.3777289377963,31.921093972052276
1,0,-0.48434576227853193,56.76246081274326,29.15625326009119,1.8804321901881726,1,1,0,0.7976835848288728,0.1478764862601988,0.2712185203275299,1,22.069575001313627,0,0,-9.390216631063925,1.8621580952464494,0,4.843204250459219,1.6770070165837603,0,-0.05200989970083858,-0.13806352032478617,2,68.82391676065376,10.795158246276591,-3.6527142508022346,27.16631145167245,66.16093871689012
0,0,-2.569173045480451,22.955190224748648,30.867908100071734,2.0259536616120895,0,1,1,0.15045051548915456,-1.1136424523279609,0.3405732208916482,0,23.326043224446313,2,0,-6.55735778721315,1.2501243743284491,1,32.354886773135576,2.0358222696194694,0,1.5030671136153466,-0.8582782540247508,1,66.99088899904828,27.84565512043237,-2.472225440214215,1.7287869440617665,62.383263474672795
0,2,0.9209758306597502,43.015493246412014,84.33275944829937,3.482446381573758,0,1,1,0.3196043183332212,-0.24395373165518347,0.1847231887142297,0,48.83452497179552,1,0,-5.364106266993512,22.534779550354592,0,41.311906174005905,4.698049614657386,0,0.20184196951191108,-0.5779629826379147,1,26.191202197307017,16.797286502090362,2.190366192591389,28.73766725201007,24.77362139825312
0,1,0.42635568871022256,29.94181878163045,75.93146466121388,1.821841722666761,0,0,1,0.270479069423721,-0.39075163417731956,0.31275412786675305,0,30.89821147526028,0,1,7.614639559314504,1.7034319154679667,0,1.2580257381513826,2.7561939912307682,0,0.1720375724154222,0.4035810033913441,0,37.78555934585519,7.214980024165991,3.5139982788737676,28.355292261054128,57.47153178454651
1,2,0.21100879995072352,62.27060714164448,64.4604049954649,2.9366398689948365,1,0,0,0.8743226324938216,0.5750871276784952,0.6894028954997987,1,21.80160938981048,2,1,-5.676558723446721,3.6452228797398143,1,4.189366056761625,2.138426736957256,0,-0.317641952626753,2.809825471606468,3,54.20793376831893,19.222975426652752,-6.429276270773556,39.69393144748837,61.98682213788277
0,2,0.07151079880029353,50.067299834076984,91.85199304982399,12.360793795497182,1,1,1,0.5422099795318922,0.3841354482322845,0.38862451427360645,0,78.1397404876841,1,0,0.8290031402469129,11.544903476170894,0,67.17924742907938,9.785121083885066,0,1.2368798708077717,-2.893220955439057,0,3.987907238457944,39.26432498121486,9.10205758107617,35.27697963849066,28.768160015195335
0,0,-0.7283955160146245,23.22692922225229,83.31457997767751,6.223622684204955,0,1,2,0.13362908790897532,0.050060999993696544,0.7882334540704145,0,60.981148331073186,1,0,3.585165117516574,1.278440435689063,0,34.543143487564706,4.6191518598091825,0,1.5433171540068482,-1.2165068360644642,0,17.153681290254262,25.79736955859402,5.031798712233929,13.32527139181983,33.77964946295141
1,2,-0.9236545219985705,56.5249905569741,77.75082191141742,1.9214422825797242,1,0,1,0.7463040563266974,1.0385970532111053,0.7008693152758124,1,31.22829258939386,0,0,9.176752798774245,8.58036922015709,0,18.134216698936683,2.7816827038962244,1,-0.6609900102243831,-1.6537124854889762,3,42.35555778014469,8.168426387203917,-5.833137439698244,38.6387727263415,38.457065466958
1,2,0.5069276574989636,62.421268253818724,33.56625114300767,1.2962375340459042,1,0,0,0.8305196434353301,1.7708241469653634,0.9825920137999495,1,17.593102711378833,2,1,2.0460069869320563,4.880095473613103,1,12.140912102018827,1.8201996130720697,1,-0.5218600711369652,0.3655463969389945,3,68.47537439924098,8.474508828525064,-7.967197432415155,24.984496408168315,41.91162484493056
1,2,0.8548818659495114,52.043212870392765,30.69714696532413,2.1075087512166664,0,1,0,0.4200327115177631,-0.01719519755220673,0.3731273299692976,1,20.174406578026172,4,1,-1.1190921679668584,3.164876043211821,1,19.77298413742375,1.970942586207874,0,-0.6808897774456466,-0.3644756325899778,3,67.09951460675182,10.837953073093349,-6.145652862679659,30.0294612512127,22.865074722978825
1,0,0.008989432247657685,38.568312235988856,9.131653516291738,1.6763795312641303,1,0,0,0.4178302959610617,1.2134598814195536,0.5457497259906797,1,25.656663746917296,3,1,-6.911667127093279,0.6214296986534823,1,45.00554137017703,1.2600430920505161,0,-0.2518530573437646,-0.7078482522416935,3,89.76306751089007,11.55738103829691,-7.469919700010211,7.161550710791467,35.19953127784794
0,0,-1.2032794218624976,18.601478129194565,96.06578302914912,28.254265694651792,0,1,2,0.10587455865899487,0.05130262783812972,0.48016750591099805,0,79.61510760024464,2,0,4.960203651593254,2.408080691156557,1,58.780519802983655,13.884506635646659,0,2.812395336514776,-1.3142701382056925,0,1.0089533389469052,39.991928373128076,9.306421796139027,34.3006685517192,50.62999852352184
0,1,-0.5145356035502939,49.17158455861057,52.84041364152415,1.4459931720001817,1,1,0,0.5894885311260739,2.100080107643128,0.4092908875052482,0,23.062748193159102,1,0,8.278181071085676,3.9230536982982334,0,78.68451641062232,2.856517358676577,0,-0.009889580643158185,-0.8841079560178536,0,46.67987079836561,10.36843890963782,1.8725231495762884,14.230338100961742,50.17598272026379
1,0,-2.4048345940669065,67.6485428015322,5.3349850471561595,1.8407363778270234,1,0,0,0.9892059070113661,0.9244492011931615,0.6426377183812899,1,21.838195950772917,3,0,-4.63196442812243,2.3437857483206055,1,58.69023979907933,0.9389720062556507,2,0.8636338352480468,-0.2807739214700091,3,92.60729372335008,23.694149506323864,-7.303992796389616,7.454331704610722,69.99981558833412
0,0,-0.8634364753100987,20.426114863192105,72.5483650136827,4.2488256010508065,0,1,2,0.11870084807327552,-0.11349727659782428,0.45374054292408805,0,69.8918790319314,1,0,0.41164207993137225,0.6195596408950035,1,29.70990195061593,6.311347678827995,0,0.8392541022392542,-0.9372532352662403,0,17.519887463683663,35.71855201340833,8.40163263925584,5.07785940856722,63.72067510992749
0,2,0.08584458247913347,67.99887588736897,22.086520232841682,1.3585892928237786,1,0,0,0.980033846465002,-1.0644267274826664,0.6378552044030403,0,24.35143666815634,0,1,-1.4556619341532286,1.7002044555474929,0,69.44529838516026,1.5801170555702222,0,0.13453655981039314,-0.3643928861923384,1,74.98371050965301,5.8779131188108735,-3.1917601556727053,17.504160992807172,69.66422651066532
0,1,-0.834415631259885,19.544624334442638,93.9241534318622,15.395462575798943,0,1,2,0.12150448192858287,0.2211449575655971,0.37076199122045395,0,78.91051706284834,1,1,6.255732465918506,5.184943380820195,1,28.05015562428939,11.768055286067263,1,1.5224358301423622,-0.9694219924740474,1,2.1964735235359134,39.943788651782995,8.876790549258672,34.356737859138526,28.830621003903765
0,0,0.030349552405585196,47.11466495201131,39.45644954893394,2.5270038182124317,1,1,0,0.5092997434310804,-1.3404781254371325,0.6171090207501596,0,21.687908882731435,0,1,-9.41874214733873,0.8267445546409539,0,31.217576570924955,2.841018984704376,0,-0.011516651402099612,-0.02570052518353017,0,56.30570123061263,11.9369642460863,3.6206263722790144,6.012346414060006,66.27213973033874
1,2,-0.36877240914074,65.66645772364774,12.513525005846049,0.6131220449493937,1,0,0,0.910181640314396,0.3727996968277306,0.08552765012326424,1,25.885642731141168,2,1,-4.584584439437556,4.001061822719112,0,66.80036071340133,1.396509739929844,1,-2.0010735518377563,-1.6488604043964858,1,92.09346366528253,8.578424555041376,-3.707006105064787,22.418082967136467,45.11156467007548
0,0,-1.2169221557898908,55.2102698199491,68.17992559325977,1.8678807061835796,1,1,1,0.7741745645845406,-2.5564111332133264,0.9466414817896731,1,27.579266365065372,1,0,-4.414893981292458,4.008351207351203,1,14.044019614961915,2.6377725289686884,2,-0.7774955394334301,-2.757607076140716,0,42.792855735832205,14.962107004343284,-2.2782076526753237,11.246555264192818,39.38064058720878
1,2,-0.09926101803091268,19.042961942921476,95.96581474493455,30.904874697165372,0,1,2,0.10293265658044282,0.2545297574150912,0.26330191365136246,0,69.10922178135479,2,0,-2.8575131791339476,8.526721704102673,1,11.112881619706268,7.314123452041389,1,1.8893797113548698,-0.7809485382583983,2,9.532221089613573,39.938556834839474,0.8962797743256861,39.480556868162566,23.828598325722346
1,0,-0.9375599381830344,37.27020790861857,43.844968044543705,0.8656175553022679,1,1,1,0.4234491332152933,-0.9043169554038211,0.43781836530979573,0,24.20593550775451,0,1,-5.834317308397649,4.853613500973328,1,39.67609829220302,2.9929599836049974,1,-0.7013500975133796,0.10599561587131182,1,51.65148301084417,9.864107583562735,-1.3206882301334026,8.725044016982986,58.400860751470205
